1995/10/13 32.6 32.6 30.5 32.1 4720 
1995/10/20 31.8 32.3 31.4 31.6 2739 
1995/10/27 31.5 32.3 31.5 32.1 1472 
1995/11/03 32 32.6 29.4 31.4 1395 
1995/11/10 31.4 31.9 25.8 25.9 1543 
1995/11/17 25.9 26.3 25.5 26.1 1157 
1995/11/24 26.3 26.3 25.4 25.7 1305 
1995/12/01 25.7 26.1 25.2 26 1323 
1995/12/08 26.6 26.6 25.5 26 1271 
1995/12/15 26.2 30.5 26 28.1 5660 
1995/12/22 28 28.5 25.9 26.5 2507 
1995/12/29 26.6 27 26.2 26.7 1650 
1996/01/05 27 27 23.6 24.5 633 
1996/01/12 24.8 25.8 23.6 25.6 2504 
1996/01/19 25.6 25.6 24.2 24.4 1648 
1996/01/26 24.6 24.6 24 24 1361 
1996/02/02 24 24.1 22.8 23 1037 
1996/02/09 23 24 22 24 1671 
1996/02/16 24.3 24.5 23.5 23.8 2630 
1996/02/23 23 23.5 22.5 22.8 751 
1996/03/01 22 22.7 22 22.3 1635 
1996/03/08 22.5 22.6 22.2 22.4 1422 
1996/03/15 22.2 22.9 22.2 22.7 1727 
1996/03/22 22.9 23 22.5 22.7 1981 
1996/03/29 23 23.8 22.5 23.8 3709 
1996/04/05 24 25.5 23.4 25.3 3106 
1996/04/12 25 26.5 23.5 25.9 4224 
1996/04/19 25.6 25.9 24 25.6 4902 
1996/04/26 25.6 30 25.2 29.7 14870 
1996/05/03 29.7 30.1 27.2 27.5 5519 
1996/05/10 27.5 28.9 26.5 28.5 4232 
1996/05/17 28.8 28.9 26.6 26.9 3250 
1996/05/24 27.1 27.2 25.9 26 3756 
1996/05/31 26.5 27.9 25.8 26.9 5263 
1996/06/07 27 27.8 26.5 26.7 5119 
1996/06/14 26.9 27.7 26.5 27.2 8092 
1996/06/21 27.2 29.7 27 28.6 24195 
1996/06/28 29 29 25.6 26.4 7006 
1996/07/05 26.6 26.8 25.8 25.8 2849 
1996/07/12 25.8 26.2 25 25.4 2233 
1996/07/19 25.5 25.6 23.5 25 7835 
1996/07/26 25.3 28.5 24.7 28.1 25068 
1996/08/02 28.1 29 27.5 28.4 13687 
1996/08/09 28.4 32.6 27.9 31.6 36800 
1996/08/16 31.2 33.6 31.1 31.7 44910 
1996/08/23 31.8 33.6 30.2 33 23096 
1996/08/30 33.1 34.9 32.6 33.3 22681 
1996/09/06 33.8 34 32 32.5 8119 
1996/09/13 32.6 32.9 30 32.1 23068 
1996/09/20 31.9 32 30 30.2 5908 
1996/09/27 30.2 30.8 29.3 29.8 5556 
1996/10/04 29.9 30.9 29.2 29.7 19476 
1996/10/11 29.9 30.5 29 29.4 26597 
1996/10/18 29.6 30.8 29 29.1 23075 
1996/10/25 29.2 29.7 27.4 27.6 18602 
1996/11/01 27.6 27.9 26.7 27.3 14377 
1996/11/08 27.4 28.2 27.1 27.9 23451 
1996/11/15 28.2 28.3 27.3 27.5 10346 
1996/11/22 27.5 27.8 26.2 26.6 12102 
1996/11/29 26.8 29 26.2 29 28717 
1996/12/06 29.2 30.7 28.5 30.3 40874 
1996/12/13 30.6 32.4 30.1 30.6 43210 
1996/12/20 30.6 33.2 30.6 33.2 28492 
1996/12/27 33.4 34.5 31.7 31.8 18358 
1997/01/03 31.8 32 30.5 30.7 5266 
1997/01/10 30.7 33.4 30.5 32.7 34334 
1997/01/17 32.9 34 32.8 33.8 16660 
1997/01/24 33.5 37.4 33.5 35.3 24446 
1997/01/31 35.6 35.6 32.6 33.6 11509 
1997/02/07 33.7 33.7 32.9 32.9 1919 
1997/02/14 33.1 39.5 33.1 39.2 25542 
1997/02/21 39.5 46.9 39.2 46.1 38551 
1997/02/28 46.9 48.4 40.6 41.8 33239 
1997/03/07 40.5 47.5 40.5 45.5 25746 
1997/03/14 45.6 49.2 43.6 43.9 35009 
1997/03/21 44.3 47.2 39 40.6 27450 
1997/03/28 40.9 41.9 38.1 40 14754 
1997/04/04 40.5 46.3 39.2 45.5 24092 
1997/04/11 46 46 43.8 45.5 22750 
1997/04/18 46 46.7 41.9 43 18669 
1997/04/25 43.3 45.5 43.3 43.7 17889 
1997/05/02 43.8 44 40.5 41.7 10694 
1997/05/09 41.5 45.5 41.2 44.5 17759 
1997/05/16 45.1 45.5 42.6 45.2 17500 
1997/05/23 45 46 43.3 44.5 15289 
1997/05/30 44.7 44.9 41 43.8 21584 
1997/06/06 44.5 44.5 41.3 41.7 12372 
1997/06/13 41.6 43 41.2 42.9 8417 
1997/06/20 44.5 47 35.8 37 21970 
1997/06/27 37.2 40.3 36.3 37.2 27787 
1997/07/04 39.2 41.4 37.6 39.7 19903 
1997/07/11 40 40.3 37.4 38 20343 
1997/07/18 38.6 38.6 32.3 35.6 15352 
1997/07/25 35.6 37.5 33.3 34.2 16828 
1997/08/01 34.2 38.7 33.1 38 17635 
1997/08/08 38 45.1 38 44.9 34321 
1997/08/15 46.4 48.6 43.2 48.4 37588 
1997/08/22 47.6 48.4 40.8 42.3 23299 
1997/08/29 42.3 47.2 42.3 46.6 18974 
1997/09/05 46.7 54 45.4 50.5 36988 
1997/09/12 50.5 53.5 48 48.6 25132 
1997/09/19 48.1 53 48 53 16576 
1997/09/26 53 54 47.6 49.2 23247 
1997/10/03 49.2 49.2 43.5 46.3 15451 
1997/10/10 46.5 47.9 45 45.7 13731 
1997/10/17 45.6 46.4 40.2 41.7 14505 
1997/10/24 41.8 41.8 36.6 39.2 12596 
1997/10/31 37.9 39.2 34 36.9 10899 
1997/11/07 36.6 41.7 36 37.5 16934 
1997/11/14 38 38.7 35.9 36.5 7706 
1997/11/21 36.7 38.8 36.2 37 11011 
1997/11/28 37.1 41.4 36.7 41.2 25819 
1997/12/05 39.1 48.5 38.4 47.1 37590 
1997/12/12 47.5 51.5 46 48.4 32501 
1997/12/19 48.6 49.6 46.8 48.9 26522 
1997/12/26 49 49.8 45.5 46.1 17085 
1998/01/02 46.1 49 46 48.8 17858 
1998/01/09 49.1 50.5 47 47.4 19250 
1998/01/16 46 48.8 44.1 48.4 14089 
1998/01/23 48.9 51 48.4 49.6 13735 
1998/02/06 50 59.5 49.5 57.5 29415 
1998/02/13 58 58.5 53.5 55 14794 
1998/02/20 55.5 58 52 55.5 16528 
1998/02/27 56 59 55 56 13653 
1998/03/06 56 57 52 57 18169 
1998/03/13 57.5 66 57 63 32280 
1998/03/20 63.5 64 58 60 19328 
1998/03/27 60 63.5 58 62 16334 
1998/04/03 61 62 58 60 17868 
1998/04/10 60.5 61.5 58.5 61 8398 
1998/04/17 60.5 62.5 58.5 60 15314 
1998/04/24 60 60.5 55.5 59 14003 
1998/05/01 59 59 56 58 13545 
1998/05/08 58 58 48.5 48.8 17762 
1998/05/15 49.3 56.5 49.3 55 26659 
1998/05/22 55 60.5 54.5 59 22727 
1998/05/29 60 60.5 43.5 43.5 27176 
1998/06/05 43.8 46 40 45.6 21267 
1998/06/12 44.8 45.6 43.1 44.3 16341 
1998/06/19 44.1 44.5 40.9 43.4 26763 
1998/06/26 43.6 46.5 42.2 45.2 20312 
1998/07/03 44.8 46.5 43.8 44.3 12525 
1998/07/10 44.6 46.4 44.1 44.4 13611 
1998/07/17 44.1 44.9 41.9 44.4 13973 
1998/07/24 44 44.6 41.6 42.1 11352 
1998/07/31 42.3 42.3 38.8 40.5 18087 
1998/08/07 41.8 41.8 39.3 39.7 11222 
1998/08/14 39.7 39.7 36.6 39 12019 
1998/08/21 39 39.1 36.5 37.2 11867 
1998/08/28 37 37.3 35.9 36.6 10643 
1998/09/04 36.6 38.2 33.6 38.2 15744 
1998/09/11 38.5 38.5 37 38 10678 
1998/09/18 38 38.8 37 37.9 11905 
1998/09/25 37.9 37.9 36.1 36.6 6223 
1998/10/02 36.6 37.1 34.3 34.9 10978 
1998/10/09 34.9 35.6 34.3 35 10783 
1998/10/16 35 37.4 34.8 34.8 28402 
1998/10/23 35 37.4 34 37.4 15881 
1998/10/30 37.8 38.5 34 34.4 37837 
1998/11/06 34.4 35 26.1 28.2 41089 
1998/11/13 28.5 30.1 27.1 27.7 23196 
1998/11/20 27.7 30.4 27 29.5 33660 
1998/11/27 29.6 29.7 27.4 27.9 12369 
1998/12/04 27 27.7 23.1 26.6 25166 
1998/12/11 27.3 28.5 26.7 27 19508 
1998/12/18 27 27 21.5 21.5 17021 
1998/12/25 20 20 17.3 19.1 116865 
1999/01/01 18.9 18.9 15.6 17.5 62231 
1999/01/08 17.9 20.8 17.7 20.4 85128 
1999/01/15 20.7 20.9 17.2 19.5 59716 
1999/01/22 19.8 19.9 18 18.4 27120 
1999/01/29 18.2 18.3 16.5 17.2 23107 
1999/02/05 17.2 17.4 13.2 14.1 30062 
1999/02/12 14.7 16.2 14.7 15.8 33536 
1999/02/19 16.8 16.9 16.4 16.9 6784 
1999/02/26 17.9 18.3 16.6 17.3 39589 
1999/03/05 17.5 18.8 17.4 18.2 63090 
1999/03/12 18.2 18.2 17 17 20117 
1999/03/19 17.2 18.8 17.1 18.1 53328 
1999/03/26 18.4 19.3 18 18.4 58747 
1999/04/02 18.7 19.3 18.2 18.8 62203 
1999/04/09 19 20.1 19 19 43833 
1999/04/16 19 19.7 18.5 19.7 48578 
1999/04/23 20.2 22.5 20.1 21.7 109931 
1999/04/30 21.9 23.4 20.3 20.6 57959 
1999/05/07 20.6 21.9 20 20.7 36452 
1999/05/14 20.6 20.8 19.7 20 21842 
1999/05/21 20.1 20.1 17.5 18.6 30702 
1999/05/28 19 19.1 17 17.1 14262 
1999/06/04 17.2 18.7 16.7 17.7 13059 
1999/06/11 17.8 18 16.9 17.3 13197 
1999/06/18 17.5 18 16.6 16.7 11183 
1999/06/25 16.9 17 13.55 13.55 17858 
1999/07/02 14.45 15.4 13.85 14.8 16876 
1999/07/09 15.1 16.2 14.85 15.1 13778 
1999/07/16 15.3 15.3 11.65 11.8 16383 
1999/07/23 11.5 12.9 11.05 12.9 19300 
1999/07/30 13.2 13.3 11.6 12.15 20595 
1999/08/06 12.2 12.5 11.05 11.25 13622 
1999/08/13 11.35 12.35 11.3 12.1 7648 
1999/08/20 12.3 15.5 12.2 15.5 44840 
1999/08/27 16.1 16.1 14.5 15.1 44979 
1999/09/03 15.3 15.3 13.8 13.9 28962 
1999/09/10 14 14.3 13.15 14.25 14605 
1999/09/17 15.2 15.6 14.35 14.5 43969 
1999/09/24 14.8 14.8 14.35 14.35 2641 
1999/10/01 13.85 13.85 12.8 13.2 17177 
1999/10/08 13.25 14.75 13.25 14.1 43574 
1999/10/15 14 14.1 13.3 13.7 11585 
1999/10/22 13.55 13.85 12.9 13.25 10093 
1999/10/29 13.05 13.05 11.55 11.9 20603 
1999/11/05 12 12.2 9.5 9.6 24122 
1999/11/12 9.4 10.3 9.1 10.15 14513 
1999/11/19 10.3 10.3 9.45 9.5 13852 
1999/11/26 9.5 10.25 8.55 8.6 16883 
1999/12/03 8.75 9.7 8.75 9.25 14817 
1999/12/10 9.3 10.2 8.9 9.25 29990 
1999/12/17 9.25 9.65 8.5 8.5 26259 
1999/12/24 8.6 8.8 8.4 8.45 7849 
1999/12/31 8.5 8.55 8.3 8.45 4662 
2000/01/07 8.45 9.55 8.3 9.3 16111 
2000/01/14 9.3 10.5 9 10.45 34500 
2000/01/21 10.55 11.45 10 10.2 28363 
2000/01/28 10.2 13 10.05 12.5 49289 
2000/02/04 12.3 12.8 12 12.8 15485 
2000/02/11 13.65 15.6 13.65 15 51043 
2000/02/18 14.8 15.8 13.95 15.4 85182 
2000/02/25 16.2 16.4 12.5 12.55 59710 
2000/03/03 12.6 13.3 11.7 12.2 28448 
2000/03/10 12.4 12.9 11.6 12 24627 
2000/03/17 11.7 11.7 10 10.3 17381 
2000/03/24 9.95 12 9.65 11.6 25827 
2000/03/31 11.5 12.4 11 11.8 29934 
2000/04/07 11.8 12.3 11.6 11.6 12584 
2000/04/14 11.9 12.9 10.55 10.55 36455 
2000/04/21 10.4 11.5 10.4 10.75 12187 
2000/04/28 10.85 10.85 9.3 10 19435 
2000/05/05 10 10.45 9 10.1 14097 
2000/05/12 10.3 10.3 9.5 9.75 10026 
2000/05/19 9.8 10.2 9.4 9.4 13980 
2000/05/26 9.7 9.9 9.5 9.75 7680 
2000/06/02 9.85 10.1 9.45 9.65 12296 
2000/06/09 9.65 10 9.4 9.4 7783 
2000/06/16 9.4 9.5 8.9 9.05 5726 
2000/06/23 9 9.4 9 9 8689 
2000/06/30 9.05 9.2 8.15 8.7 9769 
2000/07/07 8.7 9.2 8.6 8.85 8190 
2000/07/14 8.9 8.9 7.3 7.75 10931 
2000/07/21 7.8 8.2 7.6 7.75 9607 
2000/07/28 7.8 7.85 6.9 7.35 7791 
2000/08/04 7.4 9 7.4 8.85 39774 
2000/08/11 8.9 8.95 7.8 8.25 24180 
2000/08/18 8.35 8.45 7.4 7.65 14620 
2000/08/25 7.65 7.7 6.9 7 6511 
2000/09/01 6.7 6.9 4.91 5.55 22559 
2000/09/08 5.6 5.85 5.05 5.25 13775 
2000/09/15 5.25 5.4 4.21 4.21 8034 
2000/09/22 3.92 4.46 3.65 4.26 30257 
2000/09/29 4.29 4.55 4 4.05 19904 
2000/10/06 4 4.55 3.7 4.46 24134 
2000/10/13 4.45 4.76 4.24 4.74 17570 
2000/10/20 4.74 4.74 3.66 4.04 19078 
2000/10/27 4.04 4.04 3.56 3.56 13199 
2000/11/03 3.44 3.44 2.92 2.94 10926 
2000/11/10 2.95 3.34 2.57 3.34 18952 
2000/11/17 3.2 3.21 2.23 2.23 18801 
2000/11/24 2.11 2.17 1.94 2.17 17567 
2000/12/01 2.2 2.3 2.1 2.27 15691 
2000/12/08 2.26 2.43 2.21 2.28 11532 
2000/12/15 2.33 2.68 2.3 2.44 23812 
2000/12/22 2.39 2.48 2.35 2.4 5255 
2000/12/29 2.4 2.42 2.22 2.28 4472 
2001/01/05 2.3 2.62 2.29 2.53 6747 
2001/01/12 2.57 3.24 2.57 2.93 22683 
2001/01/19 2.8 3.19 2.78 3.19 12266 
2001/02/02 3.22 3.89 3.21 3.89 17577 
2001/02/09 3.95 4.26 3.34 3.68 19935 
2001/02/16 3.89 4.37 3.7 4.37 23205 
2001/02/23 4.6 5.3 4.52 5.25 48100 
2001/03/02 5.25 5.6 4.47 4.47 36529 
2001/03/09 4.18 4.91 4.18 4.69 29839 
2001/03/16 4.5 4.65 4.15 4.48 19189 
2001/03/23 4.6 4.6 4 4.25 12483 
2001/03/30 4.31 4.35 4 4.03 13903 
2001/04/06 4.03 4.03 3.47 3.81 8036 
2001/04/13 3.8 3.92 3.52 3.92 7343 
2001/04/20 4.17 4.17 3.7 3.72 12673 
2001/04/27 3.78 3.78 3.6 3.65 4964 
2001/05/04 3.6 3.63 3.1 3.18 5092 
2001/05/11 3.18 3.18 2.55 2.85 6306 
2001/05/18 2.8 2.97 2.68 2.78 5090 
2001/05/25 2.78 2.78 2.01 2.13 46075 
2001/06/01 2.1 2.14 1.65 1.65 35133 
2001/06/08 1.54 1.54 1.34 1.46 31810 
2001/06/15 1.47 1.55 1.34 1.42 20401 
2001/06/22 1.43 1.43 1.13 1.21 21621 
2001/06/29 1.25 1.25 1.08 1.21 12855 
2001/07/06 1.21 1.23 1.1 1.23 11464 
2001/07/13 1.31 1.63 1.31 1.46 33233 
2001/07/20 1.4 1.44 1.12 1.2 19655 
2001/07/27 1.28 1.28 1.1 1.27 21445 
2001/08/03 1.27 1.34 1.22 1.28 15470 
2001/08/10 1.29 1.35 1.2 1.31 17677 
2001/08/17 1.35 1.61 1.31 1.5 34053 
2001/08/24 1.45 1.88 1.43 1.66 63051 
2001/08/31 1.66 1.9 1.56 1.78 40704 
2001/09/07 1.78 1.86 1.55 1.66 31311 
2001/09/14 1.64 1.64 1.26 1.26 17106 
2001/09/21 1.25 1.3 1.22 1.23 5750 
2001/09/28 1.15 1.28 1.15 1.25 7993 
2001/10/05 1.24 1.25 1.12 1.18 4160 
2001/10/12 1.16 1.23 1.12 1.2 5666 
2001/10/19 1.2 1.2 1.12 1.13 4482 
2001/10/26 1.15 1.29 1.13 1.21 10855 
2001/11/02 1.22 1.22 1.06 1.11 7459 
2001/11/09 1.07 1.3 1.07 1.28 25026 
2001/11/16 1.27 1.3 1.14 1.15 14695 
2001/11/23 1.17 1.3 1.16 1.23 12197 
2001/11/30 1.2 1.27 1.1 1.1 8639 
2001/12/07 1.13 1.25 1.06 1.24 21406 
2001/12/14 1.28 1.43 1.23 1.43 54040 
2001/12/21 1.53 1.63 1.28 1.28 37369 
2001/12/28 1.28 1.54 1.24 1.42 21633 
2002/01/04 1.45 1.67 1.43 1.56 27172 
2002/01/11 1.66 2.1 1.66 2.08 49607 
2002/01/18 2.08 2.08 1.6 1.79 40553 
2002/01/25 1.91 2.04 1.78 1.84 22516 
2002/02/01 1.84 2.02 1.72 1.97 28596 
2002/02/08 1.95 2.06 1.8 1.9 17181 
2002/02/22 1.91 1.98 1.76 1.77 26845 
2002/03/01 1.77 1.8 1.6 1.74 10858 
2002/03/08 1.8 1.85 1.72 1.77 16527 
2002/03/15 1.79 2.15 1.77 1.8 43471 
2002/03/22 1.81 2.5 1.81 2.5 71996 
2002/03/29 2.67 3.15 2.6 2.64 80874 
2002/04/05 2.46 3.43 2.46 3.43 65703 
2002/04/12 3.67 3.92 3.29 3.3 151419 
2002/04/19 3.4 4.33 3.34 4.33 120148 
2002/04/26 4.63 5.95 4.59 5.4 150400 
2002/05/03 5.1 5.75 4.64 4.64 58548 
2002/05/10 4.32 4.6 3.8 3.86 80442 
2002/05/17 3.86 4.13 3.42 3.42 77186 
2002/05/24 3.39 3.39 2.77 3.18 49807 
2002/05/31 3.14 3.63 3.14 3.4 57386 
2002/06/07 3.35 3.7 2.96 3.42 50849 
2002/06/14 3.42 4.32 3.42 4.06 104138 
2002/06/21 4.09 4.37 3.78 3.9 70747 
2002/06/28 3.9 4.05 3.11 3.25 52612 
2002/07/05 3.34 3.46 2.83 3.32 36657 
2002/07/12 3.34 3.4 3 3.16 35310 
2002/07/19 3.16 3.43 3.1 3.13 36289 
2002/07/26 3.01 3.09 2.72 2.72 30358 
2002/08/02 2.78 3.11 2.78 2.98 17735 
2002/08/09 2.78 2.78 2.45 2.64 18782 
2002/08/16 2.82 2.82 2.52 2.61 24284 
2002/08/23 2.56 2.61 2.4 2.41 14473 
2002/08/30 2.48 2.48 1.87 2.05 23080 
2002/09/06 2.02 2.06 1.57 1.64 16055 
2002/09/13 1.65 2.03 1.63 1.97 23028 
2002/09/20 1.97 2.09 1.8 1.95 27681 
2002/09/27 1.95 2 1.65 1.68 18854 
2002/10/04 1.62 1.85 1.58 1.73 16840 
2002/10/11 1.73 1.74 1.58 1.62 9798 
2002/10/18 1.62 1.85 1.57 1.85 21239 
2002/10/25 1.82 2 1.82 1.88 26460 
2002/11/01 1.91 1.97 1.76 1.76 13770 
2002/11/08 1.81 1.88 1.74 1.87 15304 
2002/11/15 1.89 2.12 1.85 2.12 32848 
2002/11/22 2.15 2.39 1.94 2.04 28339 
2002/11/29 2.04 2.18 1.98 2.08 16270 
2002/12/06 2.09 2.17 2.01 2.07 15241 
2002/12/13 2.1 2.35 2.1 2.11 29138 
2002/12/20 2.09 2.5 2.08 2.27 46411 
2002/12/27 2.25 2.36 1.9 2.02 25768 
2003/01/03 2.02 2.11 1.95 2.03 10062 
2003/01/10 2.03 2.57 2.03 2.56 49844 
2003/01/17 2.65 3.05 2.65 2.66 99250 
2003/01/24 2.48 3.25 2.48 3.25 92921 
2003/01/31 3.46 3.47 3.04 3.21 46203 
2003/02/07 3.27 3.27 2.85 2.85 21243 
2003/02/14 2.79 2.92 2.4 2.48 33563 
2003/02/21 2.57 2.89 2.41 2.52 29101 
2003/02/28 2.59 2.6 2.3 2.32 16809 
2003/03/07 2.33 2.5 2.21 2.21 13882 
2003/03/14 2.22 2.25 1.88 2.25 25504 
2003/03/21 2.2 2.24 2.02 2.08 15466 
2003/03/28 2.1 2.19 1.97 2.14 19249 
2003/04/04 2.09 2.16 1.93 2.13 18752 
2003/04/11 2.16 2.39 2.14 2.26 31548 
2003/04/18 2.26 2.3 2.12 2.16 14138 
2003/04/25 2.16 2.2 1.73 1.73 19141 
2003/05/02 1.63 1.69 1.44 1.46 21204 
2003/05/09 1.46 1.62 1.41 1.57 19598 
2003/05/16 1.56 1.62 1.53 1.56 10902 
2003/05/23 1.49 1.54 1.28 1.42 13965 
2003/05/30 1.5 1.74 1.49 1.65 33163 
2003/06/06 1.7 1.81 1.67 1.76 21926 
2003/06/13 1.76 2.16 1.76 2.03 41646 
2003/06/20 2.05 2.53 2 2.44 72900 
2003/06/27 2.48 2.52 2.14 2.39 65155 
2003/07/04 2.47 2.64 2.41 2.57 83730 
2003/07/11 2.68 3 2.45 3 122942 
2003/07/18 3.21 4.19 3.21 4.19 115166 
2003/07/25 4.46 4.77 3.84 4.18 207819 
2003/08/01 4.46 4.47 3.86 4.02 104746 
2003/08/08 4.02 4.12 3.43 3.75 67550 
2003/08/15 3.81 4.2 3.6 4.09 79126 
2003/08/22 4.22 4.67 4.16 4.39 123866 
2003/08/29 4.65 4.72 3.91 4.1 123701 
2003/09/05 4.1 4.19 3.9 3.93 49069 
2003/09/12 3.93 4.03 3.61 3.7 35508 
2003/09/19 3.7 4.17 3.7 4 64678 
2003/09/26 4 4.48 3.83 4.27 103814 
2003/10/03 4.34 4.79 4.02 4.46 170969 
2003/10/10 4.55 4.65 4.34 4.45 124668 
2003/10/17 4.51 4.63 4.3 4.38 100653 
2003/10/24 4.37 4.57 4.15 4.19 76887 
2003/10/31 4.24 4.49 4.17 4.49 84689 
2003/11/07 4.49 4.93 4.26 4.34 210012 
2003/11/14 4.33 4.63 4.25 4.33 80349 
2003/11/21 4.33 4.42 4.05 4.11 39090 
2003/11/28 4.18 4.36 4.1 4.2 35750 
2003/12/05 4.2 4.31 4.13 4.18 29506 
2003/12/12 4.2 4.23 4.08 4.12 16577 
2003/12/19 4.19 4.3 4.04 4.11 25360 
2003/12/26 4.15 4.49 4.12 4.48 56326 
2004/01/02 4.5 4.6 4.33 4.4 46731 
2004/01/09 4.44 5.1 4.44 4.71 173224 
2004/01/16 4.6 5.1 4.47 4.86 133854 
2004/01/30 5.05 6.3 5 6.3 218522 
2004/02/06 6.5 6.7 5.8 6.3 153955 
2004/02/13 6.7 7.55 6.5 6.95 194926 
2004/02/20 6.8 7.65 6.5 6.9 146023 
2004/02/27 6.9 7.2 6.4 6.65 93279 
2004/03/05 6.8 7.55 6.5 6.5 186006 
2004/03/12 6.55 7.5 6.5 7.5 155126 
2004/03/19 7.75 8 6.7 7.7 206270 
2004/03/26 7.2 7.2 5.45 5.45 128168 
2004/04/02 5.75 6.9 5.75 6.85 95974 
2004/04/09 6.85 7 6.55 6.6 104562 
2004/04/16 6.8 7 6.35 6.4 89132 
2004/04/23 6.45 6.55 5.9 5.9 53441 
2004/04/30 5.95 6.2 4.89 4.89 57541 
2004/05/07 4.75 5.05 4.26 4.63 76674 
2004/05/14 4.45 4.58 4.02 4.37 49147 
2004/05/21 4.15 4.51 3.79 4.51 50522 
2004/05/28 4.55 4.92 4.46 4.85 83187 
2004/06/04 5.15 5.15 4.05 4.36 48891 
2004/06/11 4.52 4.6 4.25 4.25 21244 
2004/06/18 4.2 4.33 3.3 3.3 25623 
2004/06/25 3.07 3.2 2.86 3.11 44243 
2004/07/02 3.1 3.34 2.95 3.13 31033 
2004/07/09 3.12 3.31 3.02 3.31 22635 
2004/07/16 3.48 3.54 3.16 3.23 31709 
2004/07/23 3.24 3.29 2.86 2.98 16519 
2004/07/30 2.98 3.18 2.89 3.06 13873 
2004/08/06 3.1 3.15 2.88 2.97 12716 
2004/08/13 3 3.05 2.86 2.89 7193 
2004/08/20 2.9 2.94 2.28 2.48 28146 
2004/08/27 2.5 2.55 2 2.12 33368 
2004/09/03 2.15 2.93 2.14 2.93 59749 
2004/09/10 3 3.42 2.75 3.14 62087 
2004/09/17 3.1 4.1 3.1 3.59 51442 
2004/09/24 3.4 3.77 3.15 3.57 48774 
2004/10/01 3.5 3.74 3.45 3.64 22660 
2004/10/08 3.7 3.71 3.11 3.2 37993 
2004/10/15 3.25 3.42 3.21 3.42 10352 
2004/11/19 5.7 5.7 4.65 5.05 34331 
2004/11/26 5 5.3 4.8 4.92 15296 
2004/12/03 4.92 4.95 4.73 4.8 7089 
2004/12/10 4.75 4.98 4.72 4.85 6866 
2004/12/17 4.92 5.4 4.9 5.3 18458 
2004/12/24 5.1 5.8 5.05 5.7 33443 
2004/12/31 5.7 6.4 5.45 6.15 25446 
2005/01/07 6.05 6.4 5.8 6 18973 
2005/01/14 6.1 6.1 5.25 5.7 12526 
2005/01/21 5.8 5.9 5.4 5.4 8988 
2005/01/28 5.4 5.45 4.87 4.98 9440 
2005/02/04 5 5.2 4.92 4.93 8736 
2005/02/18 5.1 5.1 4.71 4.71 8923 
2005/02/25 4.71 5 4.65 4.72 18193 
2005/03/04 4.75 5.46 4.74 5.28 20204 
2005/03/11 5.3 5.69 5.18 5.19 35579 
2005/03/18 5.3 5.48 5 5.12 20013 
2005/03/25 5.19 5.43 5.1 5.2 16417 
2005/04/01 5.3 5.38 4.44 4.54 17448 
2005/04/08 4.35 4.61 4.35 4.4 7407 
2005/04/15 4.4 4.52 4.23 4.26 5869 
2005/04/22 4.18 4.23 3.68 4.06 9843 
2005/04/29 4.09 4.15 3.85 3.88 5622 
2005/05/06 4.02 4.1 3.83 3.87 5803 
2005/05/13 3.87 4.08 3.7 4.08 11471 
2005/05/20 4.12 4.58 4.03 4.49 31700 
2005/05/27 4.49 4.49 4.07 4.25 11648 
2005/06/03 4.25 4.56 4.08 4.56 17511 
2005/06/10 4.62 5.21 4.59 4.83 43222 
2005/06/17 4.85 5.1 4.61 4.85 27232 
2005/06/24 4.88 5.25 4.8 5.17 35262 
2005/07/01 5.1 5.23 4.56 4.62 18284 
2005/07/08 4.67 4.95 4.6 4.6 15529 
2005/07/15 4.65 4.88 4.56 4.61 12228 
2005/07/22 4.67 4.68 4.35 4.54 10131 
2005/07/29 4.57 4.68 4.05 4.13 9284 
2005/08/05 4.1 4.16 4 4.04 6550 
2005/08/12 4.01 4.17 3.91 4.1 6717 
2005/08/19 4.1 4.15 3.91 3.93 3009 
2005/08/26 3.92 3.98 3.56 3.78 6465 
2005/09/02 3.76 3.99 3.66 3.9 9071 
2005/09/09 3.9 4.08 3.83 3.85 7306 
2005/09/16 3.81 3.89 3.66 3.75 2748 
2005/09/23 3.75 3.83 3.36 3.36 8779 
2005/09/30 3.2 3.71 3.2 3.61 10381 
2005/10/07 3.6 3.72 3.22 3.25 9416 
2005/10/14 3.27 3.35 3.1 3.17 4429 
2005/10/21 3.23 3.23 2.76 3 11449 
2005/10/28 3 3.1 2.88 2.89 3475 
2005/11/04 2.89 3 2.78 2.78 2695 
2005/11/11 2.78 2.95 2.64 2.95 7749 
2005/11/18 3.04 3.15 2.96 3 10773 
2005/11/25 3.02 3.14 3 3.01 4890 
2005/12/02 3.05 3.26 3.01 3.05 12114 
2005/12/09 3.1 3.33 3.08 3.15 8947 
2005/12/16 3.17 3.3 3.15 3.2 5946 
2005/12/23 3.24 3.59 3.24 3.59 16572 
2005/12/30 3.8 4.29 3.75 4.12 30445 
2006/01/06 3.86 4.5 3.84 4.39 23510 
2006/01/13 4.69 5.48 4.69 5.1 60570 
2006/01/20 5.35 5.35 4.7 4.74 26397 
2006/01/27 4.6 4.68 4.4 4.4 9475 
2006/02/03 4.61 4.7 4.5 4.7 4399 
2006/02/10 4.85 5.25 4.81 4.88 35758 
2006/02/17 4.9 4.96 4.46 4.78 20552 
2006/02/24 4.62 4.75 4.2 4.43 13711 
2006/03/03 4.6 5.1 4.45 4.71 30808 
2006/03/10 4.71 4.76 4.46 4.51 8381 
2006/03/17 4.5 4.8 4.39 4.49 16989 
2006/03/24 4.52 4.56 4.01 4.17 10256 
2006/03/31 3.88 4.1 3.72 3.92 11510 
2006/04/07 3.98 4.25 3.89 4.17 8360 
2006/04/14 4.1 4.79 4.06 4.57 16739 
2006/04/21 4.88 5.13 4.68 4.76 43500 
2006/04/28 4.76 5.15 4.5 4.6 35599 
2006/05/05 4.6 5.77 4.58 5.55 67108 
2006/05/12 5.93 6.78 5.7 6.2 85504 
2006/05/19 6.63 7.03 5.85 6.02 41383 
2006/05/26 6.04 6.51 5.38 6.09 53430 
2006/06/02 6.09 6.15 5.03 5.17 31742 
2006/06/09 5.19 5.19 4.15 4.54 20752 
2006/06/16 4.4 4.81 4.35 4.81 14647 
2006/06/23 4.8 4.9 4.17 4.3 14477 
2006/06/30 4.38 4.89 4.34 4.63 11618 
2006/07/07 4.63 5.35 4.63 5.01 19791 
2006/07/14 5 5.19 4.7 4.71 8994 
2006/07/21 4.71 4.71 4.39 4.66 6313 
2006/07/28 4.62 5.2 4.52 5.01 9534 
2006/08/04 5.01 5.1 4.8 4.99 4698 
2006/08/11 4.97 4.97 4.68 4.68 3985 
2006/08/18 4.6 4.79 4.56 4.58 6320 
2006/08/25 4.5 4.58 4.08 4.15 3915 
2006/09/01 4.1 4.35 4.01 4.12 3647 
2006/09/08 4.1 4.34 4.1 4.26 5474 
2006/09/15 4.25 4.35 3.8 4.02 3023 
2006/09/22 4.1 4.7 4.1 4.51 5483 
2006/09/29 4.51 4.75 4.4 4.52 5901 
2006/10/06 4.42 4.76 4.42 4.68 4739 
2006/10/13 4.72 5.3 4.72 5.23 8320 
2006/10/20 5.28 5.4 4.89 5.12 8397 
2006/10/27 5.12 5.27 4.99 5 7017 
2006/11/03 5 5.58 4.97 5.58 10585 
2006/11/10 5.41 7.14 5.4 6.96 61400 
2006/11/17 7.05 7.96 6.8 7.2 52248 
2006/11/24 7.11 7.77 7 7.5 34946 
2006/12/01 7.7 10 7.62 9.6 56380 
2006/12/08 9.55 9.93 8.51 9 48490 
2006/12/15 9.31 9.89 8 8.61 36626 
2006/12/22 8.61 8.75 7.4 7.7 24412 
2006/12/29 7.71 8.2 7.31 7.65 16682 
2007/01/05 7.65 7.8 7.05 7.56 17311 
2007/01/12 7.16 7.82 7.02 7.15 18606 
2007/01/19 7.15 7.76 6.86 7.68 25767 
2007/01/26 7.75 7.75 7.16 7.23 12818 
2007/02/02 7.3 7.53 6.78 6.8 12696 
2007/02/09 6.88 7.38 6.8 7.16 23264 
2007/02/16 7.2 7.65 7.05 7.65 11863 
2007/03/02 8.18 9.84 8.1 9.3 79113 
2007/03/09 8.7 9.52 8.12 9.3 36680 
2007/03/16 9.42 11 9.25 10.5 72513 
2007/03/23 10.6 10.8 9.62 10 32208 
2007/03/30 10 10.1 9.36 9.6 21369 
2007/04/06 9.4 9.58 8.8 9 15854 
2007/04/13 9.16 10.75 9.11 10.6 46689 
2007/04/20 10.6 11.3 10.2 10.95 41791 
2007/04/27 10.95 11.5 10.2 10.25 21089 
2007/05/04 10.25 10.25 9.31 9.8 8905 
2007/05/11 9.9 10.3 9.63 9.9 7886 
2007/05/18 9.98 9.98 9.2 9.22 8576 
2007/05/25 9.28 9.54 9.24 9.4 9422 
2007/06/01 9.4 9.44 9.07 9.07 8442 
2007/06/08 9.1 9.5 8.9 9.25 13735 
2007/06/15 9.25 9.98 9.15 9.8 18748 
2007/06/22 9.86 9.94 9.51 9.7 10757 
2007/06/29 9.7 10.2 9.55 9.85 14942 
2007/07/06 9.17 10.05 9.17 9.8 25615 
2007/07/13 9.87 11.25 9.64 10.8 35500 
2007/07/20 10.8 12.5 10.3 12.4 58916 
2007/07/27 12.9 13.5 11 11 70244 
2007/08/03 10.65 11.1 9.58 10.5 25014 
2007/08/10 10.3 11.1 10 10.2 11589 
2007/08/17 10.2 10.6 8.46 8.55 11617 
2007/08/24 9.04 9.74 8.81 9.6 8734 
2007/08/31 9.9 10.1 9.2 9.34 8828 
2007/09/07 9.32 9.55 8.98 9.17 5576 
2007/09/14 9.03 9.38 8.93 9.22 4378 
2007/09/21 9.2 9.33 8.8 9.1 3251 
2007/09/28 9 9.09 8.6 8.89 5827 
2007/10/05 8.93 9.3 8.79 8.98 7121 
2007/10/12 9.08 9.36 8.8 9.12 6166 
2007/10/19 9.2 9.2 8.75 8.89 4841 
2007/10/26 8.8 8.9 8.63 8.75 3825 
2007/11/02 8.78 9.8 8.78 9 16330 
2007/11/09 9 9.15 7.71 7.8 5788 
2007/11/16 7.5 8.15 6.95 7.9 6706 
2007/11/23 7.9 7.99 7.14 7.27 2945 
2007/11/30 7.4 7.4 6.8 7.07 3312 
2007/12/07 7.25 7.55 7.06 7.45 3382 
2007/12/14 7.45 7.6 6.8 7.07 3887 
2007/12/21 7 7 5.7 5.73 2817 
2007/12/28 5.83 6.78 5.83 6.78 3619 
2008/01/04 6.76 7.29 6.61 7.24 3552 
2008/01/11 7.05 7.1 6.52 6.75 3249 
2008/01/18 7.22 7.54 6.72 7.35 9807 
2008/01/25 7.7 7.86 6.66 7.05 12901 
2008/02/01 7.18 7.18 6.5 7.11 5221 
2008/02/15 7.02 7.49 7 7.22 4121 
2008/02/22 7.28 7.6 7.24 7.54 4649 
2008/02/29 7.68 8.3 7.68 8.1 12414 
2008/03/07 7.95 9.6 7.92 8.7 28043 
2008/03/14 8.7 8.73 7.87 8.32 9279 
2008/03/21 8.32 8.85 8.13 8.63 7478 
2008/03/28 9.23 9.95 9.23 9.32 24758 
2008/04/04 9.32 9.63 8.82 9.01 8309 
2008/04/11 9.03 10.2 9.01 10.2 29608 
2008/04/18 10.3 11.8 10.2 11.8 59673 
2008/04/25 12.3 12.6 10.75 10.75 66740 
2008/05/02 10.65 10.9 9.91 10.1 20427 
2008/05/09 10.15 10.5 9.21 10.15 15897 
2008/05/16 10.2 10.5 9.99 10.25 13400 
2008/05/23 10.55 10.6 9.7 10 14814 
2008/05/30 9.9 10.2 8.91 9.03 8010 
2008/06/06 8.97 9.6 8.61 9.45 5254 
2008/06/13 9.15 9.2 7.9 7.9 7680 
2008/06/20 8 8.54 7.95 8 4256 
2008/06/27 7.89 8.19 7.07 7.07 6428 
2008/07/04 7.07 7.07 6.01 6.38 6942 
2008/07/11 6.35 6.79 6.02 6.5 3761 
2008/07/18 6.6 6.7 5.63 5.63 4236 
2008/07/25 5.79 7.55 5.65 7.5 9754 
2008/08/01 7.26 7.4 6.5 6.62 4430 
2008/08/08 6.55 6.76 5.83 6.5 3841 
2008/08/15 6.5 6.76 6.16 6.39 4414 
2008/08/22 6.39 6.39 5.71 6.1 2265 
2008/08/29 6.17 6.33 5.85 6.06 1541 
2008/09/05 5.95 6.13 4.7 4.9 3196 
2008/09/12 5.19 5.39 4.72 4.93 2909 
2008/09/19 4.77 4.77 3.95 4.15 4066 
2008/09/26 4.26 4.8 4.01 4.27 4291 
2008/10/03 3.98 4.23 3.95 4.15 1989 
2008/10/10 4.05 4.14 3.3 3.32 2959 
2008/10/17 3.21 3.47 3.21 3.21 2612 
2008/10/24 3.2 3.31 2.99 2.99 1574 
2008/10/31 2.79 2.89 2.43 2.89 3052 
2008/11/07 3 3.26 2.72 3.05 3597 
2008/11/14 3.1 3.24 2.75 2.97 2055 
2008/11/21 2.87 3.1 2.51 2.83 2298 
2008/11/28 2.64 2.97 2.53 2.88 3513 
2008/12/05 2.89 3.05 2.52 2.55 1921 
2008/12/12 2.55 3.02 2.55 2.87 3006 
2008/12/19 3 3.18 2.75 3 4385 
2008/12/26 2.79 2.93 2.6 2.71 3258 
2009/01/02 2.7 2.85 2.61 2.78 787 
2009/01/09 2.88 2.9 2.7 2.74 1979 
2009/01/16 2.77 2.89 2.56 2.64 1370 
2009/01/23 2.63 2.7 2.47 2.53 677 
2009/02/06 2.53 2.83 2.51 2.81 1392 
2009/02/13 2.86 2.88 2.71 2.73 1014 
2009/02/20 2.79 2.79 2.61 2.62 1301 
2009/02/27 2.61 2.66 2.53 2.6 436 
2009/03/06 2.6 2.84 2.4 2.69 1851 
2009/03/13 2.7 3.18 2.7 3.15 4171 
2009/03/20 3.2 3.27 2.92 3.26 15943 
2009/03/27 3.46 4.05 3.44 4 19102 
2009/04/03 4 4.43 3.55 4.31 16092 
2009/04/10 4.5 4.5 3.95 4.45 13245 
2009/04/17 4.76 6.22 4.76 5.42 14624 
2009/04/24 5.79 6.55 5.21 5.68 23709 
2009/05/01 5.4 5.68 4.58 5.42 11463 
2009/05/08 5.79 6.16 5.2 5.8 22195 
2009/05/15 6 6.19 5.6 5.99 14931 
2009/05/22 6.2 6.53 5.72 6.3 18775 
2009/05/29 6.4 6.95 6.15 6.4 15676 
2009/06/05 6.4 6.51 5.7 6.05 10862 
2009/06/12 6.12 6.12 5.15 5.63 5997 
2009/06/19 5.45 5.52 5 5.52 5215 
2009/06/26 5.5 6 5.32 5.65 5156 
2009/07/03 5.6 6.37 5.5 6.37 10297 
2009/07/10 6.81 7.98 6.81 7.61 36393 
2009/07/17 7.6 7.75 6.7 6.95 16957 
2009/07/24 7 7.15 6.7 6.8 10755 
2009/07/31 6.8 7.5 6.63 7.33 14594 
2009/08/07 7.5 8.06 7.1 7.29 22110 
2009/08/14 7.03 8.12 7.03 7.74 15564 
2009/08/21 7.6 7.8 6.81 6.82 7955 
2009/08/28 7 7.95 6.91 7.37 12145 
2009/09/04 7.6 7.92 7.4 7.68 15167 
2009/09/11 7.68 7.88 7.4 7.59 10341 
2009/09/18 7.8 8.41 7.66 8.39 22154 
2009/10/09 11.55 12.35 11.2 11.5 17088 
2009/10/16 11.7 12.3 11.65 11.9 16134 
2009/10/23 11.8 12.8 11.8 12.1 19282 
2009/10/30 12.1 12.3 11.2 11.5 9098 
2009/11/06 11.2 11.95 11.05 11.4 9688 
2009/11/13 11.3 11.6 11.25 11.3 4573 
2009/11/20 11.45 11.5 11.15 11.2 6029 
2009/11/27 11.15 11.3 10.25 10.25 6191 
2009/12/04 10.35 10.95 10.3 10.45 4055 
2009/12/11 10.6 11 10.5 10.65 4490 
2009/12/18 10.65 10.85 10.05 10.15 5073 
2009/12/25 10.3 10.5 10.1 10.2 5488 
2010/01/01 10 11.15 10 10.95 12401 
2010/01/08 11 12.2 11 12.15 32351 
2010/01/15 12.15 12.8 11.75 12.6 27543 
2010/01/22 12.8 14.1 12.3 12.5 47428 
2010/01/29 12.4 12.5 10.9 11.6 12107 
2010/02/05 11.6 12.1 10.2 10.55 22794 
2010/02/12 10.95 11.8 10.6 11.35 5509 
2010/02/26 11.7 12.1 11.3 11.7 9353 
2010/03/05 11.6 12.3 11.6 11.8 13024 
2010/03/12 11.9 12.8 11.55 12.35 14836 
2010/03/19 12.55 13 12.3 12.75 17423 
2010/03/26 12.75 13.25 12.6 13 15989 
2010/04/02 13.1 13.3 12.75 13.05 13305 
2010/04/09 13 13.8 13 13.75 19455 
2010/04/16 14 15.15 13.45 15.15 45908 
2010/04/23 15 15.45 13.9 14.7 53139 
2010/04/30 14.9 15.1 13.8 14.55 35690 
2010/05/07 14.6 15 12.9 13.6 27717 
2010/05/14 13.7 14.2 13.5 14 16111 
2010/05/21 13.9 13.9 12.55 12.7 10372 
2010/05/28 12.9 13.25 12 13 13844 
2010/06/04 12.95 13.3 12.5 12.7 6734 
2010/06/11 12.2 12.45 11.85 12.1 7543 
2010/06/18 12.25 12.5 11.95 12.3 6217 
2010/06/25 12.4 13.45 12.4 12.45 15817 
2010/07/02 12.45 12.6 12 12.5 6794 
2010/07/09 12.55 12.8 12.35 12.55 9788 
2010/07/16 12.05 12.1 11.65 11.9 6384 
2010/07/23 11.8 12.1 11.6 11.9 6856 
2010/07/30 12 12.4 11.85 12.2 10925 
2010/08/06 12.15 12.5 12 12.05 8962 
2010/08/13 12 12.4 11.7 12.3 11385 
2010/08/20 12.3 13.25 12.2 13.15 25137 
2010/08/27 13.2 13.5 12.3 13 26939 
2010/09/03 13.15 13.3 12.3 12.8 13954 
2010/09/10 12.8 13.6 12.75 12.85 17063 
2010/09/17 13 13.6 12.9 13.25 18676 
2010/09/24 13.3 13.65 13.1 13.2 8608 
2010/10/01 13.3 13.6 13 13.6 12894 
2010/10/08 13.6 14.1 13.5 13.6 20126 
2010/10/15 13.6 13.6 13.1 13.35 6239 
2010/10/22 13.25 13.85 12.85 13.5 12758 
2010/10/29 13.7 14.2 13.6 13.85 14103 
2010/11/05 14 14.5 13.65 14.3 20819 
2010/11/12 14.4 15.2 14.25 14.3 23996 
2010/11/19 14.2 14.25 13.65 13.95 7310 
2010/11/26 14.1 14.5 13.75 13.95 12278 
2010/12/03 14.15 15.5 14.1 14.45 32331 
2010/12/10 14.6 15 14 14.15 15476 
2010/12/17 14.2 18.05 14.15 16.75 68153 
2010/12/24 16.75 17.6 16.45 17.1 43937 
2010/12/31 17.1 17.85 16.7 17.45 30565 
2011/01/07 17.65 18.05 16.3 16.6 32889 
2011/01/14 16.6 17.65 16.15 17.1 19798 
2011/01/21 17 17.55 16.2 17.25 20444 
2011/01/28 17.35 17.45 16.65 16.7 10278 
2011/02/11 16.85 17.05 15.6 15.6 6941 
2011/02/18 15.7 15.95 15.25 15.8 7940 
2011/02/25 15.9 15.95 13.95 14.4 10776 
2011/03/04 14.45 15.1 14.3 14.8 9510 
2011/03/11 14.9 15.6 14.2 15.1 16232 
2011/03/18 14.85 14.9 13.5 14.6 10744 
2011/03/25 14.7 15.2 14.5 14.85 9028 
2011/04/01 14.65 15 14.4 14.85 5454 
2011/04/08 14.8 15.1 14.6 14.85 6964 
2011/04/15 14.95 14.95 14.6 14.7 7139 
2011/04/22 14.75 15.25 14.65 15 13147 
2011/04/29 15.2 15.85 15 15.5 20673 
2011/05/06 15.6 15.75 15.1 15.6 10266 
2011/05/13 15.6 15.95 15.35 15.45 16834 
2011/05/20 15.45 15.5 14.9 15 5460 
2011/05/27 14.9 15.4 14.6 15.1 5886 
2011/06/03 15 15.5 15 15.3 4099 
2011/06/10 15.3 15.65 15.1 15.25 6210 
2011/06/17 15.15 15.25 14.9 15.1 5232 
2011/06/24 15.15 15.35 14.8 15.25 5867 
2011/07/01 15.25 15.4 15.05 15.35 7595 
2011/07/08 15.5 15.95 14.65 14.85 20063 
2011/07/15 14.85 14.9 14.1 14.7 8259 
2011/07/22 14.7 14.9 14.45 14.7 6378 
2011/07/29 14.7 14.75 14.3 14.4 5659 
2011/08/05 14.4 14.75 12.85 12.85 9796 
2011/08/12 12.85 12.85 11.2 12 8304 
2011/08/19 11.9 12.3 11.25 11.4 5304 
2011/08/26 11.2 11.6 10 10.3 7642 
2011/09/02 10.35 11.4 10.35 11.2 4360 
2011/09/09 11 11 10.3 10.65 3551 
2011/09/16 10.55 11.1 10.1 11.05 4811 
2011/09/23 10.9 11.15 10.15 10.55 2293 
2011/09/30 10.45 10.5 9.72 10.25 4620 
2011/10/07 10.15 10.15 9.65 10 2400 
2011/10/14 10.1 10.5 10.1 10.3 2088 
2011/10/21 10.35 10.55 9.97 10.3 2039 
2011/10/28 10.4 10.75 10.35 10.6 3493 
2011/11/04 10.5 10.5 10.2 10.45 1992 
2011/11/11 10.5 10.5 9.95 10.1 2215 
2011/11/18 10 10.2 9.76 9.84 1674 
2011/11/25 9.8 9.8 8.13 9.02 4668 
2011/12/02 9.12 9.85 9.1 9.74 2150 
2011/12/09 9.7 9.7 9.18 9.34 1790 
2011/12/16 9.46 9.46 8.82 9.07 2042 
2011/12/23 9 9.55 8.23 9.49 3007 
2011/12/30 9.48 9.82 9.3 9.45 2204 
2012/01/06 9.45 9.78 9.24 9.37 1859 
2012/01/13 9.27 9.35 9.1 9.18 2352 
2012/01/20 9.38 9.65 9.23 9.55 2355 
2012/02/03 9.8 10.5 9.63 10.3 7440 
2012/02/10 10.25 10.7 9.99 10.6 5023 
2012/02/17 10.9 11.3 10.55 11 8906 
2012/02/24 10.65 11.4 10.65 10.95 3755 
2012/03/02 11.35 11.35 10.8 10.95 2849 
2012/03/09 10.9 11 10.4 10.75 3023 
2012/03/16 10.75 10.9 10.6 10.6 1205 
2012/03/23 10.65 10.8 10.5 10.7 2799 
2012/03/30 10.7 10.75 9.76 10.2 2751 
2012/04/06 10.2 10.3 9.3 9.91 1878 
2012/04/13 9.72 10.2 9.61 10.15 1543 
2012/04/20 10.15 10.3 9.72 9.84 836 
2012/04/27 9.78 9.83 9.46 9.63 813 
2012/05/04 9.63 9.95 9.52 9.89 894 
2012/05/11 9.9 9.9 9.47 9.59 837 
2012/05/18 9.59 9.59 8.34 8.42 2009 
2012/05/25 8.3 8.6 8.11 8.25 940 
2012/06/01 8.14 8.65 8.06 8.35 1370 
2012/06/08 8.05 8.23 7.77 8.18 1612 
2012/06/15 8.18 8.6 8.18 8.58 1310 
2012/06/22 8.75 9.04 8.65 8.95 1545 
2012/06/29 8.9 9 8.8 9 936 
2012/07/06 9.15 9.15 8.87 9 920 
2012/07/13 8.88 8.98 8.7 8.87 698 
2012/07/20 8.87 9 8.74 9 676 
2012/07/27 8.96 9.03 8.76 8.99 824 
2012/08/03 8.98 9.08 8.79 8.96 1638 
2012/08/10 8.53 8.98 8.48 8.96 1394 
2012/08/17 9 9.54 8.82 9.46 2459 
2012/08/24 9.25 9.53 9.25 9.39 1925 
2012/08/31 9.39 9.53 9.2 9.35 1567 
2012/09/07 9.35 9.54 9.28 9.49 1824 
2012/09/14 9.5 10.05 9.45 9.86 4304 
2012/09/21 9.88 10.25 9.75 9.99 5336 
2012/09/28 9.95 10.05 9.81 9.92 2048 
2012/10/05 9.97 10.1 9.81 9.98 1662 
2012/10/12 10 10.05 9.55 9.68 1240 
2012/10/19 9.56 9.7 9.45 9.48 1687 
2012/10/26 9.4 9.57 8.9 9.15 971 
2012/11/02 8.8 9.16 8.55 8.9 932 
2012/11/09 8.98 8.99 8.7 8.89 393 
2012/11/16 8.81 8.99 8.55 8.64 532 
2012/11/23 8.56 8.61 8.35 8.45 639 
2012/11/30 8.5 8.77 8.48 8.75 620 
2012/12/07 8.75 9.24 8.7 9 1089 
2012/12/14 8.95 9.04 8.74 8.87 900 
2012/12/21 8.88 9 8.63 8.76 882 
2012/12/28 8.76 9.03 8.61 8.85 1618 
2013/01/04 8.85 9.06 8.79 9.06 1350 
2013/01/11 9.06 9.5 9.06 9.2 2890 
2013/01/18 9.2 9.56 9.17 9.36 10527 
2013/01/25 9.5 9.61 9.26 9.3 1632 
2013/02/01 9.35 9.42 9.21 9.32 1187 
2013/02/08 9.35 9.99 9.31 9.72 2872 
2013/02/22 9.82 9.9 9.31 9.42 2076 
2013/03/01 9.42 9.52 9.26 9.29 1257 
2013/03/08 9.32 9.56 9.2 9.49 1680 
2013/03/15 9.5 9.55 9.36 9.46 1146 
2013/03/22 9.45 9.96 9.2 9.95 3936 
2013/03/29 9.9 9.9 9.61 9.76 2808 
2013/04/05 9.7 9.96 9.7 9.88 1399 
2013/04/12 9.8 9.8 9.45 9.63 1426 
2013/04/19 9.63 10.15 9.36 9.9 2472 
2013/04/26 9.9 10 9.55 9.93 1164 
2013/05/03 9.95 9.96 9.63 9.84 1471 
2013/05/10 9.89 10.25 9.7 9.9 3884 
2013/05/17 9.9 10.05 9.81 9.95 1716 
2013/05/24 9.96 11.55 9.96 10.8 13924 
2013/05/31 10.85 11.4 10.8 11 5626 
2013/06/07 10.8 13.35 10.8 12.9 31455 
2013/06/14 12.55 12.9 11.3 11.45 9543 
2013/06/21 11.4 12.2 11.4 11.65 5174 
2013/06/28 11.65 11.7 11.1 11.35 2706 
2013/07/05 11.35 11.6 11 11.3 2982 
2013/07/12 11.2 12.4 10.85 12.25 8063 
2013/07/19 12.2 12.2 11.75 11.85 4283 
2013/07/26 11.8 12 11.6 11.8 2078 
2013/08/02 11.85 11.85 11.3 11.75 2664 
2013/08/09 11.75 12.4 11.55 11.9 2991 
2013/08/16 11.8 11.95 11.65 11.8 1671 
2013/08/23 11.7 11.8 11 11.4 1267 
2013/08/30 11.45 11.9 11.25 11.75 1864 
2013/09/06 11.6 11.75 11.4 11.55 1664 
2013/09/13 11.6 11.65 11.2 11.5 1612 
2013/09/20 11.55 12.8 11.4 12.35 8170 
2013/09/27 12.5 12.5 11.85 11.9 2845 
2013/10/04 11.6 12.15 11.4 12.05 2212 
2013/10/11 12.15 12.25 11.9 11.9 1255 
2013/10/18 11.75 12.45 11.75 12.25 2645 
2013/10/25 12.3 12.35 11.85 12 2367 
2013/11/01 12.1 12.1 11.85 11.9 1635 
2013/11/08 11.9 12 11.7 11.8 1371 
2013/11/15 11.8 12.1 11.5 11.85 2044 
2013/11/22 11.85 12.75 11.7 12.55 8528 
2013/11/29 12.55 13.2 12.2 12.95 5146 
2013/12/06 13 13.35 12.45 12.65 3528 
2013/12/13 12.7 12.9 12.35 12.45 1518 
2013/12/20 12.45 12.55 12.05 12.2 1629 
2013/12/27 12.2 12.25 12 12 739 
2014/01/03 12 12.35 11.9 12.15 1291 
2014/01/10 12 12 11.55 11.8 1953 
2014/01/17 11.85 11.95 11.6 11.8 755 
2014/01/24 11.7 11.9 11.6 11.9 1532 
2014/01/31 11.8 11.8 11.7 11.75 361 
2014/02/07 11.75 12.55 11.6 12.35 2152 
2014/02/14 12.5 12.75 12.2 12.6 3476 
2014/02/21 12.6 13.8 12.4 13.6 9958 
2014/02/28 13.7 14 13.55 13.8 4808 
2014/03/07 13.8 13.95 13.35 13.55 3893 
2014/03/14 13.5 13.7 13.35 13.7 2576 
2014/03/21 13.7 13.8 12.9 13.2 3278 
2014/03/28 12.95 13.55 12.95 13.55 2459 
2014/04/04 13.55 15 13.5 14.7 7464 
2014/04/11 14.7 14.8 14.3 14.6 3794 
2014/04/18 14.7 16.9 14.7 16.9 14525 
2014/04/25 17.25 20.4 17.25 19.05 56272 
2014/05/02 18.6 19.6 16.8 16.95 22770 
2014/05/09 17.1 17.5 14.85 15.25 14495 
2014/05/16 15.25 15.4 14.05 15.05 9373 
2014/05/23 15.05 15.4 14.6 15.1 5139 
2014/05/30 14.8 15.95 14.8 15.85 5299 
2014/06/06 15.8 15.95 15.35 15.8 2835 
2014/06/13 15.8 16.5 15.45 16.5 3914 
2014/06/20 17.3 17.4 15.55 15.55 9280 
2014/06/27 15.25 15.55 14.5 14.6 3947 
2014/07/04 14.6 14.8 13.5 14.05 3968 
2014/07/11 14 14.3 13.65 13.85 2626 
2014/07/18 13.85 14.35 13.8 14.2 1441 
2014/07/25 14.2 14.4 13.95 14 1042 
2014/08/01 14.1 14.1 13.05 14 1193 
2014/08/08 13.85 14 12.9 13.2 2127 
2014/08/15 13.2 13.4 12.95 13.1 712 
2014/08/22 13.1 13.1 12.7 13 1272 
2014/08/29 13 14.2 12.95 14.2 988 
2014/09/05 14.3 14.75 14.05 14.15 1576 
2014/09/12 14.3 14.3 13.9 14.05 235 
2014/09/19 14.05 14.25 13.85 13.95 485 
2014/09/26 14.2 14.2 13.7 13.9 664 
2014/10/03 13.8 14.1 13.65 14 867 
2014/10/10 14 14 13.7 13.85 830 
2014/10/17 13.7 13.8 12 12.5 1864 
2014/10/24 12.6 14.9 12.6 14.15 3524 
2014/10/31 14.05 14.5 13.55 14.25 1383 
2014/11/07 14.4 15.45 14.2 15 3677 
2014/11/14 15.1 16 14.9 15.75 4651 
2014/11/21 15.6 16 15.15 15.6 2280 
2014/11/28 15.8 17.2 15.6 16.5 6258 
2014/12/05 16.1 17.95 16.1 17.5 5520 
2014/12/12 17.4 17.75 16.5 16.65 2746 
2014/12/19 16.6 17.2 16 16.1 2138 
2014/12/26 16.1 16.8 15.6 16.55 3092 
2015/01/02 16.55 16.7 16.05 16.15 572 
2015/01/09 16.15 16.3 15.6 15.65 1334 
2015/01/16 15.65 17.35 15.65 16.8 4316 
2015/01/23 16.8 17.15 16.15 16.15 2468 
2015/01/30 16.2 16.2 15.65 15.9 1932 
2015/02/06 15.9 16.2 15.6 15.95 1574 
2015/02/13 15.95 16.75 15.7 16.5 1927 
2015/02/27 16.9 16.9 16.2 16.5 1063 
2015/03/06 16.35 16.8 16.2 16.8 1609 
2015/03/13 16.8 18 16.45 17.9 4889 
2015/03/20 18 19.65 17.4 19.2 17865 
2015/03/27 19.6 19.6 18.2 19 5698 
2015/04/03 19 19.2 17.9 18.1 2463 
2015/04/10 18 19.15 17.5 18.85 3624 
2015/04/17 18.85 19.15 18.45 18.65 2485 
2015/04/24 18.6 19.45 17.7 19.15 5159 
2015/05/01 19.15 19.45 18.8 19 1896 
2015/05/08 19.05 19.1 18 18.5 1869 
2015/05/15 18.5 18.7 17.6 18.15 1529 
2015/05/22 18.15 19 17.7 18.45 1697 
2015/05/29 18.45 19 18.1 18.45 6869 
2015/06/05 18.5 18.9 18.15 18.3 3141 
2015/06/12 18.55 19.2 17.55 18.4 4926 
2015/06/19 18 18.6 17.7 18.1 1668 
2015/06/26 18.2 19.2 17.8 18.9 3930 
2015/07/03 18.8 19.2 18.45 18.95 2621 
2015/07/10 18.5 18.85 17.1 18.1 1252 
2015/07/17 18 18.3 17.9 18.2 731 
2015/07/24 18.2 18.2 17.55 18 1603 
2015/07/31 17.85 18 16.6 17 1917 
2015/08/07 16.95 17.75 16.15 17.45 2381 
2015/08/14 17.5 17.85 17.15 17.5 717 
2015/08/21 17.5 17.75 16.35 16.85 2005 
2015/08/28 16.65 16.65 15 15.4 3145 
2015/09/04 15.45 15.85 15 15.65 1374 
2015/09/11 15.65 16.95 15.45 16.75 538 
2015/09/18 16.65 17.2 16.5 17 761 
2015/09/25 17 17.15 16.45 16.85 710 
2015/10/02 16.65 17.05 16.45 16.8 830 
2015/10/09 16.9 18.15 16.35 17.2 2030 
2015/10/16 17.25 17.35 16.55 17 700 
2015/10/23 16.8 17.05 16.6 16.65 1341 
2015/10/30 16.7 17.5 16.6 17.3 915 
2015/11/06 17.4 17.5 16.85 17.2 1331 
2015/11/13 17.2 17.2 16.8 16.9 1386 
2015/11/20 16.7 17.15 16.7 16.8 365 
2015/11/27 17 17 16.15 16.3 590 
2015/12/04 16.15 16.15 14.5 15.6 2631 
2015/12/11 15.6 16.6 14.8 15.8 1265 
2015/12/18 15.3 17.05 15.2 16.05 570 
2015/12/25 16.15 16.15 15.3 15.9 450 
2016/01/01 15.75 16.3 15.5 15.85 941 
2016/01/08 16 16 15.35 15.85 1151 
2016/01/15 15.85 15.95 14.95 15.3 1155 
2016/01/22 15.15 15.45 15.05 15.3 723 
2016/01/29 15.25 16.2 15.2 16.2 1170 
2016/02/05 16.4 16.7 16.3 16.55 318 
2016/02/19 16.8 16.95 16.45 16.65 751 
2016/02/26 16.85 16.9 16.5 16.65 920 
2016/03/04 16.75 17.15 16.3 17.05 871 
2016/03/11 17.5 19.3 17.4 17.7 2703 
2016/03/18 17.9 18.5 17.5 17.9 2696 
2016/03/25 17.95 19.3 17.6 19.3 3056 
2016/04/01 19.6 19.65 17.5 17.8 11383 
2016/04/08 17.8 18.25 17.8 18.05 873 
2016/04/15 18.05 18.05 17.25 17.8 9728 
2016/04/22 17.75 17.8 16.75 17.1 1760 
2016/04/29 16.8 17 16.5 16.55 1502 
2016/05/06 16.55 16.55 15.95 16.05 1511 
2016/05/13 16.2 17.15 16 16.55 2616 
2016/05/20 16.55 16.65 16.3 16.5 2283 
2016/05/27 16.35 16.8 16.35 16.6 2799 
2016/06/03 16.6 17.1 16.25 16.25 7291 
2016/06/10 16.25 16.25 16.05 16.15 2093 
2016/06/17 16.1 16.15 15.7 16.05 4067 
2016/06/24 16.2 16.25 15.8 15.8 8613 
2016/07/01 14.3 15.25 14.3 14.45 5040 
2016/07/08 14.5 14.6 14.25 14.5 2619 
2016/07/15 14.8 14.8 14.35 14.5 2250 
2016/07/22 14.55 14.65 14.4 14.5 2919 
2016/07/29 14.5 14.6 14.3 14.4 3335 
2016/08/05 14.4 14.5 14.25 14.3 2384 
2016/08/12 14.35 14.45 14.25 14.35 1934 
2016/08/19 14.3 14.45 14.2 14.3 2202 
2016/08/26 14.3 14.35 14.15 14.15 1176 
2016/09/02 14.15 14.25 14 14.05 1081 
2016/09/09 14.05 14.1 13.9 14.05 889 
2016/09/16 14.05 14.05 13.6 13.6 526 
2016/09/23 13.6 14.15 13.55 14.15 2748 
2016/09/30 14.15 14.2 13.9 14.1 188 
2016/10/07 14.05 14.1 13.8 13.9 317 
2016/10/14 13.9 14 13.55 13.55 395 
2016/10/21 13.75 13.75 13.3 13.45 462 
2016/10/28 13.35 13.4 13 13.3 573 
2016/11/04 13.1 13.25 13 13.2 239 
2016/11/11 13.15 13.45 13 13.3 478 
2016/11/18 13.1 14.25 13.1 13.45 785 
2016/11/25 13.5 14.25 13.15 13.6 608 
2016/12/02 13.5 14.35 13.5 13.9 3028 
2016/12/09 13.9 14.4 13.4 13.8 2356 
2016/12/16 13.8 13.8 13.3 13.5 953 
2016/12/23 13.5 13.65 13.2 13.3 483 
2016/12/30 13.3 13.65 13.2 13.5 577 
2017/01/06 13.5 13.8 13.3 13.5 1334 
2017/01/13 13.5 14.1 13.25 13.3 1374 
2017/01/20 13.3 13.7 13.2 13.35 676 
2017/01/27 13.35 13.45 13.2 13.25 228 
2017/02/03 13.25 13.6 13.25 13.4 485 
2017/02/10 13.4 14.8 13.4 13.65 5017 
2017/02/17 13.65 13.9 13.4 13.7 1336 
2017/02/24 13.8 15.55 13.35 15.1 8019 
2017/03/03 15.05 16.05 14.75 15.9 4069 
2017/03/10 15.8 16.45 15.35 15.65 4371 
2017/03/17 15.6 17.75 15.55 17.5 8331 
2017/03/24 17.3 18.35 16.95 17.4 7078 
2017/03/31 17.5 17.55 14.75 15 4627 
2017/04/07 15 15.3 15 15.2 240 
2017/04/14 14.5 15.45 14.2 14.8 3579 
2017/04/21 14.85 14.85 14.05 14.3 850 
2017/04/28 14.4 14.45 14.2 14.25 134 
2017/05/05 14.6 15.65 14.6 15.3 855 
2017/05/12 15.2 15.3 14.4 14.55 1935 
2017/05/19 14.6 15.25 14.25 14.45 9379 
2017/05/26 14.5 16.45 14.5 16.15 15443 
2017/06/02 16.5 17.75 13.95 14.45 12413 
2017/06/09 14.45 14.95 14.35 14.65 1424 
2017/06/16 14.4 14.5 14 14.15 1657 
2017/06/23 14.15 14.35 13.8 14 1755 
2017/06/30 14.1 14.15 13.9 14 1117 
2017/07/07 14 14.05 13.9 14 237 
2017/07/14 13.85 13.95 13.75 13.95 454 
2017/07/21 14.05 14.6 13.85 14.3 841 
2017/07/28 14.1 14.1 14 14.05 34 
2017/08/04 13.95 14.1 13.75 13.85 892 
2017/08/11 14 14.1 13.8 13.9 292 
2017/08/18 13.7 13.95 13.65 13.8 194 
2017/08/25 13.8 14.1 13.8 14 254 
2017/09/01 13.6 13.65 13.55 13.65 80 
2017/09/08 13.65 13.9 13.55 13.65 67 
2017/09/15 13.65 13.75 13.5 13.75 201 
2017/09/22 13.55 13.65 13.45 13.5 136 
2017/09/29 13.85 13.85 13.5 13.65 278 
2017/10/06 13.8 13.85 13.7 13.7 119 
2017/10/13 13.75 13.75 13.35 13.4 179 
2017/10/20 13.8 13.8 13.55 13.6 150 
2017/10/27 13.65 13.8 13.55 13.7 465 
2017/11/03 13.75 13.8 13.55 13.65 515 
2017/11/10 13.65 14.6 13.55 14.5 1000 
2017/11/17 14.6 14.6 14.15 14.25 225 
2017/11/24 14 14 13.8 13.95 58 
2017/12/01 13.95 14 13.9 14 311 
2017/12/08 13.85 14 13.5 13.7 504 
2017/12/15 13.75 14 13.7 13.95 506 
2017/12/22 13.8 15.35 13.7 15.1 2132 
2017/12/29 15.35 16.15 15 15.2 6514 
2018/01/05 15.1 15.3 14.9 15.1 412 
2018/01/12 15.2 15.3 14.9 15 755 
2018/01/19 15 16.45 14.95 15.65 2250 
2018/01/26 15.6 15.65 15.25 15.4 1473 
2018/02/02 15.5 15.6 14.85 14.95 586 
2018/02/09 14.75 15.25 14.65 15.05 1224 
2018/02/16 15.25 15.5 15.1 15.25 120 
2018/02/23 15.2 15.3 15 15.2 342 
2018/03/02 15.2 15.3 15 15.3 456 
2018/03/09 15.3 15.45 15 15.15 773 
2018/03/16 15.15 16.8 15 16.2 6485 
2018/03/23 16.2 16.55 15.3 15.45 2629 
2018/03/30 15.4 15.6 14.7 15.15 1657 
2018/04/06 15.2 15.25 14.95 15 281 
2018/04/13 15.15 15.55 14.9 15.15 957 
2018/04/20 15.2 15.5 15.05 15.1 766 
2018/04/27 15.2 15.6 14.9 15.1 1104 
2018/05/04 15.2 15.3 14.95 15.05 285 
2018/05/11 15.1 15.35 14.95 14.95 503 
2018/05/18 14.95 15.2 14.8 15.2 576 
2018/05/25 15.35 15.35 14.9 15.1 388 
2018/06/01 15.1 15.3 15 15.2 438 
2018/06/08 15.2 15.7 15.05 15.5 740 
2018/06/15 15.6 15.6 15.25 15.4 1146 
2018/06/22 15.35 15.4 15.15 15.2 435 
2018/06/29 15.2 15.7 15.1 15.55 1304 
2018/07/06 15.55 15.55 15.3 15.4 474 
2018/07/13 15.4 15.75 15.3 15.35 615 
2018/07/20 15.45 15.5 15.3 15.5 635 
2018/07/27 15.55 16.3 15.45 16.05 1008 
2018/08/03 16.1 16.1 15.6 15.9 411 
2018/08/10 15.95 16.05 15.6 15.7 2204 
2018/08/17 15.65 16.1 15.4 15.9 850 
2018/08/24 15.9 16.7 15.85 16.1 939 
2018/08/31 16.05 16.2 15.9 15.95 446 
2018/09/07 16 16.2 15.75 15.9 1108 
2018/09/14 15.9 16.2 15.65 15.95 1003 
2018/09/21 15.9 16.3 15.85 16.1 1570 
2018/09/28 16.2 16.25 15.8 15.85 2020 
2018/10/05 15.85 16.1 15.7 15.9 711 
2018/10/12 15.95 16 15 15.7 618 
2018/10/19 15.65 16 15.3 15.9 394 
2018/10/26 16 16 15.45 15.8 383 
2018/11/02 15.5 15.95 15.5 15.75 615 
2018/11/09 15.75 16.1 15.65 15.9 1014 
2018/11/16 15.95 16.15 15.85 16 293 
2018/11/23 16 16 15.7 15.8 259 
2018/11/30 15.85 16.15 15.8 15.8 390 
2018/12/07 15.9 16.1 15.6 15.85 429 
2018/12/14 15.85 15.95 15.6 15.7 454 
2018/12/21 15.75 16.65 15.6 15.85 354 
2018/12/28 15.9 15.9 15.55 15.7 503 
2019/01/04 15.8 17 15.6 15.75 725 
2019/01/11 15.85 15.9 15.6 15.8 775 
2019/01/18 15.85 16.5 15.55 15.8 698 
2019/01/25 15.8 16.1 15.6 15.65 662 
2019/02/01 15.65 15.9 15.5 15.85 493 
2019/02/15 15.85 15.9 15.7 15.7 262 
2019/02/22 15.85 16.1 15.65 15.85 251 
2019/03/01 16.2 16.2 15.75 15.85 113 
2019/03/08 15.85 16.1 15.75 15.95 356 
2019/03/15 16.05 16.05 15.75 15.9 370 
2019/03/22 15.95 17.95 15.95 16.8 3520 
2019/03/29 16.45 16.9 15.95 15.95 676 
2019/04/05 16 16.1 15.65 15.75 497 
2019/04/12 15.75 15.9 15.45 15.85 561 
2019/04/19 15.85 15.9 15.45 15.7 471 
2019/04/26 16.6 18.4 16.35 17 3606 
2019/05/03 17 17.15 16.6 16.65 463 
2019/05/10 16.65 16.8 15.9 15.95 357 
2019/05/17 15.95 17 15.95 16.5 549 
2019/05/24 16.4 16.85 15.95 16.2 1703 
2019/05/31 16.1 16.65 15.4 15.9 2653 
2019/06/07 15.9 16.3 15.6 16 333 
2019/06/14 16 16.15 15.75 16.05 391 
2019/06/21 16 16.1 15.8 16.05 185 
2019/06/28 16.05 16.25 15.85 16 2890 
2019/07/05 16.2 16.3 15.8 16.05 287 
2019/07/12 16.1 17.75 16 16.75 734 
2019/07/19 16.8 17.05 16.65 16.85 676 
2019/07/26 16.9 16.95 16.05 16.1 344 
2019/08/02 16.05 16.25 15.6 16 329 
2019/08/09 16 16.05 15.7 15.8 408 
2019/08/16 15.85 15.9 15.65 15.75 440 
2019/08/23 15.75 16.25 15.65 16.1 529 
2019/08/30 15.95 16.2 15.85 16.2 552 
2019/09/06 16.1 16.45 16.05 16.35 438 
2019/09/13 16.55 16.55 16.15 16.2 336 
2019/09/20 16.25 16.3 16.15 16.2 314 
2019/09/27 16.25 16.3 15.9 16.05 1678 
2019/10/04 16.1 16.45 15.95 16.05 131 
2019/10/11 16.05 16.1 15.9 16.1 110 
2019/10/18 16.1 16.45 16 16 300 
2019/10/25 16.1 16.25 15.9 16 135 
2019/11/01 16.1 16.35 15.8 16 180 
2019/11/08 16.15 16.2 15.95 16 171 
2019/11/15 16 16.2 15.9 16 314 
2019/11/22 16 16.2 15.9 16.05 1213 
2019/11/29 16.05 16.05 15.65 15.7 724 
2019/12/06 15.75 15.9 15.55 15.9 283 
2019/12/13 15.9 16 15.75 16 864 
2019/12/20 16 16.35 15.9 16.05 743 
2019/12/27 16.05 16.15 15.65 15.9 718 
2020/01/03 15.9 16.4 15.75 16.2 1037 
2020/01/10 16.2 16.3 16.05 16.3 1202 
2020/01/17 16.3 16.75 16.15 16.6 954 
2020/01/24 16.6 16.85 16.6 16.75 206 
2020/01/31 16.5 16.85 16 16.55 367 
2020/02/07 16.4 17.2 16.15 16.75 839 
2020/02/14 16.7 16.9 16.4 16.9 393 
2020/02/21 16.9 17.5 16.85 17.4 696 
2020/02/28 17.45 17.45 16.9 17.15 354 
2020/03/06 17.1 17.25 17.05 17.05 323 
2020/03/13 17 17 15.05 16.3 1457 
2020/03/20 16.15 16.3 15.1 16 1630 
2020/03/27 15.7 16.15 15.6 15.75 2089 
2020/04/03 15.55 15.75 15.45 15.55 1344 
2020/04/10 15.55 15.6 15.3 15.6 638 
2020/04/17 15.8 17.25 15.55 16 18329 
2020/04/24 16.05 16.6 15.65 15.65 16870 
2020/05/01 15.7 18 15.7 17.9 14286 
2020/05/08 17.9 18 16.15 16.25 7438 
2020/05/15 16.3 16.3 15.75 16.25 3945 
2020/05/22 16.25 17.2 15.95 15.95 1414 
2020/05/29 16 16.5 15.8 16.05 1739 
2020/06/05 16.05 17 15.9 16.9 2067 
2020/06/12 17.15 18 16.1 16.55 4593 
2020/06/19 16.6 18.35 16.5 18.2 3249 
2020/06/26 19 19 17.4 17.95 4105 
2020/07/03 17.85 17.85 16.7 16.7 3256 
2020/07/10 16.8 17.6 16.65 16.7 2558 
2020/07/17 16.8 17 16.35 16.5 1424 
2020/07/24 16.5 16.55 16.05 16.05 1453 
2020/07/31 16.1 16.55 15.7 16.45 1644 
2020/08/07 16.45 16.8 16.15 16.3 1544 
2020/08/14 16.2 16.95 15.95 16.75 1416 
2020/08/21 16.7 16.8 15.8 16.2 2821 
2020/08/28 16.05 16.15 15.8 16 4276 
2020/09/04 16.05 16.1 15.7 15.8 3573 
2020/09/11 15.85 16 15.6 15.9 2381 
2020/09/18 15.9 15.9 15.6 15.8 2977 
2020/09/25 15.8 15.95 15 15.25 4865 
2020/10/02 15.4 15.55 15.3 15.55 719 
2020/10/09 15.5 16.1 15.5 15.8 1738 
2020/10/16 15.85 15.85 15.3 15.5 2095 
2020/10/23 15.5 15.5 15 15.3 5955 
2020/10/30 15.25 15.6 15.25 15.45 7567 
2020/11/06 15.35 15.55 15.3 15.3 12624 
2020/11/13 15.4 15.5 15.1 15.15 19571 
2020/11/20 15.2 15.25 14.25 14.45 14687 
2020/11/27 14.5 14.75 14.4 14.55 4170 
