1991/06/28 70.5 91 70.5 91 5 
1991/07/05 97 118 97 107 8792 
1991/07/12 105 117.5 98 98 8871 
1991/07/19 104.5 104.5 92 99 8358 
1991/07/26 98 102 91 94 10853 
1991/08/02 96 100 85 87 7961 
1991/08/09 85 86 77 82 5887 
1991/08/16 81 83 75 75.5 4121 
1991/08/23 75 75.5 65.5 69 5363 
1991/08/30 68 74.5 66 73 4606 
1991/09/06 73.5 75.5 71 73.5 4924 
1991/09/13 74.5 76 69 71 4050 
1991/09/20 71 73.5 69.5 73 1416 
1991/09/27 73 75 71 72.5 2177 
1991/10/04 71.5 72.5 68.5 70 1747 
1991/10/11 70 71.5 67 68 1091 
1991/10/18 67 67 57.5 60.5 2744 
1991/10/25 61 61.5 56.5 60 1455 
1991/11/01 60.5 62.5 59 60 1885 
1991/11/08 59.5 68 58.5 66 4817 
1991/11/15 68 68 64 65.5 1339 
1991/11/22 65.5 72.5 64.5 69 2582 
1991/11/29 70 74 65.5 66 3716 
1991/12/06 66.5 70.5 63.5 67 3277 
1991/12/13 67.5 72 66.5 67 3032 
1991/12/20 66.5 68 66.5 66.5 771 
1991/12/27 67.5 73 67 73 1680 
1992/01/03 72.5 73.5 71 73.5 890 
1992/01/10 73 81.5 73 81.5 4185 
1992/01/17 83 87.5 81 85 5507 
1992/01/24 86 97 86 93 10422 
1992/01/31 93.5 95 89 94 4742 
1992/02/07 95 100 92 99 3174 
1992/02/14 100 103 82 85 6844 
1992/02/21 84 94 76.5 94 10376 
1992/02/28 96 96 83.5 89 7171 
1992/03/06 89 90 82.5 85.5 3385 
1992/03/13 85 88 82.5 86 2674 
1992/03/20 86 87.5 81 81 2164 
1992/03/27 80 83 77 82.5 2679 
1992/04/03 82.5 82.5 75 79 2098 
1992/04/10 78 78 73 74 2150 
1992/04/17 73.5 77 72 76.5 2134 
1992/04/24 75.5 78 74.5 75.5 1479 
1992/05/01 75.5 82.5 75 79 4711 
1992/05/08 79 80 76.5 77.5 1527 
1992/05/15 76 77 73.5 76.5 1347 
1992/05/22 76 88 76 86 6770 
1992/05/29 86 87 80 82.5 3120 
1992/06/05 81.5 84.5 79 82 1464 
1992/06/12 83.5 87 80.5 84 3471 
1992/06/19 85 86.5 81 83 3035 
1992/06/26 84 89 80 81.5 6491 
1992/07/03 81.5 84 80.5 83 1102 
1992/07/10 84 86 78 80 3504 
1992/07/17 80.5 81 76.5 76.5 1434 
1992/07/24 76.5 77 65 69 3428 
1992/07/31 69.5 71 65 68.5 2595 
1992/08/07 69 70 68 68.5 1031 
1992/08/14 68 68.5 64 67 2760 
1992/08/21 66.5 68 61 65.5 3858 
1992/08/28 65 69 64 68 3315 
1992/09/04 68 71 67 68 4952 
1992/09/11 65 65.5 60 62 4957 
1992/09/18 61 61.5 53 58.5 4101 
1992/09/25 56 57.5 51.5 53 2612 
1992/10/02 52 60 51 58.5 3927 
1992/10/09 59 63.5 55 61 7965 
1992/10/16 61.5 63.5 58.5 62 5302 
1992/10/23 62.5 62.5 58 59.5 2041 
1992/10/30 59.5 60 56.5 57 1579 
1992/11/06 57 58 54.5 55 2766 
1992/11/13 55 56.5 54.5 55.5 783 
1992/11/20 56 58.5 55.5 57.5 1932 
1992/11/27 57.5 58 56 57 1260 
1992/12/04 57 57 54.5 56.5 845 
1992/12/11 57 57.5 55 56 1422 
1992/12/18 56 56 54 54 751 
1992/12/25 54.5 54.5 49.4 49.5 1779 
1993/01/01 49.3 49.3 43 45.4 1404 
1993/01/08 45.4 46 38.3 42.2 4089 
1993/01/15 42.2 45.5 40.4 45.4 4529 
1993/01/22 45.6 46 44.8 45.8 1729 
1993/01/29 45 45.3 42 45.1 1401 
1993/02/05 45.8 51 45.8 50 7719 
1993/02/12 50 53 47.2 51.5 7457 
1993/02/19 51 54.5 50 54 10419 
1993/02/26 54.5 62.5 51 61 12801 
1993/03/05 62 63.5 56 59.5 16084 
1993/03/12 60.5 63.5 56 57 13361 
1993/03/19 56 62 56 60.5 8885 
1993/03/26 60.5 63 59.5 60 8095 
1993/04/02 60.5 67.5 60.5 66 13799 
1993/04/09 67 68 60.5 60.5 5166 
1993/04/16 60 61 54 55 3715 
1993/04/23 55.5 59 53 58 4378 
1993/04/30 57.5 59 57 57 2440 
1993/05/07 56 59 55 58 2372 
1993/05/14 58 59 55 55.5 1874 
1993/05/21 55.5 55.5 50 50 2162 
1993/05/28 50.5 52 49.7 51 1585 
1993/06/04 51 54.5 50 53.5 2084 
1993/06/11 53.5 53.5 50 51 1909 
1993/06/18 51 54 50 50.5 3688 
1993/06/25 50.5 52 50 51 1120 
1993/07/02 51 51 48 48 2924 
1993/07/09 48.2 48.6 45.3 48.3 4205 
1993/07/16 48.6 48.6 45.4 45.6 1124 
1993/07/23 46 47.8 45.4 47.6 1202 
1993/07/30 47.6 48.6 46.3 46.5 1757 
1993/08/06 46 48.5 46 47.5 1271 
1993/08/13 47.5 48.8 45.6 47.2 3121 
1993/08/20 48 48.7 46.5 46.6 2130 
1993/08/27 47 51.5 46.7 51.5 12562 
1993/09/03 52 53.5 47.4 48.6 18690 
1993/09/10 48.6 51 47.8 50 7509 
1993/09/17 50.5 52 48.1 51 5844 
1993/09/24 51 53 50 51 4822 
1993/10/01 51 51.5 50 50 1974 
1993/10/08 50 51.5 50 51 2239 
1993/10/15 51 54.5 50.5 53 5358 
1993/10/22 53 56.5 51.5 55 6507 
1993/10/29 55 56 52.5 53 3372 
1993/11/05 53.5 57 53.5 55.5 4655 
1993/11/12 56 56.5 54 55 2569 
1993/11/19 55.5 55.5 51 51.5 3365 
1993/11/26 52 53 51 51 1541 
1993/12/03 53.5 55.5 52.5 54.5 4640 
1993/12/10 54.5 57.5 54 55.5 9614 
1993/12/17 55.5 60 55 58 11607 
1993/12/24 58 58 54.5 56.5 3491 
1993/12/31 57 63 55.5 61.5 5686 
1994/01/07 61.5 70.5 60 68 14514 
1994/01/14 71.5 72 63 69 13504 
1994/01/21 69.5 70 60 62.5 9938 
1994/01/28 63 63 57 58.5 5870 
1994/02/04 59 62 58 58.5 6454 
1994/02/18 58.5 59 55 56.5 2545 
1994/02/25 55.5 57.5 53.5 55 1584 
1994/03/04 54.5 54.5 52 54.5 1828 
1994/03/11 55.5 56 50 50 2238 
1994/03/18 50 50.5 47.8 48 2216 
1994/03/25 48 51 48 50.5 2956 
1994/04/01 50 51.5 49.1 51.5 2436 
1994/04/08 51.5 52 51 51.5 1657 
1994/04/15 52 52 50 51 1535 
1994/04/22 51 52.5 50.5 51 2217 
1994/04/29 51 54 51 51 3245 
1994/05/06 51 54.5 51 53 5097 
1994/05/13 53.5 56.5 52.5 55 6337 
1994/05/20 55.5 58.5 53 53 7333 
1994/05/27 53 54 51 52 2977 
1994/06/03 52.5 54 52 52.5 2008 
1994/06/10 53 53.5 51.5 52 1876 
1994/06/17 52 52.5 50.5 51 1037 
1994/06/24 51 51 49 49.5 1677 
1994/07/01 49.1 49.5 48.2 49.2 915 
1994/07/08 49.3 50.5 48.6 48.7 1064 
1994/07/15 48.7 50.5 48.3 49 1244 
1994/07/22 49.3 51.5 48.8 50.5 2789 
1994/07/29 51 52 49.6 49.6 2969 
1994/08/05 49.7 52 49.7 50.5 3851 
1994/08/12 51 51 48.5 48.5 1169 
1994/08/19 48.5 50.5 47.9 49.5 1315 
1994/08/26 49.7 50 47 47 2193 
1994/09/02 47 51.5 47 49.5 5512 
1994/09/09 49.3 49.5 48.2 49 1169 
1994/09/16 49 49 47.6 48 901 
1994/09/23 47.8 48.5 47 47.8 833 
1994/09/30 48 49.3 47.8 48.7 1490 
1994/10/07 48.6 48.9 42.7 42.7 1521 
1994/10/14 43.6 44 39.8 43.5 1724 
1994/10/21 43.9 45.7 43.2 44.5 1765 
1994/10/28 44.8 45.5 42.1 42.1 1081 
1994/11/04 42.3 42.3 40.6 41.8 540 
1994/11/11 41.8 42.5 41.1 42 411 
1994/11/18 42 42.8 41 41.6 478 
1994/11/25 41.7 41.9 40.5 41.3 1051 
1994/12/02 41.3 41.4 40.5 40.8 786 
1994/12/09 41.8 47 41.5 46.2 5741 
1994/12/16 45.9 48.4 44.5 46 5599 
1994/12/23 46.8 47.6 45.1 46 2280 
1994/12/30 46.3 49.6 45.5 48.7 6142 
1995/01/06 49 49 46.5 47.7 1096 
1995/01/13 47.6 47.6 43.1 44.2 2602 
1995/01/20 44.5 44.5 42.1 43 2246 
1995/01/27 43.5 43.5 41.8 41.8 836 
1995/02/03 42.8 43 42.5 42.5 88 
1995/02/10 42.5 43.7 42.5 42.7 1090 
1995/02/17 43.1 44.2 42.7 44 683 
1995/02/24 44.2 44.9 43.1 43.1 997 
1995/03/03 43 46.9 41.6 46.4 5019 
1995/03/10 46.8 47 44 44 4901 
1995/03/17 44.2 44.5 41 43.4 2807 
1995/03/24 43 43.5 42 43 1045 
1995/03/31 43 43.2 42.2 43.1 1060 
1995/04/07 42.4 44.7 42.4 44.5 1564 
1995/04/14 44.8 45.5 42 42.2 3232 
1995/04/21 42 42.5 40.2 40.9 664 
1995/04/28 40.7 40.8 39.2 39.2 1103 
1995/05/05 39.3 39.9 37.5 38.5 627 
1995/05/12 38.5 39.5 38 39.2 388 
1995/05/19 39.2 39.6 38.6 39.1 684 
1995/05/26 39.1 40.9 37.6 37.6 1049 
1995/06/02 37.5 38.7 37 37.8 494 
1995/06/09 38.1 38.4 37.1 37.5 319 
1995/06/16 37.5 37.7 35 35.5 849 
1995/06/23 35.1 35.9 33.6 35.9 1245 
1995/06/30 35.9 36 33.5 33.5 735 
1995/07/07 33.2 34 31.9 33.6 1322 
1995/07/14 33.5 34.6 32.7 32.8 624 
1995/07/21 32.5 32.7 28.5 29.3 1543 
1995/07/28 29.5 30 27 29.4 997 
1995/08/04 29.4 29.4 25.8 26 1226 
1995/08/11 27.3 27.3 23.3 23.7 1527 
1995/08/18 23.4 26.7 22.5 25.7 2421 
1995/08/25 25.2 27.1 24.3 27.1 2051 
1995/09/01 27.8 32.5 26.9 32.5 15252 
1995/09/08 32.5 34.5 31.9 33.2 21525 
1995/09/15 33.2 34.3 30.2 31.5 35379 
1995/09/22 31.7 33 31 31.6 13931 
1995/09/29 32.7 34.1 32 32.7 15349 
1995/10/06 32.5 34.5 32.1 33.9 12634 
1995/10/13 34.4 34.9 32.9 34 13839 
1995/10/20 34.3 35.1 32.5 33.2 20036 
1995/10/27 33 34.3 32.6 33.6 7392 
1995/11/03 33.6 33.7 30.7 31.3 8402 
1995/11/10 31.3 32.2 29.5 31 8701 
1995/11/17 30.5 32.2 30.4 31.7 10681 
1995/11/24 31.7 37 31.4 37 20378 
1995/12/01 37.5 40.7 36.9 40.1 31308 
1995/12/08 40.7 45 38.1 45 46801 
1995/12/15 48.1 53 45.2 52.5 67215 
1995/12/22 52.5 54 47.6 48.6 59523 
1995/12/29 48.5 52 48.1 49.5 24912 
1996/01/05 49.8 49.8 45.2 46.6 17430 
1996/01/12 46.6 52.5 46.6 52 27830 
1996/01/19 52.5 53.5 50 50 22115 
1996/01/26 51 51 50 50.5 6622 
1996/02/02 50 50.5 47.5 49.6 12094 
1996/02/09 49.5 53 46.5 52.5 16808 
1996/02/16 53 53.5 52 53 5755 
1996/02/23 53 53.5 52.5 53 546 
1996/03/01 52.5 59.5 52 59.5 11925 
1996/03/08 59 64 57.5 60 17025 
1996/03/15 58.5 66.5 58.5 63.5 17449 
1996/03/22 64 66.5 61.5 62 8174 
1996/03/29 63 63 59 61.5 4452 
1996/04/05 61 62.5 59 60.5 5120 
1996/04/12 61 61.5 55 56.5 14371 
1996/04/19 58 58.5 50 54 13028 
1996/04/26 54.5 57 53.5 54.5 5228 
1996/05/03 55.5 61 54 57.5 14168 
1996/05/10 57.5 59 54.5 58 5311 
1996/05/17 59 59 55.5 56.5 2670 
1996/05/24 57.5 58.5 55 57.5 5137 
1996/05/31 57.5 58 56 57 1146 
1996/06/07 56.5 59 56.5 58 2640 
1996/06/14 58.5 58.5 56 56.5 1871 
1996/06/21 56.5 57.5 56 57 1215 
1996/06/28 57 58 55.5 57 1248 
1996/07/05 57 58.5 50 53.5 10135 
1996/07/12 54 55.5 49.5 50.5 4638 
1996/07/19 50 52.5 50 51.5 3708 
1996/07/26 52 52.5 51 52 1374 
1996/08/02 51 52.5 51 51.5 751 
1996/08/09 51.5 54 51.5 53.5 1972 
1996/08/16 53.5 54 53 53.5 819 
1996/08/23 53 54 52 53.5 841 
1996/08/30 53 53.5 52.5 53 690 
1996/09/06 53.5 57 53.5 55 1443 
1996/09/13 55 56 54.5 55.5 520 
1996/09/20 56 58 55 56 4295 
1996/09/27 56 56 55.5 56 853 
1996/10/04 56.5 57 55.5 56.5 694 
1996/10/11 56.5 57.5 55 57 3610 
1996/10/18 57 58 56.5 57 3112 
1996/10/25 57.5 58.5 57 58 2782 
1996/11/01 58 58.5 57 58.5 2637 
1996/11/08 58.5 58.5 57 58 1409 
1996/11/15 58 58 57 57.5 559 
1996/11/22 57 58 57 57.5 1634 
1996/11/29 57.5 59.5 57 57 1596 
1996/12/06 57 62 57 62 14039 
1996/12/13 62.5 63 60 61.5 6366 
1996/12/20 61 62 60.5 61.5 1546 
1996/12/27 61.5 62.5 61.5 62 807 
1997/01/03 62 63 61.5 62 1400 
1997/01/10 62 62 61 61.5 941 
1997/01/17 61 68 61 65.5 15882 
1997/01/24 65.5 67 65 65.5 1483 
1997/01/31 65 66 65 65.5 779 
1997/02/07 65 66.5 65 66 644 
1997/02/14 66 70 65 68 1028 
1997/02/21 68.5 75 66.5 73 2311 
1997/02/28 72.5 79 71.5 77.5 6302 
1997/03/07 76 83 76 80 1017 
1997/03/14 81 82 78 80.5 1928 
1997/03/21 80.5 81 78.5 80.5 3356 
1997/03/28 81 81 76 81 1267 
1997/04/04 81 81 79 80.5 816 
1997/04/11 81 81 79.5 80.5 1162 
1997/04/18 81 86 76 79.5 7209 
1997/04/25 79.5 80 76.5 77 1934 
1997/05/02 77 77.5 76 77 1009 
1997/05/09 76.5 78 71.5 74.5 3042 
1997/05/16 73 76 72 75 1654 
1997/05/23 73.5 75 73.5 74 295 
1997/05/30 74 74 73 73.5 220 
1997/06/06 74.5 74.5 73 74 451 
1997/06/13 74 75 73 74 800 
1997/06/20 75 75.5 73.5 74 563 
1997/06/27 75 77 73.5 75 2450 
1997/07/04 75 87.5 75 83 12583 
1997/07/11 80 84.5 76 77 3849 
1997/07/18 77 82 73 78 3203 
1997/07/25 77 79 77 77.5 127 
1997/08/01 77 79 76 77 217 
1997/08/08 76 79 76 78 57 
1997/08/15 76 79 76 76.5 425 
1997/08/22 78 80 74 75 1718 
1997/08/29 74 75 74 75 81 
1997/09/05 74 79 74 76 332 
1997/09/12 76 79 75 75 976 
1997/09/19 75 78 75 76 1586 
1997/09/26 76 77.5 75 76 1190 
1997/10/03 75 76 74 75 214 
1997/10/10 74 81 73 80 1585 
1997/10/17 80 82 78 79 85 
1997/10/24 78 84 78 79 1117 
1997/10/31 78 86.5 68.5 83.5 2136 
1997/11/07 83.5 92 82 92 13100 
1997/11/14 92 93 86 88 2181 
1997/11/21 88 89 84 85 520 
1997/11/28 85.5 87 84 85 193 
1997/12/05 84 86 81 85.5 319 
1997/12/12 85 87 84 87 192 
1997/12/19 88 88 85 85 117 
1997/12/26 87 92.5 85 88.5 469 
1998/01/02 90.5 96 87 94 1056 
1998/01/09 95.5 100 93.5 99.5 1726 
1998/01/16 101 122 97.5 120 6460 
1998/01/23 119 122 118 119 10914 
1998/02/06 120 121 116 120 1503 
1998/02/13 124.5 124.5 118.5 120 866 
1998/02/20 119 124 118 120 236 
1998/02/27 120 120 94.5 96.5 847 
1998/03/06 97 98 90 93 711 
1998/03/13 93.5 94.5 91 93 299 
1998/03/20 93 93 91 93 150 
1998/03/27 91 104.5 91 104.5 752 
1998/04/03 111.5 111.5 100 102 5464 
1998/04/10 102 102.5 95 97 269 
1998/04/17 97 98 90.5 98 287 
1998/04/24 97.5 101 91 94 793 
1998/05/01 91.5 93.5 90 92 78 
1998/05/08 92 92 90 91.5 52 
1998/05/15 91.5 93 90 91 76 
1998/05/22 90 92 90 91 63 
1998/05/29 91 92 84 86.5 136 
1998/06/05 86 103 85.5 98 799 
1998/06/12 98 105 95 105 523 
1998/06/19 105 106 102 105 132 
1998/06/26 104 106 102 106 48 
1998/07/03 105 109 105 109 85 
1998/07/10 109 109 106 109 75 
1998/07/17 109 110 107 110 656 
1998/07/24 110 110 107 110 211 
1998/07/31 110 111 107 111 94 
1998/08/07 109 111 105 110 66 
1998/08/14 110 120 110 117 64 
1998/08/21 117 119 115 119 334 
1998/08/28 119 119 115 117.5 292 
1998/09/04 115.5 122 115 121 247 
1998/09/11 121 126 119 125 989 
1998/09/18 126 126 121 124 52 
1998/09/25 124 124 121 122 53 
1998/10/02 122 122 121 122 974 
1998/10/09 122 124 121 121 282 
1998/10/16 121 124 121 124 749 
1998/10/23 124 125 123 124 1676 
1998/10/30 125 125 123 125 1583 
1998/11/06 124 125 123 123 505 
1998/11/13 123 125 123 124 1715 
1998/11/20 124 125 123.5 124 1541 
1998/11/27 124 143 124 141 667 
1998/12/04 145 145 138 140 879 
1998/12/11 140 140 139 140 83 
1998/12/18 140 140 137.5 140 1045 
1998/12/25 139 140 139 140 2720 
1999/01/01 139.5 140 139 139.5 1656 
1999/01/08 139.5 139.5 138 139 5769 
1999/01/15 139 139 136 137 39 
1999/01/22 137 137 135 135 112 
1999/01/29 134 135 134 134.5 88 
1999/02/05 134.5 134.5 134 134.5 382 
1999/02/12 134.5 134.5 133.5 133.5 42 
1999/02/19 133.5 133.5 132.5 133.5 7 
1999/02/26 133.5 133.5 131 132 381 
1999/03/05 132 132 125.5 125.5 303 
1999/03/12 125 125.5 119 119 349 
1999/03/19 119 164 119 151 2920 
1999/03/26 151 181 150 180 471 
1999/04/02 180 197 174 180 333 
1999/04/09 180 180 178 180 110 
1999/04/16 180 180 175 178 129 
1999/04/23 178 178 177 178 194 
1999/04/30 177 216 176 202 1001 
1999/05/07 200 200 192 197 194 
1999/05/14 197 197 190 195 379 
1999/05/21 196 200 193 194 987 
1999/05/28 190 190 182 184 21 
1999/06/04 182 182 182 182 7 
1999/06/11 182 182 177 177 91 
1999/06/18 176 176 171 171 208 
1999/06/25 169 169 162 162 53 
1999/07/02 159 159 150 156 432 
1999/07/09 166 166 156 157 223 
1999/07/16 156 157 153 155 87 
1999/07/23 154 155 154 155 37 
1999/07/30 155 155 152 154 315 
1999/08/06 153 153 151 152 372 
1999/08/13 151 152 148.5 152 529 
1999/08/20 151 151 148 151 364 
1999/08/27 151 167 149 151 509 
1999/09/03 150 151 150 151 25 
1999/09/10 151 151 149 151 228 
1999/09/17 151 151 150 151 15 
1999/09/24 150 151 150 151 3 
1999/10/01 148 150 148 150 239 
1999/10/08 149.5 150 148 150 248 
1999/10/15 148.5 150 147 148.5 352 
1999/10/22 148 148.5 147 148 618 
1999/10/29 147 148 144.5 145 965 
1999/11/05 143.5 145 141 143 485 
1999/11/12 142.5 143 141 143 924 
1999/11/19 142.5 143 141.5 143 1319 
1999/11/26 141.5 143 140.5 142.5 650 
1999/12/03 141 142.5 134.5 142.5 1084 
1999/12/10 141 142.5 140.5 142 917 
1999/12/17 141 142 139 140 1208 
1999/12/24 140 140 138 139.5 2315 
1999/12/31 138 139.5 137.5 139.5 1097 
2000/01/07 138 139.5 138 139.5 1733 
2000/01/14 138.5 139.5 138 139 734 
2000/01/21 138.5 139 138 139 22 
2000/01/28 139 139 138 139 59 
2000/02/04 138 139 138 139 51 
2000/02/11 138 139 138 139 18 
2000/02/18 138 139 138 139 56 
2000/02/25 139 139 137.5 138.5 408 
2000/03/03 138.5 138.5 137.5 138.5 413 
2000/03/10 138 138.5 137.5 138.5 27 
2000/03/17 138.5 138.5 137.5 138.5 84 
2000/03/24 138.5 138.5 137 138 40 
2000/03/31 137 138 137 138 30 
2000/04/07 138 138 137.5 138 416 
2000/04/14 138 138 137 138 414 
2000/04/21 137.5 138 137 138 450 
2000/04/28 137.5 138 137 138 323 
2000/05/05 137.5 138 137 138 21 
2000/05/12 137 138 136 138 39 
2000/05/19 138 138 137 138 152 
2000/05/26 138 138 137 138 169 
2000/06/02 137.5 138 137.5 138 582 
2000/06/09 137.5 138 137 138 60 
2000/06/16 138 138 137 138 75 
2000/06/23 137.5 138 137 138 159 
2000/06/30 137 138 137 138 344 
2000/07/07 137.5 138 136 138 111 
2000/07/14 137 138 137 137.5 51 
2000/07/21 137 137.5 136 137.5 646 
2000/07/28 137 137.5 136.5 137.5 690 
2000/08/04 136.5 137.5 136.5 137.5 731 
2000/08/11 136.5 137.5 136.5 137.5 336 
2000/08/18 137 137.5 137 137.5 222 
2000/08/25 137 137.5 137 137.5 221 
2000/09/01 137 140 137 140 346 
2000/09/08 142 149 135 136 92 
2000/09/15 135.5 136 135 135.5 158 
2000/09/22 134.5 135.5 134.5 134.5 32 
2000/09/29 134.5 134.5 131.5 134 390 
2000/10/06 134 134 132 133 175 
2000/10/13 132.5 133 132 132.5 139 
2000/10/20 132 132.5 131.5 132 904 
2000/10/27 131.5 131.5 129 129 573 
2000/11/03 128.5 129 123.5 124.5 911 
2000/11/10 124 124 121.5 122 745 
2000/11/17 121.5 121.5 117.5 118 1324 
2000/11/24 117.5 117.5 115 115.5 1180 
2000/12/01 115 115 112 112.5 1368 
2000/12/08 112 112 109.5 110 797 
2000/12/15 109.5 109.5 107 107 502 
2000/12/22 106.5 106.5 104 104.5 1247 
2000/12/29 104 104 101.5 102 2244 
2001/01/05 101.5 101.5 99.5 100 669 
2001/01/12 99.5 99.5 97.5 97.5 1241 
2001/01/19 97 97 96 96.5 160 
2001/02/02 96.5 96.5 95.5 96.5 142 
2001/02/09 96 96.5 95.5 96.5 593 
2001/02/16 96 96.5 95.5 96 157 
2001/02/23 95 96 95 96 138 
2001/03/02 95.5 96 95 96 11 
2001/03/09 95.5 96 95 96 269 
2001/03/16 95.5 96 95 96 276 
2001/03/23 95.5 96 95.5 96 192 
2001/03/30 95 96 95 96 178 
2001/04/06 95.5 96 95.5 96 85 
2001/04/13 95.5 96 90 96 1429 
2001/04/20 95.5 98 95 98 1160 
2001/04/27 99 108 99 106 1822 
2001/05/04 104.5 105.5 103 104 1491 
2001/05/11 102.5 103.5 100.5 101.5 220 
2001/05/18 100 101 100 101 284 
2001/05/25 99.5 101 99.5 100.5 157 
2001/06/01 100 100.5 99 100.5 2068 
2001/06/08 99.5 100.5 99.5 100.5 58 
2001/06/15 99.5 100.5 99.5 100.5 212 
2001/06/22 99.5 100.5 99.5 100.5 410 
2001/06/29 100 100.5 99.5 100.5 481 
2001/07/06 100 100.5 99 100.5 133 
2001/07/13 99.5 100.5 99.5 100.5 272 
2001/07/20 99.5 100.5 93.5 100 2766 
2001/07/27 99.5 100 94.5 100 2702 
2001/08/03 99 100 99 100 550 
2001/08/10 99 100 98.5 100 298 
2001/08/17 99 100 99 100 268 
2001/08/24 99 100 99 100 345 
2001/08/31 99 100 96 100 841 
2001/09/07 99 100 97.5 99 216 
2001/09/14 98 99 95 97.5 475 
2001/09/21 96.5 103 89.5 92.5 33 
2001/09/28 92 92.5 91 92 325 
2001/10/05 91 92 90.5 92 574 
2001/10/12 91.5 92 91 91.5 368 
2001/10/19 90.5 91.5 90.5 91.5 1003 
2001/10/26 91.5 91.5 90.5 91.5 1079 
2001/11/02 91.5 91.5 91 91.5 2647 
2001/11/09 91 91.5 91 91.5 308 
2001/11/16 91 91.5 90.5 91 367 
2001/11/23 90.5 91 90 91 1183 
2001/11/30 90 91 89.5 91 1519 
2001/12/07 91 91 90 90.5 618 
2001/12/14 90 90.5 89 90.5 710 
2001/12/21 90 90.5 89.5 90.5 456 
2001/12/28 90 90.5 90 90.5 426 
2002/01/04 90 90.5 90 90.5 170 
2002/01/11 90 90.5 89.5 90.5 109 
2002/01/18 90 90.5 90 90.5 64 
2002/01/25 90.5 90.5 90.5 90.5 21 
2002/02/01 90.5 90.5 90 90.5 47 
2002/02/08 90 90.5 90 90.5 889 
2002/02/22 90 90.5 90 90.5 89 
2002/03/01 90 90.5 90 90 453 
2002/03/08 89.5 104 89.5 104 1510 
2002/03/15 104 107 100 106.5 3633 
2002/03/22 106 106.5 100 106 660 
2002/03/29 104 106 98 104.5 261 
2002/04/05 100 104 100 102 37 
2002/04/12 96 102 95 99.5 55 
2002/04/19 97.5 97.5 90.5 94 594 
2002/04/26 93.5 96 89.5 95 518 
2002/05/03 94 95 90 95 543 
2002/05/10 93.5 95 93.5 94.5 143 
2002/05/17 94 94.5 88 94.5 23 
2002/05/24 94 94.5 88 94.5 37 
2002/05/31 93.5 94.5 93.5 94.5 190 
2002/06/07 90 94.5 90 94 63 
2002/06/14 93.5 94 87.5 91 43 
2002/06/21 91 91 90.5 90.5 680 
2002/06/28 90.5 90.5 87.5 88 19 
2002/07/05 82.5 85 81.5 82.5 121 
2002/07/12 81.5 95 81.5 94.5 23 
2002/07/19 88 94.5 84 86 53 
2002/07/26 85.5 89.5 85.5 87 16 
2002/08/02 87 88.5 80 86 17 
2002/08/09 88 88.5 82 86 553 
2002/08/16 80 80 65.5 65.5 3131 
2002/08/23 61 61 46.4 46.4 82 
2002/08/30 43.2 43.2 32.4 32.4 43 
2002/09/06 32.4 32.4 28.1 28.1 2 
2002/09/13 26.2 26.2 20 20.3 14641 
2002/09/20 21 24.1 20.4 24.1 26009 
2002/09/27 25.7 27.2 19.5 19.5 7808 
2002/10/04 18.4 19.8 17.1 18.3 6141 
2002/10/11 18.2 18.2 16 16.2 3089 
2002/10/18 16.1 17.9 14.8 17.1 6157 
2002/10/25 17.1 18 16.5 16.8 3439 
2002/11/01 17 19 17 17.7 4582 
2002/11/08 18.5 19.1 17.4 19.1 3098 
2002/11/15 19.9 21.7 19.8 20.9 7478 
2002/11/22 21.3 21.4 18.3 18.4 3614 
2002/11/29 18.9 20.3 18.4 18.9 2521 
2002/12/06 19 19.5 19 19.2 1492 
2002/12/13 19.3 20 17.8 18 3325 
2002/12/20 17.9 18 17.2 17.5 1797 
2002/12/27 17.5 17.7 16.5 17 1245 
2003/01/03 16.7 17.2 16.7 17 712 
2003/01/10 16.8 18.5 16.8 18.5 2370 
2003/01/17 19 20.3 18.6 18.6 4276 
2003/01/24 18.6 19.6 18.2 19.1 1934 
2003/01/31 19.4 19.5 18.5 18.7 734 
2003/02/07 18.8 19.1 17.4 17.4 611 
2003/02/14 17.4 17.9 17 17.1 702 
2003/02/21 17.7 17.8 17 17.3 820 
2003/02/28 17.5 17.5 16.9 17.1 494 
2003/03/07 17.2 17.4 16.7 16.9 472 
2003/03/14 16.9 17.6 16.3 17.5 721 
2003/03/21 17 17.7 16.8 16.9 673 
2003/03/28 17.1 17.1 16.6 16.6 330 
2003/04/04 16.4 16.5 15.6 16.5 336 
2003/04/11 16.5 16.8 16.1 16.7 311 
2003/04/18 16.7 16.7 16.2 16.5 295 
2003/04/25 16.5 16.7 15.4 15.4 455 
2003/05/02 15.2 15.2 14.5 14.75 974 
2003/05/09 13.8 15.7 13.8 15.3 963 
2003/05/16 14.5 15.8 14.5 14.95 253 
2003/05/23 14.95 15.8 14.95 15.6 197 
2003/05/30 15.6 16.2 15.6 15.8 383 
2003/06/06 16.2 16.4 15.9 16.1 217 
2003/06/13 16.2 16.6 16 16.3 554 
2003/06/20 16.6 17.5 16.3 16.4 921 
2003/06/27 16.3 16.8 16.1 16.1 658 
2003/07/04 16 16.6 16 16.6 626 
2003/07/11 16.8 17.2 16.5 16.6 823 
2003/07/18 16.6 17.2 16.6 16.8 662 
2003/07/25 17 17.1 16.6 16.8 388 
2003/08/01 16.8 17 16.5 16.8 371 
2003/08/08 16.9 16.9 16.5 16.6 246 
2003/08/15 16.6 16.7 16.3 16.6 267 
2003/08/22 16.6 16.7 16.4 16.5 453 
2003/08/29 16.5 17 16.5 16.6 653 
2003/09/05 16.7 18 16.5 17.8 1636 
2003/09/12 17.8 18 15.4 15.5 1794 
2003/09/19 15.3 15.9 15.3 15.7 559 
2003/09/26 15.9 16.3 15.6 15.7 700 
2003/10/03 15.9 16.1 15.8 16 500 
2003/10/10 16 16.7 15.9 16.5 587 
2003/10/17 16.7 18.5 16.6 18.2 2123 
2003/10/24 17.9 18.4 17.2 17.3 1313 
2003/10/31 17.4 19.5 17.4 18.3 1742 
2003/11/07 18.2 19 17.9 18.3 776 
2003/11/14 18.3 18.3 17.6 17.9 247 
2003/11/21 17.6 18.1 17.6 18 339 
2003/11/28 18.1 18.1 17.6 17.8 205 
2003/12/05 17.7 17.9 17.3 17.6 333 
2003/12/12 17.5 18.5 17.2 17.9 282 
2003/12/19 18 18.1 17.4 17.6 172 
2003/12/26 17.8 18.4 17.6 18.4 250 
2004/01/02 18.4 18.4 17.9 18 341 
2004/01/09 18.1 18.5 17.9 18 714 
2004/01/16 18.1 19 17.8 18.6 588 
2004/01/30 19.2 20.3 18.6 20.3 1643 
2004/02/06 21.7 26.2 21 25.2 7230 
2004/02/13 26 26.6 22.3 22.8 5791 
2004/02/20 22.9 24.5 21.5 21.7 4760 
2004/02/27 21.7 22.8 21.5 22.2 1534 
2004/03/05 22.3 23.5 21.5 23.2 1877 
2004/03/12 23.2 23.9 22.1 22.4 1248 
2004/03/19 22.5 23.7 20.7 22.4 2044 
2004/03/26 20.9 20.9 19.5 20 2779 
2004/04/02 20.2 21.8 20.2 21.5 800 
2004/04/09 21.2 22.2 21.2 22 427 
2004/04/16 21.8 22.3 21.1 21.2 625 
2004/04/23 21.2 22.3 20.6 21 601 
2004/04/30 21 21.4 19.6 20.5 457 
2004/05/07 19.9 20.6 18.2 19 548 
2004/05/14 18.3 18.6 17.4 18.3 1107 
2004/05/21 17.9 19 17.1 18.9 386 
2004/05/28 19.1 19.5 18.3 19.3 201 
2004/06/04 19 19.5 18.2 18.8 105 
2004/06/11 18.6 18.6 17.9 17.9 395 
2004/06/18 18.2 18.2 17.3 17.3 226 
2004/06/25 17.3 18.5 17.3 17.9 253 
2004/07/02 18 18.5 17.8 17.8 166 
2004/07/09 17.8 18.5 17.8 18.2 108 
2004/07/16 18.2 18.5 17.7 18.1 434 
2004/07/23 17.8 17.8 17.1 17.4 491 
2004/07/30 17.3 17.6 17.2 17.4 189 
2004/08/06 17.4 17.6 16.3 16.9 120 
2004/08/13 16.9 17.5 16.9 17 345 
2004/08/20 16.9 17.5 16.3 17.2 155 
2004/08/27 17.3 17.9 17.3 17.8 79 
2004/09/03 17.5 18.6 17.5 17.9 345 
2004/09/10 18 18.9 18 18.2 503 
2004/09/17 18.2 18.5 16.6 16.7 869 
2004/09/24 16.7 17 16.6 16.9 848 
2004/10/01 16.9 16.9 16.7 16.9 300 
2004/10/08 16.8 18 16.8 17.8 804 
2004/10/15 18 18.2 17 17 444 
2004/10/22 17.1 17.4 16.8 17 148 
2004/10/29 16.9 17 16.5 16.7 116 
2004/11/05 16.8 17.1 16.7 17.1 288 
2004/11/12 17 17.2 16.8 17 466 
2004/11/19 17 17.2 16.9 17 406 
2004/11/26 17 17.9 16.6 16.9 345 
2004/12/03 17.1 17.1 16.6 16.9 487 
2004/12/10 16.9 17 16.7 17 92 
2004/12/17 17 17.1 16.8 17 166 
2004/12/24 16.9 17.3 16.9 17.1 123 
2004/12/31 17.3 19.8 17.3 19.7 3329 
2005/01/07 20 20.5 17.6 17.6 2254 
2005/01/14 18.7 18.7 17.4 18.2 761 
2005/01/21 18.5 19 17.5 17.6 628 
2005/01/28 17.7 17.9 17.1 17.6 352 
2005/02/04 17.8 18.9 17.7 18 572 
2005/02/18 18.2 18.3 17.3 17.5 593 
2005/02/25 17.4 18.7 17.4 18.2 992 
2005/03/04 18.5 19.45 18.3 19.15 1551 
2005/03/11 19.2 21.15 19.2 19.9 2532 
2005/03/18 19.9 20.5 19.3 20 988 
2005/03/25 20.3 20.6 19.6 20.15 409 
2005/04/01 20 20 18.6 19.2 260 
2005/04/08 19.15 19.8 18.8 19.2 116 
2005/04/15 19.05 19.45 18.8 19 140 
2005/04/22 18.7 19.2 17 18.1 426 
2005/04/29 18 19.3 17.7 18.95 473 
2005/05/06 19 21 18.55 20.65 1471 
2005/05/13 21 21.7 19.85 20.9 1536 
2005/05/20 20.6 21.8 19.6 21.8 1221 
2005/05/27 22.05 24.3 22 22.2 5406 
2005/06/03 22.3 24.4 21.5 23 5660 
2005/06/10 23.2 26.35 22.5 26.35 9539 
2005/06/17 27.8 27.9 24.55 24.7 7808 
2005/06/24 25.4 26.15 24.5 25.6 3496 
2005/07/01 25.4 27.35 23.9 24.2 3612 
2005/07/08 24.1 24.6 22.8 23 791 
2005/07/15 23 24.35 22.85 23.6 934 
2005/07/22 23.5 24 22.5 23.35 1184 
2005/07/29 23.8 24.75 22.45 24.75 1284 
2005/08/05 25.5 26.6 24.5 25.8 3197 
2005/08/12 25.8 26.6 25 25.6 1254 
2005/08/19 25.3 25.4 23.85 24.25 748 
2005/08/26 24.3 25.5 24.2 24.9 489 
2005/09/02 24.9 25 23.5 24.6 386 
2005/09/09 24.9 24.9 24 24.1 291 
2005/09/16 24.1 25 21.3 21.5 736 
2005/09/23 21.4 21.6 20.15 20.25 364 
2005/09/30 20.35 21.2 19.55 20.8 400 
2005/10/07 20.8 21.25 20.35 20.45 391 
2005/10/14 20.9 21.8 20.5 21.05 368 
2005/10/21 21.3 21.5 18.95 20.85 903 
2005/10/28 21.2 22.5 20.5 20.8 1924 
2005/11/04 20.8 21.2 20.05 20.05 843 
2005/11/11 20.8 21.5 20.3 20.6 623 
2005/11/18 20.65 21.5 20.6 21.45 453 
2005/11/25 21.7 22.95 21.6 21.75 798 
2005/12/02 22.1 24.7 22.1 23.9 2139 
2005/12/09 24.3 25.55 24.3 25 2414 
2005/12/16 24.55 25.3 24 24.7 1050 
2005/12/23 24.7 24.95 24.35 24.7 926 
2005/12/30 24.7 25.5 24.05 25.15 880 
2006/01/06 23.4 24.15 23.2 23.3 686 
2006/01/13 23.75 23.75 22.75 23.2 479 
2006/01/20 23.2 23.4 22.15 22.9 222 
2006/01/27 22.1 22.9 22.1 22.7 98 
2006/02/03 22.9 23.3 22.5 23 177 
2006/02/10 22.7 23.35 22.7 23.1 196 
2006/02/17 22.8 22.95 22.3 22.35 431 
2006/02/24 22.4 23.35 21.85 22.3 832 
2006/03/03 22.15 22.2 21.3 21.6 496 
2006/03/10 21.6 21.9 20.85 21.05 269 
2006/03/17 21.2 21.75 21.1 21.25 177 
2006/03/24 21.2 21.65 21 21.15 166 
2006/03/31 21.3 21.45 20.8 21.45 248 
2006/04/07 21.15 22.05 21.15 21.7 420 
2006/04/14 22.1 25.2 21.6 24.5 2579 
2006/04/21 26 28.7 25 27 5056 
2006/04/28 28.5 37.75 28 37.3 9858 
2006/05/05 37.8 40.2 36.2 39 13963 
2006/05/12 38.2 40.2 36.4 36.5 11276 
2006/05/19 36.5 37.5 31 32 4629 
2006/05/26 32 35.4 30.05 34 5590 
2006/06/02 33.6 35.05 30.5 35.05 3471 
2006/06/09 36.9 36.9 29.4 31.1 6064 
2006/06/16 31 35.1 30.1 34.5 5368 
2006/06/23 34.05 35 31.5 34.7 2920 
2006/06/30 34.5 36.7 33.7 35 6187 
2006/07/07 35 35.8 33.3 33.45 3368 
2006/07/14 33.45 34.5 31.9 32.6 1394 
2006/07/21 32.9 32.9 29.4 30.7 1087 
2006/07/28 30.7 31.6 29.5 31.6 824 
2006/08/04 32 34 30.6 31.7 1724 
2006/08/11 31.3 31.3 30.2 31 616 
2006/08/18 30.6 33.8 30.5 33.65 2402 
2006/08/25 33.35 33.9 30.7 32.7 2837 
2006/09/01 33.3 33.3 31.8 31.8 812 
2006/09/08 32 33 31.2 31.5 1055 
2006/09/15 30.6 32 27.1 28.1 1065 
2006/09/22 28.5 31.4 28.5 30.55 1576 
2006/09/29 30.85 31.5 30.4 31.45 985 
2006/10/06 31.7 32.95 31.5 31.6 1449 
2006/10/13 31.4 34.6 31.4 34.6 2059 
2006/10/20 36.1 36.8 33 33.05 3061 
2006/10/27 33.2 34.9 33.1 33.5 1198 
2006/11/03 33.2 33.8 32.6 33.2 698 
2006/11/10 32.6 33.6 31.5 32.9 1922 
2006/11/17 33 34.4 32.15 32.9 1835 
2006/11/24 33.4 34.6 33.1 33.6 1233 
2006/12/01 33.95 35.5 33.3 34.9 1759 
2006/12/08 36.4 37.6 34.5 37.6 3436 
2006/12/15 37.9 39.6 35.1 35.45 2209 
2006/12/22 35.7 37.8 35.45 36.4 1351 
2006/12/29 36.5 38 36.15 36.9 1309 
2007/01/05 37 37.7 35.5 36 968 
2007/01/12 36 36 33.5 34.2 698 
2007/01/19 34.3 35.4 33.9 35 398 
2007/01/26 35.1 36.2 34.8 35.35 886 
2007/02/02 35.8 39.2 35.15 37.35 2774 
2007/02/09 37.8 39.6 37.65 38.5 3556 
2007/02/16 38.3 38.3 37.1 37.45 856 
2007/03/02 37.75 38.8 36.8 37.7 1544 
2007/03/09 36.9 36.9 34.2 35.3 869 
2007/03/16 35.35 36.5 34.9 35.8 669 
2007/03/23 36.5 36.8 35.8 36.1 510 
2007/03/30 36.6 36.6 35 35.6 480 
2007/04/06 36 37 35.85 36.7 505 
2007/04/13 37.8 39.2 37.05 38.1 2121 
2007/04/20 38.15 40.5 37.7 39.3 1891 
2007/04/27 39.3 39.75 38.5 38.55 745 
2007/05/04 38 38 35.8 37.6 1336 
2007/05/11 37.6 37.6 36.2 36.4 464 
2007/05/18 36.5 37.9 36 37.1 680 
2007/05/25 37.1 37.4 36.2 36.9 296 
2007/06/01 37.35 37.35 36 36.5 313 
2007/06/08 36.5 36.5 35.5 35.65 543 
2007/06/15 35.95 36.5 35.4 36.25 508 
2007/06/22 36.5 37.55 36.1 37.1 763 
2007/06/29 37.3 39.4 36.3 38.3 1814 
2007/07/06 38.75 43.8 37.3 43.8 3328 
2007/07/13 44.5 44.6 40.8 41.15 2995 
2007/07/20 41.95 44 40.5 42 1756 
2007/07/27 43.9 45.9 41.3 41.6 4111 
2007/08/03 41 41.8 37.8 39.4 2733 
2007/08/10 38.4 40.25 38.4 38.75 518 
2007/08/17 39 39.25 33.3 34.85 1586 
2007/08/24 36.1 36.65 34.95 36.3 454 
2007/08/31 37.1 38.2 35.2 38.1 354 
2007/09/07 38.5 40.65 38.3 39.6 1018 
2007/09/14 39.5 39.7 31.1 31.7 1416 
2007/09/21 31.7 32 31.2 31.9 261 
2007/09/28 31.9 33.7 31.4 33.15 1198 
2007/10/05 33.95 34.45 33.05 33.1 982 
2007/10/12 33.1 33.3 32.1 32.2 254 
2007/10/19 32.8 32.9 31.3 31.4 387 
2007/10/26 31 31.6 30.15 30.5 427 
2007/11/02 31 31.7 30.1 30.35 622 
2007/11/09 30.5 30.6 28.1 29 578 
2007/11/16 27.4 28.8 26.6 27.8 505 
2007/11/23 27.95 28.8 27.5 28 260 
2007/11/30 28.8 28.8 27.5 28.5 268 
2007/12/07 28.5 29.75 28.2 29.1 452 
2007/12/14 28.8 29.6 28.1 28.7 397 
2007/12/21 28.7 28.7 26 27.6 354 
2007/12/28 27.7 30.5 27.15 30.45 638 
2008/01/04 31.8 32 29.25 30 584 
2008/01/11 29.8 32.9 29.25 31.6 1703 
2008/01/18 33.8 34.9 31.95 34.9 4997 
2008/01/25 35.5 37.3 31.95 33.1 2940 
2008/02/01 33.9 35.2 31 33.5 1122 
2008/02/15 34.7 36.8 33.6 33.7 1256 
2008/02/22 33.7 34.6 32.9 33.3 1002 
2008/02/29 33.85 36.6 33.65 35.9 1939 
2008/03/07 35.65 41.5 35.2 37.9 5179 
2008/03/14 38 38.9 36 36 1517 
2008/03/21 36 39 35.9 39 2264 
2008/03/28 41.7 41.7 39.1 39.6 3179 
2008/04/04 40 40 37.5 38.6 1112 
2008/04/11 39.25 41.6 39.1 40.2 2847 
2008/04/18 41 43.05 40.6 41.45 3318 
2008/04/25 41.4 41.45 40 40 1092 
2008/05/02 40 40.7 38 39 868 
2008/05/09 36.3 39 36.3 38.35 841 
2008/05/16 38.35 40.4 37.85 40.3 765 
2008/05/23 40.9 42.2 38.15 40.4 1665 
2008/05/30 41.45 41.9 37.5 37.95 1415 
2008/06/06 38.05 41.45 38.05 40.5 1340 
2008/06/13 40.5 44.6 35.6 36.3 9019 
2008/06/20 38 38.4 36.1 36.1 2534 
2008/06/27 34.7 35.9 31.05 32.2 1286 
2008/07/04 33 33.6 28.1 30.6 1531 
2008/07/11 30.6 30.6 26.2 27.9 1174 
2008/07/18 28.2 29.25 23.85 23.85 1474 
2008/07/25 23 29.05 23 28.45 1247 
2008/08/01 27.7 28.2 24.9 25.85 676 
2008/08/08 25.7 26.15 23.5 26 522 
2008/08/15 26.35 29.7 25.8 28.7 1004 
2008/08/22 28.8 29.75 26.5 28.1 982 
2008/08/29 28.2 29.5 27.85 27.85 603 
2008/09/05 27.8 27.8 22.3 23 919 
2008/09/12 24.2 24.6 22 23.9 1035 
2008/09/19 23.9 23.9 18.6 19.9 940 
2008/09/26 20 23 20 21.5 872 
2008/10/03 20 21.5 19.5 21.3 451 
2008/10/10 19.9 20.4 16.95 17.8 679 
2008/10/17 17.2 18.25 16.8 17 389 
2008/10/24 17 17.8 16.45 16.65 555 
2008/10/31 16.05 20.1 14.8 20.1 1575 
2008/11/07 20.1 21.5 16.9 18.7 1216 
2008/11/14 18.7 19.2 16.4 17.8 404 
2008/11/21 17.5 18.3 16.3 17 385 
2008/11/28 16.65 18.5 16.65 18 394 
2008/12/05 18.45 19.3 17.6 18.8 1028 
2008/12/12 19.1 21.15 18.85 20.25 1327 
2008/12/19 20.8 21.2 19.55 19.95 721 
2008/12/26 20.2 20.3 18.15 18.2 596 
2009/01/02 18.05 19.65 18.05 19.1 542 
2009/01/09 19.45 19.5 18.05 18.6 613 
2009/01/16 18.75 18.75 17.3 17.9 379 
2009/01/23 17.85 18 16.85 17.5 234 
2009/02/06 17.5 17.95 16.8 17.8 264 
2009/02/13 17.75 17.9 17.1 17.35 299 
2009/02/20 17.35 17.9 17 17.25 489 
2009/02/27 17.2 18 17 17.4 449 
2009/03/06 17.35 18.6 16.7 18.05 1164 
2009/03/13 18.4 20.2 18.4 20.2 2366 
2009/03/20 21.4 23.1 21.1 21.8 5142 
2009/03/27 22.3 22.75 21.3 21.35 2723 
2009/04/03 21 25.6 21 25.1 8852 
2009/04/10 25.95 30.2 25.9 29 16611 
2009/04/17 29.2 29.5 26.05 26.5 7776 
2009/04/24 27.05 31.05 26.3 29.5 18469 
2009/05/01 29.5 29.5 23.8 25.7 8617 
2009/05/08 26.1 29.45 26.1 29.2 10809 
2009/05/15 29.5 29.8 25.5 27.5 7627 
2009/05/22 27 34 27 32.6 21477 
2009/05/29 32.6 32.85 30.4 32.4 8351 
2009/06/05 32.6 33.1 28.8 30.55 6669 
2009/06/12 30.65 31.5 27.3 29.45 5722 
2009/06/19 28.6 29.3 27.25 28.3 3053 
2009/06/26 28.8 29.3 27.4 28.8 2424 
2009/07/03 28.95 29.8 28.55 29.3 1930 
2009/07/10 29.5 32.9 28.65 32.7 6508 
2009/07/17 32.5 32.5 29.75 30 4219 
2009/07/24 30.8 30.95 29.5 29.5 2841 
2009/07/31 29.5 30.85 29.35 29.55 2628 
2009/08/07 29.55 29.55 27 27.9 1996 
2009/08/14 27.25 28.4 27 28.2 1488 
2009/08/21 27.5 27.85 23.85 24.15 2347 
2009/08/28 24.35 24.7 22.5 23.8 3665 
2009/09/04 23.8 25.7 23.5 25.25 2404 
2009/09/11 25.3 26.6 25.3 26.4 3022 
2009/09/18 26.3 26.8 24.2 25 3241 
2009/09/25 25 25.4 24.25 24.5 1316 
2009/10/02 24.5 24.55 24 24 1269 
2009/10/09 24.2 25.3 24.05 24.5 3142 
2009/10/16 24.6 25 24.3 24.75 1964 
2009/10/23 24.8 25.55 24.3 24.5 3829 
2009/10/30 24.6 24.9 23.7 24.05 1567 
2009/11/06 23.55 24.15 23.5 23.8 1005 
2009/11/13 23.9 25.3 23.75 25 3141 
2009/11/20 25.15 25.4 24.7 24.75 3404 
2009/11/27 24.85 25.15 24.25 24.35 4301 
2009/12/04 24.2 24.85 24.2 24.45 1715 
2009/12/11 24.8 26.5 24.6 25.45 5763 
2009/12/18 25.4 25.9 24.7 25.1 3572 
2009/12/25 25.1 25.5 25.1 25.2 2357 
2010/01/01 25.2 26.75 25.2 26.6 5955 
2010/01/08 26.6 28.65 26.6 28 12536 
2010/01/15 28.1 28.85 27.9 28.5 9001 
2010/01/22 28.5 28.8 26.6 26.7 3456 
2010/01/29 26.5 27.55 23.5 26.65 6931 
2010/02/05 27.2 27.5 25.55 26.4 8590 
2010/02/12 26.7 27.35 26.4 26.8 2477 
2010/02/26 27.2 27.3 25.1 25.75 2237 
2010/03/05 25.6 27 25.6 26.2 3016 
2010/03/12 26.3 26.5 26.05 26.15 1521 
2010/03/19 26.15 27.15 25.7 27.1 3154 
2010/03/26 27.2 27.35 26.4 26.65 3007 
2010/04/02 27 27.2 26.65 27 2687 
2010/04/09 27.05 27.6 26.8 27.2 2861 
2010/04/16 27.4 27.6 26.9 27.35 2412 
2010/04/23 27.1 27.5 25.5 25.95 3114 
2010/04/30 26 26.5 25.35 25.35 1942 
2010/05/07 25.35 25.9 23.4 24.05 2646 
2010/05/14 24.3 24.6 23.8 24.55 1426 
2010/05/21 24.55 25.4 23.2 23.55 2048 
2010/05/28 23.55 24.05 22.8 23.7 1069 
2010/06/04 23.9 25.35 23.7 25.05 3613 
2010/06/11 24.2 25.1 24 24.65 1514 
2010/06/18 24.85 26.95 24.8 26 8142 
2010/06/25 26.3 27.4 25.5 25.7 5223 
2010/07/02 25.85 26 24.1 24.9 2728 
2010/07/09 25 27.2 25 26.35 5043 
2010/07/16 26.45 26.7 25.65 25.7 3327 
2010/07/23 25.7 26.45 25.7 26 1791 
2010/07/30 26.3 26.5 25.85 26 1628 
2010/08/06 26.3 27.6 26.1 26.6 3594 
2010/08/13 26.6 27.6 25.5 26.6 3232 
2010/08/20 26.6 31.9 26.6 31.5 19602 
2010/08/27 31.9 32.8 29.3 30.4 13950 
2010/09/03 31.4 33.8 30.8 33.3 15470 
2010/09/10 33.5 35.6 30.7 31.7 12490 
2010/09/17 32.5 33.7 32.2 32.85 7038 
2010/09/24 30.1 32.25 30 31.6 6144 
2010/10/01 32 32 30.8 31.3 3451 
2010/10/08 31.9 33.5 31.6 31.65 7937 
2010/10/15 31.5 32.9 30.65 32.1 3339 
2010/10/22 32.1 32.55 30.1 30.75 2484 
2010/10/29 30.5 31.4 29.75 29.8 3186 
2010/11/05 29.9 31.45 29.3 29.9 4448 
2010/11/12 30.2 30.2 29.05 29.1 2283 
2010/11/19 28.9 29 27.6 28.25 1514 
2010/11/26 28.25 29.4 27.6 28.8 2099 
2010/12/03 29.6 30.65 29.5 29.75 3406 
2010/12/10 29.75 30.3 29.4 29.4 1361 
2010/12/17 29.5 31.9 29.15 31.25 4122 
2010/12/24 32.1 33 31.3 32.1 9037 
2010/12/31 32.45 32.6 30.95 31.8 5872 
2011/01/07 32.2 33.95 29.8 30.3 8646 
2011/01/14 30.4 30.95 30.1 30.45 2291 
2011/01/21 30.6 30.7 29.4 29.5 2403 
2011/01/28 29.6 30.4 29.4 29.85 1970 
2011/02/11 30.4 30.4 27.2 27.2 1648 
2011/02/18 27.4 27.8 27 27.7 1328 
2011/02/25 27.9 28.5 26.8 27.25 1843 
2011/03/04 27.35 27.6 27.15 27.45 630 
2011/03/11 27.4 28 27.05 27.55 889 
2011/03/18 27 27 24.45 26.2 4453 
2011/03/25 26.2 26.85 26.15 26.45 963 
2011/04/01 26.45 27.4 26.2 27.3 1256 
2011/04/08 27.3 28.6 27.2 27.95 1534 
2011/04/15 28.2 29.6 27.7 28.7 4960 
2011/04/22 28.95 30.25 28.5 29.5 3385 
2011/04/29 29.6 29.7 28.8 29.1 1500 
2011/05/06 28.8 28.9 27.35 28.6 940 
2011/05/13 29 29.3 28.2 28.85 787 
2011/05/20 28.8 29.5 27.95 28 1151 
2011/05/27 28 28.75 27.1 28.6 1262 
2011/06/03 28.7 29.4 28.6 29 2121 
2011/06/10 29.2 29.35 28.15 28.2 1039 
2011/06/17 28.2 29.15 27.8 27.85 1374 
2011/06/24 27.7 29.65 27.55 29.35 4243 
2011/07/01 28.5 29.25 27.8 28.2 4151 
2011/07/08 28.4 28.45 27.95 28.05 1221 
2011/07/15 27.8 27.8 26.25 27.3 1604 
2011/07/22 26.3 27.6 26.3 27.1 1034 
2011/07/29 27.15 27.15 26.5 26.55 762 
2011/08/05 26.6 27.05 25 25.05 1682 
2011/08/12 24.75 25.5 22.7 24 2668 
2011/08/19 24.15 24.85 23.25 23.25 1325 
2011/08/26 23 24.75 22.9 24 1109 
2011/09/02 24.2 25.3 23.9 24.8 1088 
2011/09/09 24.8 24.8 23.8 24.45 938 
2011/09/16 24.3 24.4 22.95 23.5 1263 
2011/09/23 23.55 23.9 20.6 21.1 1406 
2011/09/30 21.1 21.3 20.1 21.25 1274 
2011/10/07 20.9 21.1 20.1 20.8 552 
2011/10/14 21 21.8 20.95 21.3 557 
2011/10/21 21.45 22.3 21.3 21.7 811 
2011/10/28 21.9 22.5 21.7 22.4 1071 
2011/11/04 22.1 22.6 21.75 22.15 724 
2011/11/11 22.35 22.35 20.7 21.1 758 
2011/11/18 21 21.4 20.05 20.15 928 
2011/11/25 20 20 18.3 18.6 1504 
2011/12/02 18.9 19.25 18.65 19.2 628 
2011/12/09 19.2 19.2 18.6 18.8 433 
2011/12/16 19 19 18.5 18.55 455 
2011/12/23 18.3 19.05 17.7 18.8 669 
2011/12/30 19 19.35 18.75 19 517 
2012/01/06 19 19.05 18.65 18.8 750 
2012/01/13 18.85 18.9 18.3 18.3 1031 
2012/01/20 19 19.85 18.75 19.55 1419 
2012/02/03 19.75 21.2 19.2 20.8 2246 
2012/02/10 21 21 20.1 20.75 1847 
2012/02/17 20.7 21.5 20.55 20.6 1944 
2012/02/24 20.8 21.7 20.65 21.2 1383 
2012/03/02 21.3 21.7 21.25 21.55 1015 
2012/03/09 21.6 21.65 20.05 20.4 1966 
2012/03/16 20.4 20.95 20.3 20.85 625 
2012/03/23 20.9 20.9 20.4 20.45 733 
2012/03/30 20.6 20.6 19.6 20 801 
2012/04/06 20 20.2 18.8 19.4 617 
2012/04/13 19.5 19.9 19.25 19.9 559 
2012/04/20 19.75 19.95 19.45 19.6 614 
2012/04/27 19.85 19.85 19.15 19.3 590 
2012/05/04 19.3 19.9 19.25 19.85 239 
2012/05/11 19.7 19.8 19.1 19.35 386 
2012/05/18 19.15 19.45 18.8 19.05 678 
2012/05/25 19.1 19.25 18.5 18.6 676 
2012/06/01 18.5 19.25 18.5 18.7 474 
2012/06/08 18.4 18.6 17.95 18.15 801 
2012/06/15 18.3 18.35 18.05 18.35 399 
2012/06/22 18.35 18.55 18.25 18.5 390 
2012/06/29 18.3 18.4 18 18.25 388 
2012/07/06 18.35 19.3 18.3 18.8 10543 
2012/07/13 18.8 18.95 18.45 18.5 322 
2012/07/20 18.5 18.85 18.4 18.8 387 
2012/07/27 18.6 19.25 18.2 19.1 528 
2012/08/03 19 19.45 19 19.4 441 
2012/08/10 19.6 19.95 19.4 19.8 1206 
2012/08/17 20.2 20.8 20.2 20.55 2485 
2012/08/24 20.55 20.8 20.15 20.7 1004 
2012/08/31 20.8 20.9 20.3 20.35 886 
2012/09/07 20.3 20.5 19.95 20.15 1092 
2012/09/14 20.2 21.15 20.2 21.1 1874 
2012/09/21 21.2 21.65 20.55 20.9 3734 
2012/09/28 21.1 21.9 20.9 21.05 3211 
2012/10/05 21.2 21.5 20.5 20.75 1649 
2012/10/12 20.8 20.8 19.5 19.65 1070 
2012/10/19 19.65 19.85 19.4 19.7 759 
2012/10/26 19.5 19.85 18.75 18.75 967 
2012/11/02 18.8 19.2 18.75 19.15 739 
2012/11/09 19 19.4 18.8 19.05 487 
2012/11/16 19.15 19.15 18.75 18.75 637 
2012/11/23 18.8 18.95 18.6 18.85 591 
2012/11/30 18.95 19.35 18.95 19.2 1185 
2012/12/07 19.1 19.55 19.1 19.35 1081 
2012/12/14 19.35 19.5 19.05 19.4 461 
2012/12/21 19.2 19.6 19.2 19.25 427 
2012/12/28 19.3 20.35 19.25 19.85 1506 
2013/01/04 20.2 20.25 19.9 19.9 1301 
2013/01/11 20 20.6 19.85 20.15 1391 
2013/01/18 20.2 20.25 19.4 19.55 852 
2013/01/25 19.55 19.75 19.4 19.45 575 
2013/02/01 19.45 19.8 19.4 19.8 461 
2013/02/08 19.8 19.85 19.55 19.55 371 
2013/02/22 19.8 19.8 19.45 19.6 676 
2013/03/01 19.6 19.6 19.3 19.5 781 
2013/03/08 19.5 19.6 19.05 19.4 673 
2013/03/15 19.3 19.5 19.15 19.25 590 
2013/03/22 19.25 19.3 18.95 19.1 801 
2013/03/29 19.1 19.45 19 19.45 622 
2013/04/05 19.45 19.5 19.3 19.5 389 
2013/04/12 19.2 19.35 19 19.15 662 
2013/04/19 19.15 19.3 19 19.3 460 
2013/04/26 19.3 19.45 19.1 19.3 614 
2013/05/03 19.35 19.35 19.05 19.15 203 
2013/05/10 19.2 19.55 19.15 19.5 651 
2013/05/17 19.6 19.7 19.35 19.7 658 
2013/05/24 19.7 19.95 19.45 19.6 758 
2013/05/31 19.5 19.9 19.45 19.8 451 
2013/06/07 19.65 19.85 19.4 19.6 385 
2013/06/14 19.6 19.65 19.2 19.4 415 
2013/06/21 19.45 19.6 19.05 19.25 556 
2013/06/28 19.3 19.45 19.05 19.3 538 
2013/07/05 19.4 19.4 19.15 19.35 565 
2013/07/12 19.2 19.5 19.2 19.4 505 
2013/07/19 19.4 20.15 19.25 19.9 1111 
2013/07/26 19.8 20.1 19.75 19.9 572 
2013/08/02 19.7 19.9 19.6 19.8 310 
2013/08/09 19.8 19.9 19.55 19.9 482 
2013/08/16 19.9 19.95 19.65 19.85 1690 
2013/08/23 19.8 19.95 19.7 19.8 1048 
2013/08/30 19.9 19.9 18.5 18.8 1490 
2013/09/06 18.85 18.85 18.5 18.75 991 
2013/09/13 18.7 18.85 18.6 18.7 976 
2013/09/20 18.8 18.8 18.6 18.8 315 
2013/09/27 18.8 18.8 18.65 18.75 648 
2013/10/04 18.7 19.1 18.65 19 879 
2013/10/11 19 19.4 19 19.2 725 
2013/10/18 19 19.05 18.75 18.85 622 
2013/10/25 18.85 18.9 18.7 18.7 526 
2013/11/01 18.7 18.95 18.65 18.8 646 
2013/11/08 18.7 18.85 18.65 18.7 492 
2013/11/15 18.65 19.1 18.65 19 859 
2013/11/22 19 19.1 18.85 18.95 299 
2013/11/29 18.95 19.2 18.8 19.1 512 
2013/12/06 19.1 19.3 19 19.05 542 
2013/12/13 19.1 19.2 18.9 18.95 534 
2013/12/20 19 19.15 18.95 19.05 313 
2013/12/27 19.15 19.15 18.95 19.15 480 
2014/01/03 19.1 19.3 19 19 448 
2014/01/10 18.95 19.25 18.95 19.2 543 
2014/01/17 19.2 19.95 19.1 19.6 1774 
2014/01/24 19.6 19.8 19.45 19.5 725 
2014/01/31 19.4 19.7 19.35 19.55 110 
2014/02/07 19.5 19.7 19.4 19.65 911 
2014/02/14 19.6 19.65 19.35 19.45 751 
2014/02/21 19.45 19.65 19.35 19.65 604 
2014/02/28 19.4 19.6 19.25 19.25 422 
2014/03/07 19.25 19.75 19.25 19.6 1321 
2014/03/14 19.65 19.75 19.5 19.5 820 
2014/03/21 19.5 19.6 19.15 19.15 1885 
2014/03/28 19.2 19.55 19.05 19.4 1287 
2014/04/04 19.4 19.5 19.2 19.4 1276 
2014/04/11 19.35 19.65 19.2 19.5 1168 
2014/04/18 19.5 19.6 19.3 19.45 612 
2014/04/25 19.35 19.5 19 19.15 666 
2014/05/02 19 19.25 18.8 19.15 1133 
2014/05/09 19 19.1 18.8 18.8 621 
2014/05/16 18.8 19.05 18.75 18.9 652 
2014/05/23 18.95 19.1 18.8 19.1 1384 
2014/05/30 19.1 19.2 19 19.15 698 
2014/06/06 19.05 19.2 19 19.15 373 
2014/06/13 19.15 19.25 19.05 19.1 557 
2014/06/20 19.2 19.5 19.2 19.4 1020 
2014/06/27 19.4 19.55 19.3 19.3 725 
2014/07/04 19.45 19.5 19.15 19.5 782 
2014/07/11 19.75 20.35 19.7 20.05 3440 
2014/07/18 20.5 22.65 20.5 21 9679 
2014/07/25 21.2 21.5 20.85 20.9 1144 
2014/08/01 20.9 21.9 20.8 21 2003 
2014/08/08 21 21.1 20.45 20.8 2034 
2014/08/15 20.9 20.95 20.55 20.7 1080 
2014/08/22 20.75 20.75 20.5 20.7 1135 
2014/08/29 20.7 21 19.6 19.95 1808 
2014/09/05 19.95 20.05 19.75 19.95 581 
2014/09/12 19.9 20.1 19.85 20 855 
2014/09/19 19.9 20 19.85 19.9 766 
2014/09/26 19.9 20 19.65 19.85 705 
2014/10/03 19.95 20.1 19.8 20 367 
2014/10/10 20 20 19.8 19.95 434 
2014/10/17 19.8 19.9 19.05 19.25 1570 
2014/10/24 19.25 19.4 19.1 19.35 813 
2014/10/31 19.25 19.7 19.1 19.6 384 
2014/11/07 19.35 20.1 19.35 20 1114 
2014/11/14 19.95 20.25 19.85 20 1466 
2014/11/21 20.05 20.1 19.75 19.9 590 
2014/11/28 19.85 20.35 19.85 19.9 399 
2014/12/05 19.7 20.2 19.7 19.9 761 
2014/12/12 19.9 20.05 19.75 19.85 438 
2014/12/19 19.75 20 19.65 19.8 659 
2014/12/26 19.8 20.05 19.75 20 752 
2015/01/02 19.95 20.1 19.9 20.05 287 
2015/01/09 20 20 19.8 19.95 550 
2015/01/16 19.9 20.2 19.85 20.1 773 
2015/01/23 20.1 20.2 19.95 20 719 
2015/01/30 20 20.2 19.95 20.1 888 
2015/02/06 20.1 20.15 20 20.05 420 
2015/02/13 20.05 20.2 20 20.15 500 
2015/02/27 20.2 20.35 20.15 20.25 298 
2015/03/06 20.2 20.2 20 20.15 558 
2015/03/13 20.05 20.8 20.05 20.6 954 
2015/03/20 20.6 20.95 20.6 20.9 948 
2015/03/27 20.9 21.25 20.6 21 704 
2015/04/03 20.9 21.15 20.8 21.05 474 
2015/04/10 21 21.45 20.8 21.3 873 
2015/04/17 21.3 21.4 20.9 21 1288 
2015/04/24 21.1 21.2 20.85 21.15 690 
2015/05/01 21.15 22.7 21 22.55 2415 
2015/05/08 22.6 22.8 22 22.25 1742 
2015/05/15 22.35 22.5 21.8 22 1204 
2015/05/22 22 22.05 21.5 21.65 1070 
2015/05/29 21.5 21.8 21.3 21.5 963 
2015/06/05 21.5 21.9 21 21.45 1528 
2015/06/12 21.35 21.95 20.4 20.65 1831 
2015/06/19 20.7 20.8 20.25 20.55 767 
2015/06/26 20.55 20.95 20.55 20.8 616 
2015/07/03 20.85 21.25 20.65 20.95 654 
2015/07/10 20.7 21.1 20.5 20.8 704 
2015/07/17 20.8 22 20.75 21.5 2079 
2015/07/24 21.65 21.65 21.05 21.25 345 
2015/07/31 21.3 21.4 21 21.25 594 
2015/08/07 21.3 21.8 20.95 21.3 508 
2015/08/14 21.3 21.35 20.8 21.15 810 
2015/08/21 21.15 21.15 20.15 20.5 1212 
2015/08/28 20.4 20.4 18.05 18.2 2411 
2015/09/04 18.2 18.6 18 18.4 841 
2015/09/11 18.4 19.25 18.4 18.95 580 
2015/09/18 18.95 19.05 18.65 19 459 
2015/09/25 18.85 19.3 18.7 19.1 492 
2015/10/02 18.9 19.3 18.9 19.25 154 
2015/10/09 19.25 19.25 19 19.2 173 
2015/10/16 19.2 19.6 18.95 19.5 533 
2015/10/23 19.5 19.55 19.3 19.4 259 
2015/10/30 19.4 19.6 19.35 19.6 455 
2015/11/06 19.6 20.1 19.5 20 736 
2015/11/13 20 20 19.35 19.6 566 
2015/11/20 19.6 19.85 19.25 19.3 931 
2015/11/27 19.3 19.4 19.1 19.25 846 
2015/12/04 19.1 19.35 19 19.15 835 
2015/12/11 19.25 19.25 18.4 18.7 1072 
2015/12/18 18.45 18.75 18.3 18.7 498 
2015/12/25 18.7 19.05 18.65 19 522 
2016/01/01 19 19 18.5 18.8 731 
2016/01/08 18.85 18.9 18.25 18.7 953 
2016/01/15 18.65 19.25 18.2 18.45 1033 
2016/01/22 18.3 18.5 18.1 18.25 1187 
2016/01/29 18.2 18.9 18.15 18.7 1802 
2016/02/05 18.8 18.8 18.5 18.6 1263 
2016/02/19 18.5 18.85 18.45 18.8 373 
2016/02/26 18.8 18.8 18.55 18.7 474 
2016/03/04 18.75 18.8 18.65 18.8 286 
2016/03/11 18.8 19.45 18.7 18.85 469 
2016/03/18 18.8 18.95 18.75 18.8 300 
2016/03/25 18.8 18.95 18.25 18.8 537 
2016/04/01 18.8 18.85 18.6 18.75 317 
2016/04/08 18.5 19.3 18.5 18.8 361 
2016/04/15 18.85 18.95 18.65 18.75 201 
2016/04/22 18.75 18.8 18.55 18.65 272 
2016/04/29 18.65 18.7 18.3 18.4 251 
2016/05/06 18.4 18.4 17.9 18 741 
2016/05/13 18.1 18.35 17.45 18.1 508 
2016/05/20 18.1 18.15 17.85 18.05 159 
2016/05/27 18.05 18.25 18 18.2 769 
2016/06/03 18.1 18.25 17.9 18.2 1968 
2016/06/10 18.05 18.3 18.05 18.05 135 
2016/06/17 18.05 18.2 17.85 18.1 504 
2016/06/24 18.1 18.2 17.95 18 193 
2016/07/01 17.95 18.45 17.85 18.2 2489 
2016/07/08 18.2 18.25 18.05 18.25 201 
2016/07/15 18.8 18.8 18.25 18.5 2120 
2016/07/22 18.25 18.55 18.25 18.45 1410 
2016/07/29 18.35 18.5 18.1 18.25 455 
2016/08/05 18.3 18.4 18.2 18.3 372 
2016/08/12 18.3 18.65 18.3 18.6 588 
2016/08/19 18.6 18.7 18.5 18.55 10519 
2016/08/26 18.5 18.5 17 17.2 786 
2016/09/02 17.1 17.2 16.55 16.65 1491 
2016/09/09 16.6 16.95 16.55 16.65 1026 
2016/09/16 16.75 16.75 16.45 16.65 722 
2016/09/23 16.5 16.75 16.5 16.7 604 
2016/09/30 16.65 16.8 16.6 16.65 214 
2016/10/07 16.6 16.8 16.55 16.6 661 
2016/10/14 16.75 16.75 16.3 16.55 359 
2016/10/21 16.55 16.65 16.4 16.5 256 
2016/10/28 16.55 16.55 16.4 16.5 294 
2016/11/04 16.6 16.6 16.2 16.4 351 
2016/11/11 16.4 16.5 16.2 16.45 809 
2016/11/18 16.45 16.45 16.15 16.25 1513 
2016/11/25 16.25 16.3 16 16.1 1508 
2016/12/02 16.1 16.3 15.85 16.25 2074 
2016/12/09 16.25 16.35 16.1 16.35 928 
2016/12/16 16.35 16.4 16.2 16.35 1192 
2016/12/23 16.35 16.4 16.2 16.3 605 
2016/12/30 16.25 16.35 16.15 16.3 435 
2017/01/06 16.3 16.3 16.2 16.3 335 
2017/01/13 16.3 16.45 16.2 16.45 746 
2017/01/20 16.45 16.65 16.3 16.6 1100 
2017/01/27 16.6 16.7 16.5 16.65 294 
2017/02/03 16.7 17.3 16.65 17.2 739 
2017/02/10 17.2 17.45 17.15 17.4 6734 
2017/02/17 17.4 17.45 17.25 17.3 1173 
2017/02/24 17.3 17.4 17.2 17.4 474 
2017/03/03 17.4 17.45 17.3 17.4 143 
2017/03/10 17.4 17.45 17.2 17.25 490 
2017/03/17 17.25 17.35 17.1 17.25 467 
2017/03/24 17.2 17.45 17.15 17.45 549 
2017/03/31 17.45 17.55 17.35 17.5 518 
2017/04/07 17.5 17.5 17.35 17.5 84 
2017/04/14 17.3 17.4 16.95 17.15 487 
2017/04/21 17.1 17.15 17.05 17.1 46 
2017/04/28 17.2 17.2 17.05 17.2 64 
2017/05/05 17.2 17.2 17.05 17.1 7434 
2017/05/12 17.15 17.2 16.95 17.1 453 
2017/05/19 17.1 17.1 16.9 17.05 445 
2017/05/26 17.05 17.05 16.95 17.05 433 
2017/06/02 17 17.05 16.95 17.05 159 
2017/06/09 16.95 17 16.85 16.9 463 
2017/06/16 16.7 16.8 16.65 16.8 233 
2017/06/23 16.8 17 16.75 16.85 259 
2017/06/30 16.8 17 16.8 16.8 596 
2017/07/07 16.8 16.9 16.8 16.9 56 
2017/07/14 16.75 16.75 16.45 16.65 948 
2017/07/21 16.8 16.8 16.7 16.75 176 
2017/07/28 16.8 16.8 16.6 16.75 40 
2017/08/04 16.75 17.15 16.7 16.8 577 
2017/08/11 16.8 16.85 16.7 16.85 220 
2017/08/18 16.8 16.85 16.7 16.85 112 
2017/08/25 16.7 16.9 16.65 16.9 628 
2017/09/01 15.7 15.75 15.65 15.75 66 
2017/09/08 15.85 15.85 15.7 15.85 208 
2017/09/15 15.8 15.8 15.6 15.7 125 
2017/09/22 15.6 15.75 15.55 15.7 66 
2017/09/29 15.65 15.7 15.5 15.65 151 
2017/10/06 15.65 15.7 15.6 15.65 37 
2017/10/13 15.55 15.55 15.4 15.4 395 
2017/10/20 15.35 15.5 15.35 15.45 137 
2017/10/27 15.5 15.6 15.45 15.5 411 
2017/11/03 15.6 15.6 15.5 15.55 574 
2017/11/10 15.55 15.6 15.45 15.5 317 
2017/11/17 15.45 15.55 15.45 15.55 92 
2017/11/24 15.5 15.6 15.5 15.55 122 
2017/12/01 15.65 15.65 15.4 15.55 719 
2017/12/08 15.5 15.6 15.45 15.55 444 
2017/12/15 15.5 15.7 15.45 15.5 529 
2017/12/22 15.5 15.55 15.35 15.55 552 
2017/12/29 15.5 15.6 15.4 15.55 470 
2018/01/05 15.55 15.85 15.55 15.75 907 
2018/01/12 15.75 15.9 15.6 15.8 974 
2018/01/19 15.8 16.05 15.7 15.85 856 
2018/01/26 15.85 16 15.8 15.85 1247 
2018/02/02 15.85 15.9 15.7 15.8 575 
2018/02/09 15.7 15.7 15.25 15.4 1104 
2018/02/16 15.45 15.45 15.3 15.3 114 
2018/02/23 15.45 15.55 15.3 15.5 220 
2018/03/02 15.5 15.6 15.4 15.5 334 
2018/03/09 15.45 15.5 15.25 15.45 423 
2018/03/16 15.5 15.6 15.5 15.5 294 
2018/03/23 15.55 15.6 14.85 14.9 1863 
2018/03/30 14.9 15.2 14.9 15.2 634 
2018/04/06 15.2 15.25 15.1 15.15 177 
2018/04/13 15.15 15.4 15.05 15.15 582 
2018/04/20 15.15 15.25 15 15.2 317 
2018/04/27 15.1 15.15 15 15.1 342 
2018/05/04 15.05 15.15 15 15 312 
2018/05/11 15.05 15.15 15 15.1 285 
2018/05/18 15 15.1 14.85 14.95 888 
2018/05/25 15 15.2 14.8 14.9 723 
2018/06/01 14.9 15 14.75 14.85 839 
2018/06/08 14.85 15.05 14.8 15 723 
2018/06/15 14.95 15 14.85 14.9 595 
2018/06/22 14.9 14.95 14.8 14.9 521 
2018/06/29 14.9 14.95 14.85 14.9 342 
2018/07/06 14.9 14.95 14.7 14.75 487 
2018/07/13 14.75 14.85 14.65 14.85 641 
2018/07/20 14.8 14.9 14.8 14.9 515 
2018/07/27 14.9 14.9 14.85 14.9 200 
2018/08/03 14.9 15 14.85 14.95 536 
2018/08/10 14.95 15.15 14.95 15.15 594 
2018/08/17 15.15 15.2 14.75 14.85 558 
2018/08/24 14.85 14.95 14.75 14.95 815 
2018/08/31 14.95 15 14.3 14.3 1452 
