2000/12/01 38.2 42 37.3 37.4 1814 
2000/12/08 36.2 36.9 33.6 35.9 3772 
2000/12/15 35.9 35.9 33.1 33.5 1252 
2000/12/22 32.6 35.3 32.3 34.3 1015 
2000/12/29 34.5 35 33.8 34 617 
2001/01/05 34.3 37.6 33 37.6 1986 
2001/01/12 38.9 40.2 36 37 4345 
2001/01/19 36.1 40.4 35.4 40 2559 
2001/02/02 40.5 43.3 37.5 42 8835 
2001/02/09 42 42 37.9 40.2 5673 
2001/02/16 40.1 42 39.6 39.6 5758 
2001/02/23 39 40.6 37.5 38.6 2338 
2001/03/02 38.6 41.1 38.6 40.5 5243 
2001/03/09 40.5 40.5 37.8 39.4 5177 
2001/03/16 39.2 41.5 38.5 39.3 11311 
2001/03/23 39.3 39.8 38 38.3 6103 
2001/03/30 38.5 40.4 37.8 37.8 11359 
2001/04/06 37.8 38.8 35.7 36.5 4176 
2001/04/13 36.8 36.8 33.3 35 3452 
2001/04/20 34.9 36.5 33.7 34.9 2262 
2001/04/27 35 35 33.8 34.2 1700 
2001/05/04 34.5 34.5 32.3 33.1 2004 
2001/05/11 33.1 33.1 26.5 29 2493 
2001/05/18 28.1 28.9 27.7 28.4 1071 
2001/05/25 28.2 30.2 27.5 29.9 2138 
2001/06/01 29.9 30.3 28.5 29.7 1947 
2001/06/08 29.9 30.3 29 29.5 2629 
2001/06/15 29.4 29.4 28.2 29 1578 
2001/06/22 29 30.8 28.6 29.6 3128 
2001/06/29 29.9 30.2 29.1 29.7 1195 
2001/07/06 29.7 29.7 28.2 28.8 988 
2001/07/13 29.2 29.2 27 27.8 1533 
2001/07/20 27.8 27.9 19.1 20.2 2220 
2001/07/27 20.1 20.2 17.8 18.8 1464 
2001/08/03 18.4 19.4 17.8 18.5 1644 
2001/08/10 18.5 19.2 18.1 18.7 1076 
2001/08/17 18.6 19.8 18.4 19.4 2515 
2001/08/24 18.8 19.4 18.4 18.8 1166 
2001/08/31 18.7 18.9 18 18.3 1188 
2001/09/07 18.3 18.5 15.7 16.3 1080 
2001/09/14 16.2 16.2 13.45 14.35 2092 
2001/09/21 13.85 14.9 13.85 13.9 849 
2001/09/28 12.95 14.2 12.95 14.1 1410 
2001/10/05 14.1 14.5 13.3 14.5 1675 
2001/10/12 14.4 16 14.1 15.2 3313 
2001/10/19 14.9 16 14.65 16 1995 
2001/10/26 16.1 16.3 15.2 15.7 2248 
2001/11/02 15.5 15.9 15.1 15.5 2283 
2001/11/09 15.5 16.6 14.95 15.7 7584 
2001/11/16 15.7 16.8 15.5 16.7 4269 
2001/11/23 16.7 17.7 16.2 16.5 5056 
2001/11/30 16.5 16.6 15.3 15.5 2129 
2001/12/07 15.5 17.9 15.5 17.5 6155 
2001/12/14 17.5 19.1 17.3 18.6 10908 
2001/12/21 18.6 20.5 17.5 17.7 9778 
2001/12/28 17.5 18.5 17.3 18 3742 
2002/01/04 18 18.5 17.7 18.2 3354 
2002/01/11 18.4 19.6 18.1 18.5 10052 
2002/01/18 18.3 18.6 17.5 17.7 3138 
2002/01/25 17.7 18.5 17.6 18.4 4489 
2002/02/01 18.6 20.5 18.5 19.6 15205 
2002/02/08 19.6 20.3 19.2 19.6 3390 
2002/02/22 19.9 19.9 17.9 18 3760 
2002/03/01 17.7 18.3 17.7 18.2 2211 
2002/03/08 18.5 19.1 18.2 18.3 5391 
2002/03/15 18.3 19.4 18.3 18.6 5841 
2002/03/22 18.6 18.9 18.4 18.7 3281 
2002/03/29 18.7 20.1 18.5 19.1 13212 
2002/04/05 18.8 20.2 18.7 19.3 9992 
2002/04/12 19.3 19.4 18.4 19.3 4899 
2002/04/19 19.4 22.4 19.4 22.4 25043 
2002/04/26 23.9 25.5 22.7 23.3 19846 
2002/05/03 23 27 22.7 25.5 18316 
2002/05/10 26 28.6 25.1 27.6 19625 
2002/05/17 27.9 29.6 27.2 27.2 11040 
2002/05/24 26.6 27 24.3 25.7 9339 
2002/05/31 25.5 27.4 25.1 27 5999 
2002/06/07 27 27 24.8 25.5 4292 
2002/06/14 25.5 28.3 24.8 28 8330 
2002/06/21 28.5 29.3 26.8 28.1 8566 
2002/06/28 28.2 28.7 25.2 26.2 7600 
2002/07/05 26.2 26.8 24.4 26 8010 
2002/07/12 26.2 26.4 25 25.2 5437 
2002/07/19 25.2 26.7 24.9 26.3 6223 
2002/07/26 25.7 26.3 25.5 26 3238 
2002/08/02 26.2 28.7 26.1 28.5 6914 
2002/08/09 27.1 28 26.1 27.4 4276 
2002/08/16 26.8 27 26.3 26.4 3136 
2002/08/23 26.4 27.4 25.7 27 4581 
2002/08/30 27.1 27.7 25.8 26.3 3583 
2002/09/06 26.2 26.3 25.3 25.3 2072 
2002/09/13 25.4 26.2 23.1 23.5 2511 
2002/09/20 23.4 23.6 22.5 22.7 1712 
2002/09/27 22.6 22.9 21 21.1 1523 
2002/10/04 21.1 21.4 20.1 20.9 1147 
2002/10/11 20.8 20.8 19.2 19.4 998 
2002/10/18 19 21.5 19 21.2 3378 
2002/10/25 21.1 21.6 20.5 21.2 2038 
2002/11/01 21.2 22.4 21 21.6 4798 
2002/11/08 22.2 22.7 21.6 22.5 4329 
2002/11/15 22.5 23.8 21.5 23.2 8055 
2002/11/22 23.2 23.2 21.2 21.8 3355 
2002/11/29 21.8 22.1 21.3 21.5 1199 
2002/12/06 21.5 22.4 21.3 22.4 1872 
2002/12/13 22.5 23.4 22.4 22.5 5255 
2002/12/20 22.9 23.6 22.2 22.8 2442 
2002/12/27 22.9 23 22.2 22.3 1266 
2003/01/03 22.5 25.3 22.2 24.1 7679 
2003/01/10 24.4 26.7 24.4 24.5 19860 
2003/01/17 24.7 25.1 23.4 24 8258 
2003/01/24 24.2 26 23.6 24.9 10937 
2003/01/31 24.5 27.4 24.3 26.8 9701 
2003/02/07 26.7 27.8 25.5 26 6993 
2003/02/14 26 26.3 24.7 25 3826 
2003/02/21 25.1 25.5 23.6 23.6 5231 
2003/02/28 23.4 23.5 21.1 21.9 3407 
2003/03/07 21.5 21.9 20.4 21.4 3763 
2003/03/14 21 22.1 20.5 21.6 2024 
2003/03/21 21.6 22.6 21.2 21.5 1283 
2003/03/28 21.5 22 20.4 21.3 2390 
2003/04/04 21 21 18.2 19 5955 
2003/04/11 19.6 23 18.8 22.4 9872 
2003/04/18 22.2 22.6 21.7 22.1 3675 
2003/04/25 21.8 23.4 19.9 20.1 4865 
2003/05/02 18.7 18.7 17.4 18 11422 
2003/05/09 17.2 18.4 17.2 18.1 1257 
2003/05/16 17.8 18.1 17.6 17.8 1225 
2003/05/23 17.8 18.9 17.6 18.5 945 
2003/05/30 18.9 20.3 18.9 19.4 2593 
2003/06/06 19.7 20.8 19.6 20.4 1963 
2003/06/13 20.4 21.4 20.2 20.7 2074 
2003/06/20 21.1 22.3 20.8 22.3 3744 
2003/06/27 22.4 23.8 22.1 22.4 2306 
2003/07/04 22.4 23.4 21.7 22.8 2888 
2003/07/11 23.6 23.6 22 22.2 1784 
2003/07/18 22.1 23 21.5 22.9 2541 
2003/07/25 23 25.9 23 25.7 5493 
2003/08/01 25.7 26.1 25.7 26 2079 
2003/08/08 26 26.1 23.4 23.5 3012 
2003/08/15 23.5 24.1 23.1 23.8 759 
2003/08/22 23.8 23.8 23.2 23.3 979 
2003/08/29 23.3 23.5 22.3 23 1113 
2003/09/05 23 23.2 22.7 22.8 1248 
2003/09/12 23 23.2 22.1 22.7 446 
2003/09/19 22.7 23 22.3 22.9 1012 
2003/09/26 22.9 23.5 22.8 23.1 380 
2003/10/03 23.1 23.5 22.9 23.2 505 
2003/10/10 23.2 24 23.1 24 1484 
2003/10/17 24 26.6 24 26.1 4177 
2003/10/24 26 26.3 25.6 25.7 2157 
2003/10/31 25.9 26 25.7 26 812 
2003/11/07 26 26 25.7 25.8 682 
2003/11/14 25.9 25.9 24.7 25.1 215 
2003/11/21 23.5 25 21.9 22.5 1234 
2003/11/28 22.5 23.4 22.5 23.3 234 
2003/12/05 23.3 24.6 23.2 24.5 1435 
2003/12/12 24.5 25.2 24 24.4 742 
2003/12/19 24.4 25.1 23.9 25 1034 
2003/12/26 25.2 25.4 24.9 25.3 1332 
2004/01/02 25.3 26.3 25.1 26.1 7742 
2004/01/09 26.1 26.1 25.1 25.1 419 
2004/01/16 25.1 25.9 25 25.7 955 
2004/01/30 25.9 28.2 25.9 26.6 1699 
2004/02/06 26.6 26.8 25.8 26.5 772 
2004/02/13 26.8 28.3 26.6 28 890 
2004/02/20 28 28.8 28 28.7 660 
2004/02/27 28.7 30.1 28.3 28.5 3527 
2004/03/05 28.5 28.5 26.3 27.5 3572 
2004/03/12 27.6 29.2 27.6 28.9 3189 
2004/03/19 28.9 29 24.6 27 2168 
2004/03/26 25.2 26.1 23.7 26.1 1492 
2004/04/02 26.2 29.1 25.5 27.7 36693 
2004/04/09 27.7 28.4 26.3 26.3 3519 
2004/04/16 26.5 26.6 25.6 25.6 1228 
2004/04/23 25.6 25.6 23.7 24 2364 
2004/04/30 24.1 25 22.4 22.5 1485 
2004/05/07 22.5 23.2 20 20.9 644 
2004/05/14 20.5 21 19.5 20 1145 
2004/05/21 19.5 19.5 18 19.2 1041 
2004/05/28 19.2 19.5 18.9 19.1 793 
2004/06/04 19.4 19.5 18.3 18.4 491 
2004/06/11 18.5 19.5 18.2 18.8 3148 
2004/06/18 18.9 19.2 17.3 17.6 4503 
2004/06/25 17.6 18.5 17.4 18 630 
2004/07/02 17.9 18.4 17.8 18.1 809 
2004/07/09 18 18.7 18 18.3 1097 
2004/07/16 18.3 19 18.3 18.4 2535 
2004/07/23 18.4 18.6 18.1 18.2 945 
2004/07/30 18 18.2 16.6 16.8 822 
2004/08/06 16.7 16.7 16 16.2 317 
2004/08/13 16.1 16.5 16.1 16.2 244 
2004/08/20 16.1 17 15.9 16.5 2823 
2004/08/27 16.5 17 16.5 16.7 528 
2004/09/03 16.8 17.2 16.6 17.2 1833 
2004/09/10 17.2 17.2 16.7 17.2 447 
2004/09/17 17.1 18.9 17 18.1 1012 
2004/09/24 18.3 18.4 18 18 1844 
2004/10/01 18.2 18.2 17.9 18 164 
2004/10/08 18.2 18.4 18.2 18.3 2336 
2004/10/15 18.3 18.4 17.9 18 519 
2004/10/22 18 18.1 17.8 18 321 
2004/10/29 18 18 17.3 17.4 3193 
2004/11/05 17.4 17.4 16.8 17 769 
2004/11/12 16.9 17.3 16.8 17.2 844 
2004/11/19 17.2 17.4 17.2 17.3 1707 
2004/11/26 17.3 17.5 17.2 17.3 901 
2004/12/03 17.3 18.5 17.2 18.4 1752 
2004/12/10 18.5 18.5 18.1 18.3 450 
2004/12/17 19.4 21.5 18.7 21 1958 
2004/12/24 21 21.5 20.2 21.1 931 
2004/12/31 21.4 23.6 21.4 23.2 1525 
2005/01/07 21.6 23.2 21.5 21.5 975 
2005/01/14 21.5 22.5 21.1 21.8 453 
2005/01/21 21.9 22.8 21.5 21.8 8842 
2005/01/28 21.4 21.9 20.7 21.1 232 
2005/02/04 21.1 22.8 21 22.2 1315 
2005/02/18 22.4 22.8 21.1 21.2 720 
2005/02/25 21.2 21.4 20.4 20.6 788 
2005/03/04 20.5 20.65 20 20.4 771 
2005/03/11 20.5 21 20.2 20.4 573 
2005/03/18 20.7 21 20 20.4 383 
2005/03/25 20.8 20.8 20.25 20.4 171 
2005/04/01 20.5 20.5 20.2 20.5 272 
2005/04/08 20.25 20.3 19.5 19.9 270 
2005/04/15 20 21 19.25 20.1 336 
2005/04/22 20.6 20.6 18.8 19.7 304 
2005/04/29 19.8 20.7 19.5 20.3 442 
2005/05/06 20.5 22 20 20.6 905 
2005/05/13 21 24.85 21 23.6 6257 
2005/05/20 23.6 24.3 22.35 24.3 2933 
2005/05/27 23.75 23.8 22.8 23.15 2270 
2005/06/03 23 25 23 24.55 3519 
2005/06/10 24.9 26.1 24.6 24.95 4041 
2005/06/17 25 26.95 24.95 25.1 3147 
2005/06/24 25.1 25.6 24.6 24.8 1231 
2005/07/01 24.6 26.5 24.4 24.7 1197 
2005/07/08 24.4 25.9 24.4 25.2 1005 
2005/07/15 25.5 25.75 24 24.4 1263 
2005/07/22 24.9 25.05 23.65 24.75 936 
2005/07/29 24.75 24.8 23.05 23.55 430 
2005/08/05 23.5 24.1 22.95 23.7 634 
2005/08/12 23.6 23.6 22.85 23.1 183 
2005/08/19 22.85 23.85 22.35 22.5 166 
2005/08/26 22.4 23.8 22.4 23 250 
2005/09/02 23 23.7 22.6 23.65 447 
2005/09/09 23.9 24.8 23.05 23.1 1045 
2005/09/16 23.15 23.15 22.05 22.45 615 
2005/09/23 22.5 22.5 21.7 22.05 412 
2005/09/30 22.1 22.5 22 22.2 399 
2005/10/07 22.55 22.7 21.75 22.2 907 
2005/10/14 22.1 22.4 21.85 22 341 
2005/10/21 22 22 19.8 19.8 356 
2005/10/28 19.85 20.6 19.3 19.5 1191 
2005/11/04 19.2 19.5 18.1 18.6 421 
2005/11/11 18.6 18.9 18 18.65 250 
2005/11/18 18.85 20.25 18.7 20 1981 
2005/11/25 20.1 21.35 20.1 20.35 441 
2005/12/02 20.95 21.15 20.2 20.55 300 
2005/12/09 20.55 21.15 20.3 20.8 189 
2005/12/16 20.3 21 20.3 20.7 15166 
2005/12/23 20.5 21.7 20.45 21.5 350 
2005/12/30 21.5 24.05 20.85 23 3909 
2006/01/06 21.6 22.1 21.4 21.5 375 
2006/01/13 21.5 22.35 21.45 21.7 404 
2006/01/20 21.7 21.8 20.4 20.5 543 
2006/01/27 20 20.9 20 20.85 100 
2006/02/03 20.8 20.85 20.8 20.85 23 
2006/02/10 20.7 20.8 19.7 19.8 877 
2006/02/17 19.8 20.2 19.7 20.15 3765 
2006/02/24 20.15 20.2 19.5 19.65 5344 
2006/03/03 19.6 20.3 19.55 20.2 2018 
2006/03/10 19.8 21.4 19.8 21.15 511 
2006/03/17 21.15 21.15 20.2 20.5 12833 
2006/03/24 20.7 21.4 20.3 21 10258 
2006/03/31 21.1 21.1 20.35 20.75 177 
2006/04/07 20.75 21.5 20.6 21.4 132 
2006/04/14 21.4 21.6 20.5 21.1 10256 
2006/04/21 21.4 22.8 20.8 21.95 8772 
2006/04/28 22.3 23.45 21.5 22 1542 
2006/05/05 22 23.6 21.8 23.5 3053 
2006/05/12 24.9 25.9 22.2 22.9 6456 
2006/05/19 23 24 22.3 22.3 1724 
2006/05/26 22.1 22.9 21.15 22.1 900 
2006/06/02 22.3 23.5 21.75 22.7 491 
2006/06/09 22.7 22.7 20.3 21 707 
2006/06/16 20.75 22 20.45 21.85 10114 
2006/06/23 21.9 22.4 21.05 21.6 241 
2006/06/30 21.5 22 21.25 21.6 261 
2006/07/07 21.5 22.45 21.45 21.9 1790 
2006/07/14 21.8 21.9 20.7 21.05 266 
2006/07/21 20.5 20.8 20.05 20.4 264 
2006/07/28 20.3 20.8 20.3 20.45 187 
2006/08/04 20.8 22.25 20.6 21.85 390 
2006/08/11 21.6 21.65 20.55 20.9 235 
2006/08/18 21.4 21.7 20.9 21.2 378 
2006/08/25 21.1 21.45 20.5 21 422 
2006/09/01 21.4 21.45 20.6 20.7 6455 
2006/09/08 21.1 21.1 19.6 19.6 5535 
2006/09/15 19.5 19.6 18 18.4 458 
2006/09/22 18.2 19.25 18 18.85 184 
2006/09/29 18.8 19.45 18.4 18.9 240 
2006/10/06 18.9 19.2 18.9 19.1 96 
2006/10/13 19.3 19.6 19.05 19.5 144 
2006/10/20 19.2 19.2 18.6 18.7 252 
2006/10/27 18.7 19 18.5 18.5 147 
2006/11/03 18.55 18.6 18.2 18.25 263 
2006/11/10 18 18.6 18 18.4 159 
2006/11/17 18.3 18.95 18.2 18.6 291 
2006/11/24 18.5 20.65 18.2 20.65 474 
2006/12/01 20.75 21 19.45 20.3 485 
2006/12/08 20 20.05 19.25 19.85 262 
2006/12/15 19.45 19.85 19.15 19.6 138 
2006/12/22 19.4 21.5 19.2 20.5 648 
2006/12/29 20.4 23.45 20 21.75 1555 
2007/01/05 22.9 23.2 21.15 21.3 660 
2007/01/12 21.3 21.5 20.55 20.55 412 
2007/01/19 20.7 21.4 20.55 21.25 311 
2007/01/26 21.25 21.8 20.8 21.3 394 
2007/02/02 21.2 21.8 20.8 21.2 710 
2007/02/09 21.2 21.3 20.6 21.25 972 
2007/02/16 21 21.35 20.8 20.95 271 
2007/03/02 20.95 21.35 19.4 19.4 870 
2007/03/09 19.4 21 18.4 19.7 995 
2007/03/16 19.3 19.5 18.9 19.1 347 
2007/03/23 19.2 19.3 18.9 19 384 
2007/03/30 19.1 19.3 18.8 18.9 305 
2007/04/06 19.25 19.5 18.9 19.25 470 
2007/04/13 19 20.7 19 20 1091 
2007/04/20 20 20.05 19.5 19.7 254 
2007/04/27 20 20 19.3 19.35 214 
2007/05/04 19.3 19.3 18.55 18.75 341 
2007/05/11 18.75 19.5 18.75 18.95 399 
2007/05/18 18.95 19.25 18.6 18.65 218 
2007/05/25 18.65 18.95 18.5 18.9 195 
2007/06/01 18.9 19.1 18.7 18.8 172 
2007/06/08 18.8 19 18.6 18.95 190 
2007/06/15 19 19.15 18.65 19.15 522 
2007/06/22 19.3 19.7 18.2 19.2 382 
2007/06/29 19.35 20.5 19.2 20.25 741 
2007/07/06 20.7 21.5 20.25 20.8 1401 
2007/07/13 21.2 22.25 20.55 21.95 1336 
2007/07/20 22.5 24.7 22.5 24.6 3483 
2007/07/27 24.6 25 21.3 21.3 2009 
2007/08/03 20.55 22.25 20.5 22.25 968 
2007/08/10 21.3 22.95 21.2 22 813 
2007/08/17 22 22.5 21.1 21.6 1506 
2007/08/24 22.7 22.7 21.1 21.15 408 
2007/08/31 21.15 21.5 20.5 20.5 122 
2007/09/07 20.5 21.2 20.4 20.75 139 
2007/09/14 20.1 21 20.1 20.5 126 
2007/09/21 20.65 21 20.1 20.7 66 
2007/09/28 20.3 20.4 20.1 20.3 129 
2007/10/05 20.75 20.85 20.25 20.6 114 
2007/10/12 20.35 21.2 20.3 20.5 137 
2007/10/19 20.35 20.45 20 20.45 149 
2007/10/26 20.05 20.4 19.95 20.3 172 
2007/11/02 20.45 20.5 20.05 20.3 216 
2007/11/09 20.4 22.3 20.4 22.3 640 
2007/11/16 21.75 23.5 21.75 22.9 677 
2007/11/23 23 24.25 22.3 24.1 962 
2007/11/30 22.85 23.7 21 21.1 165 
2007/12/07 20 21.8 20 21.4 53 
2007/12/14 20.8 21.6 20.1 21 72 
2007/12/21 20.45 20.45 19.55 19.85 193 
2007/12/28 20 20.6 19.8 20 67 
2008/01/04 20.3 20.4 19.6 20.05 94 
2008/01/11 19.8 20.45 19.8 19.8 99 
2008/01/18 19.9 20.8 19.5 20.2 177 
2008/01/25 20.2 21 19.6 20.15 217 
2008/02/01 19.9 19.9 19.1 19.45 142 
2008/02/15 20.6 20.6 19 19.85 145 
2008/02/22 19.55 19.65 19.2 19.6 149 
2008/02/29 19.7 20 19.4 19.9 68 
2008/03/07 20 21.1 19.8 20.8 219 
2008/03/14 20.6 21.9 20.1 20.4 212 
2008/03/21 20.4 22.75 20.3 21.9 264 
2008/03/28 23.4 24.5 22 22.4 602 
2008/04/04 22.15 22.75 22 22.35 63 
2008/04/11 22.35 22.75 21.55 22 94 
2008/04/18 22.6 22.95 21.9 22.85 284 
2008/04/25 22.8 23.1 21.8 21.8 182 
2008/05/02 20.5 22.3 20.5 22.05 138 
2008/05/09 22.1 23.8 21.9 23 249 
2008/05/16 23 24.5 22.2 23.75 758 
2008/05/23 24.2 24.8 23.6 24.5 402 
2008/05/30 24.4 24.4 23 23.05 156 
2008/06/06 23.05 23.05 22.15 23.05 53 
2008/06/13 23.05 23.05 21 21.7 67 
2008/06/20 20.7 22.15 20.2 20.35 211 
2008/06/27 20.35 22 20.35 21.3 50 
2008/07/04 20.7 22.3 20.7 22.2 113 
2008/07/11 21.1 21.75 19.5 21.7 159 
2008/07/18 21.7 21.7 19.5 19.65 235 
2008/07/25 19 20.5 19 20.2 128 
2008/08/01 20.2 21.5 19.75 20.9 89 
2008/08/08 20.1 21.7 20.1 21.7 105 
2008/08/15 21 21.45 19.6 19.6 136 
2008/08/22 19.4 19.65 18.3 19.2 186 
2008/08/29 19.2 20.25 19.2 20.25 119 
2008/09/05 20.3 20.3 18 18.9 184 
2008/09/12 19.4 19.4 18.4 18.9 106 
2008/09/19 18.7 20 17.35 18.15 272 
2008/09/26 18.4 18.4 18 18.05 57 
2008/10/03 16.8 17.7 16.5 16.7 115 
2008/10/10 16.8 16.8 15.7 15.9 94 
2008/10/17 16 16.45 15.45 15.85 238 
2008/10/24 15.3 15.5 14 14.5 577 
2008/10/31 13.5 14.5 12.6 14.25 2291 
2008/11/07 13.5 13.5 10.55 10.95 8457 
2008/11/14 10.7 11.55 10.7 10.9 1874 
2008/11/21 10.9 11.85 10.7 11.4 4190 
2008/11/28 11.4 12.6 11.3 12.3 4143 
2008/12/05 12.25 12.6 11.5 11.55 1615 
2008/12/12 11.6 12.9 11.6 12.15 3893 
2008/12/19 12.3 13 12.2 12.9 3574 
2008/12/26 12.9 13.05 12.35 12.8 4130 
2009/01/02 12.9 12.9 12.6 12.6 394 
2009/01/09 12.7 12.8 11.75 11.75 2629 
2009/01/16 11.7 12.85 11.5 12.85 6227 
2009/01/23 12.85 13.1 12.45 12.85 7394 
2009/02/06 12.85 13.4 12 13.1 9678 
2009/02/13 13.1 13.95 13.1 13.75 2403 
2009/02/20 13.7 14.6 13.5 14.4 2394 
2009/02/27 14.4 14.4 13.95 14.2 647 
2009/03/06 14 14.5 13.75 14.3 1001 
2009/03/13 14.2 15.65 14.05 15.65 1909 
2009/03/20 15.7 19.9 15.3 18.15 1078 
2009/03/27 18.15 18.5 17.1 17.15 540 
2009/04/03 17.15 18.8 16.8 17.95 788 
2009/04/10 17 20.15 17 20.15 882 
2009/04/17 19.5 19.8 18.1 18.25 588 
2009/04/24 17.8 20.4 17.8 20.4 643 
2009/05/01 20.1 22.1 18.65 21.5 1140 
2009/05/08 22.5 24.8 22.05 23.75 2031 
2009/05/15 23.25 23.9 22.35 23.25 759 
2009/05/22 23.3 26.05 22.85 24.95 5518 
2009/05/29 24.95 25.5 24.6 25.35 698 
2009/06/05 25.3 26 23.55 23.8 1579 
2009/06/12 24 24.9 23 24.4 3752 
2009/06/19 24.05 24.3 22.55 24.3 3100 
2009/06/26 24.3 26.5 24.3 25.95 1149 
2009/07/03 25.85 25.85 25.2 25.6 674 
2009/07/10 25.3 26.4 24.85 26 538 
2009/07/17 26.05 26.05 23.6 24.2 680 
2009/07/24 24.2 27.6 23.9 27 1135 
2009/07/31 27 27.2 24.8 25.85 614 
2009/08/07 25.4 25.55 24.8 24.8 231 
2009/08/14 25 25.1 24.5 24.8 409 
2009/08/21 24.5 24.5 22.1 23 779 
2009/08/28 23 23.3 22.1 23 338 
2009/09/04 23 23.25 22.3 22.8 930 
2009/09/11 22.8 23.05 22.5 23 663 
2009/09/18 23 23.25 22.65 22.65 797 
2009/09/25 22.7 22.9 22.25 22.3 233 
2009/10/02 22.3 23 22.05 22.9 267 
2009/10/09 21.3 23.25 21.3 23.15 647 
2009/10/16 23.15 24.3 22 24.1 365 
2009/10/23 24.1 24.1 23.2 23.55 349 
2009/10/30 23.55 23.6 22.4 23 376 
2009/11/06 22.6 22.95 22.25 22.55 1223 
2009/11/13 22.8 24.3 22.6 24.3 3321 
2009/11/20 24.4 27.7 24.2 27.7 24660 
2009/11/27 28 28 26 26.4 7574 
2009/12/04 26.7 28.9 26.7 27.5 8512 
2009/12/11 27.9 31.35 27.7 29.8 9403 
2009/12/18 29.8 31.25 28.1 30 4806 
2009/12/25 29.9 31.25 28.7 30.75 4763 
2010/01/01 30.6 32.75 29.9 32.65 5914 
2010/01/08 32.6 32.65 30.1 30.35 3233 
2010/01/15 30.2 31.45 30.1 31 2942 
2010/01/22 31 31.3 27.85 28.25 2750 
2010/01/29 27.6 28.7 25.8 27.45 2572 
2010/02/05 27.15 27.4 23.35 24.15 2017 
2010/02/12 24.2 26.95 24.15 26.6 1535 
2010/02/26 27.25 28.45 26.5 27 2385 
2010/03/05 27.35 28.85 27 27.45 2771 
2010/03/12 27.6 27.75 26.8 27.1 1257 
2010/03/19 27.1 27.6 26.25 27.55 1307 
2010/03/26 27.5 27.55 25.55 25.95 2748 
2010/04/02 25.95 26.65 25.6 26.15 2210 
2010/04/09 26.15 26.45 25.55 26.1 2018 
2010/04/16 26.1 27.25 25.4 26.8 3637 
2010/04/23 26.5 26.5 25.15 26.25 1258 
2010/04/30 26.5 27.3 25.3 25.6 2769 
2010/05/07 25.95 26 23.3 25.45 1681 
2010/05/14 25.9 25.9 25 25.35 849 
2010/05/21 25.05 25.4 23.3 24.05 794 
2010/05/28 24.15 25.2 23.75 24.95 998 
2010/06/04 25 25.7 24.55 25.4 690 
2010/06/11 24.7 26.85 24.5 26.45 2187 
2010/06/18 26.75 27.2 25.3 25.8 1129 
2010/06/25 26 26.7 25.25 25.6 864 
2010/07/02 25.6 25.8 24.2 24.9 658 
2010/07/09 24.6 25.5 24.6 25 684 
2010/07/16 25.2 25.35 24.8 24.85 445 
2010/07/23 24.85 25 24.5 24.95 481 
2010/07/30 24.95 27.1 24.7 26.5 7112 
2010/08/06 26.5 31.1 26.15 29.3 10797 
2010/08/13 28.9 30 26.8 28.8 3567 
2010/08/20 28 28.8 27.65 27.65 1461 
2010/08/27 27.8 29.5 25.5 26.1 2708 
2010/09/03 26.1 26.3 24.9 25.8 1075 
2010/09/10 26.2 26.4 25 25.3 867 
2010/09/17 25.35 25.8 25 25.35 405 
2010/10/01 30 31 29.15 29.6 497 
2010/10/08 29.6 29.9 28.75 29.2 394 
2010/10/15 27.2 29.5 27.2 28.8 510 
2010/10/22 28.8 29.2 28 28.35 281 
2010/10/29 28.8 28.8 27.3 27.5 588 
2010/11/05 27.6 28.8 26.8 28.7 822 
2010/11/12 28.7 28.7 27.55 27.6 336 
2010/11/19 27.5 27.75 27.2 27.25 166 
2010/11/26 27.2 27.45 27.1 27.25 188 
2010/12/03 27.3 27.7 27.1 27.3 776 
2010/12/10 27.3 27.45 26.95 27.25 861 
2010/12/17 27.25 28.3 27.25 28.1 956 
2010/12/24 28.2 28.6 27.9 28.6 322 
2010/12/31 28.75 28.75 28.05 28.05 275 
2011/01/07 28.2 28.45 27.9 28.25 256 
2011/01/14 28.25 28.7 28.2 28.45 133 
2011/01/21 28.6 29.7 28.35 29.15 344 
2011/01/28 29.4 31.05 28.85 30.05 1499 
2011/02/11 30.1 30.2 28.1 28.3 349 
2011/02/18 28.3 29.2 27.5 29.05 707 
2011/02/25 29.2 29.2 27.9 28.15 254 
2011/03/04 28.5 28.5 27.55 28.2 200 
2011/03/11 28.1 29 27.7 29 905 
2011/03/18 29.9 29.9 27.2 28.9 350 
2011/03/25 28.55 31.15 28.55 30.5 15924 
2011/04/01 30.6 30.6 29.85 30 368 
2011/04/08 29.85 30.4 29.8 30.3 381 
2011/04/15 29.9 31.5 29.85 30.65 566 
2011/04/22 30.65 31.65 30.1 31.45 801 
2011/04/29 31.45 33.1 31.25 32.45 997 
2011/05/06 32.45 32.45 31.5 32 331 
2011/05/13 32.1 34.9 32 34 3388 
2011/05/20 34 35.45 33.45 35.25 1906 
2011/05/27 35.25 39.85 34.8 38.2 6338 
2011/06/03 38.2 39.25 37 37.5 6862 
2011/06/10 37.1 37.4 35.9 35.95 1402 
2011/06/17 35.95 36.25 33.3 33.7 1791 
2011/06/24 34.1 39.5 33.35 39.3 5169 
2011/07/01 39.5 40.2 38.5 39.7 4078 
2011/07/08 40.4 41.4 38.65 38.9 5105 
2011/07/15 38.9 39.8 36 39.1 5085 
2011/07/22 39.1 44.8 38.1 44.8 14122 
2011/07/29 44.75 47.6 43.7 46.9 4686 
2011/08/05 46.8 51.3 43.1 45 6037 
2011/08/12 44.9 51.7 41.85 49.3 6588 
2011/08/19 49.85 51.5 48.8 50.1 4798 
2011/08/26 49.65 50.6 43 45.45 3571 
2011/09/02 45.25 50.5 45.15 48.1 3050 
2011/09/09 48.3 50.1 45.9 48.3 2422 
2011/09/16 48.25 48.25 45.2 47.35 1512 
2011/09/23 47.35 48.6 40.9 40.9 2953 
2011/09/30 40.9 41.1 36.6 38.9 2516 
2011/10/07 38 38 35 35.65 1829 
2011/10/14 36.15 39.75 36 39 2321 
2011/10/21 41 41 37.95 38.2 1393 
2011/10/28 38.6 41.8 38.2 41 2886 
2011/11/04 42.45 43.8 41.8 42.5 3141 
2011/11/11 42.5 44.25 40.25 42.65 2758 
2011/11/18 43.45 47.45 43.3 44.1 3346 
2011/11/25 43.95 44.45 39.55 40 2407 
2011/12/02 40.65 45.1 40.3 44 2586 
2011/12/09 44.45 45.5 42 43.15 1913 
2011/12/16 43.35 43.7 39.05 41.1 1699 
2011/12/23 40.9 43.1 39.65 41.95 1606 
2011/12/30 42.4 42.4 40.5 40.85 1040 
2012/01/06 40.8 41.35 39.75 39.9 1871 
2012/01/13 40.5 44 40.2 42 5094 
2012/01/20 43.1 46.5 42.8 46.1 4235 
2012/02/03 46.5 47.4 44.4 46.15 5858 
2012/02/10 46.8 49.3 45.15 48.2 3632 
2012/02/17 48.3 50.4 47.75 48.4 4727 
2012/02/24 49.4 49.8 48 49 2333 
2012/03/02 49.15 49.55 48.4 49.4 1534 
2012/03/09 49.9 49.9 47 47.8 1940 
2012/03/16 47.5 49.8 47 49 1642 
2012/03/23 49.3 49.7 48.15 48.6 1858 
2012/03/30 48 48.8 45.65 47.75 4154 
2012/04/06 47.4 47.4 42.8 44.4 2276 
2012/04/13 43.6 45 43 43.5 1888 
2012/04/20 43.45 46.9 43.2 46.45 2406 
2012/04/27 46.6 49.4 46.6 47 3695 
2012/05/04 48.7 53.3 47.75 52.7 6303 
2012/05/11 53.9 53.9 49.5 49.5 3629 
2012/05/18 51.9 53.3 50.2 51 3533 
2012/05/25 51.9 52.3 48.15 48.9 2615 
2012/06/01 49.4 51.2 48.9 50 1433 
2012/06/08 48.55 49.25 46.5 48.7 1590 
2012/06/15 48.7 51 47.8 51 926 
2012/06/22 50.5 51.2 49 50 1004 
2012/06/29 49.5 50.3 48.5 49.8 734 
2012/07/06 49.8 51.2 49.6 50.5 1216 
2012/07/13 50.3 52.9 50.2 51.3 3538 
2012/07/20 51.6 53 51.2 51.7 1786 
2012/07/27 51.3 52.1 50.5 51.7 1311 
2012/08/03 52 55.5 51.8 54.7 2648 
2012/08/10 57.5 57.5 54.7 56.3 4630 
2012/08/17 56.3 56.8 51.5 52.5 5084 
2012/08/24 52.5 52.7 50.3 51.1 2341 
2012/08/31 51 51.2 47.8 48.3 3295 
2012/09/07 49.5 49.5 48 48.45 1180 
2012/09/14 48.35 48.35 47 47.1 1521 
2012/09/21 47.5 47.75 46.15 47.05 1931 
2012/09/28 47.4 47.8 46.15 47.4 1284 
2012/10/05 47.4 47.5 44.5 45.6 1086 
2012/10/12 45.6 45.8 42.4 42.6 1422 
2012/10/19 43 43 41 41.25 1076 
2012/10/26 41.1 42.7 40.6 40.85 698 
2012/11/02 40 41.25 39.8 40.65 768 
2012/11/09 40.2 40.3 39.4 39.75 938 
2012/11/16 39.75 39.75 38.2 38.6 1189 
2012/11/23 38.6 38.9 38.1 38.9 1024 
2012/11/30 38.9 40.85 38.9 40.85 978 
2012/12/07 40.85 41.5 39.6 40.2 463 
2012/12/14 40 40.3 39.5 40 310 
2012/12/21 39.5 39.6 38.15 38.95 691 
2012/12/28 39.1 42.95 39.1 41.5 2363 
2013/01/04 42.3 42.3 40.7 40.85 805 
2013/01/11 40.85 41.75 40.15 41.5 788 
2013/01/18 41.5 41.5 39.65 39.95 712 
2013/01/25 40.05 40.4 39.25 39.4 639 
2013/02/01 39.3 41 38.55 40.1 1189 
2013/02/08 40.4 41.1 40.15 40.9 648 
2013/02/22 40.9 40.9 38.65 38.85 1419 
2013/03/01 38.6 39.6 37.9 39.2 1237 
2013/03/08 39.2 39.3 38.35 38.7 828 
2013/03/15 39 39.8 38.4 39.1 1117 
2013/03/22 38.7 39.5 38.45 38.9 650 
2013/03/29 39 42.15 38.6 41.7 2604 
2013/04/05 42.1 42.1 40.65 41.3 690 
2013/04/12 41 42.2 40.15 42 1197 
2013/04/19 42.15 43.6 41 43.3 1325 
2013/04/26 43.4 43.4 42 42.8 1398 
2013/05/03 42.6 43.3 42.6 43.2 533 
2013/05/10 43.3 43.3 42.9 43.25 582 
2013/05/17 43.3 45 42.85 44.15 1322 
2013/05/24 44.15 44.4 43.1 43.2 731 
2013/05/31 43.1 44 43 43.9 533 
2013/06/07 43.5 46.5 43.5 45.7 1638 
2013/06/14 45.7 46.1 44.6 45.8 743 
2013/06/21 45.8 45.85 43.05 43.05 1676 
2013/06/28 44 45.1 43.3 44.8 1284 
2013/07/05 44.8 45.8 39.65 39.85 3040 
2013/07/12 39.85 41.6 39.65 41.5 847 
2013/07/19 41.5 42.2 40.2 40.65 824 
2013/07/26 40.5 41 40 40 452 
2013/08/02 40.1 40.6 40 40.2 411 
2013/08/09 40.3 43.35 40 40.1 837 
2013/08/16 40.05 40.05 36.35 36.4 2043 
2013/08/23 36.5 37 34.75 36.05 1771 
2013/08/30 36.05 36.2 35.6 36.2 357 
2013/09/06 36.45 36.9 35.7 36.6 438 
2013/09/13 36.9 36.9 35.4 35.9 793 
2013/09/20 35.9 36.55 35.8 36.45 338 
2013/09/27 36.65 37.4 36.2 36.35 638 
2013/10/04 36.4 36.85 36.3 36.45 279 
2013/10/11 36.45 36.85 36.4 36.4 268 
2013/10/18 36.4 36.6 35.5 36.1 360 
2013/10/25 36.25 36.4 35.45 35.45 392 
2013/11/01 35.45 36 35.4 35.7 346 
2013/11/08 35.7 35.7 34.65 34.95 635 
2013/11/15 34.9 35.15 34 35.1 461 
2013/11/22 35.45 35.5 34.95 35.5 466 
2013/11/29 35.55 36.7 35.45 36.7 549 
2013/12/06 36.6 36.9 35.5 35.9 432 
2013/12/13 35.9 36.8 35.6 36.35 331 
2013/12/20 36.35 36.55 35.9 36.1 381 
2013/12/27 36.1 36.65 35.75 36.35 544 
2014/01/03 36.5 39.5 36.5 37.9 3595 
2014/01/10 37.9 38.1 37.2 37.3 508 
2014/01/17 37.6 37.8 37.1 37.45 327 
2014/01/24 37.45 37.45 36.35 36.5 536 
2014/01/31 36.5 36.5 36.15 36.15 129 
2014/02/07 36 36.2 35.35 35.55 399 
2014/02/14 35.95 37 35.7 36.1 437 
2014/02/21 36.15 36.65 36 36.35 321 
2014/02/28 36.25 36.8 36.05 36.45 298 
2014/03/07 36.6 36.9 36.25 36.75 490 
2014/03/14 36.95 36.95 36.2 36.2 413 
2014/03/21 36.25 38.6 35.8 38.6 1287 
2014/03/28 38.6 38.9 37.5 37.65 1740 
2014/04/04 37.65 38.55 37.65 38.4 861 
2014/04/11 38.4 38.65 37.65 38 1229 
2014/04/18 38.3 39.6 37.8 39 877 
2014/04/25 39 39.95 37.95 38.4 1091 
2014/05/02 38 38.65 38 38.5 526 
2014/05/09 38.05 41.2 38.05 40.7 1905 
2014/05/16 40.95 42.8 39.5 42 2513 
2014/05/23 42.5 42.5 41.55 41.9 1110 
2014/05/30 42 42.2 40.8 40.8 1587 
2014/06/06 41.4 42.45 41.3 42.15 1095 
2014/06/13 42.45 45 42 44.85 2881 
2014/06/20 44.9 48 44.9 47.5 4278 
2014/06/27 47.65 47.65 40.2 40.75 5403 
2014/07/04 40.75 41.5 39 39.95 2245 
2014/07/11 39.95 39.95 38.9 38.95 1247 
2014/07/18 39 39.8 38.9 39.3 1213 
2014/07/25 39.2 39.9 39.1 39.6 632 
2014/08/01 39.3 39.8 39.05 39.2 533 
2014/08/08 39.2 39.55 38.75 39.2 971 
2014/08/15 39.2 39.45 38.75 39.15 807 
2014/08/22 39.1 39.2 38.6 38.95 500 
2014/08/29 38.9 39.05 37.2 37.6 1116 
2014/09/05 37.6 38.15 37.3 38 868 
2014/09/12 38 38.35 37.45 37.65 364 
2014/09/19 37.6 37.9 36.8 37.1 642 
2014/09/26 37.05 37.55 36.85 37.4 446 
2014/10/03 37.4 37.4 36.85 36.9 488 
2014/10/10 37 37.1 34.75 34.8 1161 
2014/10/17 34.6 35.5 32 32 1297 
2014/10/24 33.5 34.6 33.15 33.95 4154 
2014/10/31 33.95 35.25 33.6 34.8 665 
2014/11/07 35.1 35.6 34.8 35.4 781 
2014/11/14 35.2 36.85 35.2 36.65 672 
2014/11/21 36.9 37 36.25 36.85 640 
2014/11/28 36.9 37 36.65 36.9 323 
2014/12/05 36.8 38.15 36.55 38.1 705 
2014/12/12 38.15 39 38.05 38.45 807 
2014/12/19 38.3 38.3 37.8 38 555 
2014/12/26 38.05 39.5 37.9 39.1 832 
2015/01/02 39.1 39.1 38.4 38.65 531 
2015/01/09 38.65 39.5 38.2 39.25 854 
2015/01/16 39.2 39.2 38.35 38.7 848 
2015/01/23 38.55 39.2 38.55 39.1 405 
2015/01/30 39.1 39.1 38.8 38.8 442 
2015/02/06 38.9 38.9 38.7 38.85 496 
2015/02/13 38.75 39.25 38.7 39.25 553 
2015/02/27 39.5 39.9 39.3 39.8 519 
2015/03/06 39.8 40.5 39.8 40.35 979 
2015/03/13 40.6 42.8 40.45 42.2 1445 
2015/03/20 42.55 44.1 42.2 43.65 2016 
2015/03/27 43.7 45.1 42.1 42.8 1979 
2015/04/03 43 43.45 42.5 43.35 864 
2015/04/10 43.35 44.3 43.1 43.55 1242 
2015/04/17 43.45 51.7 43.15 49.7 11973 
2015/04/24 49.7 56.6 46.4 54.6 14958 
2015/05/01 54.6 58.7 53.3 57.6 11665 
2015/05/08 58.5 62.7 54.5 57.5 17159 
2015/05/15 58.5 61.8 56 60.4 11999 
2015/05/22 61 61 56 60.8 10352 
2015/05/29 61 65.1 59.2 64.6 16178 
2015/06/05 65 66.5 54.5 58.2 11536 
2015/06/12 58.2 59.9 56.3 58.3 4097 
2015/06/19 58.4 61.8 57.4 61.2 3800 
2015/06/26 62 62.9 58.5 58.7 4904 
2015/07/03 58.7 62.6 56.1 59.1 10370 
2015/07/10 59.5 59.9 50.7 54.5 6190 
2015/07/17 56 63.5 55.2 62.5 9960 
2015/07/24 62.8 67 61.6 62.5 10942 
2015/07/31 62.7 66.4 56.1 64.1 8742 
2015/08/07 64.9 67.7 61.5 65.2 8467 
2015/08/14 64.5 66.2 60.7 64 7091 
2015/08/21 64.8 64.8 56.5 59.6 5811 
2015/08/28 58.4 59 50.4 56.8 6649 
2015/09/04 57.6 58.5 54.7 56.5 2864 
2015/09/11 56.5 59.7 56.1 57.6 3014 
2015/09/18 57.8 58.5 56.1 58 2286 
2015/09/25 58 58.1 55.3 57.1 1700 
2015/10/02 57.5 59 56.8 58.2 1556 
2015/10/09 58.4 59 56 56.7 1730 
2015/10/16 56.3 56.8 53.4 53.5 3202 
2015/10/23 53.7 56 52.3 55 3294 
2015/10/30 55.3 56.4 54.5 54.8 1390 
2015/11/06 55 55.8 54.3 54.6 1643 
2015/11/13 54.9 57.3 53.7 55.6 2849 
2015/11/20 55 58 54 57.1 2553 
2015/11/27 57.1 57.8 55 55 1854 
2015/12/04 55 56 54.3 54.5 1892 
2015/12/11 54.6 55.1 52.5 52.5 1950 
2015/12/18 52 53.5 50.8 52.7 1181 
2015/12/25 52.5 52.9 51.8 52.7 965 
2016/01/01 52.7 54.5 52.5 53.5 982 
2016/01/08 53.5 53.5 49.35 49.8 2630 
2016/01/15 49.5 51.4 49 49.25 2151 
2016/01/22 49 51.8 49 50.1 1241 
2016/01/29 50.3 53.4 50.3 53.3 1352 
2016/02/05 53.4 53.4 52 52.7 843 
2016/02/19 52.7 53.5 52 53.5 1999 
2016/02/26 53.5 55.8 53.3 55.7 2587 
2016/03/04 55.8 57.1 55.4 56.8 2366 
2016/03/11 56.8 57.5 55.6 56.3 2405 
2016/03/18 56.3 57.2 54.9 57 1993 
2016/03/25 57.3 59.9 56.5 59.2 3040 
2016/04/01 59.7 61.9 55.2 55.7 6394 
2016/04/08 56 56 54.6 55.3 900 
2016/04/15 55.3 55.4 52.6 53.9 1925 
2016/04/22 53.7 54 52 52.1 1537 
2016/04/29 52.2 52.7 51.7 51.9 813 
2016/05/06 51.9 51.9 50.3 50.8 883 
2016/05/13 51.7 52.4 50.6 51.2 1422 
2016/05/20 51.2 53 50.7 51.6 1302 
2016/05/27 51.5 52.1 51.4 51.8 861 
2016/06/03 52.1 53.6 51.7 52.8 1477 
2016/06/10 52.8 52.8 51.8 51.8 430 
2016/06/17 51.8 52.6 51.3 52.2 692 
2016/06/24 52.2 55.2 51.9 53.7 14734 
2016/07/01 53.6 55.1 53 54.5 3276 
2016/07/08 50.3 50.5 49 49.05 2039 
2016/07/15 49.7 50.4 49.05 50.2 800 
2016/07/22 50.3 51.2 50.1 50.6 1091 
2016/07/29 50.5 50.8 49.9 50.1 747 
2016/08/05 50.1 50.3 49.7 49.7 633 
2016/08/12 50 50.4 49.05 50 1212 
2016/08/19 50 50.6 49.7 49.75 1088 
2016/08/26 49.75 50.3 49.25 49.9 1018 
2016/09/02 50 50.4 49.4 49.8 698 
2016/09/09 49.6 49.95 49.1 49.95 865 
2016/09/16 49.5 49.7 49.05 49.15 366 
2016/09/23 49.15 49.55 49.1 49.15 448 
2016/09/30 49.3 49.3 49 49.1 445 
2016/10/07 49.3 49.45 47.95 48.2 850 
2016/10/14 48.2 49 48.05 49 606 
2016/10/21 49 49.6 48.7 48.7 676 
2016/10/28 49 49.35 48.7 49.2 264 
2016/11/04 49.1 49.3 48.8 49 349 
2016/11/11 49 49.45 48.1 49 522 
2016/11/18 49 50 48.75 49.45 503 
2016/11/25 49.4 50.3 49.25 49.6 480 
2016/12/02 49.6 50 49.4 49.7 375 
2016/12/09 49.95 52.1 49.7 51.9 1618 
2016/12/16 51.8 51.9 51 51.6 502 
2016/12/23 51.6 51.7 50.6 51 464 
2016/12/30 51 52.3 50.5 51.2 300 
2017/01/06 51.2 51.5 50.6 50.8 324 
2017/01/13 50.8 51.1 50.5 50.6 313 
2017/01/20 50.6 50.9 50.4 50.4 238 
2017/01/27 50.4 51.3 50.4 50.9 180 
2017/02/03 51 51.2 50.5 51.1 263 
2017/02/10 51.1 52.1 50.9 51.7 860 
2017/02/17 51.9 52.1 51.4 51.9 976 
2017/02/24 51.9 53 51.8 52.8 1006 
2017/03/03 52.9 53.6 52.7 53 572 
2017/03/10 53 53.5 52.2 52.6 872 
2017/03/17 52.6 53.4 52.5 53.3 1370 
2017/03/24 53.5 54.1 53.3 53.8 1628 
2017/03/31 53.8 54 52.5 53.7 1317 
2017/04/07 53.7 53.9 53.5 53.6 200 
2017/04/14 53.7 53.7 52.2 52.6 1070 
2017/04/21 52.5 52.6 52.2 52.5 164 
2017/04/28 53.1 53.3 52.8 53 86 
2017/05/05 53 53 52.8 53 109 
2017/05/12 53 53.6 52.7 53.5 469 
2017/05/19 53.6 53.8 52.7 53.7 817 
2017/05/26 53.7 54.9 53.2 54.1 1061 
2017/06/02 54.1 54.9 54 54.4 524 
2017/06/09 54.6 54.9 54.5 54.6 242 
2017/06/16 54.6 54.8 54.3 54.7 591 
2017/06/23 55 56.1 55 55.6 2159 
2017/06/30 55.7 55.8 50.6 51.4 3352 
2017/07/07 51.4 51.4 51 51.1 251 
2017/07/14 50.9 51.2 50.5 50.6 365 
2017/07/21 51 51 50.4 50.5 321 
2017/07/28 50.8 50.9 50.3 50.4 201 
2017/08/04 50.3 50.3 49.95 50 967 
2017/08/11 50 50.2 50 50 263 
2017/08/18 49.7 49.85 49.1 49.4 388 
2017/08/25 49.7 50.1 49.7 50.1 89 
2017/09/01 50 50.2 49.9 49.95 91 
2017/09/08 50.5 50.5 50.2 50.4 144 
2017/09/15 50.1 50.3 50 50.2 93 
2017/09/22 50.8 50.8 50.6 50.7 157 
2017/09/29 50.1 50.3 50 50 297 
2017/10/06 50.2 50.3 50.1 50.1 76 
2017/10/13 50.3 50.3 50.1 50.2 117 
2017/10/20 50.3 50.3 50.2 50.3 86 
2017/10/27 50.4 50.7 50.1 50.4 366 
2017/11/03 50.4 50.6 50.3 50.5 346 
2017/11/10 50.5 51.9 50.4 51.7 1013 
2017/11/17 51.8 52.3 51.8 52.3 367 
2017/11/24 52.4 52.4 51.9 51.9 75 
2017/12/01 52.3 52.9 52.1 52.4 314 
2017/12/08 52.6 52.7 52.2 52.2 262 
2017/12/15 52.4 52.8 52.1 52.6 374 
2017/12/22 52.4 52.6 52 52.6 466 
2017/12/29 52.8 52.8 52.2 52.5 539 
2018/01/05 52.5 53 52.5 52.9 393 
2018/01/12 52.9 53.8 52.8 53.2 635 
2018/01/19 53.2 54.6 53.2 53.9 1189 
2018/01/26 54 54.5 53.6 54 602 
2018/02/02 54.3 54.4 53.7 53.9 462 
2018/02/09 53.4 53.8 51.2 52.3 1326 
2018/02/16 52.3 53 52.3 53 181 
2018/02/23 53 53.2 52.7 53 307 
2018/03/02 53.1 53.4 52.9 53.2 339 
2018/03/09 53.2 53.4 52.9 53.3 444 
2018/03/16 53.4 53.8 53.2 53.7 448 
2018/03/23 53.7 54.3 53.2 54 984 
2018/03/30 54 54.7 53.7 54.6 880 
2018/04/06 54.6 54.7 54 54.5 382 
2018/04/13 54.5 55.1 54.3 54.9 800 
2018/04/20 55 55.2 54.5 55.2 649 
2018/04/27 55.5 55.6 54.3 55 863 
2018/05/04 55 55.6 54.6 55.2 372 
2018/05/11 56.2 58.3 55.8 57.9 2375 
2018/05/18 58.1 59.7 57.7 58.3 2037 
2018/05/25 58.4 59.3 58.2 58.6 867 
2018/06/01 58.6 59.2 57.7 59.2 1042 
2018/06/08 59.3 59.6 58.7 59.1 1150 
2018/06/15 59.1 59.1 57.8 58.3 1034 
2018/06/22 58.3 59.7 58 59.4 1043 
2018/06/29 59.5 59.5 57.7 58 1314 
2018/07/06 58 58.5 52.7 53.3 2309 
2018/07/13 53.5 56.5 53.4 55.8 1025 
2018/07/20 55.9 57.4 55.9 56.5 659 
2018/07/27 56.5 57.3 56.4 57.1 499 
2018/08/03 57.1 57.6 56.7 57 603 
2018/08/10 57 57.5 56.4 57.2 662 
2018/08/17 57.8 59.2 57.2 58.7 1058 
2018/08/24 58.7 59.3 58.3 58.4 547 
2018/08/31 58.5 59.1 58.5 58.8 451 
2018/09/07 58.8 58.9 56.5 56.8 868 
2018/09/14 56.8 59 56 58.7 999 
2018/09/21 58.9 58.9 57.9 58.1 405 
2018/09/28 58.2 58.7 58 58.4 333 
2018/10/05 58.6 58.9 57.2 57.7 668 
2018/10/12 57.3 58 56 57.4 1042 
2018/10/19 57.4 58.4 56.2 58.2 1090 
2018/10/26 58 58.3 55.6 55.7 865 
2018/11/02 55.3 57.6 55.3 57 510 
2018/11/09 57 58 56.9 57.8 493 
2018/11/16 57.8 58.2 57.4 57.9 517 
2018/11/23 58.2 58.3 57.6 58 489 
2018/11/30 58 58.4 57.8 58 269 
2018/12/07 58.2 58.5 57.7 58.2 401 
2018/12/14 58.2 58.3 57.7 57.9 2098 
2018/12/21 58.2 58.2 57.5 57.9 447 
2018/12/28 57.7 57.9 57.3 57.9 2908 
2019/01/04 58 58.1 57.5 58 213 
2019/01/11 58 60 58 59.9 731 
2019/01/18 60 63.1 59.8 61.9 2303 
2019/01/25 62.5 63.3 61.8 63.3 3947 
2019/02/01 63.4 65.3 63.1 64.8 1153 
2019/02/15 65.1 66 64.1 64.5 1328 
2019/02/22 64.5 67.7 64.5 67.2 1159 
2019/03/01 64.8 64.9 63 64.5 4603 
2019/03/08 64.3 64.5 63.4 64.1 2133 
2019/03/15 64.1 64.5 63.7 64.2 1007 
2019/03/22 64.1 64.2 63.6 64.1 1219 
2019/03/29 64.1 64.4 63.9 64.3 607 
2019/04/05 64.4 65 64.3 64.7 457 
2019/04/12 64.8 65.3 64.7 64.8 802 
2019/04/19 64.8 65.1 64.4 64.8 689 
2019/04/26 64.9 65.5 64.9 65.5 671 
2019/05/03 65.5 65.5 65 65.2 569 
2019/05/10 65.2 65.3 64.9 65.1 842 
2019/05/17 65.1 66.5 64.6 66.3 2749 
2019/05/24 66.6 67.5 66.3 66.8 2070 
2019/05/31 66.8 67 66.5 66.7 1362 
2019/06/07 66.6 66.8 66.2 66.4 1077 
2019/06/14 66.4 66.8 66.3 66.7 1286 
2019/06/21 66.7 67.3 66.6 67.3 1440 
2019/06/28 67.3 67.4 66.4 66.5 1852 
2019/07/05 66.5 67 66.5 66.6 1272 
2019/07/12 66.8 66.9 66.6 66.7 807 
2019/07/19 66.8 66.9 66.7 66.8 783 
2019/07/26 66.8 66.9 66.6 66.7 593 
2019/08/02 66.7 66.9 66.6 66.8 945 
2019/08/09 66.8 66.8 65.8 66.6 782 
2019/08/16 66.6 66.6 66.1 66.6 678 
2019/08/23 66.7 69.3 66.3 68.4 3841 
2019/08/30 68 69.2 67.8 69.1 2629 
2019/09/06 69.6 73.4 65.1 65.6 6580 
2019/09/13 66 68.6 66 67.2 2509 
2019/09/20 67.2 67.9 67.2 67.2 1020 
2019/09/27 67.7 67.7 65.8 66 1210 
2019/10/04 66 67 65.5 66.7 929 
2019/10/11 66.8 68 66.8 67 728 
2019/10/18 67.5 69.7 66.5 69.7 1334 
2019/10/25 68.5 69.4 68.2 68.4 1000 
2019/11/01 68.4 68.5 67.7 68 563 
2019/11/08 68 68.6 67.9 68.4 514 
2019/11/15 68.4 68.6 68 68.1 514 
2019/11/22 68.1 68.5 68 68.4 379 
2019/11/29 68.4 69.8 68.3 69.4 1022 
2019/12/06 69.5 69.9 68.8 68.9 488 
2019/12/13 69.3 69.9 68.8 69.8 438 
2019/12/20 69.8 71.7 69.8 71.3 896 
2019/12/27 71.3 71.6 71 71.6 406 
2020/01/03 71.6 71.6 71.1 71.3 301 
2020/01/10 71.3 71.3 69.8 70.7 1007 
2020/01/17 70.8 72.3 70.7 71.8 464 
2020/01/24 71.8 72 71.5 71.9 184 
2020/01/31 67.9 69.2 65.5 68.4 2408 
2020/02/07 67.5 68.9 65.7 67.5 1875 
2020/02/14 67.2 68.8 66.4 68.2 1390 
2020/02/21 68 68 67.2 67.2 1223 
2020/02/28 67 67 65.5 66.1 1602 
2020/03/06 65.9 66.1 65 65.1 1522 
2020/03/13 65 65 57.5 59.3 3625 
2020/03/20 59.3 59.3 44.65 49 5195 
2020/03/27 49 56.9 45.2 55 3329 
2020/04/03 53.8 55.4 52.5 54.9 969 
2020/04/10 54.7 58 52 56.3 2611 
2020/04/17 56.3 62.5 56 61.4 2543 
2020/04/24 61.4 61.4 57 59.3 1616 
2020/05/01 57.3 63.8 57.2 63.5 3412 
2020/05/08 63 63.5 61.7 63.3 1075 
2020/05/15 63.5 63.7 62.5 62.5 864 
2020/05/22 63 64.7 62.9 64.5 963 
2020/05/29 65 67.2 64.8 66.2 1749 
2020/06/05 66.5 68.3 66.2 68.3 1137 
2020/06/12 68.4 69.9 65 67.1 1850 
2020/06/19 67.1 71 67.1 70 1598 
2020/06/26 70 70.4 69.3 70 905 
2020/07/03 70 72.6 68.5 69.1 4323 
2020/07/10 69.3 69.8 66.5 67.2 2470 
2020/07/17 67.6 67.7 66.2 66.6 1036 
2020/07/24 66.6 67.5 66 66.1 780 
2020/07/31 66 66 63.8 65.8 1202 
2020/08/07 65.8 65.8 64 65.1 687 
2020/08/14 64.9 65.5 64.3 64.9 559 
2020/08/21 64.9 65.5 63.6 64.6 667 
2020/08/28 64.6 64.6 62.6 63.6 822 
2020/09/04 63.6 63.7 62.8 63 529 
2020/09/11 63 64.2 63 63.3 389 
2020/09/18 63.3 63.8 63 63.4 286 
2020/09/25 63.4 63.5 61 61.1 665 
2020/10/02 61.1 62 61.1 61.4 199 
2020/10/09 61.5 62.8 61.3 62.5 241 
2020/10/16 62.7 63 61.4 61.5 274 
2020/10/23 61.6 62 59.5 60.8 1459 
2020/10/30 60.8 61.5 60.3 60.3 309 
2020/11/06 60.1 61.3 59.8 60.5 290 
2020/11/13 60.6 64.5 60.6 62.8 966 
2020/11/20 63 64 63 63.5 477 
2020/11/27 63.9 63.9 63.5 63.6 874 
2020/12/04 63.6 63.6 62.8 63.4 2100 
2020/12/11 63.4 63.5 62.8 62.8 1659 
2020/12/18 63 64.3 62.9 63.8 750 
2020/12/25 63.8 63.8 62.6 62.9 1411 
2021/01/01 62.9 63.7 62.8 63.5 345 
2021/01/08 63.7 63.7 63.1 63.2 148 
