2011/06/29 3.78 3.81 3.74 3.75 923 0 0 0 0 0 0 0 0 0 
2011/06/30 3.8 3.82 3.75 3.78 467 0 0 0 0 0 0 0 0 0 
2011/07/01 3.8 3.85 3.78 3.78 362 0 0 0 0 0 0 0 0 0 
2011/07/04 3.81 3.82 3.72 3.75 622 0 0 0 0 0 0 0 0 0 
2011/07/05 3.75 3.79 3.72 3.78 495 0 0 0 0 0 0 0 0 0 
2011/07/06 3.78 3.86 3.78 3.78 633 0 0 0 0 0 0 0 0 0 
2011/07/07 3.78 3.83 3.76 3.76 462 0 0 0 0 0 0 0 0 0 
2011/07/08 3.78 3.84 3.72 3.74 1773 0 0 0 0 0 0 0 0 0 
2011/07/11 3.74 3.75 3.66 3.69 805 0 0 0 0 0 0 0 0 0 
2011/07/12 3.67 3.68 3.58 3.6 1101 0 0 0 0 0 0 0 0 0 
2011/07/13 3.6 3.66 3.6 3.6 707 0 0 0 0 0 0 0 0 0 
2011/07/14 3.61 3.65 3.43 3.46 1429 0 0 0 0 0 0 0 0 0 
2011/07/15 3.47 3.62 3.47 3.57 667 0 0 0 0 0 0 0 0 0 
2011/07/18 3.53 3.65 3.53 3.59 439 0 0 0 0 0 0 0 0 0 
2011/07/19 3.57 3.63 3.56 3.58 285 0 0 0 0 0 0 0 0 0 
2011/07/20 3.64 3.64 3.56 3.61 1351 0 0 0 0 0 0 0 0 0 
2011/07/21 3.66 3.66 3.57 3.62 534 0 0 0 0 0 0 0 0 0 
2011/07/22 3.65 3.68 3.59 3.65 603 0 0 0 0 0 0 0 0 0 
2011/07/25 3.66 3.7 3.63 3.66 616 0 0 0 0 0 0 0 0 0 
2011/07/26 3.66 3.8 3.66 3.75 1401 0 0 0 0 0 0 0 0 0 
2011/07/27 3.75 3.82 3.73 3.76 1318 0 0 0 0 0 0 0 0 0 
2011/07/28 3.7 3.88 3.7 3.83 6067 0 0 0 0 0 0 0 0 0 
2011/07/29 3.83 3.89 3.81 3.81 4204 0 0 0 0 0 0 0 0 0 
2011/08/01 3.81 3.88 3.8 3.81 850 0 0 0 0 0 0 0 0 0 
2011/08/02 3.7 3.82 3.7 3.77 531 0 0 0 0 0 0 0 0 0 
2011/08/03 3.68 3.76 3.6 3.71 447 0 0 0 0 0 0 0 0 0 
2011/08/04 3.72 3.76 3.67 3.68 444 0 0 0 0 0 0 0 0 0 
2011/08/05 3.43 3.57 3.43 3.43 1376 0 0 0 0 0 0 0 0 0 
2011/08/08 3.43 3.43 3.19 3.24 1455 0 0 0 0 0 0 0 0 0 
2011/08/09 3.1 3.13 3.02 3.06 2475 0 0 0 0 0 0 0 0 0 
2011/08/10 3.2 3.25 3.16 3.2 766 0 0 0 0 0 0 0 0 0 
2011/08/11 3.05 3.18 3.05 3.16 466 0 0 0 0 0 0 0 0 0 
2011/08/12 3.21 3.38 3.21 3.37 2149 0 0 0 0 0 0 0 0 0 
2011/08/15 3.37 3.37 3.25 3.35 713 0 0 0 0 0 0 0 0 0 
2011/08/16 3.38 3.38 3.29 3.38 807 0 0 0 0 0 0 0 0 0 
2011/08/17 3.38 3.44 3.32 3.38 485 0 0 0 0 0 0 0 0 0 
2011/08/18 3.44 3.49 3.38 3.41 614 0 0 0 0 0 0 0 0 0 
2011/08/19 3.26 3.38 3.26 3.31 437 0 0 0 0 0 0 0 0 0 
2011/08/22 3.31 3.41 3.26 3.28 754 0 0 0 0 0 0 0 0 0 
2011/08/23 3.32 3.4 3.32 3.36 260 0 0 0 0 0 0 0 0 0 
2011/08/24 3.41 3.41 3.34 3.37 158 0 0 0 0 0 0 0 0 0 
2011/08/25 3.37 3.43 3.25 3.33 641 0 0 0 0 0 0 0 0 0 
2011/08/26 3.13 3.3 3.13 3.24 523 0 0 0 0 0 0 0 0 0 
2011/08/29 3.2 3.29 3.2 3.22 517 0 0 0 0 0 0 0 0 0 
2011/08/30 3.26 3.29 3.24 3.29 438 0 0 0 0 0 0 0 0 0 
2011/08/31 3.29 3.3 3.2 3.3 433 0 0 0 0 0 0 0 0 0 
2011/09/01 3.28 3.36 3.25 3.34 594 0 0 0 0 0 0 0 0 0 
2011/09/02 3.31 3.36 3.29 3.31 419 0 0 0 0 0 0 0 0 0 
2011/09/05 3.27 3.28 3.22 3.28 493 0 0 0 0 0 0 0 0 0 
2011/09/06 3.25 3.27 3.22 3.24 1980 0 0 0 0 0 0 0 0 0 
2011/09/22 6.85 6.88 6.49 6.5 538 0 0 0 0 0 0 0 0 0 
2011/09/23 6.2 6.2 6.05 6.05 561 0 0 0 0 0 0 0 0 0 
2011/09/26 5.7 6.1 5.63 5.63 545 0 0 0 0 0 0 0 0 0 
2011/09/27 5.66 5.96 5.66 5.8 266 0 0 0 0 0 0 0 0 0 
2011/09/28 5.8 5.92 5.78 5.82 260 0 0 0 0 0 0 0 0 0 
2011/09/29 5.79 6.1 5.73 6 234 0 0 0 0 0 0 0 0 0 
2011/09/30 6 6.2 6 6.03 153 0 0 0 0 0 0 0 0 0 
2011/10/03 6.03 6.29 6.03 6.15 160 0 0 0 0 0 0 0 0 0 
2011/10/04 6.14 6.14 6.05 6.1 86 0 0 0 0 0 0 0 0 0 
2011/10/05 6.1 6.1 6.06 6.07 84 0 0 0 0 0 0 0 0 0 
2011/10/06 6.1 6.28 6.06 6.18 127 0 0 0 0 0 0 0 0 0 
2011/10/07 6.28 6.28 6.07 6.16 106 0 0 0 0 0 0 0 0 0 
2011/10/11 6.16 6.27 6.05 6.1 117 0 0 0 0 0 0 0 0 0 
2011/10/12 5.73 6.05 5.73 5.95 193 0 0 0 0 0 0 0 0 0 
2011/10/13 5.94 6.17 5.94 6.1 160 0 0 0 0 0 0 0 0 0 
2011/10/14 6 6.1 6 6.1 169 0 0 0 0 0 0 0 0 0 
2011/10/17 6.08 6.1 6.01 6.01 105 0 0 0 0 0 0 0 0 0 
2011/10/18 6 6.09 5.99 6.06 28 0 0 0 0 0 0 0 0 0 
2011/10/19 6.06 6.09 5.93 5.93 146 0 0 0 0 0 0 0 0 0 
2011/10/20 5.93 5.99 5.9 5.95 131 0 0 0 0 0 0 0 0 0 
2011/10/21 6.09 6.1 5.9 5.95 108 0 0 0 0 0 0 0 0 0 
2011/10/24 5.95 6.02 5.95 5.98 183 0 0 0 0 0 0 0 0 0 
2011/10/25 6 6.09 5.96 6.04 53 0 0 0 0 0 0 0 0 0 
2011/10/26 5.95 6 5.92 6 65 0 0 0 0 0 0 0 0 0 
2011/10/27 5.99 6.04 5.95 5.96 179 0 0 0 0 0 0 0 0 0 
2011/10/28 6.03 6.05 5.96 6.03 212 0 0 0 0 0 0 0 0 0 
2011/10/31 6 6.14 5.9 5.9 138 0 0 0 0 0 0 0 0 0 
2011/11/01 6.05 6.22 6 6.14 289 0 0 0 0 0 0 0 0 0 
2011/11/02 6 6.06 5.96 6.04 138 0 0 0 0 0 0 0 0 0 
2011/11/03 5.99 6.03 5.97 6 66 0 0 0 0 0 0 0 0 0 
2011/11/04 6 6.08 6 6.02 184 0 0 0 0 0 0 0 0 0 
2011/11/07 6.01 6.1 6.01 6.02 68 0 0 0 0 0 0 0 0 0 
2011/11/08 5.95 6.12 5.95 6.01 126 0 0 0 0 0 0 0 0 0 
2011/11/09 6.01 6.05 5.95 6.04 166 0 0 0 0 0 0 0 0 0 
2011/11/10 6 6 5.82 5.93 327 0 0 0 0 0 0 0 0 0 
2011/11/11 5.95 6.06 5.95 5.99 196 0 0 0 0 0 0 0 0 0 
2011/11/14 6.02 6.13 6 6.05 31 0 0 0 0 0 0 0 0 0 
2011/11/15 6.05 6.07 5.9 5.91 86 0 0 0 0 0 0 0 0 0 
2011/11/16 5.93 6.04 5.86 6 208 0 0 0 0 0 0 0 0 0 
2011/11/17 5.97 5.97 5.92 5.95 16 0 0 0 0 0 0 0 0 0 
2011/11/18 5.9 5.92 5.85 5.85 115 0 0 0 0 0 0 0 0 0 
2011/11/21 5.85 5.87 5.72 5.79 123 0 0 0 0 0 0 0 0 0 
2011/11/22 5.76 5.85 5.75 5.75 89 0 0 0 0 0 0 0 0 0 
2011/11/23 5.75 5.75 5.51 5.61 102 0 0 0 0 0 0 0 0 0 
2011/11/24 5.6 5.73 5.55 5.59 46 0 0 0 0 0 0 0 0 0 
2011/11/25 5.57 5.6 5.52 5.52 52 0 0 0 0 0 0 0 0 0 
2011/11/28 5.52 5.65 5.41 5.65 111 0 0 0 0 0 0 0 0 0 
2011/11/29 5.65 5.76 5.55 5.68 33 0 0 0 0 0 0 0 0 0 
2011/11/30 5.68 5.68 5.3 5.47 220 0 0 0 0 0 0 0 0 0 
2011/12/01 5.48 5.65 5.48 5.5 118 0 0 0 0 0 0 0 0 0 
2011/12/02 5.56 5.57 5.4 5.56 131 0 0 0 0 0 0 0 0 0 
2011/12/05 5.54 5.59 5.5 5.52 19 0 0 0 0 0 0 0 0 0 
2011/12/06 5.7 5.7 5.5 5.5 172 0 0 0 0 0 0 0 0 0 
2011/12/07 5.3 5.53 5.3 5.5 46 0 0 0 0 0 0 0 0 0 
2011/12/08 5.5 5.5 5.39 5.39 44 0 0 0 0 0 0 0 0 0 
2011/12/09 5.38 5.38 5.32 5.32 47 0 0 0 0 0 0 0 0 0 
2011/12/12 5.33 5.48 5.3 5.32 144 0 0 0 0 0 0 0 0 0 
2011/12/13 5.2 5.4 5.2 5.25 142 0 0 0 0 0 0 0 0 0 
2011/12/14 5.23 5.38 5.19 5.38 84 0 0 0 0 0 0 0 0 0 
2011/12/15 5.26 5.3 5.26 5.27 134 0 0 0 0 0 0 0 0 0 
2011/12/16 5.33 5.35 5.07 5.13 79 0 0 0 0 0 0 0 0 0 
2011/12/19 5.2 5.2 5.01 5.14 139 0 0 0 0 0 0 0 0 0 
2011/12/20 5.09 5.2 5.03 5.18 71 0 0 0 0 0 0 0 0 0 
2011/12/21 5.22 5.39 5.22 5.24 43 0 0 0 0 0 0 0 0 0 
2011/12/22 5.01 5.28 5.01 5.08 30 0 0 0 0 0 0 0 0 0 
2011/12/23 5.19 5.3 5.1 5.3 100 0 0 0 0 0 0 0 0 0 
2011/12/26 5.34 5.37 5.25 5.3 29 0 0 0 0 0 0 0 0 0 
2011/12/27 5.15 5.27 5.11 5.22 53 0 0 0 0 0 0 0 0 0 
2011/12/28 5.22 5.23 5.16 5.22 70 0 0 0 0 0 0 0 0 0 
2011/12/29 5.11 5.22 5.11 5.22 98 0 0 0 0 0 0 0 0 0 
2011/12/30 5.24 5.29 5.19 5.2 48 0 0 0 0 0 0 0 0 0 
2012/01/02 5.11 5.2 5.11 5.2 40 0 0 0 0 0 0 0 0 0 
2012/01/03 5.19 5.25 5.19 5.23 125 0 0 0 0 0 0 0 0 0 
2012/01/04 5.11 5.26 5.11 5.23 14 0 0 0 0 0 0 0 0 0 
2012/01/05 5.12 5.38 5.12 5.35 194 0 0 0 0 0 0 0 0 0 
2012/01/06 5.45 5.58 5.3 5.34 87 0 0 0 0 0 0 0 0 0 
2012/01/09 5.34 5.34 5.19 5.3 64 0 0 0 0 0 0 0 0 0 
2012/01/10 5.31 5.34 5.2 5.25 107 0 0 0 0 0 0 0 0 0 
2012/01/11 5.25 5.25 5.16 5.18 209 0 0 0 0 0 0 0 0 0 
2012/01/12 5.2 5.28 5.12 5.21 235 0 0 0 0 0 0 0 0 0 
2012/01/13 5.12 5.17 5.11 5.16 245 0 0 0 0 0 0 0 0 0 
2012/01/16 5.16 5.18 5.11 5.18 91 0 0 0 0 0 0 0 0 0 
2012/01/17 5.18 5.25 5.16 5.25 76 0 0 0 0 0 0 0 0 0 
2012/01/18 5.09 5.23 5.09 5.15 93 0 0 0 0 0 0 0 0 0 
2012/01/30 5.14 5.23 5.09 5.22 44 0 0 0 0 0 0 0 0 0 
2012/01/31 5.16 5.28 5.11 5.27 120 0 0 0 0 0 0 0 0 0 
2012/02/01 5.26 5.47 5.22 5.4 376 0 0 0 0 0 0 0 0 0 
2012/02/02 5.42 5.77 5.42 5.77 586 0 0 0 0 0 0 0 0 0 
2012/02/03 5.8 6.17 5.62 6.07 433 0 0 0 0 0 0 0 0 0 
2012/02/04 6.07 6.27 6.02 6.16 413 0 0 0 0 0 0 0 0 0 
2012/02/06 6.05 6.24 6.02 6.18 291 0 0 0 0 0 0 0 0 0 
2012/02/07 6.18 6.2 6.08 6.09 207 0 0 0 0 0 0 0 0 0 
2012/02/08 6.14 6.19 6.05 6.15 143 0 0 0 0 0 0 0 0 0 
2012/02/09 6.15 6.5 6.15 6.39 208 0 0 0 0 0 0 0 0 0 
2012/02/10 6.35 6.42 6.27 6.35 184 0 0 0 0 0 0 0 0 0 
2012/02/13 6.22 6.5 6.22 6.5 287 0 0 0 0 0 0 0 0 0 
2012/02/14 6.41 6.52 6.4 6.5 303 0 0 0 0 0 0 0 0 0 
2012/02/15 6.45 6.7 6.41 6.56 202 0 0 0 0 0 0 0 0 0 
2012/02/16 6.57 6.58 6.33 6.35 309 0 0 0 0 0 0 0 0 0 
2012/02/17 6.4 6.44 6.16 6.34 159 0 0 0 0 0 0 0 0 0 
2012/02/20 6.3 6.44 6.26 6.42 189 0 0 0 0 0 0 0 0 0 
2012/02/21 6.42 6.43 6.25 6.35 128 0 0 0 0 0 0 0 0 0 
2012/02/22 6.38 6.38 6.3 6.35 104 0 0 0 0 0 0 0 0 0 
2012/02/23 6.12 6.4 6.12 6.35 127 0 0 0 0 0 0 0 0 0 
2012/02/24 6.34 6.45 6.34 6.37 309 0 0 0 0 0 0 0 0 0 
2012/02/29 6.03 6.43 6.03 6.33 71 0 0 0 0 0 0 0 0 0 
2012/03/01 6.33 6.38 6.16 6.32 89 0 0 0 0 0 0 0 0 0 
2012/03/02 6.34 6.36 6.17 6.18 368 0 0 0 0 0 0 0 0 0 
2012/03/03 6.19 6.26 6.15 6.2 264 0 0 0 0 0 0 0 0 0 
2012/03/05 6.21 6.21 6.11 6.13 242 0 0 0 0 0 0 0 0 0 
2012/03/06 6.16 6.25 6.04 6.13 202 0 0 0 0 0 0 0 0 0 
2012/03/07 6.08 6.5 6.08 6.28 417 0 0 0 0 0 0 0 0 0 
2012/03/08 6.32 6.33 6.14 6.19 166 0 0 0 0 0 0 0 0 0 
2012/03/09 6.19 6.22 6.13 6.22 72 0 0 0 0 0 0 0 0 0 
2012/03/12 6.2 6.27 6.11 6.13 75 0 0 0 0 0 0 0 0 0 
2012/03/13 6.13 6.19 6.11 6.19 159 0 0 0 0 0 0 0 0 0 
2012/03/14 6.2 6.24 6.12 6.17 110 0 0 0 0 0 0 0 0 0 
2012/03/15 6.12 6.12 6.1 6.1 48 0 0 0 0 0 0 0 0 0 
2012/03/16 6 6.1 6 6.05 56 0 0 0 0 0 0 0 0 0 
2012/03/19 6.1 6.1 6 6 42 0 0 0 0 0 0 0 0 0 
2012/03/20 6 6 5.84 5.9 174 0 0 0 0 0 0 0 0 0 
2012/03/21 5.82 5.92 5.78 5.9 122 0 0 0 0 0 0 0 0 0 
2012/03/22 5.9 5.9 5.78 5.9 131 0 0 0 0 0 0 0 0 0 
2012/03/23 5.8 5.85 5.77 5.84 140 0 0 0 0 0 0 0 0 0 
2012/03/26 5.81 5.81 5.65 5.75 151 0 0 0 0 0 0 0 0 0 
2012/03/27 5.75 5.75 5.67 5.71 40 0 0 0 0 0 0 0 0 0 
2012/03/28 5.7 5.89 5.7 5.75 77 0 0 0 0 0 0 0 0 0 
2012/03/29 5.7 5.75 5.35 5.47 196 0 0 0 0 0 0 0 0 0 
2012/03/30 5.31 5.6 5.31 5.6 261 0 0 0 0 0 0 0 0 0 
2012/04/02 5.55 5.55 5.38 5.5 92 0 0 0 0 0 0 0 0 0 
2012/04/03 5.48 5.59 5.15 5.15 57 0 0 0 0 0 0 0 0 0 
2012/04/05 5.1 5.2 5 5.13 61 0 0 0 0 0 0 0 0 0 
2012/04/06 5.31 5.34 5.04 5.22 107 0 0 0 0 0 0 0 0 0 
2012/04/09 5.18 5.21 5.01 5.19 147 0 0 0 0 0 0 0 0 0 
2012/04/10 5.17 5.21 5.05 5.2 54 0 0 0 0 0 0 0 0 0 
2012/04/11 4.95 5.18 4.95 5.15 102 0 0 0 0 0 0 0 0 0 
2012/04/12 5.15 5.19 5.03 5.11 26 0 0 0 0 0 0 0 0 0 
2012/04/13 5.12 5.2 5.1 5.19 166 0 0 0 0 0 0 0 0 0 
2012/04/16 5.09 5.28 5.05 5.26 30 0 0 0 0 0 0 0 0 0 
2012/04/17 5.25 5.46 5.1 5.24 65 0 0 0 0 0 0 0 0 0 
2012/04/18 5 5.34 5 5.19 22 0 0 0 0 0 0 0 0 0 
2012/04/19 5.19 5.19 5.01 5.08 148 0 0 0 0 0 0 0 0 0 
2012/04/20 5.08 5.08 5.03 5.04 28 0 0 0 0 0 0 0 0 0 
2012/04/23 4.99 5.18 4.91 4.99 18 0 0 0 0 0 0 0 0 0 
2012/04/24 5.07 5.1 4.99 4.99 63 0 0 0 0 0 0 0 0 0 
2012/04/25 5.11 5.18 5.04 5.1 87 0 0 0 0 0 0 0 0 0 
2012/04/26 5.03 5.1 5.03 5.05 32 0 0 0 0 0 0 0 0 0 
2012/04/27 5.09 5.1 4.98 4.98 44 0 0 0 0 0 0 0 0 0 
2012/04/30 4.98 5 4.91 4.98 47 0 0 0 0 0 0 0 0 0 
2012/05/02 4.93 5.17 4.93 5.07 99 0 0 0 0 0 0 0 0 0 
2012/05/03 5.03 5.1 5.02 5.1 185 0 0 0 0 0 0 0 0 0 
2012/05/04 5.05 5.1 4.96 4.98 790 0 0 0 0 0 0 0 0 0 
2012/05/07 4.92 4.97 4.82 4.87 69 0 0 0 0 0 0 0 0 0 
2012/05/08 4.91 4.94 4.84 4.84 83 0 0 0 0 0 0 0 0 0 
2012/05/09 4.8 4.92 4.71 4.92 61 0 0 0 0 0 0 0 0 0 
2012/05/10 4.92 4.99 4.92 4.98 10 0 0 0 0 0 0 0 0 0 
2012/05/11 4.97 5.04 4.95 4.95 81 0 0 0 0 0 0 0 0 0 
2012/05/14 4.97 4.97 4.84 4.95 30 0 0 0 0 0 0 0 0 0 
2012/05/15 4.74 4.93 4.73 4.87 34 0 0 0 0 0 0 0 0 0 
2012/05/16 4.61 4.85 4.61 4.79 59 0 0 0 0 0 0 0 0 0 
2012/05/17 4.78 5.11 4.78 4.85 111 0 0 0 0 0 0 0 0 0 
2012/05/18 4.83 4.85 4.6 4.6 80 0 0 0 0 0 0 0 0 0 
2012/05/21 4.74 4.74 4.66 4.66 42 0 0 0 0 0 0 0 0 0 
2012/05/22 4.62 4.71 4.56 4.71 19 0 0 0 0 0 0 0 0 0 
2012/05/23 4.56 4.65 4.56 4.65 24 0 0 0 0 0 0 0 0 0 
2012/05/24 4.48 4.69 4.38 4.57 88 0 0 0 0 0 0 0 0 0 
2012/05/25 4.57 4.66 4.41 4.5 62 0 0 0 0 0 0 0 0 0 
2012/05/28 4.39 4.49 4.38 4.46 76 0 0 0 0 0 0 0 0 0 
2012/05/29 4.48 4.58 4.48 4.58 49 0 0 0 0 0 0 0 0 0 
2012/05/30 4.51 4.55 4.45 4.54 50 0 0 0 0 0 0 0 0 0 
2012/05/31 4.4 4.52 4.35 4.49 82 0 0 0 0 0 0 0 0 0 
2012/06/01 4.49 4.49 4.3 4.4 101 0 0 0 0 0 0 0 0 0 
2012/06/04 4.2 4.34 4.1 4.16 241 0 0 0 0 0 0 0 0 0 
2012/06/05 4.27 4.45 4.16 4.33 83 0 0 0 0 0 0 0 0 0 
2012/06/06 4.33 4.37 4.33 4.35 11 0 0 0 0 0 0 0 0 0 
2012/06/07 4.38 4.42 4.28 4.42 68 0 0 0 0 0 0 0 0 0 
2012/06/08 4.27 4.4 4.18 4.28 45 0 0 0 0 0 0 0 0 0 
2012/06/11 4.34 4.34 4.22 4.22 7 0 0 0 0 0 0 0 0 0 
2012/06/12 4.12 4.28 4.12 4.19 30 0 0 0 0 0 0 0 0 0 
2012/06/13 4.29 4.34 4.26 4.26 41 0 0 0 0 0 0 0 0 0 
2012/06/14 4.28 4.37 4.21 4.21 49 0 0 0 0 0 0 0 0 0 
2012/06/15 4.24 4.29 4.24 4.29 24 0 0 0 0 0 0 0 0 0 
2012/06/18 4.29 4.4 4.29 4.29 22 0 0 0 0 0 0 0 0 0 
2012/06/19 4.25 4.25 4.11 4.25 26 0 0 0 0 0 0 0 0 0 
2012/06/20 4.28 4.34 4.11 4.16 40 0 0 0 0 0 0 0 0 0 
2012/06/21 4.25 4.29 4.25 4.25 34 0 0 0 0 0 0 0 0 0 
2012/06/22 4.15 4.49 4.15 4.36 98 0 0 0 0 0 0 0 0 0 
2012/06/25 4.38 4.38 4.36 4.36 11 0 0 0 0 0 0 0 0 0 
2012/06/26 4.33 4.33 4.27 4.27 30 0 0 0 0 0 0 0 0 0 
2012/06/27 4.28 4.34 4.2 4.2 253 0 0 0 0 0 0 0 0 0 
2012/06/28 4.21 4.25 4.2 4.21 115 0 0 0 0 0 0 0 0 0 
2012/06/29 4.21 4.3 4.2 4.25 622 0 0 0 0 0 0 0 0 0 
2012/07/02 4.3 4.36 4.23 4.23 81 0 0 0 0 0 0 0 0 0 
2012/07/03 4.28 4.4 4.25 4.25 213 0 0 0 0 0 0 0 0 0 
2012/07/04 4.39 4.39 4.25 4.28 81 0 0 0 0 0 0 0 0 0 
2012/07/05 4.28 4.33 4.26 4.26 54 0 0 0 0 0 0 0 0 0 
2012/07/06 4.29 4.3 4.27 4.28 48 0 0 0 0 0 0 0 0 0 
2012/07/09 4.29 4.35 4.29 4.32 77 0 0 0 0 0 0 0 0 0 
2012/07/10 4.3 4.37 4.24 4.33 145 0 0 0 0 0 0 0 0 0 
2012/07/11 4.33 4.35 4.29 4.3 52 0 0 0 0 0 0 0 0 0 
2012/07/12 4.32 4.34 4.19 4.2 65 0 0 0 0 0 0 0 0 0 
2012/07/13 4.27 4.28 4.17 4.17 115 0 0 0 0 0 0 0 0 0 
2012/07/16 4.24 4.24 4.18 4.2 19 0 0 0 0 0 0 0 0 0 
2012/07/17 4.29 4.3 4.26 4.28 94 0 0 0 0 0 0 0 0 0 
2012/07/18 4.28 4.28 4.21 4.21 37 0 0 0 0 0 0 0 0 0 
2012/07/19 4.22 4.28 4.21 4.21 20 0 0 0 0 0 0 0 0 0 
2012/07/20 4.27 4.27 4.1 4.1 40 0 0 0 0 0 0 0 0 0 
2012/07/23 4.01 4.05 4.01 4.01 9 0 0 0 0 0 0 0 0 0 
2012/07/24 4 4.03 4 4.03 9 0 0 0 0 0 0 0 0 0 
2012/07/25 4.06 4.25 4.06 4.25 41 0 0 0 0 0 0 0 0 0 
2012/07/26 4.15 4.25 4.15 4.17 19 0 0 0 0 0 0 0 0 0 
2012/07/27 4.22 4.27 4.22 4.24 22 0 0 0 0 0 0 0 0 0 
2012/07/30 4.16 4.16 4.16 4.16 7 0 0 0 0 0 0 0 0 0 
2012/07/31 4.12 4.27 4.12 4.27 5 0 0 0 0 0 0 0 0 0 
2012/08/01 4.26 4.26 4.16 4.17 28 0 0 0 0 0 0 0 0 0 
2012/08/03 4.17 4.17 4 4.05 70 0 0 0 0 0 0 0 0 0 
2012/08/06 4.14 4.23 3.88 3.88 98 0 0 0 0 0 0 0 0 0 
2012/08/07 3.94 4.02 3.94 3.95 139 0 0 0 0 0 0 0 0 0 
2012/08/08 4 4.08 4 4.06 90 0 0 0 0 0 0 0 0 0 
2012/08/09 4.08 4.34 4.08 4.29 504 0 0 0 0 0 0 0 0 0 
2012/08/10 4.29 4.31 4.26 4.27 63 0 0 0 0 0 0 0 0 0 
2012/08/13 4.27 4.33 4.17 4.17 154 0 0 0 0 0 0 0 0 0 
2012/08/14 4.24 4.34 4.2 4.23 140 0 0 0 0 0 0 0 0 0 
2012/08/15 4.16 4.29 4.16 4.28 112 0 0 0 0 0 0 0 0 0 
2012/08/16 4.22 4.35 4.21 4.27 80 0 0 0 0 0 0 0 0 0 
2012/08/17 4.24 4.24 4.24 4.24 2 0 0 0 0 0 0 0 0 0 
2012/08/20 4.29 4.33 4.29 4.29 47 0 0 0 0 0 0 0 0 0 
2012/08/21 4.3 4.37 4.24 4.3 70 0 0 0 0 0 0 0 0 0 
2012/08/22 4.36 4.37 4.25 4.32 67 0 0 0 0 0 0 0 0 0 
2012/08/23 4.25 4.25 4.14 4.24 194 0 0 0 0 0 0 0 0 0 
2012/08/24 4.24 4.24 4.1 4.17 192 0 0 0 0 0 0 0 0 0 
2012/08/27 4.19 4.2 4.17 4.17 23 0 0 0 0 0 0 0 0 0 
2012/08/28 4.16 4.16 3.94 4.04 109 0 0 0 0 0 0 0 0 0 
2012/08/29 4.1 4.15 4.08 4.13 37 0 0 0 0 0 0 0 0 0 
2012/08/30 4.07 4.14 4.02 4.06 58 0 0 0 0 0 0 0 0 0 
2012/08/31 4.11 4.12 4.03 4.06 34 0 0 0 0 0 0 0 0 0 
2012/09/03 3.88 4.15 3.88 4.14 20 0 0 0 0 0 0 0 0 0 
2012/09/04 4.19 4.19 4.05 4.07 40 0 0 0 0 0 0 0 0 0 
2012/09/05 4.03 4.12 4.02 4.07 63 0 0 0 0 0 0 0 0 0 
2012/09/06 4.08 4.35 4.08 4.34 547 0 0 0 0 0 0 0 0 0 
2012/09/07 4.32 4.41 4.26 4.3 253 0 0 0 0 0 0 0 0 0 
2012/09/10 4.37 4.44 4.27 4.41 323 0 0 0 0 0 0 0 0 0 
2012/09/11 4.41 4.68 4.41 4.55 435 0 0 0 0 0 0 0 0 0 
2012/09/12 4.62 4.65 4.48 4.58 265 0 0 0 0 0 0 0 0 0 
2012/09/13 4.58 4.58 4.48 4.54 101 0 0 0 0 0 0 0 0 0 
2012/09/14 4.59 4.71 4.45 4.6 227 0 0 0 0 0 0 0 0 0 
2012/09/17 4.6 4.62 4.33 4.43 376 0 0 0 0 0 0 0 0 0 
2012/09/18 4.4 4.46 4.39 4.39 126 0 0 0 0 0 0 0 0 0 
2012/09/19 4.42 4.55 4.42 4.53 449 0 0 0 0 0 0 0 0 0 
2012/09/20 4.54 4.68 4.53 4.64 575 0 0 0 0 0 0 0 0 0 
2012/09/21 4.65 4.9 4.62 4.84 876 0 0 0 0 0 0 0 0 0 
2012/09/24 4.98 5.17 4.86 5.17 978 0 0 0 0 0 0 0 0 0 
2012/09/25 5.45 5.53 5.2 5.25 1915 0 0 0 0 0 0 0 0 0 
2012/09/26 5.07 5.33 5.07 5.28 569 0 0 0 0 0 0 0 0 0 
2012/09/27 5.2 5.64 5.2 5.53 1129 0 0 0 0 0 0 0 0 0 
2012/09/28 5.75 5.75 5.18 5.3 826 0 0 0 0 0 0 0 0 0 
2012/10/01 5.1 5.3 5.1 5.19 279 0 0 0 0 0 0 0 0 0 
2012/10/02 5.2 5.36 5.2 5.28 235 0 0 0 0 0 0 0 0 0 
2012/10/03 5.33 5.33 5.12 5.23 161 0 0 0 0 0 0 0 0 0 
2012/10/04 5.15 5.18 5.1 5.15 102 0 0 0 0 0 0 0 0 0 
2012/10/05 5.16 5.3 5.16 5.17 286 0 0 0 0 0 0 0 0 0 
2012/10/08 5.25 5.31 5.2 5.25 372 0 0 0 0 0 0 0 0 0 
2012/10/09 5.11 5.46 5.11 5.4 390 0 0 0 0 0 0 0 0 0 
2012/10/11 5.34 5.5 5.22 5.49 223 0 0 0 0 0 0 0 0 0 
2012/10/12 5.46 5.84 5.46 5.84 952 0 0 0 0 0 0 0 0 0 
2012/10/15 5.95 6.17 5.84 5.99 947 0 0 0 0 0 0 0 0 0 
2012/10/16 5.84 6.09 5.81 5.81 489 0 0 0 0 0 0 0 0 0 
2012/10/17 5.83 5.99 5.72 5.75 573 0 0 0 0 0 0 0 0 0 
2012/10/18 5.65 5.79 5.65 5.75 334 0 0 0 0 0 0 0 0 0 
2012/10/19 5.65 5.87 5.63 5.86 201 0 0 0 0 0 0 0 0 0 
2012/10/22 5.8 6.04 5.75 6.04 367 0 0 0 0 0 0 0 0 0 
2012/10/23 5.98 6.18 5.93 6.08 407 0 0 0 0 0 0 0 0 0 
2012/10/24 6.02 6.07 5.86 5.88 216 0 0 0 0 0 0 0 0 0 
2012/10/25 5.82 5.95 5.71 5.72 141 0 0 0 0 0 0 0 0 0 
2012/10/26 5.61 5.62 5.32 5.34 268 0 0 0 0 0 0 0 0 0 
2012/10/29 5.29 5.29 4.97 4.97 298 0 0 0 0 0 0 0 0 0 
2012/10/30 4.88 5.12 4.88 4.96 180 0 0 0 0 0 0 0 0 0 
2012/10/31 5 5.1 5 5.03 28 0 0 0 0 0 0 0 0 0 
2012/11/01 4.92 5.05 4.9 5.05 155 0 0 0 0 0 0 0 0 0 
2012/11/02 5.07 5.19 5.07 5.07 66 0 0 0 0 0 0 0 0 0 
2012/11/05 5.07 5.07 4.87 4.87 95 0 0 0 0 0 0 0 0 0 
2012/11/06 4.97 5.06 4.88 4.93 47 0 0 0 0 0 0 0 0 0 
2012/11/07 4.87 5.03 4.87 4.9 117 0 0 0 0 0 0 0 0 0 
2012/11/08 4.9 4.97 4.68 4.87 52 0 0 0 0 0 0 0 0 0 
2012/11/09 4.88 5.18 4.88 5.12 263 0 0 0 0 0 0 0 0 0 
2012/11/12 5.15 5.15 4.99 5.03 88 0 0 0 0 0 0 0 0 0 
2012/11/13 5 5.05 4.94 4.95 49 0 0 0 0 0 0 0 0 0 
2012/11/14 4.87 5.06 4.87 5.05 80 0 0 0 0 0 0 0 0 0 
2012/11/15 4.9 5.07 4.9 5.06 49 0 0 0 0 0 0 0 0 0 
2012/11/16 4.96 5.16 4.96 5 31 0 0 0 0 0 0 0 0 0 
2012/11/19 5.02 5.02 4.98 4.98 38 0 0 0 0 0 0 0 0 0 
2012/11/20 5.01 5.01 4.96 4.96 40 0 0 0 0 0 0 0 0 0 
2012/11/21 5.02 5.02 4.96 4.96 37 0 0 0 0 0 0 0 0 0 
2012/11/22 5.05 5.09 4.96 5.02 31 0 0 0 0 0 0 0 0 0 
2012/11/23 5.05 5.11 4.96 5.05 117 0 0 0 0 0 0 0 0 0 
2012/11/26 5.12 5.19 5.04 5.07 69 0 0 0 0 0 0 0 0 0 
2012/11/27 5.1 5.19 5.08 5.14 131 0 0 0 0 0 0 0 0 0 
2012/11/28 5.15 5.15 5.06 5.14 168 0 0 0 0 0 0 0 0 0 
2012/11/29 5.14 5.2 5.1 5.13 154 0 0 0 0 0 0 0 0 0 
2012/11/30 5.13 5.19 5.09 5.14 82 0 0 0 0 0 0 0 0 0 
2012/12/03 5.13 5.13 5.07 5.07 113 0 0 0 0 0 0 0 0 0 
2012/12/04 5.09 5.13 4.96 5.1 282 0 0 0 0 0 0 0 0 0 
2012/12/05 5.07 5.14 5 5.07 461 0 0 0 0 0 0 0 0 0 
2012/12/06 5.07 5.16 5 5.1 376 0 0 0 0 0 0 0 0 0 
2012/12/07 5.13 5.18 5.1 5.12 45 0 0 0 0 0 0 0 0 0 
2012/12/10 5.1 5.12 5.07 5.11 31 0 0 0 0 0 0 0 0 0 
2012/12/11 5.1 5.1 5 5.09 224 0 0 0 0 0 0 0 0 0 
2012/12/12 5.09 5.15 5.08 5.08 40 0 0 0 0 0 0 0 0 0 
2012/12/13 5.1 5.12 5.08 5.08 143 0 0 0 0 0 0 0 0 0 
2012/12/14 5.08 5.17 5.08 5.09 191 0 0 0 0 0 0 0 0 0 
2012/12/17 5.16 5.18 5.11 5.14 135 0 0 0 0 0 0 0 0 0 
2012/12/18 5.14 5.3 5.14 5.23 195 0 0 0 0 0 0 0 0 0 
2012/12/19 5.25 5.28 5.18 5.2 141 0 0 0 0 0 0 0 0 0 
2012/12/20 5.19 5.25 5.18 5.18 102 0 0 0 0 0 0 0 0 0 
2012/12/21 5.15 5.2 5.15 5.16 108 0 0 0 0 0 0 0 0 0 
2012/12/22 5.15 5.2 5.1 5.16 137 0 0 0 0 0 0 0 0 0 
2012/12/24 5.17 5.24 5.16 5.21 54 0 0 0 0 0 0 0 0 0 
2012/12/25 5.18 5.39 5.18 5.34 150 0 0 0 0 0 0 0 0 0 
2012/12/26 5.32 5.44 5.25 5.34 290 0 0 0 0 0 0 0 0 0 
2012/12/27 5.36 5.36 5.25 5.25 149 0 0 0 0 0 0 0 0 0 
2012/12/28 5.33 5.33 5.23 5.23 116 0 0 0 0 0 0 0 0 0 
2013/01/02 5.25 5.28 5.23 5.24 166 0 0 0 0 0 0 0 0 0 
2013/01/03 5.24 5.3 5.24 5.26 84 0 0 0 0 0 0 0 0 0 
2013/01/04 5.26 5.26 5.22 5.24 82 0 0 0 0 0 0 0 0 0 
2013/01/07 5.25 5.33 5.25 5.3 92 0 0 0 0 0 0 0 0 0 
2013/01/08 5.38 5.38 5.3 5.36 154 0 0 0 0 0 0 0 0 0 
2013/01/09 5.35 5.47 5.31 5.38 243 0 0 0 0 0 0 0 0 0 
2013/01/10 5.41 5.55 5.33 5.45 338 0 0 0 0 0 0 0 0 0 
2013/01/11 5.52 5.55 5.47 5.48 123 0 0 0 0 0 0 0 0 0 
2013/01/14 5.47 5.47 5.38 5.41 157 0 0 0 0 0 0 0 0 0 
2013/01/15 5.4 5.46 5.37 5.43 108 0 0 0 0 0 0 0 0 0 
2013/01/16 5.44 5.48 5.31 5.37 41 0 0 0 0 0 0 0 0 0 
2013/01/17 5.22 5.32 5.2 5.25 168 0 0 0 0 0 0 0 0 0 
2013/01/18 5.25 5.3 5.25 5.3 59 0 0 0 0 0 0 0 0 0 
2013/01/21 5.22 5.27 5.22 5.26 30 0 0 0 0 0 0 0 0 0 
2013/01/22 5.28 5.34 5.26 5.27 95 0 0 0 0 0 0 0 0 0 
2013/01/23 5.27 5.27 5.25 5.26 101 0 0 0 0 0 0 0 0 0 
2013/01/24 5.26 5.28 5.25 5.25 83 0 0 0 0 0 0 0 0 0 
2013/01/25 5.26 5.29 5.25 5.25 75 0 0 0 0 0 0 0 0 0 
2013/01/28 5.21 5.22 5.19 5.19 17 0 0 0 0 0 0 0 0 0 
2013/01/29 5.19 5.29 5.19 5.29 19 0 0 0 0 0 0 0 0 0 
2013/01/30 5.26 5.31 5.22 5.31 149 0 0 0 0 0 0 0 0 0 
2013/01/31 5.25 5.25 5.2 5.21 26 0 0 0 0 0 0 0 0 0 
2013/02/01 5.26 5.29 5.22 5.22 49 0 0 0 0 0 0 0 0 0 
2013/02/04 5.25 5.33 5.25 5.29 64 0 0 0 0 0 0 0 0 0 
2013/02/05 5.23 5.27 5.21 5.26 57 0 0 0 0 0 0 0 0 0 
2013/02/06 5.26 5.26 5.23 5.23 75 0 0 0 0 0 0 0 0 0 
2013/02/18 5.29 5.37 5.26 5.31 396 0 0 0 0 0 0 0 0 0 
2013/02/19 5.32 5.32 5.3 5.32 28 0 0 0 0 0 0 0 0 0 
2013/02/20 5.35 5.38 5.3 5.32 89 0 0 0 0 0 0 0 0 0 
2013/02/21 5.34 5.58 5.33 5.47 263 0 0 0 0 0 0 0 0 0 
2013/02/22 5.47 5.5 5.41 5.43 134 0 0 0 0 0 0 0 0 0 
2013/02/23 5.43 5.5 5.43 5.43 290 0 0 0 0 0 0 0 0 0 
2013/02/25 5.41 5.53 5.4 5.42 169 0 0 0 0 0 0 0 0 0 
2013/02/26 5.4 5.4 5.34 5.34 175 0 0 0 0 0 0 0 0 0 
2013/02/27 5.34 5.38 5.34 5.36 40 0 0 0 0 0 0 0 0 0 
2013/03/01 5.4 5.43 5.32 5.36 162 0 0 0 0 0 0 0 0 0 
2013/03/04 5.39 5.41 5.28 5.31 104 0 0 0 0 0 0 0 0 0 
2013/03/05 5.23 5.33 5.23 5.27 55 0 0 0 0 0 0 0 0 0 
2013/03/06 5.3 5.33 5.25 5.27 61 0 0 0 0 0 0 0 0 0 
2013/03/07 5.29 5.31 5.22 5.3 47 0 0 0 0 0 0 0 0 0 
2013/03/08 5.24 5.33 5.24 5.33 7 0 0 0 0 0 0 0 0 0 
2013/03/11 5.27 5.33 5.11 5.25 233 0 0 0 0 0 0 0 0 0 
2013/03/12 5.26 5.33 5.2 5.23 135 0 0 0 0 0 0 0 0 0 
2013/03/13 5.23 5.27 5.2 5.2 43 0 0 0 0 0 0 0 0 0 
2013/03/14 5.24 5.24 5.17 5.17 36 0 0 0 0 0 0 0 0 0 
2013/03/15 5.12 5.23 5.12 5.17 20 0 0 0 0 0 0 0 0 0 
2013/03/18 5.17 5.22 5.09 5.1 79 0 0 0 0 0 0 0 0 0 
2013/03/19 5.1 5.16 5.1 5.15 56 0 0 0 0 0 0 0 0 0 
2013/03/20 5.14 5.16 5.11 5.12 65 0 0 0 0 0 0 0 0 0 
2013/03/21 5.17 5.17 5.06 5.14 242 0 0 0 0 0 0 0 0 0 
2013/03/22 5.14 5.19 5.11 5.14 19 0 0 0 0 0 0 0 0 0 
2013/03/25 5.1 5.18 5.1 5.12 17 0 0 0 0 0 0 0 0 0 
2013/03/26 5.14 5.15 5.11 5.14 25 0 0 0 0 0 0 0 0 0 
2013/03/27 5.17 5.19 5.11 5.11 11 0 0 0 0 0 0 0 0 0 
2013/03/28 5.11 5.15 5.05 5.05 249 0 0 0 0 0 0 0 0 0 
2013/03/29 5.09 5.09 4.96 5.03 311 0 0 0 0 0 0 0 0 0 
2013/04/01 5.03 5.04 5 5 358 0 0 0 0 0 0 0 0 0 
2013/04/02 4.91 5.02 4.91 4.97 237 0 0 0 0 0 0 0 0 0 
2013/04/03 4.98 5 4.92 4.95 527 0 0 0 0 0 0 0 0 0 
2013/04/08 4.99 4.99 4.82 4.83 440 0 0 0 0 0 0 0 0 0 
2013/04/09 4.81 4.83 4.76 4.82 432 0 0 0 0 0 0 0 0 0 
2013/04/10 4.82 4.94 4.76 4.79 418 0 0 0 0 0 0 0 0 0 
2013/04/11 4.8 4.85 4.79 4.84 536 0 0 0 0 0 0 0 0 0 
2013/04/12 4.83 4.83 4.79 4.8 558 0 0 0 0 0 0 0 0 0 
2013/04/15 4.83 4.93 4.82 4.87 295 0 0 0 0 0 0 0 0 0 
2013/04/16 4.86 4.88 4.81 4.88 62 0 0 0 0 0 0 0 0 0 
2013/04/17 4.91 4.91 4.84 4.91 32 0 0 0 0 0 0 0 0 0 
2013/04/18 4.9 4.93 4.89 4.93 137 0 0 0 0 0 0 0 0 0 
2013/04/19 4.98 5 4.93 4.93 56 0 0 0 0 0 0 0 0 0 
2013/04/22 4.96 4.98 4.95 4.98 18 0 0 0 0 0 0 0 0 0 
2013/04/23 4.99 5.04 4.96 5 131 0 0 0 0 0 0 0 0 0 
2013/04/24 5.03 5.18 5 5.1 89 0 0 0 0 0 0 0 0 0 
2013/04/25 5.09 5.09 5.01 5.01 27 0 0 0 0 0 0 0 0 0 
2013/04/26 5.09 5.15 5.02 5.05 144 0 0 0 0 0 0 0 0 0 
2013/04/29 5.08 5.11 5.08 5.1 137 0 0 0 0 0 0 0 0 0 
2013/04/30 5.15 5.15 5 5.1 158 0 0 0 0 0 0 0 0 0 
2013/05/02 5.15 5.15 5.07 5.07 73 0 0 0 0 0 0 0 0 0 
2013/05/03 5.14 5.14 5 5.05 476 0 0 0 0 0 0 0 0 0 
2013/05/06 5.05 5.06 4.93 4.97 103 0 0 0 0 0 0 0 0 0 
2013/05/07 4.91 5.05 4.91 5.05 438 0 0 0 0 0 0 0 0 0 
2013/05/08 5.07 5.09 5.01 5.05 48 0 0 0 0 0 0 0 0 0 
2013/05/09 5.07 5.14 5.07 5.1 77 0 0 0 0 0 0 0 0 0 
2013/05/10 5.1 5.1 5.04 5.04 39 0 0 0 0 0 0 0 0 0 
2013/05/13 5.05 5.13 4.94 4.99 46 0 0 0 0 0 0 0 0 0 
2013/05/14 5.07 5.07 4.98 4.99 74 0 0 0 0 0 0 0 0 0 
2013/05/15 5.01 5.07 4.99 5.04 43 0 0 0 0 0 0 0 0 0 
2013/05/16 5.08 5.08 5.03 5.08 81 0 0 0 0 0 0 0 0 0 
2013/05/17 5.08 5.14 5.05 5.12 123 0 0 0 0 0 0 0 0 0 
2013/05/20 5.15 5.23 5.15 5.23 158 0 0 0 0 0 0 0 0 0 
2013/05/21 5.57 5.59 5.56 5.59 437 0 0 0 0 0 0 0 0 0 
2013/05/22 5.98 5.98 5.75 5.98 2957 0 0 0 0 0 0 0 0 0 
2013/05/23 6.1 6.3 5.98 6.28 1811 0 0 0 0 0 0 0 0 0 
2013/05/24 6.3 6.3 5.85 6.03 910 0 0 0 0 0 0 0 0 0 
2013/05/27 6.03 6.03 5.86 5.97 361 0 0 0 0 0 0 0 0 0 
2013/05/28 5.97 6.19 5.93 5.94 397 0 0 0 0 0 0 0 0 0 
2013/05/29 6 6 5.89 5.89 461 0 0 0 0 0 0 0 0 0 
2013/05/30 5.87 6 5.86 5.91 455 0 0 0 0 0 0 0 0 0 
2013/05/31 6.09 6.09 5.9 5.9 450 0 0 0 0 0 0 0 0 0 
2013/06/03 5.86 5.91 5.76 5.91 251 0 0 0 0 0 0 0 0 0 
2013/06/04 5.91 5.95 5.83 5.85 149 0 0 0 0 0 0 0 0 0 
2013/06/05 5.85 6.25 5.84 6.25 2072 0 0 0 0 0 0 0 0 0 
2013/06/06 6.24 6.6 6.2 6.35 2902 0 0 0 0 0 0 0 0 0 
2013/06/07 6.39 6.56 6 6 1652 0 0 0 0 0 0 0 0 0 
2013/06/10 6.05 6.08 5.86 5.86 640 0 0 0 0 0 0 0 0 0 
2013/06/11 5.86 5.99 5.86 5.88 289 0 0 0 0 0 0 0 0 0 
2013/06/13 5.88 5.88 5.6 5.62 360 0 0 0 0 0 0 0 0 0 
2013/06/14 5.65 5.65 5.36 5.42 452 0 0 0 0 0 0 0 0 0 
2013/06/17 5.42 5.57 5.36 5.57 156 0 0 0 0 0 0 0 0 0 
2013/06/18 5.57 5.57 5.43 5.57 88 0 0 0 0 0 0 0 0 0 
2013/06/19 5.57 5.57 5.5 5.5 90 0 0 0 0 0 0 0 0 0 
2013/06/20 5.46 5.47 5.4 5.4 163 0 0 0 0 0 0 0 0 0 
2013/06/21 5.35 5.36 5.11 5.31 105 0 0 0 0 0 0 0 0 0 
2013/06/24 5.31 5.35 5.28 5.3 242 0 0 0 0 0 0 0 0 0 
2013/06/25 5.21 5.23 5.18 5.18 198 0 0 0 0 0 0 0 0 0 
2013/06/26 5.21 5.39 5.21 5.27 62 0 0 0 0 0 0 0 0 0 
2013/06/27 5.26 5.3 5.22 5.27 136 0 0 0 0 0 0 0 0 0 
2013/06/28 5.29 5.43 5.29 5.34 138 0 0 0 0 0 0 0 0 0 
2013/07/01 5.28 5.6 5.28 5.5 114 0 0 0 0 0 0 0 0 0 
2013/07/02 5.51 5.55 5.45 5.5 122 0 0 0 0 0 0 0 0 0 
2013/07/03 5.56 5.62 5.5 5.62 394 0 0 0 0 0 0 0 0 0 
2013/07/04 5.63 5.67 5.58 5.62 164 0 0 0 0 0 0 0 0 0 
2013/07/05 5.63 5.81 5.57 5.72 383 0 0 0 0 0 0 0 0 0 
2013/07/08 5.72 5.8 5.66 5.74 155 0 0 0 0 0 0 0 0 0 
2013/07/09 5.78 5.97 5.78 5.87 381 0 0 0 0 0 0 0 0 0 
2013/07/10 5.9 6.28 5.87 6.24 2612 0 0 0 0 0 0 0 0 0 
2013/07/11 6.24 6.38 6.16 6.21 1067 0 0 0 0 0 0 0 0 0 
2013/07/12 6.2 6.27 6.08 6.26 691 0 0 0 0 0 0 0 0 0 
2013/07/15 6.15 6.3 6.15 6.24 213 0 0 0 0 0 0 0 0 0 
2013/07/16 6.24 6.29 6.19 6.19 315 0 0 0 0 0 0 0 0 0 
2013/07/17 6.18 6.2 6.14 6.17 644 0 0 0 0 0 0 0 0 0 
2013/07/18 6.15 6.21 6.11 6.11 213 0 0 0 0 0 0 0 0 0 
2013/07/19 6.11 6.27 6.1 6.19 197 0 0 0 0 0 0 0 0 0 
2013/07/22 6.18 6.23 6.16 6.21 52 0 0 0 0 0 0 0 0 0 
2013/07/23 6.35 6.37 6.25 6.25 548 0 0 0 0 0 0 0 0 0 
2013/07/24 6.27 6.35 6.19 6.26 201 0 0 0 0 0 0 0 0 0 
2013/07/25 6.26 6.69 6.26 6.41 2896 0 0 0 0 0 0 0 0 0 
2013/07/26 6.38 6.41 6.28 6.31 800 0 0 0 0 0 0 0 0 0 
2013/07/29 6.31 6.34 6.28 6.33 175 0 0 0 0 0 0 0 0 0 
2013/07/30 6.35 6.43 6.3 6.33 170 0 0 0 0 0 0 0 0 0 
2013/07/31 6.26 6.37 6.22 6.22 60 0 0 0 0 0 0 0 0 0 
2013/08/01 6.24 6.34 6.2 6.26 175 0 0 0 0 0 0 0 0 0 
2013/08/02 6.3 6.37 6.22 6.28 176 0 0 0 0 0 0 0 0 0 
2013/08/05 6.29 6.42 6.28 6.42 222 0 0 0 0 0 0 0 0 0 
2013/08/06 6.4 6.59 6.35 6.45 270 0 0 0 0 0 0 0 0 0 
2013/08/07 6.43 6.6 6.41 6.5 397 0 0 0 0 0 0 0 0 0 
2013/08/08 6.55 6.58 6.45 6.45 138 0 0 0 0 0 0 0 0 0 
2013/08/09 6.69 6.69 6.41 6.51 237 0 0 0 0 0 0 0 0 0 
2013/08/12 6.51 6.65 6.43 6.47 291 0 0 0 0 0 0 0 0 0 
2013/08/13 6.51 6.79 6.51 6.72 621 0 0 0 0 0 0 0 0 0 
2013/08/14 6.71 7.19 6.6 7.15 1441 0 0 0 0 0 0 0 0 0 
2013/08/15 7.15 7.15 6.65 6.65 1679 0 0 0 0 0 0 0 0 0 
2013/08/16 6.6 6.6 6.45 6.46 758 0 0 0 0 0 0 0 0 0 
2013/08/19 6.37 6.46 6.26 6.31 219 0 0 0 0 0 0 0 0 0 
2013/08/20 6.31 6.31 6.13 6.21 255 0 0 0 0 0 0 0 0 0 
2013/08/22 6.22 6.26 6.1 6.2 60 0 0 0 0 0 0 0 0 0 
2013/08/23 6.2 6.26 6.18 6.18 57 0 0 0 0 0 0 0 0 0 
2013/08/26 6.18 6.31 6.18 6.25 131 0 0 0 0 0 0 0 0 0 
2013/08/27 6.24 6.24 6.18 6.18 142 0 0 0 0 0 0 0 0 0 
2013/08/28 6.18 6.29 6.11 6.17 24 0 0 0 0 0 0 0 0 0 
2013/08/29 6.18 6.46 6.18 6.25 95 0 0 0 0 0 0 0 0 0 
2013/08/30 6.3 6.5 6.3 6.33 193 0 0 0 0 0 0 0 0 0 
2013/09/02 6.37 6.48 6.37 6.48 96 0 0 0 0 0 0 0 0 0 
2013/09/03 6.48 6.5 6.4 6.5 145 0 0 0 0 0 0 0 0 0 
2013/09/04 6.49 6.6 6.49 6.6 423 0 0 0 0 0 0 0 0 0 
2013/09/05 6.6 6.6 6.51 6.55 48 0 0 0 0 0 0 0 0 0 
2013/09/06 6.55 6.62 6.52 6.59 76 0 0 0 0 0 0 0 0 0 
2013/09/09 6.55 6.59 6.5 6.57 962 0 0 0 0 0 0 0 0 0 
2013/09/10 6.69 6.79 6.6 6.65 432 0 0 0 0 0 0 0 0 0 
2013/09/11 6.6 6.65 6.54 6.65 163 0 0 0 0 0 0 0 0 0 
2013/09/12 6.6 6.74 6.55 6.74 33 0 0 0 0 0 0 0 0 0 
2013/09/13 6.71 6.71 6.6 6.67 251 0 0 0 0 0 0 0 0 0 
2013/09/14 6.67 7.13 6.66 7.12 703 0 0 0 0 0 0 0 0 0 
2013/09/16 7.12 7.61 7.1 7.61 3867 0 0 0 0 0 0 0 0 0 
2013/09/17 7.6 8.13 7.5 8.05 2841 0 0 0 0 0 0 0 0 0 
2013/09/18 8.04 8.6 8 8.12 1994 0 0 0 0 0 0 0 0 0 
2013/09/23 8.2 8.39 8.13 8.27 1858 0 0 0 0 0 0 0 0 0 
2013/09/24 8.3 8.84 8.15 8.84 4768 0 0 0 0 0 0 0 0 0 
2013/09/25 8.83 9.17 8.64 8.7 2099 0 0 0 0 0 0 0 0 0 
2013/09/26 8.6 8.65 8.3 8.55 1287 0 0 0 0 0 0 0 0 0 
2013/09/27 8.53 8.75 8.35 8.36 618 0 0 0 0 0 0 0 0 0 
2013/09/30 8.21 8.6 8.21 8.3 649 0 0 0 0 0 0 0 0 0 
2013/10/01 8.31 8.87 8.31 8.74 1477 0 0 0 0 0 0 0 0 0 
2013/10/02 9 9.35 8.77 9.35 2961 0 0 0 0 0 0 0 0 0 
2013/10/03 9.81 10 9.51 10 3476 0 0 0 0 0 0 0 0 0 
2013/10/04 10 10.3 9.81 10 1721 0 0 0 0 0 0 0 0 0 
2013/10/07 10.05 10.15 9.91 9.92 1108 0 0 0 0 0 0 0 0 0 
2013/10/08 9.92 10.5 9.61 10.2 2505 0 0 0 0 0 0 0 0 0 
2013/10/09 10.15 10.5 9.84 10.1 1266 0 0 0 0 0 0 0 0 0 
2013/10/11 10.1 10.15 9.81 9.81 767 0 0 0 0 0 0 0 0 0 
2013/10/14 9.81 9.81 9.52 9.69 594 0 0 0 0 0 0 0 0 0 
2013/10/15 9.69 9.89 9.69 9.75 339 0 0 0 0 0 0 0 0 0 
2013/10/16 9.69 9.8 9.1 9.1 929 0 0 0 0 0 0 0 0 0 
2013/10/17 9.2 9.73 8.88 9.72 1935 0 0 0 0 0 0 0 0 0 
2013/10/18 9.87 9.87 9.5 9.6 460 0 0 0 0 0 0 0 0 0 
2013/10/21 9.6 9.84 9.31 9.75 868 0 0 0 0 0 0 0 0 0 
2013/10/22 9.75 9.99 9.62 9.78 577 0 0 0 0 0 0 0 0 0 
2013/10/23 9.77 9.86 9.51 9.62 390 0 0 0 0 0 0 0 0 0 
2013/10/24 9.62 10.2 9.62 9.93 2756 0 0 0 0 0 0 0 0 0 
2013/10/25 10.1 10.2 9.71 9.72 620 0 0 0 0 0 0 0 0 0 
2013/10/28 9.72 9.89 9.53 9.72 481 0 0 0 0 0 0 0 0 0 
2013/10/29 9.72 9.8 9.5 9.68 686 0 0 0 0 0 0 0 0 0 
2013/10/30 9.8 9.82 9.5 9.52 473 0 0 0 0 0 0 0 0 0 
2013/10/31 9.52 9.76 9.52 9.65 201 0 0 0 0 0 0 0 0 0 
2013/11/01 9.65 9.74 9.54 9.67 392 0 0 0 0 0 0 0 0 0 
2013/11/04 9.65 9.67 9.47 9.47 214 0 0 0 0 0 0 0 0 0 
2013/11/05 9.32 9.5 9.3 9.3 174 0 0 0 0 0 0 0 0 0 
2013/11/06 9.3 9.58 9.17 9.37 258 0 0 0 0 0 0 0 0 0 
2013/11/07 9.37 9.5 9.27 9.45 197 0 0 0 0 0 0 0 0 0 
2013/11/08 9.43 9.85 9.4 9.62 811 0 0 0 0 0 0 0 0 0 
2013/11/11 9.62 9.65 9.55 9.59 106 0 0 0 0 0 0 0 0 0 
2013/11/12 9.62 9.62 9.43 9.46 158 0 0 0 0 0 0 0 0 0 
2013/11/13 9.5 9.5 9.35 9.35 99 0 0 0 0 0 0 0 0 0 
2013/11/14 9.37 9.37 9.27 9.29 73 0 0 0 0 0 0 0 0 0 
2013/11/15 9.5 9.5 9.28 9.44 138 0 0 0 0 0 0 0 0 0 
2013/11/18 9.45 9.49 9.27 9.27 96 0 0 0 0 0 0 0 0 0 
2013/11/19 9.27 9.31 9.22 9.24 192 0 0 0 0 0 0 0 0 0 
2013/11/20 9.26 9.42 9.26 9.35 86 0 0 0 0 0 0 0 0 0 
2013/11/21 9.16 9.35 8.8 9.17 429 0 0 0 0 0 0 0 0 0 
2013/11/22 9.17 9.25 9 9.03 49 0 0 0 0 0 0 0 0 0 
2013/11/25 9 9.25 8.81 9.06 453 0 0 0 0 0 0 0 0 0 
2013/11/26 9.06 9.08 8.97 8.97 107 0 0 0 0 0 0 0 0 0 
2013/11/27 9.05 9.05 8.8 8.86 144 0 0 0 0 0 0 0 0 0 
2013/11/28 8.86 8.9 8.78 8.85 168 0 0 0 0 0 0 0 0 0 
2013/11/29 8.99 9.04 8.85 8.87 101 0 0 0 0 0 0 0 0 0 
2013/12/02 8.86 8.87 8.7 8.87 31 0 0 0 0 0 0 0 0 0 
2013/12/03 8.93 8.98 8.83 8.83 20 0 0 0 0 0 0 0 0 0 
2013/12/04 8.99 8.99 8.79 8.79 43 0 0 0 0 0 0 0 0 0 
2013/12/05 9 9 8.6 8.65 121 0 0 0 0 0 0 0 0 0 
2013/12/06 8.65 8.7 8.56 8.68 177 0 0 0 0 0 0 0 0 0 
2013/12/09 8.68 8.98 8.68 8.8 170 0 0 0 0 0 0 0 0 0 
2013/12/10 9.02 9.02 8.78 8.79 108 0 0 0 0 0 0 0 0 0 
2013/12/11 8.8 8.85 8.61 8.72 92 0 0 0 0 0 0 0 0 0 
2013/12/12 8.72 8.87 8.52 8.53 126 0 0 0 0 0 0 0 0 0 
2013/12/13 8.53 8.55 8.37 8.51 313 0 0 0 0 0 0 0 0 0 
2013/12/16 8.45 8.45 8 8.14 486 0 0 0 0 0 0 0 0 0 
2013/12/17 8.14 8.19 8.01 8.09 113 0 0 0 0 0 0 0 0 0 
2013/12/18 8.15 8.15 8.01 8.07 204 0 0 0 0 0 0 0 0 0 
2013/12/19 8.1 8.13 8.09 8.12 19 0 0 0 0 0 0 0 0 0 
2013/12/20 8.07 8.11 8 8.05 333 0 0 0 0 0 0 0 0 0 
2013/12/23 8.1 8.33 8.1 8.23 142 0 0 0 0 0 0 0 0 0 
2013/12/24 8.25 8.32 8.23 8.3 69 0 0 0 0 0 0 0 0 0 
2013/12/25 8.3 8.45 8.3 8.43 119 0 0 0 0 0 0 0 0 0 
2013/12/26 8.4 8.53 8.4 8.53 114 0 0 0 0 0 0 0 0 0 
2013/12/27 8.48 8.64 8.48 8.53 241 0 0 0 0 0 0 0 0 0 
2013/12/30 8.55 8.75 8.55 8.57 198 0 0 0 0 0 0 0 0 0 
2013/12/31 8.57 8.62 8.36 8.36 306 0 0 0 0 0 0 0 0 0 
2014/01/02 8.48 8.49 8.25 8.28 237 0 0 0 0 0 0 0 0 0 
2014/01/03 8.27 8.35 8.22 8.3 236 0 0 0 0 0 0 0 0 0 
2014/01/06 8.3 8.38 8.25 8.34 169 0 0 0 0 0 0 0 0 0 
2014/01/07 8.33 8.48 8.27 8.42 170 0 0 0 0 0 0 0 0 0 
2014/01/08 8.44 8.5 8.35 8.39 212 0 0 0 0 0 0 0 0 0 
2014/01/09 8.39 8.48 8.34 8.42 199 0 0 0 0 0 0 0 0 0 
2014/01/10 8.42 8.57 8.32 8.52 62 0 0 0 0 0 0 0 0 0 
2014/01/13 8.54 8.57 8.45 8.48 91 0 0 0 0 0 0 0 0 0 
2014/01/14 8.54 8.55 8.36 8.36 154 0 0 0 0 0 0 0 0 0 
2014/01/15 8.4 8.4 8.28 8.34 186 0 0 0 0 0 0 0 0 0 
2014/01/16 8.33 8.33 8.25 8.25 50 0 0 0 0 0 0 0 0 0 
2014/01/17 8.11 8.21 8.09 8.14 274 0 0 0 0 0 0 0 0 0 
2014/01/20 8.18 8.18 8.05 8.11 40 0 0 0 0 0 0 0 0 0 
2014/01/21 8.14 8.14 8.11 8.12 110 0 0 0 0 0 0 0 0 0 
2014/01/22 8.11 8.11 8.09 8.1 26 0 0 0 0 0 0 0 0 0 
2014/01/23 8 8.03 7.95 7.95 275 0 0 0 0 0 0 0 0 0 
2014/01/24 7.99 7.99 7.81 7.81 145 0 0 0 0 0 0 0 0 0 
2014/01/27 7.5 7.65 7.5 7.55 264 0 0 0 0 0 0 0 0 0 
2014/02/05 7.4 7.4 7.2 7.22 177 0 0 0 0 0 0 0 0 0 
2014/02/06 7.22 7.57 7.18 7.46 255 0 0 0 0 0 0 0 0 0 
2014/02/07 7.48 7.65 7.37 7.49 181 0 0 0 0 0 0 0 0 0 
2014/02/10 7.53 7.95 7.53 7.94 366 0 0 0 0 0 0 0 0 0 
2014/02/11 7.94 8.05 7.8 7.81 250 0 0 0 0 0 0 0 0 0 
2014/02/12 7.93 7.93 7.66 7.7 243 0 0 0 0 0 0 0 0 0 
2014/02/13 7.7 7.77 7.57 7.72 124 0 0 0 0 0 0 0 0 0 
2014/02/14 7.79 7.94 7.71 7.78 18 0 0 0 0 0 0 0 0 0 
2014/02/17 7.8 7.8 7.8 7.8 26 0 0 0 0 0 0 0 0 0 
2014/02/18 7.8 7.8 7.78 7.8 10 0 0 0 0 0 0 0 0 0 
2014/02/19 7.71 7.82 7.71 7.78 16 0 0 0 0 0 0 0 0 0 
2014/02/20 7.69 7.73 7.65 7.65 87 0 0 0 0 0 0 0 0 0 
2014/02/21 7.69 7.84 7.66 7.72 157 0 0 0 0 0 0 0 0 0 
2014/02/24 7.72 7.72 7.7 7.7 15 0 0 0 0 0 0 0 0 0 
2014/02/25 7.7 7.7 7.61 7.61 19 0 0 0 0 0 0 0 0 0 
2014/02/26 7.32 7.79 7.32 7.79 98 0 0 0 0 0 0 0 0 0 
2014/02/27 7.79 7.87 7.76 7.85 71 0 0 0 0 0 0 0 0 0 
2014/03/03 7.81 7.94 7.78 7.87 68 0 0 0 0 0 0 0 0 0 
2014/03/04 7.88 7.94 7.73 7.88 59 0 0 0 0 0 0 0 0 0 
2014/03/05 7.88 7.98 7.8 7.87 48 0 0 0 0 0 0 0 0 0 
2014/03/06 7.93 7.93 7.72 7.72 45 0 0 0 0 0 0 0 0 0 
2014/03/07 7.75 7.87 7.7 7.81 61 0 0 0 0 0 0 0 0 0 
2014/03/10 7.87 7.87 7.87 7.87 1 0 0 0 0 0 0 0 0 0 
2014/03/11 7.8 7.84 7.45 7.7 94 0 0 0 0 0 0 0 0 0 
2014/03/12 7.65 7.79 7.65 7.7 86 0 0 0 0 0 0 0 0 0 
2014/03/13 7.94 7.94 7.75 7.77 119 0 0 0 0 0 0 0 0 0 
2014/03/14 7.75 7.75 7.73 7.73 17 0 0 0 0 0 0 0 0 0 
2014/03/17 7.75 7.87 7.75 7.77 82 0 0 0 0 0 0 0 0 0 
2014/03/18 7.8 7.8 7.73 7.73 34 0 0 0 0 0 0 0 0 0 
2014/03/19 7.73 7.73 7.66 7.7 110 0 0 0 0 0 0 0 0 0 
2014/03/20 7.7 7.7 7.53 7.55 93 0 0 0 0 0 0 0 0 0 
2014/03/21 7.43 7.56 7.43 7.54 113 0 0 0 0 0 0 0 0 0 
2014/03/24 7.12 7.36 7.12 7.3 123 0 0 0 0 0 0 0 0 0 
2014/03/25 7.3 7.34 7.25 7.3 155 0 0 0 0 0 0 0 0 0 
2014/03/26 7.23 7.3 7.23 7.3 79 0 0 0 0 0 0 0 0 0 
2014/03/27 7.3 7.34 7.3 7.34 46 0 0 0 0 0 0 0 0 0 
2014/03/28 7.34 7.58 7.34 7.38 49 0 0 0 0 0 0 0 0 0 
2014/03/31 7.34 7.85 7.34 7.82 123 0 0 0 0 0 0 0 0 0 
2014/04/01 7.79 7.87 7.62 7.77 76 0 0 0 0 0 0 0 0 0 
2014/04/02 7.65 7.85 7.6 7.8 123 0 0 0 0 0 0 0 0 0 
2014/04/03 7.8 7.92 7.55 7.55 112 0 0 0 0 0 0 0 0 0 
2014/04/07 7.64 7.64 7.63 7.63 2 0 0 0 0 0 0 0 0 0 
2014/04/08 7.62 7.62 7.45 7.59 29 0 0 0 0 0 0 0 0 0 
2014/04/09 7.55 7.63 7.55 7.63 61 0 0 0 0 0 0 0 0 0 
2014/04/10 7.64 7.64 7.55 7.6 27 0 0 0 0 0 0 0 0 0 
2014/04/11 7.56 7.56 7.43 7.45 74 0 0 0 0 0 0 0 0 0 
2014/04/14 7.4 7.4 7.4 7.4 4 0 0 0 0 0 0 0 0 0 
2014/04/15 7.39 7.4 7.39 7.39 34 0 0 0 0 0 0 0 0 0 
2014/04/16 7.43 7.8 7.43 7.64 103 0 0 0 0 0 0 0 0 0 
2014/04/17 7.55 7.9 7.55 7.87 71 0 0 0 0 0 0 0 0 0 
2014/04/18 7.77 7.77 7.67 7.76 13 0 0 0 0 0 0 0 0 0 
2014/04/21 7.76 7.8 7.67 7.8 26 0 0 0 0 0 0 0 0 0 
2014/04/22 7.7 7.7 7.6 7.6 28 0 0 0 0 0 0 0 0 0 
2014/04/23 7.6 7.6 7.48 7.48 49 0 0 0 0 0 0 0 0 0 
2014/04/24 7.48 7.58 7.48 7.52 144 0 0 0 0 0 0 0 0 0 
2014/04/25 7.5 7.55 7.33 7.35 37 0 0 0 0 0 0 0 0 0 
2014/04/28 7.2 7.27 7.2 7.25 120 0 0 0 0 0 0 0 0 0 
2014/04/29 7.27 7.75 7.27 7.5 52 0 0 0 0 0 0 0 0 0 
2014/04/30 7.5 7.5 7.3 7.3 259 0 0 0 0 0 0 0 0 0 
2014/05/02 7.3 7.65 7.3 7.63 97 0 0 0 0 0 0 0 0 0 
2014/05/05 7.6 7.6 7.4 7.54 27 0 0 0 0 0 0 0 0 0 
2014/05/06 7.45 7.89 7.45 7.85 258 0 0 0 0 0 0 0 0 0 
2014/05/07 7.95 8.05 7.9 7.92 119 0 0 0 0 0 0 0 0 0 
2014/05/08 8 8 7.78 7.88 64 0 0 0 0 0 0 0 0 0 
2014/05/09 7.75 7.98 7.75 7.91 38 0 0 0 0 0 0 0 0 0 
2014/05/12 7.89 7.97 7.78 7.78 35 0 0 0 0 0 0 0 0 0 
2014/05/13 7.78 7.78 7.66 7.66 36 0 0 0 0 0 0 0 0 0 
2014/05/14 7.66 7.73 7.52 7.54 24 0 0 0 0 0 0 0 0 0 
2014/05/15 7.49 7.66 7.49 7.66 8 0 0 0 0 0 0 0 0 0 
2014/05/16 7.53 7.59 7.45 7.59 16 0 0 0 0 0 0 0 0 0 
2014/05/19 7.46 7.59 7.46 7.48 24 0 0 0 0 0 0 0 0 0 
2014/05/20 7.51 7.56 7.51 7.52 20 0 0 0 0 0 0 0 0 0 
2014/05/21 7.45 7.72 7.45 7.63 50 0 0 0 0 0 0 0 0 0 
2014/05/22 7.61 7.63 7.61 7.63 7 0 0 0 0 0 0 0 0 0 
2014/05/23 7.54 7.68 7.52 7.6 34 0 0 0 0 0 0 0 0 0 
2014/05/26 7.6 7.6 7.55 7.6 51 0 0 0 0 0 0 0 0 0 
2014/05/27 7.6 7.6 7.45 7.53 120 0 0 0 0 0 0 0 0 0 
2014/05/28 7.3 7.47 7.3 7.38 399 0 0 0 0 0 0 0 0 0 
2014/05/29 7.3 7.49 7.3 7.35 207 0 0 0 0 0 0 0 0 0 
2014/05/30 7.37 7.5 7.35 7.44 343 0 0 0 0 0 0 0 0 0 
2014/06/03 7.38 7.49 7.38 7.49 6 0 0 0 0 0 0 0 0 0 
2014/06/04 7.49 7.49 7.49 7.49 22 0 0 0 0 0 0 0 0 0 
2014/06/05 7.48 7.5 7.39 7.39 121 0 0 0 0 0 0 0 0 0 
2014/06/06 7.38 7.58 7.37 7.43 160 0 0 0 0 0 0 0 0 0 
2014/06/09 7.47 7.75 7.46 7.49 93 0 0 0 0 0 0 0 0 0 
2014/06/10 7.58 7.58 7.44 7.47 390 0 0 0 0 0 0 0 0 0 
2014/06/11 7.58 7.86 7.55 7.6 282 0 0 0 0 0 0 0 0 0 
2014/06/12 7.55 7.63 7.44 7.44 275 0 0 0 0 0 0 0 0 0 
2014/06/13 7.47 7.69 7.47 7.53 229 0 0 0 0 0 0 0 0 0 
2014/06/16 7.7 7.7 7.46 7.51 172 0 0 0 0 0 0 0 0 0 
2014/06/17 7.54 7.69 7.49 7.57 211 0 0 0 0 0 0 0 0 0 
2014/06/18 7.5 7.65 7.5 7.56 318 0 0 0 0 0 0 0 0 0 
2014/06/19 7.57 7.7 7.54 7.65 190 0 0 0 0 0 0 0 0 0 
2014/06/20 7.61 7.67 7.57 7.6 162 0 0 0 0 0 0 0 0 0 
2014/06/23 7.59 7.72 7.51 7.51 326 0 0 0 0 0 0 0 0 0 
2014/06/24 7.66 7.66 7.51 7.62 83 0 0 0 0 0 0 0 0 0 
2014/06/25 7.54 7.55 7.54 7.55 88 0 0 0 0 0 0 0 0 0 
2014/06/26 8.07 8.07 8 8.07 2265 0 0 0 0 0 0 0 0 0 
2014/06/27 8.63 8.63 8.36 8.63 4475 0 0 0 0 0 0 0 0 0 
2014/06/30 8.85 9.1 8.8 8.92 2378 0 0 0 0 0 0 0 0 0 
2014/07/01 8.75 8.87 8.64 8.79 1001 0 0 0 0 0 0 0 0 0 
2014/07/02 8.8 8.88 8.63 8.86 682 0 0 0 0 0 0 0 0 0 
2014/07/03 9 9.02 8.79 8.86 498 0 0 0 0 0 0 0 0 0 
2014/07/04 8.86 8.95 8.8 8.95 607 0 0 0 0 0 0 0 0 0 
2014/07/07 8.99 9.05 8.5 8.7 622 0 0 0 0 0 0 0 0 0 
2014/07/08 8.7 9.3 8.7 9.3 2122 0 0 0 0 0 0 0 0 0 
2014/07/09 9.42 9.42 8.9 9 1293 0 0 0 0 0 0 0 0 0 
2014/07/10 8.97 9.14 8.81 8.92 485 0 0 0 0 0 0 0 0 0 
2014/07/11 8.7 8.79 8.3 8.39 1131 0 0 0 0 0 0 0 0 0 
2014/07/14 8.97 8.97 8.61 8.88 715 0 0 0 0 0 0 0 0 0 
2014/07/15 8.61 9.07 8.61 8.85 1028 0 0 0 0 0 0 0 0 0 
2014/07/16 8.8 8.8 8.64 8.68 336 0 0 0 0 0 0 0 0 0 
2014/07/17 8.61 8.67 8.6 8.62 75 0 0 0 0 0 0 0 0 0 
2014/07/18 8.41 8.7 8.41 8.62 93 0 0 0 0 0 0 0 0 0 
2014/07/21 8.6 8.74 8.5 8.51 105 0 0 0 0 0 0 0 0 0 
2014/07/22 8.45 8.64 8.44 8.58 76 0 0 0 0 0 0 0 0 0 
2014/07/24 8.65 8.7 8.63 8.64 111 0 0 0 0 0 0 0 0 0 
2014/07/25 8.52 8.64 8.26 8.62 383 0 0 0 0 0 0 0 0 0 
2014/07/28 8.63 8.67 8.53 8.54 75 0 0 0 0 0 0 0 0 0 
2014/07/29 8.53 8.66 8.53 8.53 80 0 0 0 0 0 0 0 0 0 
2014/07/30 8.53 8.65 8.53 8.56 108 0 0 0 0 0 0 0 0 0 
2014/07/31 8.53 8.61 8.51 8.53 96 0 0 0 0 0 0 0 0 0 
2014/08/01 8.49 8.53 8.45 8.49 37 0 0 0 0 0 0 0 0 0 
2014/08/04 8.37 8.4 8.28 8.3 213 0 0 0 0 0 0 0 0 0 
2014/08/05 8.25 8.25 7.88 7.96 411 0 0 0 0 0 0 0 0 0 
2014/08/06 7.96 7.96 7.65 7.7 346 0 0 0 0 0 0 0 0 0 
2014/08/07 7.79 7.95 7.63 7.93 85 0 0 0 0 0 0 0 0 0 
2014/08/08 7.93 7.99 7.91 7.99 21 0 0 0 0 0 0 0 0 0 
2014/08/11 8 8.02 7.86 7.86 16 0 0 0 0 0 0 0 0 0 
2014/08/12 7.88 7.88 7.73 7.76 218 0 0 0 0 0 0 0 0 0 
2014/08/13 7.8 7.8 7.56 7.56 383 0 0 0 0 0 0 0 0 0 
2014/08/14 7.55 7.55 7.3 7.3 532 0 0 0 0 0 0 0 0 0 
2014/08/15 7.15 7.45 7.15 7.3 161 0 0 0 0 0 0 0 0 0 
2014/08/18 7.32 7.48 7.3 7.32 97 0 0 0 0 0 0 0 0 0 
2014/08/19 7.28 7.34 7.23 7.23 155 0 0 0 0 0 0 0 0 0 
2014/08/20 7.17 7.23 7.11 7.15 212 0 0 0 0 0 0 0 0 0 
2014/08/21 7.15 7.25 6.95 7.01 478 0 0 0 0 0 0 0 0 0 
2014/08/22 7.01 7.18 6.99 7.17 109 0 0 0 0 0 0 0 0 0 
2014/08/25 7.27 7.3 7.2 7.29 161 0 0 0 0 0 0 0 0 0 
2014/08/26 7.13 7.36 7.13 7.35 168 0 0 0 0 0 0 0 0 0 
2014/08/27 7.3 7.41 7.27 7.41 134 0 0 0 0 0 0 0 0 0 
2014/08/28 7.28 7.35 7.28 7.34 7 0 0 0 0 0 0 0 0 0 
2014/08/29 7.34 7.43 7.29 7.38 185 0 0 0 0 0 0 0 0 0 
2014/09/01 7.38 7.38 7.3 7.3 195 0 0 0 0 0 0 0 0 0 
2014/09/02 7.26 7.38 7.23 7.38 419 0 0 0 0 0 0 0 0 0 
2014/09/03 7.38 7.43 7.25 7.25 119 0 0 0 0 0 0 0 0 0 
2014/09/04 7.25 7.34 7.22 7.31 28 0 0 0 0 0 0 0 0 0 
2014/09/05 7.35 7.38 7.28 7.33 139 0 0 0 0 0 0 0 0 0 
2014/09/09 7.26 7.26 7.25 7.25 4 0 0 0 0 0 0 0 0 0 
2014/09/10 7.21 7.28 7.2 7.28 28 0 0 0 0 0 0 0 0 0 
2014/09/11 7.25 7.27 7.2 7.2 52 0 0 0 0 0 0 0 0 0 
2014/09/12 7.11 7.19 7.11 7.16 138 0 0 0 0 0 0 0 0 0 
2014/09/15 7.18 7.2 7.18 7.19 13 0 0 0 0 0 0 0 0 0 
2014/09/16 7.14 7.2 7.14 7.2 11 0 0 0 0 0 0 0 0 0 
2014/09/17 7.22 7.29 7.16 7.28 76 0 0 0 0 0 0 0 0 0 
2014/09/18 7.17 7.17 7.17 7.17 3 0 0 0 0 0 0 0 0 0 
2014/09/19 7.18 7.25 7.16 7.25 40 0 0 0 0 0 0 0 0 0 
2014/09/22 7.2 7.2 7.19 7.2 14 0 0 0 0 0 0 0 0 0 
2014/09/23 7.1 7.24 7.1 7.24 10 0 0 0 0 0 0 0 0 0 
2014/09/24 7.24 7.25 7.12 7.15 63 0 0 0 0 0 0 0 0 0 
2014/09/25 7.15 7.15 7.14 7.14 51 0 0 0 0 0 0 0 0 0 
2014/09/26 7.13 7.23 7.05 7.05 136 0 0 0 0 0 0 0 0 0 
2014/09/29 7.03 7.13 7.02 7.05 102 0 0 0 0 0 0 0 0 0 
2014/09/30 7.05 7.38 7.05 7.31 255 0 0 0 0 0 0 0 0 0 
2014/10/01 7.31 7.49 7.29 7.29 59 0 0 0 0 0 0 0 0 0 
2014/10/02 7.37 7.41 7.37 7.4 11 0 0 0 0 0 0 0 0 0 
2014/10/03 7.54 7.55 7.32 7.34 18 0 0 0 0 0 0 0 0 0 
2014/10/06 7.31 7.36 7.27 7.36 15 0 0 0 0 0 0 0 0 0 
2014/10/07 7.4 7.4 7.16 7.18 111 0 0 0 0 0 0 0 0 0 
2014/10/08 7.13 7.26 7.12 7.2 64 0 0 0 0 0 0 0 0 0 
2014/10/09 7.2 7.2 7.16 7.17 33 0 0 0 0 0 0 0 0 0 
2014/10/13 7.26 7.39 7.23 7.36 111 0 0 0 0 0 0 0 0 0 
2014/10/14 7.18 7.18 7.17 7.17 9 0 0 0 0 0 0 0 0 0 
2014/10/15 7.17 7.23 7.1 7.1 77 0 0 0 0 0 0 0 0 0 
2014/10/16 6.92 7.14 6.91 7.14 15 0 0 0 0 0 0 0 0 0 
2014/10/17 6.99 6.99 6.83 6.86 48 0 0 0 0 0 0 0 0 0 
2014/10/20 6.99 6.99 6.87 6.95 81 0 0 0 0 0 0 0 0 0 
2014/10/21 6.9 7.05 6.9 7.05 2 0 0 0 0 0 0 0 0 0 
2014/10/22 6.95 7 6.95 7 26 0 0 0 0 0 0 0 0 0 
2014/10/23 6.93 6.98 6.85 6.88 25 0 0 0 0 0 0 0 0 0 
2014/10/24 6.87 6.89 6.8 6.85 33 0 0 0 0 0 0 0 0 0 
2014/10/27 6.7 6.92 6.69 6.79 48 0 0 0 0 0 0 0 0 0 
2014/10/28 6.7 6.98 6.7 6.84 42 0 0 0 0 0 0 0 0 0 
2014/10/29 6.89 6.99 6.77 6.8 7 0 0 0 0 0 0 0 0 0 
2014/10/30 6.8 6.89 6.8 6.89 6 0 0 0 0 0 0 0 0 0 
2014/10/31 7.06 7.06 6.98 6.99 19 0 0 0 0 0 0 0 0 0 
2014/11/03 6.76 6.91 6.76 6.89 24 0 0 0 0 0 0 0 0 0 
2014/11/04 6.75 6.91 6.75 6.88 21 0 0 0 0 0 0 0 0 0 
2014/11/05 6.88 6.88 6.84 6.84 7 0 0 0 0 0 0 0 0 0 
2014/11/06 6.81 7.05 6.81 7 128 0 0 0 0 0 0 0 0 0 
2014/11/07 7.09 7.1 7 7.1 22 0 0 0 0 0 0 0 0 0 
2014/11/10 7.28 7.28 7.2 7.2 5 0 0 0 0 0 0 0 0 0 
2014/11/11 7.62 7.62 6.93 7.12 40 0 0 0 0 0 0 0 0 0 
2014/11/12 7.12 7.16 7.1 7.16 9 0 0 0 0 0 0 0 0 0 
2014/11/13 6.94 7.04 6.85 6.91 255 0 0 0 0 0 0 0 0 0 
2014/11/14 6.86 6.96 6.82 6.96 75 0 0 0 0 0 0 0 0 0 
2014/11/17 6.89 6.96 6.83 6.83 26 0 0 0 0 0 0 0 0 0 
2014/11/18 6.81 6.81 6.56 6.81 19 0 0 0 0 0 0 0 0 0 
2014/11/19 6.7 6.88 6.7 6.88 14 0 0 0 0 0 0 0 0 0 
2014/11/20 6.89 7.02 6.74 6.74 111 0 0 0 0 0 0 0 0 0 
2014/11/21 7 7 6.48 6.48 484 0 0 0 0 0 0 0 0 0 
2014/11/24 6.4 6.4 6.03 6.05 815 0 0 0 0 0 0 0 0 0 
2014/11/25 6.12 6.12 5.95 5.97 281 0 0 0 0 0 0 0 0 0 
2014/11/26 5.98 6.03 5.98 5.99 42 0 0 0 0 0 0 0 0 0 
2014/11/27 6.01 6.04 5.92 5.97 85 0 0 0 0 0 0 0 0 0 
2014/11/28 5.97 5.98 5.92 5.92 60 0 0 0 0 0 0 0 0 0 
2014/12/01 5.77 6 5.77 5.98 101 0 0 0 0 0 0 0 0 0 
2014/12/02 5.63 5.98 5.63 5.86 160 0 0 0 0 0 0 0 0 0 
2014/12/03 5.81 6 5.81 5.9 51 0 0 0 0 0 0 0 0 0 
2014/12/04 5.92 6.31 5.92 6.28 225 0 0 0 0 0 0 0 0 0 
2014/12/05 6.34 6.34 6.1 6.11 214 0 0 0 0 0 0 0 0 0 
2014/12/08 6.2 6.4 6.1 6.15 507 0 0 0 0 0 0 0 0 0 
2014/12/09 6.2 6.24 6.1 6.16 341 0 0 0 0 0 0 0 0 0 
2014/12/10 6.14 6.24 6.1 6.16 234 0 0 0 0 0 0 0 0 0 
2014/12/11 6.13 6.35 6.13 6.26 440 0 0 0 0 0 0 0 0 0 
2014/12/12 6.22 6.32 6.2 6.28 200 0 0 0 0 0 0 0 0 0 
2014/12/15 6.21 6.6 6.21 6.56 416 0 0 0 0 0 0 0 0 0 
2014/12/16 6.45 6.6 6.45 6.56 133 0 0 0 0 0 0 0 0 0 
2014/12/17 6.5 6.58 6.4 6.5 143 0 0 0 0 0 0 0 0 0 
2014/12/18 6.6 6.6 6.45 6.46 290 0 0 0 0 0 0 0 0 0 
2014/12/19 6.4 6.55 6.39 6.39 193 0 0 0 0 0 0 0 0 0 
2014/12/22 6.28 6.58 6.28 6.4 252 0 0 0 0 0 0 0 0 0 
2014/12/23 6.3 6.57 6.3 6.4 188 0 0 0 0 0 0 0 0 0 
2014/12/24 6.58 6.83 6.35 6.57 234 0 0 0 0 0 0 0 0 0 
2014/12/25 6.75 6.78 6.51 6.58 425 0 0 0 0 0 0 0 0 0 
2014/12/26 6.7 6.7 6.58 6.61 119 0 0 0 0 0 0 0 0 0 
2014/12/27 6.55 6.61 6.53 6.53 86 0 0 0 0 0 0 0 0 0 
2014/12/29 6.53 6.66 6.52 6.6 98 0 0 0 0 0 0 0 0 0 
2014/12/30 6.57 6.57 6.51 6.52 287 0 0 0 0 0 0 0 0 0 
2014/12/31 6.3 6.64 6.3 6.51 23 0 0 0 0 0 0 0 0 0 
2015/01/05 6.57 6.59 6.4 6.59 21 0 0 0 0 0 0 0 0 0 
2015/01/06 6.59 6.59 6.4 6.45 66 0 0 0 0 0 0 0 0 0 
2015/01/07 6.28 6.28 6.28 6.28 1 0 0 0 0 0 0 0 0 0 
2015/01/08 6.5 6.62 6.42 6.42 20 0 0 0 0 0 0 0 0 0 
2015/01/09 6.4 6.53 6.4 6.4 12 0 0 0 0 0 0 0 0 0 
2015/01/12 6.3 6.3 6.24 6.3 3 0 0 0 0 0 0 0 0 0 
2015/01/13 6.3 6.6 6.3 6.41 138 0 0 0 0 0 0 0 0 0 
2015/01/14 6.33 6.5 6.33 6.36 10 0 0 0 0 0 0 0 0 0 
2015/01/15 6.31 6.32 6.31 6.32 15 0 0 0 0 0 0 0 0 0 
2015/01/16 6.28 6.59 6.06 6.35 73 0 0 0 0 0 0 0 0 0 
2015/01/19 6.27 6.39 6.27 6.39 3 0 0 0 0 0 0 0 0 0 
2015/01/20 6.39 6.58 6.29 6.5 15 0 0 0 0 0 0 0 0 0 
2015/01/21 6.51 6.51 6.5 6.5 7 0 0 0 0 0 0 0 0 0 
2015/01/22 6.34 6.56 6.34 6.53 208 0 0 0 0 0 0 0 0 0 
2015/01/23 6.47 6.55 6.47 6.55 11 0 0 0 0 0 0 0 0 0 
2015/01/26 6.45 6.45 6.35 6.38 5 0 0 0 0 0 0 0 0 0 
2015/01/27 6.4 6.82 6.38 6.8 244 0 0 0 0 0 0 0 0 0 
2015/01/28 6.41 6.85 6.41 6.85 476 0 0 0 0 0 0 0 0 0 
2015/01/29 6.66 6.76 6.65 6.65 15 0 0 0 0 0 0 0 0 0 
2015/01/30 6.65 6.65 6.65 6.65 1 0 0 0 0 0 0 0 0 0 
2015/02/02 6.65 6.65 6.65 6.65 21 0 0 0 0 0 0 0 0 0 
2015/02/03 6.61 6.75 6.61 6.61 23 0 0 0 0 0 0 0 0 0 
2015/02/04 6.8 6.8 6.79 6.8 113 0 0 0 0 0 0 0 0 0 
2015/02/05 6.8 6.83 6.65 6.83 64 0 0 0 0 0 0 0 0 0 
2015/02/06 6.6 6.95 6.6 6.65 68 0 0 0 0 0 0 0 0 0 
2015/02/09 6.8 6.81 6.8 6.8 141 0 0 0 0 0 0 0 0 0 
2015/02/10 6.94 6.94 6.75 6.75 14 0 0 0 0 0 0 0 0 0 
2015/02/11 6.75 6.75 6.75 6.75 50 0 0 0 0 0 0 0 0 0 
2015/02/12 6.71 6.71 6.7 6.7 9 0 0 0 0 0 0 0 0 0 
2015/02/13 6.65 6.8 6.65 6.8 38 0 0 0 0 0 0 0 0 0 
2015/02/24 6.94 7.27 6.94 6.98 64 0 0 0 0 0 0 0 0 0 
2015/02/25 6.81 7.09 6.81 7.09 30 0 0 0 0 0 0 0 0 0 
2015/02/26 7 7 7 7 2 0 0 0 0 0 0 0 0 0 
2015/03/02 6.86 6.86 6.65 6.67 42 0 0 0 0 0 0 0 0 0 
2015/03/03 6.88 6.88 6.67 6.68 28 0 0 0 0 0 0 0 0 0 
2015/03/04 6.75 6.75 6.68 6.7 6 0 0 0 0 0 0 0 0 0 
2015/03/05 6.7 6.8 6.7 6.75 19 0 0 0 0 0 0 0 0 0 
2015/03/06 6.75 6.81 6.75 6.81 5 0 0 0 0 0 0 0 0 0 
2015/03/09 6.81 6.81 6.81 6.81 0 0 0 0 0 0 0 0 0 0 
2015/03/10 6.81 6.81 6.8 6.8 10 0 0 0 0 0 0 0 0 0 
2015/03/11 6.7 6.8 6.51 6.8 18 0 0 0 0 0 0 0 0 0 
2015/03/12 6.75 7 6.75 7 7 0 0 0 0 0 0 0 0 0 
2015/03/13 6.9 7.16 6.9 7.16 6 0 0 0 0 0 0 0 0 0 
2015/03/16 6.81 7.1 6.81 7 23 0 0 0 0 0 0 0 0 0 
2015/03/17 7 7.19 7 7.19 36 0 0 0 0 0 0 0 0 0 
2015/03/18 7 7 6.9 6.9 11 0 0 0 0 0 0 0 0 0 
2015/03/19 7.05 7.05 6.8 6.8 23 0 0 0 0 0 0 0 0 0 
2015/03/20 6.71 6.71 6.7 6.71 51 0 0 0 0 0 0 0 0 0 
2015/03/23 6.8 6.8 6.8 6.8 81 0 0 0 0 0 0 0 0 0 
2015/03/24 6.62 6.63 6.62 6.63 6 0 0 0 0 0 0 0 0 0 
2015/03/25 6.8 6.82 6.65 6.66 23 0 0 0 0 0 0 0 0 0 
2015/03/26 6.81 6.81 6.8 6.8 40 0 0 0 0 0 0 0 0 0 
2015/03/27 6.89 6.97 6.81 6.93 37 0 0 0 0 0 0 0 0 0 
2015/03/30 6.91 7.14 6.85 7.02 29 0 0 0 0 0 0 0 0 0 
2015/03/31 6.9 6.9 6.82 6.82 21 0 0 0 0 0 0 0 0 0 
2015/04/01 6.8 6.8 6.6 6.72 184 0 0 0 0 0 0 0 0 0 
2015/04/02 6.7 6.75 6.6 6.75 183 0 0 0 0 0 0 0 0 0 
2015/04/07 6.67 6.75 6.67 6.75 123 0 0 0 0 0 0 0 0 0 
2015/04/08 6.75 6.75 6.75 6.75 41 0 0 0 0 0 0 0 0 0 
2015/04/09 6.8 6.9 6.75 6.9 67 0 0 0 0 0 0 0 0 0 
2015/04/10 6.83 6.83 6.72 6.75 10 0 0 0 0 0 0 0 0 0 
2015/04/13 6.5 6.94 6.5 6.94 15 0 0 0 0 0 0 0 0 0 
2015/04/14 6.75 6.88 6.75 6.88 31 0 0 0 0 0 0 0 0 0 
2015/04/15 6.8 6.88 6.75 6.87 36 0 0 0 0 0 0 0 0 0 
2015/04/16 6.71 6.83 6.71 6.83 108 0 0 0 0 0 0 0 0 0 
2015/04/17 6.73 7.19 6.73 7.18 72 0 0 0 0 0 0 0 0 0 
2015/04/20 6.86 6.9 6.68 6.68 1036 0 0 0 0 0 0 0 0 0 
2015/04/21 6.6 6.85 6.6 6.61 93 0 0 0 0 0 0 0 0 0 
2015/04/22 6.6 6.65 6.6 6.64 478 0 0 0 0 0 0 0 0 0 
2015/04/23 6.61 6.77 6.6 6.7 118 0 0 0 0 0 0 0 0 0 
2015/04/24 6.61 7.1 6.61 6.71 400 0 0 0 0 0 0 0 0 0 
2015/04/27 6.71 6.8 6.55 6.6 87 0 0 0 0 0 0 0 0 0 
2015/04/28 6.57 6.85 6.57 6.76 382 0 0 0 0 0 0 0 0 0 
2015/04/29 6.74 6.93 6.6 6.76 384 0 0 0 0 0 0 0 0 0 
2015/04/30 6.82 7.08 6.75 7.08 337 0 0 0 0 0 0 0 0 0 
2015/05/04 7.17 7.17 6.9 6.91 44 0 0 0 0 0 0 0 0 0 
2015/05/05 6.81 7 6.8 6.81 29 0 0 0 0 0 0 0 0 0 
2015/05/06 6.76 6.84 6.71 6.84 93 0 0 0 0 0 0 0 0 0 
2015/05/07 6.84 6.91 6.68 6.82 56 0 0 0 0 0 0 0 0 0 
2015/05/08 6.82 6.82 6.75 6.75 28 0 0 0 0 0 0 0 0 0 
2015/05/11 6.76 6.76 6.6 6.7 127 0 0 0 0 0 0 0 0 0 
2015/05/12 6.7 7.11 6.51 6.52 182 0 0 0 0 0 0 0 0 0 
2015/05/13 6.54 6.73 6.37 6.6 111 0 0 0 0 0 0 0 0 0 
2015/05/14 6.45 7.03 6.45 6.5 39 0 0 0 0 0 0 0 0 0 
2015/05/15 6.55 6.7 6.5 6.5 40 0 0 0 0 0 0 0 0 0 
2015/05/18 6.46 6.65 6.46 6.5 7 0 0 0 0 0 0 0 0 0 
2015/05/19 6.4 6.51 6.18 6.51 165 0 0 0 0 0 0 0 0 0 
2015/05/20 6.49 6.49 6.35 6.36 251 0 0 0 0 0 0 0 0 0 
2015/05/21 6.8 6.8 6.31 6.32 185 0 0 0 0 0 0 0 0 0 
2015/05/22 6.01 6.38 6.01 6.26 83 0 0 0 0 0 0 0 0 0 
2015/05/25 6.26 6.65 6.16 6.22 527 0 0 0 0 0 0 0 0 0 
2015/05/26 6.1 6.25 6.1 6.13 691 0 0 0 0 0 0 0 0 0 
2015/05/27 6.09 6.17 6.05 6.06 90 0 0 0 0 0 0 0 0 0 
2015/05/28 6.08 6.1 6.02 6.09 62 0 0 0 0 0 0 0 0 0 
2015/05/29 6.09 6.15 5.71 5.75 167 0 0 0 0 0 0 0 0 0 
2015/06/01 5.78 5.99 5.6 5.95 146 0 0 0 0 0 0 0 0 0 
2015/06/02 5.95 6.05 5.8 6.03 286 0 0 0 0 0 0 0 0 0 
2015/06/03 6.05 6.2 5.6 5.63 306 0 0 0 0 0 0 0 0 0 
2015/06/04 5.63 5.96 5.6 5.79 331 0 0 0 0 0 0 0 0 0 
2015/06/05 5.55 5.77 5.55 5.77 120 0 0 0 0 0 0 0 0 0 
2015/06/08 5.66 5.66 5.54 5.55 341 0 0 0 0 0 0 0 0 0 
2015/06/09 5.55 5.56 5.29 5.33 933 0 0 0 0 0 0 0 0 0 
2015/06/10 5.33 5.55 5.33 5.38 180 0 0 0 0 0 0 0 0 0 
2015/06/11 5.3 5.45 5.3 5.36 39 0 0 0 0 0 0 0 0 0 
2015/06/12 5.36 5.65 5.32 5.52 291 0 0 0 0 0 0 0 0 0 
2015/06/15 5.64 5.67 5.48 5.55 283 0 0 0 0 0 0 0 0 0 
2015/06/16 5.55 5.69 5.45 5.57 153 0 0 0 0 0 0 0 0 0 
2015/06/17 5.4 5.69 5.4 5.48 268 0 0 0 0 0 0 0 0 0 
2015/06/18 5.45 5.58 5.41 5.5 210 0 0 0 0 0 0 0 0 0 
2015/06/22 5.41 5.63 5.41 5.5 223 0 0 0 0 0 0 0 0 0 
2015/06/23 5.52 5.58 5.48 5.5 116 0 0 0 0 0 0 0 0 0 
2015/06/24 5.5 5.62 5.48 5.5 89 0 0 0 0 0 0 0 0 0 
2015/06/25 5.5 5.67 5.5 5.58 50 0 0 0 0 0 0 0 0 0 
2015/06/26 5.61 5.8 5.5 5.7 374 0 0 0 0 0 0 0 0 0 
2015/06/29 5.7 5.83 5.42 5.83 96 0 0 0 0 0 0 0 0 0 
2015/06/30 5.59 5.79 5.46 5.46 85 0 0 0 0 0 0 0 0 0 
2015/07/01 5.5 5.65 5.5 5.6 183 0 0 0 0 0 0 0 0 0 
2015/07/02 5.6 5.79 5.6 5.61 78 0 0 0 0 0 0 0 0 0 
2015/07/03 5.48 5.62 5.44 5.51 71 0 0 0 0 0 0 0 0 0 
2015/07/06 5.79 6.06 5.58 6.06 522 0 0 0 0 0 0 0 0 0 
2015/07/07 6.16 6.66 6.01 6.07 1305 0 0 0 0 0 0 0 0 0 
2015/07/08 5.75 5.9 5.52 5.66 1080 0 0 0 0 0 0 0 0 0 
2015/07/09 5.6 5.65 5.1 5.6 904 0 0 0 0 0 0 0 0 0 
2015/07/13 5.41 5.8 5.41 5.8 245 0 0 0 0 0 0 0 0 0 
2015/07/14 5.79 5.79 5.63 5.68 54 0 0 0 0 0 0 0 0 0 
2015/07/15 5.63 5.75 5.61 5.75 31 0 0 0 0 0 0 0 0 0 
2015/07/16 5.73 6.1 5.7 5.75 22 0 0 0 0 0 0 0 0 0 
2015/07/17 5.99 6.08 5.8 5.8 246 0 0 0 0 0 0 0 0 0 
2015/07/20 5.75 5.75 5.47 5.5 32 0 0 0 0 0 0 0 0 0 
2015/07/21 5.6 5.6 5.6 5.6 26 0 0 0 0 0 0 0 0 0 
2015/07/22 5.6 5.6 5.58 5.58 33 0 0 0 0 0 0 0 0 0 
2015/07/23 5.61 5.79 5.61 5.79 1224 0 0 0 0 0 0 0 0 0 
2015/07/24 6.15 6.15 5.71 5.8 611 0 0 0 0 0 0 0 0 0 
2015/07/27 5.61 5.7 5.5 5.6 587 0 0 0 0 0 0 0 0 0 
2015/07/28 5.71 5.71 5.3 5.65 30 0 0 0 0 0 0 0 0 0 
2015/07/29 5.65 5.65 5.5 5.62 207 0 0 0 0 0 0 0 0 0 
2015/07/30 5.6 5.6 5.5 5.5 80 0 0 0 0 0 0 0 0 0 
2015/07/31 5.5 5.55 5.33 5.55 34 0 0 0 0 0 0 0 0 0 
2015/08/03 5.37 5.37 5.3 5.31 113 0 0 0 0 0 0 0 0 0 
2015/08/04 5.49 5.75 5.31 5.49 56 0 0 0 0 0 0 0 0 0 
2015/08/05 5.46 5.46 5.31 5.31 70 0 0 0 0 0 0 0 0 0 
2015/08/06 5.24 5.37 4.83 5.35 94 0 0 0 0 0 0 0 0 0 
2015/08/07 5.39 5.39 4.91 5.35 75 0 0 0 0 0 0 0 0 0 
2015/08/10 5.17 5.36 4.98 5.35 482 0 0 0 0 0 0 0 0 0 
2015/08/11 5.36 5.36 5.05 5.28 232 0 0 0 0 0 0 0 0 0 
2015/08/12 5.25 5.25 5.04 5.05 101 0 0 0 0 0 0 0 0 0 
2015/08/13 5.07 5.07 4.6 4.99 1751 0 0 0 0 0 0 0 0 0 
2015/08/14 4.99 5.01 4.96 5 164 0 0 0 0 0 0 0 0 0 
2015/08/17 5 5.15 5 5.15 646 0 0 0 0 0 0 0 0 0 
2015/08/18 5.15 5.2 4.85 5.01 650 0 0 0 0 0 0 0 0 0 
2015/08/19 4.94 5 4.81 4.93 79 0 0 0 0 0 0 0 0 0 
2015/08/20 4.84 4.92 4.7 4.84 39 0 0 0 0 0 0 0 0 0 
2015/08/21 4.73 4.82 4.47 4.47 164 0 0 0 0 0 0 0 0 0 
2015/08/24 4.62 4.62 4.19 4.28 475 0 0 0 0 0 0 0 0 0 
2015/08/25 4.38 4.38 4.19 4.38 165 0 0 0 0 0 0 0 0 0 
2015/08/26 4.27 4.3 4.27 4.3 2 0 0 0 0 0 0 0 0 0 
2015/08/27 4.2 4.65 4.2 4.35 273 0 0 0 0 0 0 0 0 0 
2015/08/28 4.31 4.37 4.31 4.35 18 0 0 0 0 0 0 0 0 0 
2015/08/31 4.49 4.49 4.42 4.42 32 0 0 0 0 0 0 0 0 0 
2015/09/01 4.28 4.52 4.28 4.42 18 0 0 0 0 0 0 0 0 0 
2015/09/02 4.29 4.52 4.29 4.51 35 0 0 0 0 0 0 0 0 0 
2015/09/03 4.52 4.75 4.52 4.74 52 0 0 0 0 0 0 0 0 0 
2015/09/04 4.88 5.21 4.85 5.19 164 0 0 0 0 0 0 0 0 0 
2015/09/07 5 5.25 5 5.25 34 0 0 0 0 0 0 0 0 0 
2015/09/08 5.11 5.11 5.06 5.1 34 0 0 0 0 0 0 0 0 0 
2015/09/09 5.1 5.2 5.1 5.2 17 0 0 0 0 0 0 0 0 0 
2015/09/10 5 5.15 4.91 5.15 11 0 0 0 0 0 0 0 0 0 
2015/09/11 5 5.11 5 5.11 18 0 0 0 0 0 0 0 0 0 
2015/09/14 4.95 5.12 4.95 5.12 4 0 0 0 0 0 0 0 0 0 
2015/09/15 5.2 5.48 5.1 5.19 49 0 0 0 0 0 0 0 0 0 
2015/09/16 5.39 5.39 5.2 5.25 33 0 0 0 0 0 0 0 0 0 
2015/09/17 5.27 5.27 5 5.11 67 0 0 0 0 0 0 0 0 0 
2015/09/18 5.11 5.17 5.11 5.17 6 0 0 0 0 0 0 0 0 0 
2015/09/21 5.08 5.08 4.89 5.08 7 0 0 0 0 0 0 0 0 0 
2015/09/22 5.21 5.21 5.01 5.2 8 0 0 0 0 0 0 0 0 0 
2015/09/23 5.39 5.39 4.95 5.19 55 0 0 0 0 0 0 0 0 0 
2015/09/24 5.15 5.15 4.68 5 57 0 0 0 0 0 0 0 0 0 
2015/09/25 4.93 4.93 4.93 4.93 4 0 0 0 0 0 0 0 0 0 
2015/09/30 4.93 5.08 4.93 5.08 3 0 0 0 0 0 0 0 0 0 
2015/10/01 4.95 5 4.95 5 48 0 0 0 0 0 0 0 0 0 
2015/10/02 5.06 5.09 5.06 5.09 63 0 0 0 0 0 0 0 0 0 
2015/10/05 5.05 5.14 5.05 5.14 749 0 0 0 0 0 0 0 0 0 
2015/10/06 5.17 5.2 4.91 5.17 52 0 0 0 0 0 0 0 0 0 
2015/10/07 5.34 5.36 5.02 5.24 22 0 0 0 0 0 0 0 0 0 
2015/10/08 5.29 5.29 5 5.28 17 0 0 0 0 0 0 0 0 0 
2015/10/12 5.18 5.18 5 5.16 25 0 0 0 0 0 0 0 0 0 
2015/10/13 5.01 5.01 4.85 5 36 0 0 0 0 0 0 0 0 0 
2015/10/14 4.91 5.1 4.91 5.08 29 0 0 0 0 0 0 0 0 0 
2015/10/15 4.9 5 4.9 5 35 0 0 0 0 0 0 0 0 0 
2015/10/16 5.01 5.01 5 5 45 0 0 0 0 0 0 0 0 0 
2015/10/19 5.01 5.06 5.01 5.06 5 0 0 0 0 0 0 0 0 0 
2015/10/20 5 5.06 5 5.06 4 0 0 0 0 0 0 0 0 0 
2015/10/21 5 5 5 5 22 0 0 0 0 0 0 0 0 0 
2015/10/22 5.1 5.1 5 5.09 27 0 0 0 0 0 0 0 0 0 
2015/10/23 5.09 5.09 5 5.09 19 0 0 0 0 0 0 0 0 0 
2015/10/26 5.08 5.09 5 5.01 20 0 0 0 0 0 0 0 0 0 
2015/10/27 5.1 5.1 5 5 16 0 0 0 0 0 0 0 0 0 
2015/10/28 5.1 5.1 4.89 5.1 36 0 0 0 0 0 0 0 0 0 
2015/10/29 5.37 5.37 5 5.01 15 0 0 0 0 0 0 0 0 0 
2015/10/30 5.01 5.08 5 5.08 13 0 0 0 0 0 0 0 0 0 
2015/11/02 5.08 5.08 5 5 7 0 0 0 0 0 0 0 0 0 
2015/11/03 5 5.09 4.95 5.09 14 0 0 0 0 0 0 0 0 0 
2015/11/04 4.91 5.1 4.91 5.1 6 0 0 0 0 0 0 0 0 0 
2015/11/05 5 5.09 5 5.09 5 0 0 0 0 0 0 0 0 0 
2015/11/06 4.92 5.09 4.92 5.09 9 0 0 0 0 0 0 0 0 0 
2015/11/09 5.08 5.08 5.08 5.08 1 0 0 0 0 0 0 0 0 0 
2015/11/10 5.08 5.08 5.08 5.08 1 0 0 0 0 0 0 0 0 0 
2015/11/11 5.07 5.07 5.07 5.07 1 0 0 0 0 0 0 0 0 0 
2015/11/12 5.28 5.28 5.1 5.1 2 0 0 0 0 0 0 0 0 0 
2015/11/13 5.1 5.1 4.71 4.71 2 0 0 0 0 0 0 0 0 0 
2015/11/16 4.81 4.93 4.81 4.93 18 0 0 0 0 0 0 0 0 0 
2015/11/17 4.93 4.93 4.6 4.6 117 0 0 0 0 0 0 0 0 0 
2015/11/18 4.8 4.86 4.6 4.82 203 0 0 0 0 0 0 0 0 0 
2015/11/19 4.7 4.74 4.7 4.74 9 0 0 0 0 0 0 0 0 0 
2015/11/20 4.8 4.8 4.75 4.75 10 0 0 0 0 0 0 0 0 0 
2015/11/23 4.75 4.75 4.75 4.75 8 0 0 0 0 0 0 0 0 0 
2015/11/24 5 5 4.65 4.8 17 0 0 0 0 0 0 0 0 0 
2015/11/25 4.77 4.79 4.77 4.79 3 0 0 0 0 0 0 0 0 0 
2015/11/26 4.79 4.8 4.74 4.8 19 0 0 0 0 0 0 0 0 0 
2015/11/27 4.85 4.9 4.85 4.85 405 0 0 0 0 0 0 0 0 0 
2015/11/30 4.85 4.85 4.85 4.85 302 0 0 0 0 0 0 0 0 0 
2015/12/01 4.9 4.9 4.9 4.9 334 0 0 0 0 0 0 0 0 0 
2015/12/02 5 5 4.99 4.99 359 0 0 0 0 0 0 0 0 0 
2015/12/03 5 5.17 5 5.1 340 0 0 0 0 0 0 0 0 0 
2015/12/04 5.12 5.12 5.1 5.1 301 0 0 0 0 0 0 0 0 0 
2015/12/07 5.1 5.1 5.1 5.1 300 0 0 0 0 0 0 0 0 0 
2015/12/08 5.09 5.1 5.02 5.03 510 0 0 0 0 0 0 0 0 0 
2015/12/09 5.01 5.15 5 5 48 0 0 0 0 0 0 0 0 0 
2015/12/10 5.1 5.15 5.01 5.15 13 0 0 0 0 0 0 0 0 0 
2015/12/11 5.15 5.24 5.1 5.1 55 0 0 0 0 0 0 0 0 0 
2015/12/14 4.99 5.15 4.99 5.05 70 0 0 0 0 0 0 0 0 0 
2015/12/15 5.15 5.15 5.15 5.15 46 0 0 0 0 0 0 0 0 0 
2015/12/16 5.1 5.19 5.1 5.19 44 0 0 0 0 0 0 0 0 0 
2015/12/17 5.19 5.39 5.19 5.24 36 0 0 0 0 0 0 0 0 0 
2015/12/18 5.24 5.25 5.15 5.25 15 0 0 0 0 0 0 0 0 0 
2015/12/21 5.25 5.3 5.25 5.3 5 0 0 0 0 0 0 0 0 0 
2015/12/22 5.3 5.3 5.3 5.3 0 0 0 0 0 0 0 0 0 0 
2015/12/23 5.3 5.3 5.18 5.18 8 0 0 0 0 0 0 0 0 0 
2015/12/24 5.18 5.18 5.18 5.18 6 0 0 0 0 0 0 0 0 0 
2015/12/25 5.17 5.17 5.14 5.14 24 0 0 0 0 0 0 0 0 0 
2015/12/28 5.14 5.44 5.14 5.44 4 0 0 0 0 0 0 0 0 0 
2015/12/29 4.95 5.01 4.95 5.01 5 0 0 0 0 0 0 0 0 0 
2015/12/30 5.1 5.24 5.1 5.24 7 0 0 0 0 0 0 0 0 0 
2015/12/31 5.25 5.25 5.25 5.25 2 0 0 0 0 0 0 0 0 0 
2016/01/04 5.35 5.35 5.19 5.19 16 0 0 0 0 0 0 0 0 0 
2016/01/05 5.15 5.15 5.15 5.15 4 0 0 0 0 0 0 0 0 0 
2016/01/06 5.1 5.12 5.1 5.12 42 0 0 0 0 0 0 0 0 0 
2016/01/07 5.1 5.17 5.04 5.17 89 0 0 0 0 0 0 0 0 0 
2016/01/08 5.6 5.6 5.27 5.27 12 0 0 0 0 0 0 0 0 0 
2016/01/11 4.95 5.27 4.95 5.15 21 0 0 0 0 0 0 0 0 0 
2016/01/12 5.01 5.1 5.01 5.1 13 0 0 0 0 0 0 0 0 0 
2016/01/13 5.1 5.1 5.07 5.1 56 0 0 0 0 0 0 0 0 0 
2016/01/14 5.05 5.05 5.05 5.05 12 0 0 0 0 0 0 0 0 0 
2016/01/15 5.1 5.11 5.08 5.08 37 0 0 0 0 0 0 0 0 0 
2016/01/18 5.1 5.1 5.1 5.1 10 0 0 0 0 0 0 0 0 0 
2016/01/19 5.12 5.12 5.1 5.1 7 0 0 0 0 0 0 0 0 0 
2016/01/20 5.36 5.36 5.1 5.1 15 0 0 0 0 0 0 0 0 0 
2016/01/21 5.11 5.15 5.11 5.15 16 0 0 0 0 0 0 0 0 0 
2016/01/22 5.11 5.11 5.1 5.1 20 0 0 0 0 0 0 0 0 0 
2016/01/25 5.12 5.12 5.1 5.1 35 0 0 0 0 0 0 0 0 0 
2016/01/26 5.12 5.13 5.12 5.13 21 0 0 0 0 0 0 0 0 0 
2016/01/27 5.57 5.57 5.17 5.17 41 0 0 0 0 0 0 0 0 0 
2016/01/28 5.37 5.37 5.13 5.35 46 0 0 0 0 0 0 0 0 0 
2016/01/29 5.5 5.5 5.36 5.36 7 0 0 0 0 0 0 0 0 0 
2016/01/30 5.3 5.3 5.3 5.3 4 0 0 0 0 0 0 0 0 0 
2016/02/01 5.16 5.18 5.16 5.18 10 0 0 0 0 0 0 0 0 0 
2016/02/02 5.58 5.58 5.3 5.5 28 0 0 0 0 0 0 0 0 0 
2016/02/03 5.5 5.5 5.5 5.5 2 0 0 0 0 0 0 0 0 0 
2016/02/15 5.24 5.5 5.24 5.5 14 0 0 0 0 0 0 0 0 0 
2016/02/16 5 5 5 5 20 0 0 0 0 0 0 0 0 0 
2016/02/17 5.01 5.12 5.01 5.1 36 0 0 0 0 0 0 0 0 0 
2016/02/18 5.05 5.05 5.05 5.05 4 0 0 0 0 0 0 0 0 0 
2016/02/19 5.1 5.1 5.07 5.1 40 0 0 0 0 0 0 0 0 0 
2016/02/22 5.06 5.1 5.06 5.1 13 5 0 315 0 0 315 0 0 0 
2016/02/23 5.1 5.1 5.03 5.08 66 5 0 315 0 0 315 0 0 0 
2016/02/24 5.1 5.18 5.07 5.18 115 5 0 315 0 0 315 0 0 0 
2016/02/25 5.06 5.12 5.06 5.12 12 5 0 315 0 0 315 0 0 0 
2016/02/26 5.1 5.22 5.1 5.22 4 5 0 315 0 0 315 0 0 0 
2016/03/01 5.21 5.49 5.09 5.22 67 5 0 325 0 0 325 0 0 0 
2016/03/02 5.06 5.2 5 5.2 26 5 0 325 0 0 325 0 0 0 
2016/03/03 5.06 5.25 5.06 5.25 53 5 0 325 0 0 325 0 0 0 
2016/03/04 5.25 5.25 5.1 5.2 23 5 0 325 0 0 325 0 0 0 
2016/03/07 5.25 5.25 5.11 5.2 6 5 0 325 0 0 325 0 0 0 
2016/03/08 5.3 5.4 5.13 5.36 26 5 0 327 0 0 327 0 0 0 
2016/03/09 5.29 5.29 5.29 5.29 0 5 0 327 0 0 327 0 0 0 
2016/03/10 5.29 5.34 5.12 5.14 11 5 0 327 0 0 327 0 0 0 
2016/03/11 5.39 5.4 5.2 5.3 71 5 0 327 0 0 327 0 0 0 
2016/03/14 5.39 5.39 5.15 5.33 18 5 0 322 0 0 322 0 0 0 
2016/03/15 5.3 5.3 5.12 5.14 14 5 0 322 0 0 322 0 0 0 
2016/03/16 5.14 5.3 5.14 5.3 19 5 0 328 0 0 328 0 0 0 
2016/03/17 5.45 5.45 5.14 5.14 10 5 0 328 0 0 328 0 0 0 
2016/03/18 5.16 5.16 5.14 5.16 19 5 0 328 0 0 328 0 0 0 
2016/03/21 5.29 5.29 5.11 5.11 24 2 0 330 0 0 330 0 0 0 
2016/03/22 5.29 5.45 5.29 5.39 13 2 0 330 0 0 330 0 0 0 
2016/03/23 5.39 5.39 5.16 5.25 11 2 0 330 0 0 330 0 0 0 
2016/03/24 5.16 5.16 5.16 5.16 5 2 0 330 0 0 330 0 0 0 
2016/03/25 5.16 5.16 5.16 5.16 20 2 0 332 0 0 332 0 0 0 
2016/03/28 5.02 5.1 5.02 5.1 11 2 0 332 0 0 332 0 0 0 
2016/03/29 5.11 5.24 5.1 5.24 12 2 0 332 0 0 332 0 0 0 
2016/03/30 5.23 5.23 5.19 5.19 5 2 0 332 0 0 332 0 0 0 
2016/03/31 5.19 5.25 5.02 5.25 9 2 0 332 0 0 332 0 0 0 
2016/04/01 5.24 5.39 5.24 5.39 2 2 0 332 0 0 332 0 0 0 
2016/04/06 5.39 5.39 5.3 5.3 7 2 0 332 0 0 332 0 0 0 
2016/04/07 5.24 5.24 5.24 5.24 0 2 0 332 0 0 332 0 0 0 
2016/04/08 5.01 5.1 5.01 5.1 43 2 0 345 0 0 345 0 0 0 
2016/04/11 5.05 5.12 5.05 5.05 49 2 0 341 0 0 341 0 0 0 
2016/04/12 5.1 5.1 5.02 5.02 8 2 0 341 0 0 341 0 0 0 
2016/04/13 5.49 5.49 5.08 5.08 8 2 0 340 0 0 340 0 0 0 
2016/04/14 5.24 5.24 5.04 5.09 15 2 0 340 0 0 340 0 0 0 
2016/04/15 4.87 5.19 4.87 5.02 9 2 0 343 0 0 343 0 0 0 
2016/04/18 5.18 5.18 5.02 5.04 24 2 0 343 0 0 343 0 0 0 
2016/04/19 5.04 5.04 5.04 5.04 50 2 0 343 0 0 343 0 0 0 
2016/04/20 5.04 5.04 5.04 5.04 7 2 0 343 0 0 343 0 0 0 
2016/04/21 5.05 5.2 5 5.2 4 2 0 343 0 0 343 0 0 0 
2016/04/22 5.12 5.12 4.95 5 20 2 0 348 0 0 348 0 0 0 
2016/04/25 5 5 5 5 2 0 0 348 0 0 348 0 0 0 
2016/04/26 4.86 5 4.86 5 15 0 0 348 0 0 348 0 0 0 
2016/04/27 5 5 5 5 8 0 0 348 0 0 348 0 0 0 
2016/04/28 5.2 5.2 5.2 5.2 2 0 0 348 0 0 348 0 0 0 
2016/04/29 5.13 5.13 5.13 5.13 0 0 0 348 0 0 348 0 0 0 
2016/05/03 4.86 5.05 4.86 4.99 14 0 0 348 0 0 348 0 0 0 
2016/05/04 4.84 4.98 4.84 4.98 5 0 0 348 0 0 348 0 0 0 
2016/05/05 4.95 4.96 4.95 4.96 3 0 0 348 0 0 348 0 0 0 
2016/05/06 4.96 4.96 4.96 4.96 0 0 0 348 0 0 348 0 0 0 
2016/05/09 4.73 4.73 4.73 4.73 1 0 0 348 0 0 348 0 0 0 
2016/05/10 5.07 5.07 5.07 5.07 1 0 0 348 0 0 348 0 0 0 
2016/05/11 4.99 4.99 4.99 4.99 0 0 0 348 0 0 348 0 0 0 
2016/05/12 5.36 5.36 5.36 5.36 1 0 0 348 0 0 348 0 0 0 
2016/05/13 4.85 5 4.83 5 11 0 0 348 0 0 348 0 0 0 
2016/05/16 5 5 5 5 1 0 0 348 0 0 348 0 0 0 
2016/05/17 4.98 5 4.98 5 10 0 0 348 0 0 348 0 0 0 
2016/05/18 4.98 5 4.98 5 17 0 0 348 0 0 348 0 0 0 
2016/05/19 5 5 5 5 11 0 0 348 0 0 348 0 0 0 
2016/05/20 4.71 4.9 4.52 4.9 29 0 0 348 0 0 348 0 0 0 
2016/05/23 4.61 5 4.61 5 138 0 0 348 0 0 348 0 0 0 
2016/05/24 4.8 5 4.78 4.99 177 0 0 343 0 0 343 0 0 0 
2016/05/25 4.75 4.75 4.75 4.75 3 0 0 343 0 0 343 0 0 0 
2016/05/26 4.98 5.1 4.98 5.05 152 0 0 342 0 0 342 0 0 0 
2016/05/27 5 5.04 4.88 5.04 158 0 0 342 0 0 342 0 0 0 
2016/05/30 5 5 4.85 4.85 3 0 0 342 0 0 342 0 0 0 
2016/05/31 5.09 5.09 4.81 4.86 28 0 0 342 0 0 342 0 0 0 
2016/06/01 4.86 4.86 4.86 4.86 2 0 0 342 0 0 342 0 0 0 
2016/06/02 4.76 4.86 4.76 4.86 33 0 0 346 0 0 346 0 0 0 
2016/06/03 4.76 4.81 4.76 4.79 35 0 0 346 0 0 346 0 0 0 
2016/06/04 4.97 4.97 4.73 4.75 22 0 0 346 0 0 346 0 0 0 
2016/06/06 4.92 4.92 4.71 4.76 19 0 0 344 0 0 344 0 0 0 
2016/06/07 4.76 4.88 4.76 4.88 21 0 0 340 0 0 340 0 0 0 
2016/06/08 4.77 4.77 4.77 4.77 15 0 0 340 0 0 340 0 0 0 
2016/06/13 4.8 4.8 4.79 4.8 21 0 0 340 0 0 340 0 0 0 
2016/06/14 4.79 4.79 4.79 4.79 0 0 0 340 0 0 340 0 0 0 
2016/06/15 4.65 4.95 4.65 4.95 8 0 0 341 0 0 341 0 0 0 
2016/06/16 4.8 4.8 4.72 4.72 8 0 0 341 0 0 341 0 0 0 
2016/06/17 4.72 4.83 4.67 4.67 10 0 0 341 0 0 341 0 0 0 
2016/06/20 4.67 4.67 4.67 4.67 0 0 0 341 0 0 341 0 0 0 
2016/06/21 4.75 4.75 4.69 4.75 6 0 0 341 0 0 341 0 0 0 
2016/06/22 4.85 4.85 4.85 4.85 25 0 0 341 0 0 341 0 0 0 
2016/06/23 4.85 4.98 4.85 4.98 4 0 0 341 0 0 341 0 0 0 
2016/06/24 4.9 4.9 4.9 4.9 1 0 0 341 0 0 341 0 0 0 
2016/06/27 4.85 5.08 4.85 5 12 0 0 341 0 0 341 0 0 0 
2016/06/28 4.76 4.82 4.76 4.82 34 0 0 351 0 0 351 0 0 0 
2016/06/29 4.82 4.85 4.65 4.75 20 0 0 351 0 0 351 0 0 0 
2016/06/30 4.85 4.85 4.72 4.72 114 0 0 356 0 0 356 0 0 0 
2016/07/01 5.07 5.07 4.74 4.94 68 0 0 364 0 0 364 0 0 0 
2016/07/04 5.17 5.17 4.6 4.77 12 0 0 364 0 0 364 0 0 0 
2016/07/05 5.18 5.18 4.73 4.76 98 0 0 385 0 0 385 0 0 0 
2016/07/06 4.7 4.85 4.7 4.85 11 0 0 391 0 0 391 0 0 0 
2016/07/07 5.08 5.08 4.81 4.92 7 0 0 391 0 0 391 0 0 0 
2016/07/11 5.03 5.03 4.81 4.95 4 0 0 391 0 0 391 0 0 0 
2016/07/12 4.86 4.91 4.75 4.88 17 0 0 390 0 0 390 0 0 0 
2016/07/13 4.85 4.92 4.85 4.9 31 0 0 390 0 0 390 0 0 0 
2016/07/14 5.35 5.35 4.88 5.04 14 0 0 396 0 0 396 0 0 0 
2016/07/15 4.86 4.9 4.86 4.9 23 0 0 402 0 0 402 0 0 0 
2016/07/18 4.92 4.92 4.92 4.92 1 0 0 402 0 0 402 0 0 0 
2016/07/19 4.89 4.89 4.89 4.89 1 0 0 402 0 0 402 0 0 0 
2016/07/20 4.89 4.89 4.89 4.89 2 0 0 402 0 0 402 0 0 0 
2016/07/21 4.95 4.95 4.76 4.8 33 0 0 402 0 0 402 0 0 0 
2016/07/22 4.81 4.88 4.81 4.84 28 0 0 389 0 0 389 0 0 0 
2016/07/25 4.98 4.98 4.74 4.82 15 0 0 389 0 0 389 0 0 0 
2016/07/26 4.93 4.93 4.93 4.93 1 0 0 389 0 0 389 0 0 0 
2016/07/27 4.74 4.87 4.74 4.87 28 0 0 389 0 0 389 0 0 0 
2016/07/28 4.9 5.03 4.8 4.91 33 0 0 374 0 0 374 0 0 0 
2016/07/29 4.91 4.91 4.77 4.77 41 0 0 370 0 0 370 0 0 0 
2016/08/01 4.95 4.95 4.81 4.81 8 0 0 370 0 0 370 0 0 0 
2016/08/02 4.79 4.8 4.69 4.69 28 0 0 360 0 0 360 0 0 0 
2016/08/03 4.7 4.79 4.69 4.73 15 0 0 360 0 0 360 0 0 0 
2016/08/04 4.68 4.72 4.67 4.72 5 0 0 360 0 0 360 0 0 0 
2016/08/05 4.72 4.91 4.71 4.91 47 0 0 390 0 0 390 0 0 0 
2016/08/08 4.91 4.91 4.76 4.76 12 0 0 390 0 0 390 0 0 0 
2016/08/09 4.76 4.76 4.68 4.69 19 0 0 390 0 0 390 0 0 0 
2016/08/10 4.72 4.72 4.64 4.71 12 0 0 390 0 0 390 0 0 0 
2016/08/11 4.79 4.8 4.71 4.71 14 0 0 393 0 0 393 0 0 0 
2016/08/12 4.6 4.8 4.51 4.8 42 0 0 397 0 0 397 0 0 0 
2016/08/15 4.78 4.8 4.78 4.8 272 0 0 397 0 0 397 0 0 0 
2016/08/16 4.71 4.94 4.71 4.94 10 0 0 397 0 0 397 0 0 0 
2016/08/17 4.75 4.95 4.75 4.95 32 0 0 414 0 0 414 0 0 0 
2016/08/18 4.93 4.93 4.93 4.93 1 0 0 414 0 0 414 0 0 0 
2016/08/19 4.9 4.9 4.67 4.71 23 0 0 396 0 0 396 0 0 0 
2016/08/22 4.62 4.75 4.62 4.67 50 0 0 388 0 0 388 0 0 0 
2016/08/23 4.67 4.67 4.67 4.67 0 0 0 388 0 0 388 0 0 0 
2016/08/24 4.5 4.71 4.5 4.67 93 0 0 419 0 0 419 0 0 0 
2016/08/25 4.67 4.7 4.67 4.7 16 0 0 422 0 0 422 0 0 0 
2016/08/26 4.7 4.71 4.7 4.71 29 0 0 419 0 0 419 0 0 0 
2016/08/29 4.71 4.83 4.71 4.83 22 0 0 419 0 0 419 0 0 0 
2016/08/30 4.7 4.7 4.7 4.7 24 0 0 419 0 0 419 0 0 0 
2016/08/31 4.5 4.7 4.5 4.69 25 0 0 419 0 0 419 0 0 0 
2016/09/01 4.64 4.78 4.64 4.78 7 0 0 422 0 0 422 0 0 0 
2016/09/02 4.77 4.77 4.77 4.77 3 0 0 422 0 0 422 0 0 0 
2016/09/05 4.77 4.77 4.65 4.7 5 0 0 423 0 0 423 0 0 0 
2016/09/06 4.77 5.12 4.73 4.73 9 0 0 420 0 0 420 0 0 0 
2016/09/07 4.61 4.74 4.61 4.74 13 0 0 420 0 0 420 0 0 0 
2016/09/08 4.6 4.71 4.6 4.71 71 0 0 420 0 0 420 0 0 0 
2016/09/09 4.63 4.68 4.6 4.64 59 0 0 420 0 0 420 0 0 0 
2016/09/10 4.64 4.71 4.64 4.71 7 0 0 420 0 0 420 0 0 0 
2016/09/12 4.6 4.65 4.6 4.65 23 0 0 419 0 0 419 0 0 0 
2016/09/13 4.65 4.74 4.65 4.67 7 0 0 418 0 0 418 0 0 0 
2016/09/14 4.67 4.84 4.67 4.68 38 0 0 418 0 0 418 0 0 0 
2016/09/19 4.7 4.7 4.7 4.7 6 0 0 418 0 0 418 0 0 0 
2016/09/20 4.7 4.7 4.7 4.7 0 0 0 418 0 0 418 0 0 0 
2016/09/21 4.69 5 4.69 4.99 50 0 0 455 0 0 455 0 0 0 
2016/09/22 4.99 4.99 4.99 4.99 0 0 0 455 0 0 455 0 0 0 
2016/09/23 4.81 4.81 4.75 4.76 27 0 0 455 0 0 455 0 0 0 
2016/09/26 4.76 4.76 4.76 4.76 0 0 0 455 0 0 455 0 0 0 
2016/09/29 4.76 4.76 4.62 4.76 4 0 0 455 0 0 455 0 0 0 
2016/09/30 4.75 4.78 4.75 4.78 22 0 0 456 0 0 456 0 0 0 
2016/10/03 4.65 4.78 4.65 4.78 43 0 0 451 0 0 451 0 0 0 
2016/10/04 4.78 4.78 4.69 4.73 8 0 0 452 0 0 452 0 0 0 
2016/10/05 4.66 4.66 4.66 4.66 6 0 0 452 0 0 452 0 0 0 
2016/10/06 4.65 4.74 4.65 4.67 17 0 0 466 0 0 466 0 0 0 
2016/10/07 4.69 4.69 4.65 4.68 37 0 0 466 0 0 466 0 0 0 
2016/10/11 4.65 4.65 4.65 4.65 2 0 0 466 0 0 466 0 0 0 
2016/10/12 4.67 4.99 4.67 4.75 18 0 0 464 0 0 464 0 0 0 
2016/10/13 4.73 4.73 4.73 4.73 1 0 0 464 0 0 464 0 0 0 
2016/10/14 4.74 4.86 4.74 4.85 96 0 0 464 0 0 464 0 0 0 
2016/10/17 4.77 4.85 4.76 4.85 8 0 0 464 0 0 464 0 0 0 
2016/10/18 4.74 4.76 4.74 4.75 5 0 0 464 0 0 464 0 0 0 
2016/10/19 4.76 4.82 4.65 4.67 263 0 0 438 0 0 438 0 0 0 
2016/10/20 4.61 4.64 4.61 4.64 146 0 0 435 0 0 435 0 0 0 
2016/10/21 4.62 4.69 4.62 4.64 33 0 0 434 0 0 434 0 0 0 
2016/10/24 4.65 4.65 4.65 4.65 4 0 0 434 0 0 434 0 0 0 
2016/10/25 4.65 4.71 4.65 4.71 6 0 0 434 0 0 434 0 0 0 
2016/10/26 4.71 4.72 4.65 4.71 12 0 0 438 0 0 438 0 0 0 
2016/10/27 4.71 4.72 4.71 4.72 11 0 0 438 0 0 438 0 0 0 
2016/10/28 4.57 4.64 4.57 4.62 66 0 0 443 0 0 443 0 0 0 
2016/10/31 4.6 4.61 4.6 4.61 2 0 0 442 0 0 442 0 0 0 
2016/11/01 4.61 4.61 4.56 4.6 145 0 0 441 0 0 441 0 0 0 
2016/11/02 4.6 4.6 4.6 4.6 5 0 0 441 0 0 441 0 0 0 
2016/11/03 4.55 4.65 4.55 4.58 6 0 0 442 0 0 442 0 0 0 
2016/11/04 4.54 4.54 4.5 4.5 8 0 0 436 0 0 436 0 0 0 
2016/11/07 4.52 4.52 4.52 4.52 1 0 0 436 0 0 436 0 0 0 
2016/11/08 4.58 4.64 4.58 4.64 99 0 0 436 0 0 436 0 0 0 
2016/11/09 4.64 4.64 4.56 4.56 13 0 0 430 0 1 431 0 0 0 
2016/11/10 4.43 4.77 4.43 4.77 10 0 0 430 0 1 431 0 0 0 
2016/11/11 4.68 4.68 4.68 4.68 0 0 0 430 0 1 431 0 0 0 
2016/11/14 4.67 4.67 4.6 4.6 591 0 0 430 0 1 431 0 0 0 
2016/11/15 4.6 4.76 4.6 4.6 86 0 0 421 0 1 422 0 0 0 
2016/11/16 4.6 4.6 4.6 4.6 0 0 0 421 0 1 422 0 0 0 
2016/11/17 4.55 4.58 4.55 4.58 242 0 0 409 0 1 410 0 0 0 
2016/11/18 4.6 4.6 4.51 4.56 14 0 0 405 0 1 406 0 0 0 
2016/11/21 4.6 4.6 4.59 4.59 3 0 0 405 0 1 406 0 0 0 
2016/11/22 4.5 4.58 4.5 4.58 2 0 0 405 0 1 406 0 0 0 
2016/11/23 4.51 4.51 4.44 4.5 65 0 0 405 0 1 406 0 0 0 
2016/11/24 4.49 4.65 4.48 4.51 207 0 0 396 0 1 397 0 0 0 
2016/11/25 4.52 4.52 4.5 4.5 13 0 0 386 0 1 387 0 0 0 
2016/11/28 4.75 4.75 4.53 4.54 17 0 0 387 0 1 388 0 0 0 
2016/11/29 4.6 4.73 4.6 4.73 2 0 0 387 0 1 388 0 0 0 
2016/11/30 4.6 4.6 4.56 4.57 9 0 0 387 0 1 388 0 0 0 
2016/12/01 4.57 4.57 4.12 4.57 66 0 0 387 0 1 388 0 0 0 
2016/12/02 4.56 4.56 4.4 4.42 27 0 0 387 0 1 388 0 0 0 
2016/12/05 4.45 4.45 4.44 4.44 16 0 0 384 0 1 385 0 0 0 
2016/12/06 4.4 4.53 4.4 4.53 30 0 0 384 0 1 385 0 0 0 
2016/12/07 4.51 4.58 4.51 4.58 40 0 0 382 0 1 383 0 0 0 
2016/12/08 4.48 4.48 4.46 4.47 38 0 0 375 0 0 375 0 0 0 
2016/12/09 4.45 4.78 4.43 4.78 14 0 0 377 0 0 377 0 0 0 
2016/12/12 4.78 4.78 4.78 4.78 7 0 0 377 0 0 377 0 0 0 
2016/12/13 4.52 4.52 4.52 4.52 2 0 0 377 0 0 377 0 0 0 
2016/12/14 4.5 4.5 4.36 4.48 12 0 0 377 0 0 377 0 0 0 
2016/12/15 4.54 4.69 4.48 4.69 9 0 0 377 0 0 377 0 0 0 
2016/12/16 4.69 4.69 4.69 4.69 0 0 0 377 0 0 377 0 0 0 
2016/12/19 4.48 4.49 4.48 4.48 9 0 0 377 0 0 377 0 0 0 
2016/12/20 4.48 4.48 4.48 4.48 1 0 0 377 0 0 377 0 0 0 
2016/12/21 4.35 4.48 4.35 4.39 9 0 0 373 0 0 373 0 0 0 
2016/12/22 4.39 4.65 4.39 4.65 10 0 0 373 0 0 373 0 0 0 
2016/12/23 4.31 4.69 4.31 4.69 242 0 0 373 0 0 373 0 0 0 
2016/12/26 4.5 4.64 4.46 4.64 16 0 0 373 0 0 373 0 0 0 
2016/12/27 4.6 4.6 4.46 4.5 7 0 0 373 0 0 373 0 0 0 
2016/12/28 4.4 4.54 4.4 4.54 3 0 0 374 0 0 374 0 0 0 
2016/12/29 4.54 4.54 4.46 4.47 14 0 0 374 0 0 374 0 0 0 
2016/12/30 4.47 4.47 4.47 4.47 1 0 0 374 0 0 374 0 0 0 
2017/01/03 4.47 4.47 4.31 4.47 13 0 0 374 0 0 374 0 0 0 
2017/01/04 4.47 4.47 4.39 4.39 25 0 0 374 0 0 374 0 0 0 
2017/01/05 4.41 4.41 4.41 4.41 1 0 0 374 0 0 374 0 0 0 
2017/01/06 4.54 4.58 4.43 4.58 9 0 0 374 0 0 374 0 0 0 
2017/01/09 4.58 4.58 4.58 4.58 0 0 0 374 0 0 374 0 0 0 
2017/01/10 4.64 4.89 4.44 4.65 146 0 0 374 0 0 374 0 0 0 
2017/01/11 4.65 4.7 4.62 4.7 25 0 0 374 0 0 374 0 0 0 
2017/01/12 4.55 4.73 4.55 4.73 13 0 0 374 0 0 374 0 0 0 
2017/01/13 4.56 4.8 4.5 4.78 12 0 0 374 0 0 374 0 0 0 
2017/01/16 4.64 4.64 4.64 4.64 1 0 0 374 0 0 374 0 0 0 
2017/01/17 4.53 4.53 4.53 4.53 2 0 0 375 0 0 375 0 0 0 
2017/01/18 4.46 4.98 4.46 4.82 67 0 0 372 0 0 372 0 0 0 
2017/01/19 4.82 4.82 4.61 4.7 12 0 0 371 0 0 371 0 0 0 
2017/01/20 4.6 4.99 4.6 4.8 26 0 0 371 0 0 371 0 0 0 
2017/01/23 4.85 4.99 4.7 4.95 19 0 0 371 0 0 371 0 0 0 
2017/01/24 5.05 5.42 5.05 5.38 231 0 0 326 0 0 326 0 0 0 
2017/02/02 5.31 5.31 5.19 5.25 26 0 0 325 0 0 325 0 0 0 
2017/02/03 5.23 5.4 5.2 5.25 13 0 0 323 0 0 323 0 0 0 
2017/02/06 5.4 5.58 5.24 5.38 95 0 0 333 0 0 333 0 0 0 
2017/02/07 5.31 5.32 5.28 5.28 44 0 0 331 0 0 331 0 0 0 
2017/02/08 5.3 5.37 5.3 5.36 31 0 0 331 0 0 331 0 0 0 
2017/02/09 5.3 5.3 5.15 5.22 18 0 0 339 0 0 339 0 0 0 
2017/02/10 5.48 5.53 5.35 5.49 136 0 0 312 0 0 312 0 0 0 
2017/02/13 5.67 6.03 5.67 6.03 127 0 0 312 0 0 312 0 0 0 
2017/02/14 6.45 6.63 6.26 6.63 500 0 0 305 0 0 305 0 0 0 
2017/02/15 6.65 6.86 6.63 6.79 275 0 0 301 0 0 301 0 0 0 
2017/02/16 6.79 6.85 6.43 6.47 100 0 0 311 0 0 311 0 0 0 
2017/02/17 6.43 6.51 6.31 6.45 64 0 0 308 0 0 308 0 0 0 
2017/02/18 6.33 6.45 6.18 6.32 99 0 0 308 0 0 308 0 0 0 
2017/02/20 6.15 6.39 6.15 6.33 73 0 0 308 0 0 308 0 0 0 
2017/02/21 6.21 6.35 6.21 6.34 19 0 0 308 0 0 308 0 0 0 
2017/02/22 6.28 6.3 6.15 6.25 30 0 0 307 0 0 307 0 0 0 
2017/02/23 6.15 6.15 6.11 6.11 42 0 0 307 0 0 307 0 0 0 
2017/02/24 5.71 6.09 5.71 5.94 66 0 0 313 0 0 313 0 0 0 
2017/03/01 6.02 6.2 5.95 5.95 33 0 0 313 0 0 313 0 0 0 
2017/03/02 6.29 6.29 5.97 6.05 50 0 0 307 0 0 307 0 0 0 
2017/03/03 6.1 6.54 6.1 6.27 179 0 0 305 0 0 305 0 0 0 
2017/03/06 6.3 6.47 6.16 6.27 84 0 0 302 0 0 302 0 0 0 
2017/03/07 6.39 6.39 6.2 6.25 61 0 0 302 0 0 302 0 0 0 
2017/03/08 6.29 6.29 6.03 6.13 31 0 0 303 0 0 303 0 0 0 
2017/03/09 6.13 6.28 6.13 6.13 9 0 0 303 0 0 303 0 0 0 
2017/03/10 6.15 6.32 6.15 6.2 29 0 0 303 0 0 303 0 0 0 
2017/03/13 6.73 6.73 6.17 6.2 16 0 0 312 0 0 312 0 0 0 
2017/03/14 6.3 6.38 6.3 6.35 22 0 0 313 0 0 313 0 0 0 
2017/03/15 6.18 6.21 6.18 6.21 13 0 0 313 0 0 313 0 0 0 
2017/03/16 6.13 6.36 6.13 6.35 46 0 0 315 0 1 316 0 0 0 
2017/03/17 6.55 6.55 6.26 6.46 10 0 0 316 0 1 317 0 0 0 
2017/03/20 6.25 6.44 6.25 6.44 4 0 0 316 0 1 317 0 0 0 
2017/03/21 6.29 6.3 6.29 6.3 17 0 0 316 0 1 317 0 0 0 
2017/03/22 6.44 6.44 6.4 6.4 5 0 0 316 0 1 317 0 0 0 
2017/03/23 6.45 6.45 6.08 6.1 133 0 0 317 0 1 318 0 0 0 
2017/03/24 6.12 6.19 6.08 6.08 174 0 0 320 0 1 321 0 0 0 
2017/03/27 6.08 6.08 5.8 5.91 55 0 0 322 0 1 323 0 0 0 
2017/03/28 5.94 6 5.8 5.81 14 0 0 331 0 1 332 0 0 0 
2017/03/29 5.86 6 5.8 5.98 28 0 0 331 0 1 332 0 0 0 
2017/03/30 6 6.19 6 6.19 4 0 0 331 0 1 332 0 0 0 
2017/03/31 5.83 6.05 5.82 6 49 0 0 347 0 1 348 0 0 0 
2017/04/05 6 6 5.75 5.89 10 0 0 347 0 1 348 0 0 0 
2017/04/06 5.88 6.2 5.84 5.9 18 0 0 346 0 1 347 0 0 0 
2017/04/07 5.82 5.82 5.76 5.8 33 0 0 342 0 1 343 0 0 0 
2017/04/10 5.76 5.77 5.76 5.77 3 0 0 341 0 1 342 0 0 0 
2017/04/11 5.78 5.78 5.28 5.56 38 0 0 338 0 1 339 0 0 0 
2017/04/12 5.3 5.34 5.25 5.26 53 0 0 320 0 1 321 0 0 0 
2017/04/13 5.27 5.27 5.07 5.08 76 0 0 336 0 1 337 0 0 0 
2017/04/14 5.09 5.09 5.04 5.04 32 0 0 333 0 1 334 0 0 0 
2017/04/17 4.56 5 4.56 4.62 185 0 0 366 0 1 367 0 0 0 
2017/04/18 4.63 4.72 4.51 4.6 256 0 0 364 0 1 365 0 0 0 
2017/04/19 4.5 4.59 4.4 4.51 388 0 0 347 0 0 347 0 0 0 
2017/04/20 4.46 4.7 4.46 4.7 181 0 0 359 0 0 359 0 0 0 
2017/04/21 4.7 5.17 4.7 5.17 354 0 0 359 0 0 359 0 0 0 
2017/04/24 5.2 5.45 5.17 5.3 240 0 0 347 0 0 347 0 0 0 
2017/04/25 5.38 5.4 5.2 5.37 58 0 0 343 0 0 343 0 0 0 
2017/04/26 5.36 5.9 5.36 5.8 184 0 0 330 0 0 330 0 0 0 
2017/04/27 5.8 5.8 5.57 5.8 107 0 0 330 0 0 330 0 0 0 
2017/04/28 5.8 6.16 5.8 5.9 113 0 0 310 0 0 310 0 0 0 
2017/05/02 5.8 5.9 5.8 5.9 74 0 0 310 0 0 310 0 0 0 
2017/05/03 5.9 6.49 5.9 6.46 275 0 0 276 0 0 276 0 0 0 
2017/05/04 6.46 6.46 6.1 6.1 145 0 0 276 0 0 276 0 0 0 
2017/05/05 6.47 6.5 6.03 6.09 71 0 0 259 0 0 259 0 0 0 
2017/05/08 6.1 6.27 6.1 6.15 97 0 0 249 0 0 249 0 0 0 
2017/05/09 5.85 6.15 5.85 6 149 0 0 249 0 0 249 0 0 0 
2017/05/10 6.05 6.05 6 6.04 67 0 0 249 0 0 249 0 0 0 
2017/05/11 6.05 6.05 5.87 6 126 0 0 247 0 0 247 0 0 0 
2017/05/12 5.85 6.5 5.85 6.01 40 0 0 247 0 0 247 0 0 0 
2017/05/15 6.05 6.33 5.96 6.25 74 0 0 247 0 0 247 0 0 0 
2017/05/16 5.95 6.09 5.95 6.09 26 0 0 247 0 0 247 0 0 0 
2017/05/17 5.96 6.02 5.96 6.02 27 0 0 250 0 0 250 0 0 0 
2017/05/18 6.09 6.09 5.95 6.07 12 0 0 250 0 0 250 0 0 0 
2017/05/19 5.95 5.95 5.95 5.95 46 0 0 256 0 0 256 0 0 0 
2017/05/22 5.9 5.96 5.81 5.96 31 0 0 256 0 0 256 0 0 0 
2017/05/23 6.03 6.03 5.75 6.02 104 0 0 259 0 0 259 0 0 0 
2017/05/24 6.18 6.18 5.78 5.89 56 0 0 259 0 0 259 0 0 0 
2017/05/25 6.02 6.04 5.81 6 65 0 0 230 0 0 230 0 0 0 
2017/05/26 5.85 5.87 5.85 5.87 14 0 0 230 0 0 230 0 0 0 
2017/05/31 5.77 5.77 5.77 5.77 2 0 0 230 0 0 230 0 0 0 
2017/06/01 5.77 5.87 5.72 5.87 13 0 0 231 0 0 231 0 0 0 
2017/06/02 5.65 5.83 5.65 5.79 28 0 0 232 0 0 232 0 0 0 
2017/06/03 5.79 5.79 5.79 5.79 1 0 0 232 0 0 232 0 0 0 
2017/06/05 5.8 5.94 5.65 5.8 95 0 0 233 0 0 233 0 0 0 
2017/06/06 5.67 5.77 5.67 5.76 40 0 0 233 0 0 233 0 0 0 
2017/06/07 5.66 5.88 5.66 5.73 35 0 0 233 0 0 233 0 0 0 
2017/06/08 5.7 5.7 5.69 5.69 7 0 0 234 0 0 234 0 0 0 
2017/06/09 5.92 5.92 5.65 5.66 16 0 0 234 0 0 234 0 0 0 
2017/06/12 5.66 5.8 5.66 5.67 87 0 0 234 0 0 234 0 0 0 
2017/06/13 5.7 5.77 5.68 5.68 36 0 0 234 0 0 234 0 0 0 
2017/06/14 5.57 5.8 5.57 5.8 3 0 0 234 0 0 234 0 0 0 
2017/06/15 5.8 5.8 5.8 5.8 6 0 0 234 0 0 234 0 0 0 
2017/06/16 5.99 5.99 5.71 5.71 4 0 0 234 0 0 234 0 0 0 
2017/06/19 5.95 5.99 5.9 5.9 18 0 0 234 0 0 234 0 0 0 
2017/06/20 5.96 5.99 5.79 5.79 27 0 0 244 0 3 247 0 0 0 
2017/06/21 5.8 5.8 5.72 5.79 28 0 0 248 0 8 256 0 0 0 
2017/06/22 5.81 5.81 5.79 5.79 38 0 0 248 0 8 256 0 0 0 
2017/06/23 5.75 5.75 5.7 5.7 51 0 0 242 0 8 250 0 0 0 
2017/06/26 5.6 5.88 5.42 5.69 18 0 0 244 0 12 256 0 0 0 
2017/06/27 5.66 5.68 5.66 5.68 7 0 0 244 0 12 256 0 0 0 
2017/06/28 5.68 5.68 5.65 5.65 16 0 0 243 0 12 255 0 0 0 
2017/06/29 5.65 5.74 5.6 5.65 11 0 0 245 0 12 257 0 0 0 
2017/06/30 5.65 5.69 5.5 5.65 25 0 0 240 0 12 252 0 0 0 
2017/07/03 5.65 5.69 5.65 5.65 26 0 0 227 0 12 239 0 0 0 
2017/07/04 5.65 5.69 5.65 5.69 80 0 0 227 0 12 239 0 0 0 
2017/07/05 5.56 5.75 5.56 5.73 8 0 0 227 0 11 238 0 0 0 
2017/07/06 5.65 5.95 5.65 5.9 63 0 0 227 0 11 238 0 0 0 
2017/07/07 5.71 5.81 5.71 5.8 12 0 0 227 0 11 238 0 0 0 
2017/07/10 5.7 5.8 5.69 5.7 28 0 0 227 0 10 237 0 0 0 
2017/07/11 5.25 5.7 5.25 5.69 32 0 0 232 0 12 244 0 0 0 
2017/07/12 5.63 5.76 5.63 5.76 22 0 0 232 0 11 243 0 0 0 
2017/07/13 5.71 5.91 5.71 5.91 10 0 0 232 0 11 243 0 0 0 
2017/07/14 5.9 5.92 5.75 5.79 41 0 0 232 0 4 236 0 0 0 
2017/07/17 5.71 5.71 5.71 5.71 5 0 0 232 0 4 236 0 0 0 
2017/07/18 5.83 5.83 5.83 5.83 2 0 0 232 0 4 236 0 0 0 
2017/07/19 5.85 5.85 5.77 5.79 13 0 0 232 0 4 236 0 0 0 
2017/07/20 5.9 6.36 5.9 6.36 997 0 0 227 0 4 231 0 0 0 
2017/07/21 6.06 6.25 6.05 6.08 235 0 0 217 0 4 221 0 0 0 
2017/07/24 6.1 6.35 6.05 6.25 156 0 0 212 0 4 216 0 0 0 
2017/07/25 6.34 6.5 6.26 6.3 111 0 0 210 0 4 214 0 0 0 
2017/07/26 6.08 6.45 6.08 6.39 69 0 0 210 0 4 214 0 0 0 
2017/07/27 6.16 6.4 6.16 6.39 43 0 0 199 0 4 203 0 0 0 
2017/07/28 6.36 6.39 6.25 6.25 55 0 0 185 0 4 189 0 0 0 
2017/07/31 6.39 6.42 6.25 6.3 13 0 0 184 0 4 188 0 0 0 
2017/08/01 6.2 6.21 6.2 6.21 19 0 0 184 0 4 188 0 0 0 
2017/08/02 6.2 6.3 6.2 6.26 75 0 0 184 0 4 188 0 0 0 
2017/08/03 6.37 6.37 6.22 6.33 27 0 0 184 0 3 187 0 0 0 
2017/08/04 6.4 6.4 6.19 6.25 36 0 0 184 0 1 185 0 0 0 
2017/08/07 6.11 6.25 6.11 6.16 31 0 0 184 0 1 185 0 0 0 
2017/08/08 6.15 6.31 6.1 6.13 72 0 0 184 0 0 184 0 0 0 
2017/08/09 6.21 6.21 6 6.19 27 0 0 184 0 0 184 0 0 0 
2017/08/10 6.06 6.06 6.05 6.06 60 0 0 185 0 0 185 0 0 0 
2017/08/11 5.91 6.03 5.91 6.03 7 0 0 186 0 0 186 0 0 0 
2017/08/14 6.03 6.03 5.95 5.95 3 0 0 184 0 0 184 0 0 0 
2017/08/15 5.92 5.96 5.8 5.96 26 0 0 184 0 0 184 0 0 0 
2017/08/16 5.96 6.15 5.9 6 33 0 0 184 0 0 184 0 0 0 
2017/08/17 5.81 5.99 5.81 5.95 14 0 0 186 0 0 186 0 0 0 
2017/08/18 5.95 5.95 5.93 5.95 6 0 0 186 0 0 186 0 0 0 
2017/08/21 5.95 6.4 5.95 6.29 21 0 0 186 0 0 186 0 0 0 
2017/08/22 6.06 6.1 5.99 5.99 22 0 0 188 0 0 188 0 0 0 
2017/08/23 6 6 6 6 2 0 0 188 0 0 188 0 0 0 
2017/08/24 5.99 5.99 5.99 5.99 2 0 0 188 0 0 188 0 0 0 
2017/08/25 5.83 5.99 5.81 5.99 8 0 0 188 0 0 188 0 0 0 
2017/08/28 5.81 6.07 5.81 5.86 16 0 0 187 0 0 187 0 0 0 
2017/08/29 5.81 5.94 5.8 5.94 148 0 0 194 0 0 194 0 0 0 
2017/08/30 5.88 5.94 5.83 5.83 9 0 0 197 0 0 197 0 0 0 
2017/08/31 5.98 5.99 5.83 5.98 10 0 0 197 0 0 197 0 0 0 
2017/09/01 5.87 5.87 5.87 5.87 5 0 0 197 0 0 197 0 0 0 
2017/09/04 5.87 5.87 5.87 5.87 1 0 0 197 0 0 197 0 0 0 
2017/09/05 5.97 5.97 5.8 5.81 17 0 0 197 0 0 197 0 0 0 
2017/09/06 5.81 6.2 5.81 6.2 43 0 0 197 0 0 197 0 0 0 
2017/09/07 6.02 6.02 5.8 5.86 29 0 0 197 0 0 197 0 0 0 
2017/09/08 5.8 6 5.8 5.98 54 0 0 196 0 0 196 0 0 0 
2017/09/11 5.9 5.97 5.9 5.97 8 0 0 196 0 0 196 0 0 0 
2017/09/12 5.86 6 5.81 6 22 0 0 189 0 0 189 0 0 0 
2017/09/13 5.98 5.98 5.96 5.96 4 0 0 189 0 0 189 0 0 0 
2017/09/14 5.85 5.93 5.83 5.93 18 0 0 189 0 0 189 0 0 0 
2017/09/15 5.82 5.93 5.82 5.93 6 0 0 189 0 0 189 0 0 0 
2017/09/18 5.83 5.84 5.75 5.75 55 0 0 189 0 1 190 0 0 0 
2017/09/19 5.72 5.82 5.72 5.73 37 0 0 189 0 1 190 0 0 0 
2017/09/20 5.7 5.71 5.63 5.63 10 0 0 189 0 1 190 0 0 0 
2017/09/21 5.63 5.8 5.63 5.8 17 0 0 189 0 1 190 0 0 0 
2017/09/22 5.8 5.89 5.68 5.89 10 0 0 190 0 1 191 0 0 0 
2017/09/25 5.89 5.95 5.65 5.95 23 0 0 195 0 1 196 0 0 0 
2017/09/26 5.72 5.98 5.72 5.98 18 0 0 200 0 1 201 0 0 0 
2017/09/27 5.95 6.04 5.87 6.01 29 0 0 200 0 1 201 0 0 0 
2017/09/28 6.04 6.07 5.94 6.07 14 0 0 200 0 1 201 0 0 0 
2017/09/29 6.05 6.05 5.94 6.05 21 0 0 196 0 1 197 0 0 0 
2017/09/30 5.9 6.19 5.76 6.19 30 0 0 196 0 1 197 0 0 0 
2017/10/02 5.92 6 5.91 5.91 22 0 0 192 0 1 193 0 0 0 
2017/10/03 6.06 6.06 5.88 5.88 10 0 0 184 0 1 185 0 0 0 
2017/10/05 5.93 5.97 5.93 5.97 11 0 0 184 0 1 185 0 0 0 
2017/10/06 5.96 6.08 5.88 6.05 15 0 0 184 0 1 185 0 0 0 
2017/10/11 6.05 6.15 6.05 6.1 17 0 0 183 0 1 184 0 0 0 
2017/10/12 6.1 6.1 6.1 6.1 1 0 0 183 0 1 184 0 0 0 
2017/10/13 6.11 6.11 5.9 5.9 20 0 0 183 0 1 184 0 0 0 
2017/10/16 6.09 6.09 5.9 5.9 10 0 0 183 0 1 184 0 0 0 
2017/10/17 5.83 5.96 5.83 5.83 26 0 0 183 0 1 184 0 0 0 
2017/10/18 5.89 5.9 5.89 5.9 18 0 0 178 0 1 179 0 0 0 
2017/10/19 5.88 6.09 5.88 6.09 3 0 0 178 0 1 179 0 0 0 
2017/10/20 6 6.05 5.84 5.84 5 0 0 178 0 1 179 0 0 0 
2017/10/23 5.79 5.95 5.79 5.95 3 0 0 178 0 1 179 0 0 0 
2017/10/24 5.95 5.99 5.84 5.98 19 0 0 178 0 1 179 0 0 0 
2017/10/25 6.08 6.08 5.85 5.85 170 0 0 179 0 1 180 0 0 0 
2017/10/26 5.9 5.91 5.9 5.9 64 0 0 154 0 1 155 0 0 0 
2017/10/27 6.05 6.05 5.85 5.94 35 0 0 149 0 1 150 0 0 0 
2017/10/30 5.86 5.95 5.86 5.9 25 0 0 147 0 1 148 0 0 0 
2017/10/31 5.88 6.01 5.85 5.94 10 0 0 147 0 1 148 0 0 0 
2017/11/01 6.01 6.01 5.83 5.94 12 0 0 147 0 1 148 0 0 0 
2017/11/02 5.87 5.87 5.8 5.8 19 0 0 147 0 1 148 0 0 0 
2017/11/03 5.81 5.81 5.81 5.81 4 0 0 147 0 1 148 0 0 0 
2017/11/06 5.75 5.8 5.75 5.77 20 0 0 147 0 1 148 0 0 0 
2017/11/07 5.84 5.84 5.84 5.84 1 0 0 147 0 1 148 0 0 0 
2017/11/08 5.26 5.26 5.26 5.26 32 0 0 147 0 1 148 0 0 0 
2017/11/09 5.45 5.78 5.45 5.78 85 0 0 146 0 0 146 0 0 0 
2017/11/10 6.1 6.1 5.75 5.75 19 0 0 146 0 0 146 0 0 0 
2017/11/13 5.7 5.84 5.67 5.84 11 0 0 146 0 0 146 0 0 0 
2017/11/14 5.7 5.7 5.7 5.7 7 0 0 146 0 0 146 0 0 0 
2017/11/15 5.7 5.84 5.7 5.72 40 0 0 150 0 0 150 0 0 0 
2017/11/16 5.86 5.95 5.74 5.9 25 0 0 150 0 0 150 0 0 0 
2017/11/17 5.76 5.78 5.67 5.71 14 0 0 147 0 0 147 0 0 0 
2017/11/20 5.7 5.8 5.67 5.8 12 0 0 147 0 0 147 0 0 0 
2017/11/21 5.68 5.71 5.68 5.7 13 0 0 147 0 0 147 0 0 0 
2017/11/22 5.75 5.78 5.72 5.78 20 0 0 149 0 0 149 0 0 0 
2017/11/23 5.76 5.84 5.76 5.84 3 0 0 149 0 0 149 0 0 0 
2017/11/24 5.84 5.84 5.84 5.84 6 0 0 149 0 0 149 0 0 0 
2017/11/27 5.71 5.75 5.71 5.72 23 0 0 149 0 0 149 0 0 0 
2017/11/28 5.65 5.77 5.65 5.66 3 0 0 149 0 0 149 0 0 0 
2017/11/29 5.68 5.75 5.66 5.7 18 0 0 149 0 0 149 0 0 0 
2017/11/30 5.6 5.7 5.6 5.69 9 0 0 149 0 0 149 0 0 0 
2017/12/01 5.58 5.58 5.58 5.58 3 0 0 149 0 0 149 0 0 0 
2017/12/04 5.58 5.58 5.58 5.58 0 0 0 149 0 0 149 0 0 0 
2017/12/05 5.78 5.78 5.78 5.78 1 0 0 149 0 0 149 0 0 0 
2017/12/06 5.76 5.77 5.7 5.7 16 0 0 149 0 0 149 0 0 0 
2017/12/07 5.6 5.6 5.6 5.6 16 0 0 149 0 0 149 0 0 0 
2017/12/08 5.6 5.6 5.56 5.56 14 0 0 149 0 0 149 0 0 0 
2017/12/11 5.51 5.72 5.5 5.72 7 0 0 149 0 0 149 0 0 0 
2017/12/12 5.64 5.64 5.6 5.6 6 0 0 149 0 0 149 0 0 0 
2017/12/13 5.6 5.6 5.59 5.6 20 0 0 149 0 0 149 0 0 0 
2017/12/14 5.51 5.7 5.48 5.48 41 0 0 149 0 0 149 0 0 0 
2017/12/15 5.55 5.6 5.49 5.49 48 0 0 159 0 0 159 0 0 0 
2017/12/18 5.51 5.9 5.47 5.51 67 0 0 159 0 0 159 0 0 0 
2017/12/19 5.55 5.59 5.45 5.48 31 0 0 158 0 0 158 0 0 0 
2017/12/20 5.41 5.5 5.41 5.48 9 0 0 158 0 0 158 0 0 0 
2017/12/21 5.43 5.43 5.39 5.39 32 0 0 158 0 0 158 0 0 0 
2017/12/22 5.3 5.48 5.3 5.3 20 0 0 157 0 0 157 0 0 0 
2017/12/25 5.3 5.37 5.01 5.15 42 0 0 156 0 0 156 0 0 0 
2017/12/26 5.14 5.23 5.05 5.16 40 0 0 156 0 0 156 0 0 0 
2017/12/27 5.18 5.18 5.07 5.1 19 0 0 156 0 0 156 0 0 0 
2017/12/28 5.1 5.1 4.75 4.8 171 0 0 156 0 0 156 0 0 0 
2017/12/29 4.8 5.12 4.8 5.1 189 0 0 157 0 0 157 0 0 0 
2018/01/02 5.1 5.15 5.05 5.1 18 0 0 157 0 0 157 0 0 0 
2018/01/03 5.1 5.14 5.07 5.14 30 0 0 157 0 0 157 0 0 0 
2018/01/04 5.15 5.17 5.07 5.17 16 0 0 157 0 0 157 0 0 0 
2018/01/05 5.1 5.12 5.07 5.12 35 0 0 157 0 0 157 0 0 0 
2018/01/08 5.12 5.12 5.09 5.12 14 0 0 157 0 0 157 0 0 0 
2018/01/09 5.07 5.19 5.01 5.19 15 0 0 147 0 0 147 0 0 0 
2018/01/10 5.12 5.17 5.12 5.17 15 0 0 146 0 0 146 0 0 0 
2018/01/11 5.17 5.19 5.11 5.19 7 0 0 146 0 0 146 0 0 0 
2018/01/12 5.19 5.39 5.12 5.39 53 0 0 147 0 0 147 0 0 0 
2018/01/15 5.32 5.32 5.32 5.32 0 0 0 147 0 0 147 0 0 0 
2018/01/16 5.2 5.39 5.2 5.39 30 0 0 152 0 0 152 0 0 0 
2018/01/17 5.22 5.49 5.16 5.43 69 0 0 178 0 0 178 0 0 0 
2018/01/18 5.35 5.67 5.32 5.66 124 0 0 170 0 0 170 0 0 0 
2018/01/19 5.43 5.65 5.43 5.65 19 0 0 170 0 0 170 0 0 0 
2018/01/22 5.8 5.84 5.65 5.78 52 0 0 164 0 0 164 0 0 0 
2018/01/23 6 6 5.57 5.85 43 0 0 168 0 0 168 0 0 0 
2018/01/24 5.85 5.85 5.58 5.7 21 0 0 169 0 0 169 0 0 0 
2018/01/25 5.61 5.99 5.6 5.97 24 0 0 172 0 0 172 0 0 0 
2018/01/26 5.9 5.95 5.79 5.92 18 0 0 172 0 0 172 0 0 0 
2018/01/29 5.78 5.78 5.75 5.76 19 0 0 173 0 0 173 0 0 0 
2018/01/30 5.67 5.74 5.57 5.59 39 0 0 167 0 0 167 0 0 0 
2018/01/31 5.47 5.58 5.47 5.58 9 0 0 167 0 0 167 0 0 0 
2018/02/01 5.6 5.6 5.58 5.59 26 0 0 165 0 0 165 0 0 0 
2018/02/02 5.51 5.54 5.46 5.46 8 0 0 165 0 0 165 0 0 0 
2018/02/05 5.46 5.46 5.46 5.46 0 0 0 165 0 0 165 0 0 0 
2018/02/06 5.58 5.58 5.14 5.49 13 0 0 163 0 0 163 0 0 0 
2018/02/07 5.28 5.32 5.28 5.29 9 0 0 157 0 0 157 0 0 0 
2018/02/08 5.5 5.59 5.3 5.3 13 0 0 157 0 0 157 0 0 0 
2018/02/09 5.3 5.3 5.3 5.3 0 0 0 157 0 0 157 0 0 0 
2018/02/12 5.23 5.29 5.11 5.11 21 0 0 154 0 0 154 0 0 0 
2018/02/21 5.3 5.58 5.25 5.25 28 0 0 150 0 0 150 0 0 0 
2018/02/22 5.2 5.27 5.2 5.27 3 0 0 150 0 0 150 0 0 0 
2018/02/23 5.57 5.57 5.54 5.54 9 0 0 150 0 0 150 0 0 0 
2018/02/26 5.54 5.54 5.54 5.54 4 0 0 150 0 0 150 0 0 0 
2018/02/27 5.45 5.6 5.4 5.45 20 0 0 146 0 0 146 0 0 0 
2018/03/01 5.6 5.6 5.33 5.5 17 0 0 146 0 0 146 0 0 0 
2018/03/02 5.39 5.5 5.3 5.5 22 0 0 143 0 0 143 0 0 0 
2018/03/05 5.4 5.5 5.4 5.5 51 0 0 143 0 0 143 0 0 0 
2018/03/06 5.57 5.9 5.57 5.86 64 0 0 143 0 0 143 0 0 0 
2018/03/07 5.88 6 5.65 5.78 29 0 0 143 0 0 143 0 0 0 
2018/03/08 5.43 6.33 5.43 6.04 42 0 0 143 0 0 143 0 0 0 
2018/03/09 5.99 6.03 5.81 5.81 16 0 0 143 0 0 143 0 0 0 
2018/03/12 5.98 6.18 5.98 6.04 18 0 0 143 0 0 143 0 0 0 
2018/03/13 6.03 6.28 5.8 5.99 50 0 0 152 0 0 152 0 0 0 
2018/03/14 5.94 5.99 5.94 5.98 13 0 0 152 0 0 152 0 0 0 
2018/03/15 5.99 6 5.78 5.97 32 0 0 152 0 0 152 0 0 0 
2018/03/16 6 6 5.74 5.93 15 0 0 152 0 0 152 0 0 0 
2018/03/19 5.7 5.75 5.6 5.6 25 0 0 152 0 0 152 0 0 0 
2018/03/20 5.72 5.99 5.6 5.8 20 0 0 152 0 0 152 0 0 0 
2018/03/21 5.67 5.7 5.62 5.62 24 0 0 152 0 0 152 0 0 0 
2018/03/22 5.83 5.83 5.61 5.61 11 0 0 152 0 0 152 0 0 0 
2018/03/23 5.59 5.75 5.47 5.75 15 0 0 152 0 0 152 0 0 0 
2018/03/26 5.98 5.98 5.65 5.65 15 0 0 152 0 0 152 0 0 0 
2018/03/27 5.66 5.9 5.65 5.79 27 0 0 152 0 0 152 0 0 0 
2018/03/28 5.84 5.84 5.65 5.66 36 0 0 152 0 0 152 0 0 0 
2018/03/29 5.95 5.95 5.62 5.62 36 0 0 152 0 0 152 0 0 0 
2018/03/30 5.78 5.9 5.62 5.89 44 0 0 152 0 0 152 0 0 0 
2018/03/31 5.9 5.9 5.9 5.9 62 0 0 152 0 0 152 0 0 0 
2018/04/02 5.9 5.96 5.71 5.93 43 0 0 147 0 0 147 0 0 0 
2018/04/03 5.9 6 5.86 5.86 56 0 0 147 0 0 147 0 0 0 
2018/04/09 6.31 6.31 5.74 5.74 31 0 0 147 0 0 147 0 0 0 
2018/04/10 5.9 5.9 5.55 5.85 72 0 0 147 0 0 147 0 0 0 
2018/04/11 5.66 5.71 5.66 5.68 9 0 0 147 0 0 147 0 0 0 
2018/04/12 5.68 5.94 5.68 5.89 34 0 0 147 0 0 147 0 0 0 
2018/04/13 5.8 5.88 5.8 5.88 20 0 0 147 0 0 147 0 0 0 
2018/04/16 5.89 5.89 5.57 5.65 28 0 0 146 0 0 146 0 0 0 
2018/04/17 5.7 5.75 5.65 5.65 14 0 0 146 0 0 146 0 0 0 
2018/04/18 5.7 5.72 5.7 5.72 6 0 0 146 0 0 146 0 0 0 
2018/04/19 5.63 5.66 5.63 5.64 6 0 0 146 0 0 146 0 0 0 
2018/04/20 5.72 5.72 5.58 5.59 18 0 0 146 0 0 146 0 0 0 
2018/04/23 5.99 5.99 5.61 5.61 17 0 0 146 0 0 146 0 0 0 
2018/04/24 5.58 5.58 5.51 5.51 20 0 0 147 0 0 147 0 0 0 
2018/04/25 5.85 5.85 5.78 5.78 55 0 0 147 0 0 147 0 0 0 
2018/04/26 5.95 5.95 5.7 5.7 9 0 0 147 0 0 147 0 0 0 
2018/04/27 5.79 5.79 5.6 5.79 62 0 0 142 0 0 142 0 0 0 
2018/04/30 5.83 5.83 5.7 5.7 16 0 0 133 0 0 133 0 0 0 
2018/05/02 5.61 5.61 5.51 5.54 12 0 0 133 0 0 133 0 0 0 
2018/05/03 5.73 5.87 5.54 5.54 32 0 0 133 0 0 133 0 0 0 
2018/05/04 5.65 5.8 5.54 5.54 34 0 0 133 0 0 133 0 0 0 
2018/05/07 6.09 6.09 5.67 5.91 62 0 0 117 0 0 117 0 0 0 
2018/05/08 5.7 5.78 5.65 5.78 11 0 0 117 0 0 117 0 0 0 
2018/05/09 5.64 5.66 5.57 5.65 29 0 0 117 0 0 117 0 0 0 
2018/05/10 5.55 5.6 5.55 5.56 43 0 0 117 0 0 117 0 0 0 
2018/05/11 5.52 5.52 5.44 5.47 34 0 0 117 0 0 117 0 0 0 
2018/05/14 5.46 5.57 5.46 5.5 9 0 0 117 0 0 117 0 0 0 
2018/05/15 5.68 5.68 5.51 5.52 92 0 0 116 0 0 116 0 0 0 
2018/05/16 5.51 5.67 5.51 5.67 17 0 0 116 0 0 116 0 0 0 
2018/05/17 5.6 5.6 5.55 5.6 12 0 0 116 0 0 116 0 0 0 
2018/05/18 5.55 5.55 5.52 5.53 11 0 0 116 0 0 116 0 0 0 
2018/05/21 5.55 5.66 5.55 5.6 20 0 0 116 0 0 116 0 0 0 
2018/05/22 5.55 5.55 5.55 5.55 17 0 0 116 0 0 116 0 0 0 
2018/05/23 5.56 5.56 5.5 5.5 8 0 0 115 0 0 115 0 0 0 
2018/05/24 5.59 5.63 5.59 5.63 2 0 0 115 0 0 115 0 0 0 
2018/05/25 5.63 5.63 5.58 5.58 4 0 0 114 0 0 114 0 0 0 
2018/05/28 5.56 5.7 5.51 5.7 23 0 0 114 0 0 114 0 0 0 
2018/05/29 5.8 5.8 5.68 5.74 38 0 0 114 0 0 114 0 0 0 
2018/05/30 5.74 5.9 5.74 5.8 35 0 0 100 0 0 100 0 0 0 
2018/05/31 5.8 5.8 5.73 5.8 30 0 0 100 0 0 100 0 0 0 
2018/06/01 5.8 5.94 5.8 5.9 27 0 0 100 0 0 100 0 0 0 
2018/06/04 5.99 5.99 5.84 5.99 79 0 0 82 0 0 82 0 0 0 
2018/06/05 5.98 6.1 5.91 6 55 0 0 78 0 0 78 0 0 0 
2018/06/06 6.29 6.29 6.01 6.02 32 0 0 75 0 0 75 0 0 0 
2018/06/07 6.09 6.15 6 6.15 28 0 0 75 0 0 75 0 0 0 
2018/06/08 6.15 6.35 5.98 6.32 225 0 0 85 0 0 85 0 0 0 
2018/06/11 6.34 6.34 6.1 6.14 168 0 0 83 0 0 83 0 0 0 
2018/06/12 6.13 6.24 6.13 6.24 200 0 0 75 0 0 75 0 0 0 
2018/06/13 6.24 6.33 6.2 6.22 62 0 0 75 0 0 75 0 0 0 
2018/06/14 6.3 6.3 6.15 6.18 113 0 0 75 0 0 75 0 0 0 
2018/06/15 6.19 6.25 6.15 6.19 132 0 0 75 0 0 75 0 0 0 
2018/06/19 6.3 6.3 6.13 6.28 101 0 0 74 0 0 74 0 0 0 
2018/06/20 6.15 6.34 6.14 6.26 204 0 0 79 0 0 79 0 0 0 
2018/06/21 6.24 6.32 6.22 6.22 63 0 0 79 0 0 79 0 0 0 
2018/06/22 6.22 6.22 6.18 6.18 5 0 0 79 0 0 79 0 0 0 
2018/06/25 6.2 6.3 6.18 6.18 89 0 0 79 0 0 79 0 0 0 
2018/06/26 6.15 6.24 6.12 6.15 64 0 0 95 0 0 95 0 0 0 
2018/06/27 6.15 6.22 6.07 6.13 58 0 0 95 0 0 95 0 0 0 
2018/06/28 6.01 6.35 6.01 6.13 53 0 0 108 0 0 108 0 0 0 
2018/06/29 6.2 6.2 6.11 6.11 45 0 0 108 0 0 108 0 0 0 
2018/07/02 6.11 6.11 6.11 6.11 0 0 0 108 0 0 108 0 0 0 
2018/07/03 6.1 6.13 6.1 6.11 9 0 0 107 0 0 107 0 0 0 
2018/07/04 6.11 6.23 6.06 6.06 11 0 0 108 0 0 108 0 0 0 
2018/07/05 6.07 6.17 6.07 6.17 60 0 0 108 0 0 108 0 0 0 
2018/07/06 6.08 6.22 6.08 6.09 45 0 0 112 0 0 112 0 0 0 
2018/07/09 6.22 6.35 6.11 6.12 75 0 0 117 0 0 117 0 0 0 
2018/07/10 6.13 6.13 6.1 6.1 29 0 0 119 0 0 119 0 0 0 
2018/07/11 6.1 6.71 6 6.71 115 0 0 118 0 0 118 0 0 0 
2018/07/12 6.67 6.95 6.5 6.95 310 0 0 118 0 0 118 0 0 0 
2018/07/13 7.1 7.64 7.04 7.64 801 0 0 403 0 1 404 0 0 0 
2018/07/16 8 8.2 7.48 7.92 1611 0 0 188 0 4 192 0 0 0 
2018/07/17 8 8 7.2 7.8 776 0 0 104 0 0 104 0 0 0 
2018/07/18 8.58 8.58 7.8 8.22 954 0 0 115 0 0 115 0 0 0 
2018/07/19 8.46 8.46 7.73 7.73 627 0 0 115 0 0 115 0 0 0 
2018/07/20 7.69 7.69 6.96 7.01 995 0 0 116 0 1 117 0 0 0 
2018/07/23 7 7.25 6.9 7.08 370 0 0 116 0 0 116 0 0 0 
2018/07/24 6.95 7.04 6.9 6.92 320 0 0 116 0 0 116 0 0 0 
2018/07/25 6.92 7.01 6.87 7.01 224 0 0 119 0 0 119 0 0 0 
2018/07/26 6.9 7.2 6.88 7.08 251 0 0 119 0 0 119 0 0 0 
2018/07/27 7.18 7.18 7.04 7.09 215 0 0 118 0 0 118 0 0 0 
2018/07/30 6.81 7.15 6.81 7.06 421 0 0 118 0 0 118 0 0 0 
