1999/01/08 401 401 401 401 1 
1999/01/15 429 600 429 600 10301 
1999/01/22 620 638 584 607 11444 
1999/01/29 599 600 580 586 5457 
1999/02/05 585 585 516 558 7247 
1999/02/12 565 567 538 547 1802 
1999/02/19 565 565 547 548 592 
1999/02/26 548 557 512 514 5199 
1999/03/05 516 574 510 545 7692 
1999/03/12 545 555 538 543 2731 
1999/03/19 546 585 543 567 7620 
1999/03/26 567 580 567 570 3328 
1999/04/02 571 574 557 573 3183 
1999/04/09 575 575 563 570 2223 
1999/04/16 570 610 567 597 7884 
1999/04/23 599 605 574 587 4832 
1999/04/30 590 609 575 588 3922 
1999/05/07 593 595 582 586 4025 
1999/05/14 588 590 578 582 2359 
1999/05/21 586 616 585 605 6340 
1999/05/28 613 638 603 638 7602 
1999/06/04 654 690 640 685 9655 
1999/06/11 690 850 690 773 15973 
1999/06/18 305 372 305 372 23846 
1999/06/25 397 435 370 372 23027 
1999/07/02 372 400 372 395 10038 
1999/07/09 399 399 376 390 6738 
1999/07/16 390 395 323 361 13964 
1999/07/23 361 382 346 364 8450 
1999/07/30 359 362 330 336 5931 
1999/08/06 336 342 307 322 6262 
1999/08/13 300 328 300 316 22437 
1999/08/20 324 345 318 326 25274 
1999/08/27 321 326 310 310 10699 
1999/09/03 310 317 303 306 11851 
1999/09/10 306 318 301 302 11421 
1999/09/17 302 303 276 292 14370 
1999/09/24 295 295 287 288 1082 
1999/10/01 278 278 258 259 8906 
1999/10/08 255 259 242 253 11005 
1999/10/15 253 270 253 263 11116 
1999/10/22 263 265 253 254 4277 
1999/10/29 254 270 252 269 8167 
1999/11/05 270 272 254 257 7115 
1999/11/12 255 257 250 251 4094 
1999/11/19 252 263 250 260 11419 
1999/11/26 263 271 250 251 13926 
1999/12/03 254 255 239 239 8267 
1999/12/10 235 235 220 226 9602 
1999/12/17 225 228 203 211 10769 
1999/12/24 211 245 208 241 14636 
1999/12/31 241 251 235 246 6173 
2000/01/07 250 259 233 235 13901 
2000/01/14 237 269 237 254 32080 
2000/01/21 259 263 252 253 13106 
2000/01/28 257 269 250 260 22324 
2000/02/04 262 265 259 264 7219 
2000/02/11 267 270 258 260 12711 
2000/02/18 257 258 246 246 13065 
2000/02/25 246 247 235 236 7738 
2000/03/03 238 251 228 245 9537 
2000/03/10 245 245 236 236 6323 
2000/03/17 234 234 215 224 13080 
2000/03/24 217 245 210 239 14350 
2000/03/31 239 284 239 282 51489 
2000/04/07 279 309 278 309 61967 
2000/04/14 313 316 243 246 46362 
2000/04/21 250 268 243 246 17981 
2000/04/28 246 246 225 230 13913 
2000/05/05 230 230 210 217 11321 
2000/05/12 217 219 198 202 8340 
2000/05/19 204 222 200 210 13292 
2000/05/26 210 213 198 202 7194 
2000/06/02 202 226 202 218 14988 
2000/06/09 222 229 214 215 8587 
2000/06/16 215 217 150 162 26243 
2000/06/23 162 164 154 154 8905 
2000/06/30 155 156 150 153 8632 
2000/07/07 153 160 147 151 11005 
2000/07/14 151 162 147 156 14132 
2000/07/21 157 160 150 157 10460 
2000/07/28 157 164 156 156 23228 
2000/08/04 156 156 135 135.5 11583 
2000/08/11 130 132.5 120.5 122.5 23353 
2000/08/18 121 122 111.5 119.5 30323 
2000/08/25 120 123 114 114.5 10635 
2000/09/01 114.5 116 110 114.5 15693 
2000/09/08 116 117.5 104.5 104.5 12638 
2000/09/15 101 104 98 101.5 18176 
2000/09/22 100 110.5 99 102 26000 
2000/09/29 103 115.5 101.5 105.5 25104 
2000/10/06 107 115 100 110.5 36585 
2000/10/13 110.5 110.5 92 105 13968 
2000/10/20 110 111 97 111 46862 
2000/10/27 110.5 119 107.5 115.5 47333 
2000/11/03 111.5 116.5 108 110 52521 
2000/11/10 112 120 108 110 55279 
2000/11/17 103 109 98 98 30684 
2000/11/24 95 106 90 105.5 24745 
2000/12/01 105.5 105.5 97 101 12265 
2000/12/08 100.5 103.5 96 97.5 9191 
2000/12/15 98 104 98 100 10186 
2000/12/22 101.5 101.5 94.5 96 14292 
2000/12/29 96 97 84 84 9800 
2001/01/05 81 90.5 78.5 90.5 26454 
2001/01/12 89 94 86 87 30116 
2001/01/19 87 95.5 85 93.5 23217 
2001/02/02 94 100 89.5 97 39860 
2001/02/09 96 96 90 90.5 13911 
2001/02/16 90.5 108 90.5 106 80510 
2001/02/23 101 105.5 96.5 97.5 38768 
2001/03/02 100 107.5 100 105.5 54752 
2001/03/09 106.5 112 105 107.5 71396 
2001/03/16 105 115 103 113.5 57981 
2001/03/23 114 118 109 114 57386 
2001/03/30 115 119.5 112 118 54419 
2001/04/06 119 123.5 112.5 123.5 52929 
2001/04/13 123.5 123.5 111 111.5 51337 
2001/04/20 111 116 107.5 113 36344 
2001/04/27 113 116 110 110.5 18810 
2001/05/04 111.5 114 107 108.5 18291 
2001/05/11 111 113.5 104.5 112.5 19910 
2001/05/18 109 111 99.5 104 17352 
2001/05/25 104 113 99 111.5 19240 
2001/06/01 111.5 116 108 115 21618 
2001/06/08 115 119 113.5 116.5 23564 
2001/06/15 116.5 118.5 113 115.5 12338 
2001/06/22 116 121 113 117 17849 
2001/06/29 117 119.5 114 117 10142 
2001/07/06 117 119 114 115.5 10022 
2001/07/13 115 116 107 109 19722 
2001/07/20 109 112 98 108 17533 
2001/07/27 109 109.5 79.5 91 29372 
2001/08/03 89.5 94.5 89.5 93 13323 
2001/08/10 92 93 82 83 23394 
2001/08/17 83 86.5 81.5 81.5 23766 
2001/08/24 80 80.5 72 72 30211 
2001/08/31 74 78 71 77 26130 
2001/09/07 78 83.5 76 80 34907 
2001/09/14 80 81 67 67 14798 
2001/09/21 65 65 61 61 6095 
2001/09/28 58 66.5 57 64.5 38635 
2001/10/05 64.5 69.5 60.5 69 24992 
2001/10/12 67.5 74 67 71 29357 
2001/10/19 69 74.5 67.5 70 26767 
2001/10/26 70 77.5 70 75 38527 
2001/11/02 75 78.5 71.5 77 35509 
2001/11/09 77.5 81 76 80 56572 
2001/11/16 80.5 83.5 77 81 38894 
2001/11/23 81 84 79 81.5 29416 
2001/11/30 82.5 86.5 77 80 44230 
2001/12/07 81 98 80 96 98621 
2001/12/14 95 117.5 93 110 103813 
2001/12/21 107 113 101 103 52871 
2001/12/28 105 118 104 110.5 51580 
2002/01/04 113 123.5 112 123.5 55987 
2002/01/11 125 146 123.5 137 101813 
2002/01/18 137 142 131 134 55414 
2002/01/25 134.5 146 134 141.5 81598 
2002/02/01 143 144.5 135 135 47734 
2002/02/08 135 137.5 132 136 21579 
2002/02/22 138 138 118 123.5 40636 
2002/03/01 124.5 125 116 118.5 29844 
2002/03/08 122 128 119 119.5 44673 
2002/03/15 120.5 129 120.5 123 34637 
2002/03/22 125 133 121 130 38806 
2002/03/29 131.5 136 129 132 53556 
2002/04/05 132 135 123 123 23126 
2002/04/12 123 125 118 122.5 30040 
2002/04/19 124 124.5 119.5 123 24993 
2002/04/26 124 124 117.5 121 23960 
2002/05/03 119.5 121 108.5 109 22118 
2002/05/10 107 109 99 103.5 31313 
2002/05/17 103 111.5 102 104.5 29604 
2002/05/24 102 107 100.5 106.5 26481 
2002/05/31 106.5 110 102 103 18517 
2002/06/07 103 107 100 100 13831 
2002/06/14 100 102 87 90.5 34476 
2002/06/21 91 92.5 80 89.5 36963 
2002/06/28 89 96 88.5 94 30274 
2002/07/05 94 96.5 83 96 27777 
2002/07/12 97 102.5 80.5 86 42158 
2002/07/19 87.5 87.5 76.5 77 30334 
2002/07/26 76 82 75 79 22615 
2002/08/02 79 85.5 78 80.5 24833 
2002/08/09 75.5 78 71.5 76.5 19516 
2002/08/16 76 85 75 83 31033 
2002/08/23 83 87 81.5 84.5 23631 
2002/08/30 84.5 84.5 76 76 22715 
2002/09/06 74 75 61 61 39340 
2002/09/13 62 72 61 71 40040 
2002/09/20 71 73 67 71 24288 
2002/09/27 70 71 66 67.5 14990 
2002/10/04 66 68.5 62 63.5 16615 
2002/10/11 61.5 62.5 53.5 54 22273 
2002/10/18 54 67.5 53.5 67 49851 
2002/10/25 67 72.5 65 67.5 41770 
2002/11/01 69 73 67 70.5 27094 
2002/11/08 73 79 72 77.5 41729 
2002/11/15 78 78.5 72.5 76 19363 
2002/11/22 76 77 67.5 69.5 24309 
2002/11/29 70.5 71 68 69 17206 
2002/12/06 69.5 74.5 69.5 73 19488 
2002/12/13 74.5 74.5 65 66 20261 
2002/12/20 64.5 66 58 62.5 22786 
2002/12/27 62.5 62.5 58.5 58.5 8800 
2003/01/03 58 58.5 55 57.5 12506 
2003/01/10 58.5 68.5 58 67.5 36619 
2003/01/17 67.5 72 67.5 70 27329 
2003/01/24 69 69.5 64.5 65.5 20224 
2003/01/31 65.5 67.5 65 66 5970 
2003/02/07 65 66 57.5 59.5 10271 
2003/02/14 59 61.5 57 58.5 17932 
2003/02/21 61.5 63.5 58 58 19249 
2003/02/28 59 62.5 58 60 18822 
2003/03/07 61.5 64 58.5 58.5 22047 
2003/03/14 60 65.5 59 64.5 24568 
2003/03/21 64 71.5 63.5 68.5 43863 
2003/03/28 68.5 69.5 65 65 32555 
2003/04/04 64.5 68 60.5 67 34417 
2003/04/11 66 69.5 65 67 25650 
2003/04/18 67 73 65.5 70 29093 
2003/04/25 70.5 72.5 65 66 33673 
2003/05/02 63 65.5 58 60.5 34867 
2003/05/09 60 63 59.5 62.5 27670 
2003/05/16 63 66 62 62.5 26367 
2003/05/23 61.5 67 61 65.5 28234 
2003/05/30 66.5 70 66 69.5 33128 
2003/06/06 70 71.5 69 69 23053 
2003/06/13 69.5 78 69 76 62676 
2003/06/20 77 77 72 73 48642 
2003/06/27 73 73.5 70 72 37193 
2003/07/04 72 82 70.5 82 66850 
2003/07/11 84 93 77.5 79 94168 
2003/07/18 79 83.5 77 79 55660 
2003/07/25 79 89 77.5 87.5 74092 
2003/08/01 88 90 80 85 52995 
2003/08/08 85 85 80 82.5 45129 
2003/08/15 82.5 87.5 81.5 84 67821 
2003/08/22 84 90 83 89 89476 
2003/08/29 89 89 82.5 84.5 64320 
2003/09/05 84.5 84.5 81.5 82 30087 
2003/09/12 82 87 81.5 86.5 56203 
2003/09/19 86.5 89.5 85.5 87.5 73156 
2003/09/26 87 87 82 83 54487 
2003/10/03 82 86.5 82 86 34516 
2003/10/10 87 88 84.5 87.5 33956 
2003/10/17 88 91 87.5 90.5 56736 
2003/10/24 90.5 93.5 89 89.5 41428 
2003/10/31 89.5 96 89.5 92.5 43315 
2003/11/07 92.5 95 88.5 91.5 34242 
2003/11/14 91.5 92.5 88 88.5 24663 
2003/11/21 88.5 89.5 79.5 81.5 55884 
2003/11/28 82 84.5 80 80.5 21900 
2003/12/05 80.5 85 80.5 83.5 27500 
2003/12/12 83 86 81.5 84 22018 
2003/12/19 85 87.5 82 82.5 25298 
2003/12/26 83 83.5 82 82.5 13877 
2004/01/02 82.5 84 81 83.5 16255 
2004/01/09 84 90 83 89 31610 
2004/01/16 87 88.5 85 85.5 25999 
2004/01/30 86 87 81 82 37468 
2004/02/06 82 82.5 76 77 43922 
2004/02/13 77.5 79 75.5 78 54483 
2004/02/20 78.5 84.5 77.5 84 45253 
2004/02/27 84 85 82 84.5 35128 
2004/03/05 84.5 85.5 82.5 84.5 31147 
2004/03/12 85.5 85.5 80 80.5 27956 
2004/03/19 81 81.5 76.5 80.5 63701 
2004/03/26 75 76 70 74 39593 
2004/04/02 75.5 80.5 75 80 33661 
2004/04/09 80.5 82.5 77 77.5 24941 
2004/04/16 78 80.5 78 79.5 19845 
2004/04/23 79.5 81.5 78 80 26191 
2004/04/30 80 80.5 69.5 70 31643 
2004/05/07 70 70.5 64.5 65.5 37995 
2004/05/14 65 69 62 66 50653 
2004/05/21 64 73 61.5 71.5 47928 
2004/05/28 71.5 76 70.5 76 30178 
2004/06/04 75 75 67 68.5 21026 
2004/06/11 71 75 66.5 67 28042 
2004/06/18 67 70.5 65.5 69 20911 
2004/06/25 71.5 72.5 68 72 16947 
2004/07/02 72 72 67 67 21995 
2004/07/09 66 69 65 67.5 24289 
2004/07/16 67.5 68 61 62.5 28585 
2004/07/23 61.5 62.5 58.5 62 26070 
2004/07/30 61 63 53.5 55 33042 
2004/08/06 55 59.5 54 58.5 30841 
2004/08/13 57.5 60.5 53.5 57 19684 
2004/08/20 55 59 53 58 27623 
2004/08/27 58 63.5 56.5 63.5 38534 
2004/09/03 62 63 56 57.5 33679 
2004/09/10 56 59 56 58.5 22938 
2004/09/17 58.5 61 58 59 17568 
2004/09/24 59.5 62.5 59.5 61.5 20387 
2004/10/01 60.5 61 57.5 59 22673 
2004/10/08 59.5 62 57 59 61710 
2004/10/15 58.5 59 55 55 30438 
2004/10/22 55 57 55 56 19948 
2004/10/29 55.5 55.5 53 54 22974 
2004/11/05 54 58 53 57.5 46186 
2004/11/12 58 58 56 57.5 29891 
2004/11/19 58 60 57 58 35199 
2004/11/26 56.5 57 53 53 37003 
2004/12/03 53.5 54.5 52 54 58782 
2004/12/10 53.5 56 53 56 60363 
2004/12/17 55 55.5 53 54.5 39961 
2004/12/24 54 55 52.5 54.5 31980 
2004/12/31 54.5 57 54 57 38510 
2005/01/07 57 57 53 53 18705 
2005/01/14 53.5 54.5 50.5 51.5 33402 
2005/01/21 52 52.5 48.2 48.8 42717 
2005/01/28 48.9 52.5 47.2 51.5 83925 
2005/02/04 52.5 57.5 52 57 52062 
2005/02/18 58 58.5 55.5 56 44533 
2005/02/25 56 56.5 53.5 55.5 31755 
2005/03/04 56 56 51.8 52.6 29232 
2005/03/11 52.8 53.3 51 52.6 55967 
2005/03/18 52.5 53.9 50.7 50.9 27937 
2005/03/25 50.7 51.8 50.2 51.6 17561 
2005/04/01 51.8 53.5 51.7 53.2 23915 
2005/04/08 52.9 53.3 51.7 53.2 13507 
2005/04/15 53.2 54 52 52.8 14816 
2005/04/22 51.5 53.6 49 53.2 23024 
2005/04/29 53 54.3 52 52.2 24295 
2005/05/06 52.2 55.3 51.1 55 34881 
2005/05/13 55 57.5 54.2 57.1 62137 
2005/05/20 57.3 58.7 56 56.8 45530 
2005/05/27 56.9 58.1 56.1 57.6 23520 
2005/06/03 57.4 57.9 55.3 56.4 20056 
2005/06/10 56.3 57.6 55.3 57.1 19150 
2005/06/17 57.2 63.6 57.2 62.9 103239 
2005/06/24 63 63.8 60 60.2 41530 
2005/07/01 60.2 62.8 60.2 61 33614 
2005/07/08 61 62.9 57.4 58.7 42829 
2005/07/15 59 63.9 59 62.9 44533 
2005/07/22 63 64.1 60.7 60.8 32625 
2005/07/29 61 61.4 58.6 58.7 28602 
2005/08/05 60.5 61.7 56.3 58 42881 
2005/08/12 57.8 61.9 57.2 60.5 60448 
2005/08/19 60.5 60.5 55.4 55.8 41425 
2005/08/26 56.2 56.4 54.1 55.3 29258 
2005/09/02 55 55.3 51.5 53.3 36482 
2005/09/09 53.6 54.2 51.7 53.5 31149 
2005/09/16 54.4 56.2 53 53.3 34681 
2005/09/23 53.2 53.7 50 51.2 66893 
2005/09/30 51.3 54.9 50.4 54.4 36924 
2005/10/07 54.3 56.1 53.8 54 27244 
2005/10/14 54 54.6 51.7 51.8 26771 
2005/10/21 52.4 52.4 48.25 48.4 41398 
2005/10/28 48.55 48.6 44 44.5 46944 
2005/11/04 45 50.5 44.5 49.7 67659 
2005/11/11 49.6 52.2 47.9 52.1 30828 
2005/11/18 52 52.9 49.9 52.9 35906 
2005/11/25 53.3 53.4 49.9 50 40336 
2005/12/02 50.1 52.1 50 51.8 35441 
2005/12/09 52 52.3 49.5 50 46493 
2005/12/16 50.1 51.1 47.5 48.4 40743 
2005/12/23 49 49.95 48.65 49 27265 
2005/12/30 49 49.15 45.9 46.1 72769 
2006/01/06 46.1 49.6 45.8 49.5 92990 
2006/01/13 49.75 51.4 47.75 50.4 104277 
2006/01/20 50.4 51.2 46.5 47.1 65224 
2006/01/27 46.6 48 46.1 47 33726 
2006/02/03 47.65 47.8 47.2 47.65 9259 
2006/02/10 47.6 49.75 46.8 49.3 62464 
2006/02/17 49.5 52 48.5 51.4 46179 
2006/02/24 51 52.6 48.4 49.2 54867 
2006/03/03 49.25 50.7 48.5 49.5 24488 
2006/03/10 49.5 50.1 48.8 49.4 18722 
2006/03/17 49.9 52 49.35 52 34653 
2006/03/24 52.2 53.3 50.1 51 51029 
2006/03/31 51.4 53.9 51.1 53.3 40686 
2006/04/07 52.6 53.1 51.5 52.1 34591 
2006/04/14 55.7 57 54.8 56.6 43512 
2006/04/21 57.1 58.8 56.7 57.5 41597 
2006/04/28 56.5 57.5 55.4 56.3 22797 
2006/05/05 55.7 57.8 55.2 57.2 25562 
2006/05/12 57.5 58.5 51.9 52.5 55836 
2006/05/19 52.3 52.6 49 49.4 41045 
2006/05/26 49.5 50 47.35 48.5 49017 
2006/06/02 49.3 50.8 47.9 50.6 42880 
2006/06/09 50.8 51.5 45.1 46.45 47358 
2006/06/16 47.25 50.7 45.5 50.4 25910 
2006/06/23 49.9 51.1 49 50.5 23744 
2006/06/30 50.5 51.9 49.6 51.8 28178 
2006/07/07 51.9 52.3 48.4 49.2 43759 
2006/07/14 49 49.2 46 46.25 27692 
2006/07/21 46 47.65 45.7 47.5 12871 
2006/07/28 46 47.6 46 46.6 18119 
2006/08/04 46.6 48.1 44.4 44.95 33699 
2006/08/11 44.75 47.7 43.9 46.4 23916 
2006/08/18 46.4 49.8 45.35 49 26851 
2006/08/25 48.45 48.5 46.1 46.3 18296 
2006/09/01 45.9 47.9 43.1 47.5 39846 
2006/09/08 48.75 49.5 48 48.6 27824 
2006/09/15 48.3 49.95 48.05 49.2 19214 
2006/09/22 50 51.2 49.45 50 17180 
2006/09/29 49.1 50.4 47.15 47.4 34103 
2006/10/06 47 54.5 46 54.1 107375 
2006/10/13 53.3 54.3 51 53 44331 
2006/10/20 53 54 50 52.9 53851 
2006/10/27 53 53.3 50.4 50.5 28862 
2006/11/03 50 52.6 49 51.9 42218 
2006/11/10 51.4 53.7 50.9 51.8 34677 
2006/11/17 51.8 55.4 51.7 54.9 50963 
2006/11/24 54.9 59 53.7 58.8 67786 
2006/12/01 59 59.1 54.8 57.5 44710 
2006/12/08 57.5 58.8 54 55.2 35183 
2006/12/15 55.2 55.5 53.4 55.2 26463 
2006/12/22 55.7 59 54.6 56.6 33097 
2006/12/29 56.6 61.9 56.6 59.1 57631 
2007/01/05 59.6 59.9 56.5 56.8 44026 
2007/01/12 56.5 57.6 54.9 57.2 47315 
2007/01/19 57.5 58 56.4 57.2 34427 
2007/01/26 57 57.7 55.5 56.6 25907 
2007/02/02 56.4 56.9 54.6 56.4 21196 
2007/02/09 56.9 59 56 58.4 38713 
2007/02/16 58.5 58.5 56.2 56.5 15463 
2007/03/02 57 57.2 53.1 54 36934 
2007/03/09 53.5 53.5 51 51.9 37424 
2007/03/16 52 53.3 49.95 51 56280 
2007/03/23 50.9 52.8 50.9 51.5 53216 
2007/03/30 51.5 52.1 50.1 50.5 31067 
2007/04/06 50.5 51 50 50.7 18071 
2007/04/13 51.6 52.7 50.3 51 38671 
2007/04/20 51 51.4 49.9 50.2 37760 
2007/04/27 50.4 50.8 49.6 49.7 34915 
2007/05/04 49.55 49.6 47.85 49.5 32544 
2007/05/11 49 49.3 48.2 48.45 32672 
2007/05/18 48.55 48.75 47.7 47.8 25398 
2007/05/25 48 48.5 47.7 48.3 42604 
2007/06/01 49.5 51.8 49.35 49.8 86221 
2007/06/08 50.5 51.4 49.8 50.1 49671 
2007/06/15 50.2 50.9 49.25 50.5 82025 
2007/06/22 51 53.2 50.8 51.8 71508 
2007/06/29 51.5 52.4 50.9 51.2 52535 
2007/07/06 51.3 56.1 50.8 55 131189 
2007/07/13 56 59.6 54.7 56 181885 
2007/07/20 57.3 57.4 54.8 56.6 80708 
2007/07/27 57.1 57.4 51.2 51.4 98789 
2007/08/03 50.8 55.9 50.4 54.9 135100 
2007/08/10 53.9 55.3 50.2 53.3 88926 
2007/08/17 55.4 57.7 49.9 52 222150 
2007/08/24 55 56.7 51.2 55.3 215174 
2007/08/31 55 55 51 53.7 95824 
2007/09/07 54.4 54.7 52.6 53.1 90157 
2007/09/14 53 53.1 51 51.4 70286 
2007/09/21 51.4 51.4 49 50.4 72844 
2007/09/28 50.8 52.6 50.5 51.7 49139 
2007/10/05 51.9 52.5 51.1 51.4 57668 
2007/10/12 51.7 52.7 50.8 50.8 50070 
2007/10/19 51.8 52.7 50.3 52.3 97475 
2007/10/26 51.1 54.3 50.6 53.8 138848 
2007/11/02 54.3 56 50.8 51.4 203453 
2007/11/09 51.5 53.2 49.85 50.7 83314 
2007/11/16 50.6 52.9 49.9 52 71548 
2007/11/23 52 52.2 48.55 48.55 78588 
2007/11/30 49 49.3 46.85 48.5 50092 
2007/12/07 48.1 49.85 47.65 49 64119 
2007/12/14 49.1 49.35 45 45.6 47910 
2007/12/21 47 47 42.5 43.35 49580 
2007/12/28 44.5 46.3 43.8 46.3 28660 
2008/01/04 46.9 46.9 43.5 43.6 36390 
2008/01/11 42.5 42.5 40 41.65 51317 
2008/01/18 42.2 43.3 40.15 41.4 62484 
2008/01/25 41.7 41.8 36.7 38.7 65122 
2008/02/01 38.2 39.05 37.1 37.7 32928 
2008/02/15 37.15 38.8 37 38.7 23968 
2008/02/22 39.1 40.25 38.8 40 29261 
2008/02/29 40.5 41.4 40.2 41.4 37891 
2008/03/07 40.4 41.2 39.8 40.8 35094 
2008/03/14 40.8 41.45 39.6 39.85 25888 
2008/03/21 39.4 41.2 38.2 41.1 28409 
2008/03/28 43 43 40.7 41.25 38880 
2008/04/04 41.3 45.35 40.85 44.8 44822 
2008/04/11 45.1 46.5 44.1 46.45 35085 
2008/04/18 46 49.1 45.3 48.2 49735 
2008/04/25 48.9 49.3 47.1 49 44939 
2008/05/02 49.2 52.2 48.05 51 74836 
2008/05/09 51.8 53.1 50.7 51.5 65893 
2008/05/16 51.5 53 51 52.5 39914 
2008/05/23 52.5 53 50.3 50.3 44709 
2008/05/30 50.3 51.3 47.8 48 42000 
2008/06/06 48.2 50.3 48 50 33263 
2008/06/13 49 50.5 46.7 47.9 31782 
2008/06/20 49.5 50.4 46.3 46.3 40807 
2008/06/27 45.8 50.5 45.75 46.8 59810 
2008/07/04 48 48 43.55 44.75 59435 
2008/07/11 44.85 47 44.45 45 49766 
2008/07/18 45.5 46.85 43.5 45.8 52440 
2008/07/25 46.85 50.9 46.85 49.8 106139 
2008/08/01 43 44.6 42 43.45 51670 
2008/08/08 43.8 47 43.1 46.6 85462 
2008/08/15 47.6 49.6 46 46 107871 
2008/08/22 46.4 48.5 44.5 46.95 53179 
2008/08/29 48 49.65 46.25 47.8 82671 
2008/09/05 47.1 47.25 44 47.2 73545 
2008/09/12 49.5 49.8 40.05 41.65 130104 
2008/09/19 41 44 38 42.55 117849 
2008/09/26 43.05 44.45 41 42 72495 
2008/10/03 39.1 40 36.95 38.55 51505 
2008/10/10 38.4 38.95 33.3 33.45 50859 
2008/10/17 32.3 35.7 32.3 34.4 51696 
2008/10/24 33.8 35.25 31.55 31.55 54874 
2008/10/31 29.35 35 29.35 34.4 75926 
2008/11/07 36.5 38.4 33.7 36 57158 
2008/11/14 36.6 37.7 34.7 37.35 58205 
2008/11/21 36.05 37.35 32.95 35.4 62707 
2008/11/28 35.4 37.85 34.45 36 59774 
2008/12/05 34.85 36.45 34.85 36.05 54204 
2008/12/12 36.05 38.9 35.5 38 58869 
2008/12/19 37.9 38.7 36.5 37.5 42329 
2008/12/26 37.2 37.5 33.45 33.6 31455 
2009/01/02 33.55 35 33.35 34.6 10141 
2009/01/09 35.6 36.1 30.15 31.1 61140 
2009/01/16 30.3 32.3 29.55 31.2 92498 
2009/01/23 31.5 32.15 29.6 31.6 28024 
2009/02/06 32.2 36.45 31.85 35.75 73640 
2009/02/13 36.15 37.2 34.3 36.4 53838 
2009/02/20 36.4 37 34.7 35 40713 
2009/02/27 34.8 36.3 34.6 35.7 21861 
2009/03/06 35.4 37 34.25 36.8 42289 
2009/03/13 36.8 40.5 35.95 40.4 63196 
2009/03/20 40.45 40.8 38.6 39 57163 
2009/03/27 39.2 44.3 39.2 43.3 67643 
2009/04/03 42.5 44.6 42.15 44.25 42303 
2009/04/10 44.25 45 42 43.6 47857 
2009/04/17 43.6 46.05 42.2 44 113079 
2009/04/24 44.3 47.45 44 46.5 71383 
2009/05/01 47.5 49.4 45.05 49.4 52117 
2009/05/08 52.8 55.8 52.6 54.4 122878 
2009/05/15 53.8 54.3 49.3 51.3 92755 
2009/05/22 51 52.7 50 51.2 82432 
2009/05/29 51.2 52.2 50.3 52 51556 
2009/06/05 53.8 54.5 50.2 51.4 80814 
2009/06/12 51.6 51.6 49.4 51.2 56300 
2009/06/19 50.2 52.2 46.75 51.6 70698 
2009/06/26 52 54.7 51.7 53.2 59468 
2009/07/03 54.2 59.4 52.9 59 120158 
2009/07/10 59 59.8 57 59 79451 
2009/07/17 59.5 63.6 58 62.4 88111 
2009/07/24 62.8 68.4 61.1 67.6 71342 
2009/07/31 67.7 69.2 61.5 62.1 78860 
2009/08/07 61.5 61.7 56.9 59.3 56659 
2009/08/14 59.5 63.8 56.6 63 68623 
2009/08/21 62 62.9 58 59.6 48350 
2009/08/28 60.5 70.5 60.3 69.1 103962 
2009/09/04 69.4 72.1 67.9 71.2 76673 
2009/09/11 71.4 72.5 69 71.6 61235 
2009/09/18 71.9 75.3 70.7 73 52727 
2009/09/25 73.7 73.7 67.8 69 44771 
2009/10/02 69 69.3 65.4 65.7 99379 
2009/10/09 66 69.9 63.8 66.1 106867 
2009/10/16 66.5 68.6 64.7 66.9 69420 
2009/10/23 66.9 69.5 65.7 66 63170 
2009/10/30 66 66.8 60.8 62.5 69388 
2009/11/06 62.5 66.1 62.5 65.3 70148 
2009/11/13 65.8 67.1 64.5 65.5 55436 
2009/11/20 65.5 67.3 64.3 64.6 105621 
2009/11/27 64.7 65.7 63.1 63.1 62550 
2009/12/04 63.5 66.6 63.4 65.2 51402 
2009/12/11 65.8 68.9 65.2 66.9 90017 
2009/12/18 67.2 69.5 66.5 69.4 74103 
2009/12/25 69.8 70.5 68.5 69.6 56998 
2010/01/01 70.1 70.7 68.6 69.6 37274 
2010/01/08 69.9 69.9 67.6 68.5 45946 
2010/01/15 69.2 71.8 68.6 71.1 69252 
2010/01/22 70.5 72.3 65.1 65.5 75836 
2010/01/29 65 66.5 62.3 63.9 56623 
2010/02/05 64.2 66.5 61 62 56640 
2010/02/12 62 64.6 61 64 17391 
2010/02/26 65.2 66 63.2 65.5 42272 
2010/03/05 65.4 66.3 63.1 65 36143 
2010/03/12 65.5 65.7 63.1 63.2 29978 
2010/03/19 63.3 63.9 62.3 63.9 64776 
2010/03/26 63.7 63.9 60.3 61.5 66175 
2010/04/02 61.5 62.2 61.2 61.8 57604 
2010/04/09 62.2 62.5 61.5 61.7 39573 
2010/04/16 61.7 62.2 59.3 60.2 50492 
2010/04/23 59.8 61.3 58.8 60.3 53950 
2010/04/30 60.6 62.4 59.3 59.3 85353 
2010/05/07 59.2 59.5 54.1 57.1 73332 
2010/05/14 56.6 58.5 56.6 58.3 45964 
2010/05/21 57.5 57.8 53.2 53.7 79108 
2010/05/28 54.7 58.4 52.5 57.6 70262 
2010/06/04 58 59.2 57.1 58 30864 
2010/06/11 55 57.8 54.4 57.7 39833 
2010/06/18 58 59.5 57.3 58.5 21802 
2010/06/25 59.5 61.2 59 59.3 40195 
2010/07/02 59.6 60.1 56.1 56.2 36829 
2010/07/09 56.5 61.2 56.4 61.2 43550 
2010/07/16 61.5 64 60.7 64 57744 
2010/07/23 63.5 64 58.4 58.7 50028 
2010/07/30 59 59.3 57 58 36650 
2010/08/06 58 59.2 53.1 53.9 86753 
2010/08/13 53.5 54.5 52 53.1 66407 
2010/08/20 53 53.9 52.2 52.2 37163 
2010/08/27 52.1 52.6 49.3 49.5 51485 
2010/09/03 50 50.5 45.4 46.8 82567 
2010/09/10 47.8 50.8 47.8 48.7 66935 
2010/09/17 48.8 49.85 47.95 48.75 46538 
2010/09/24 48.75 48.95 47.05 47.35 47668 
2010/10/01 47.6 51.1 47.05 50.4 69305 
2010/10/08 51 51 48.85 49.7 37297 
2010/10/15 49.6 51.3 47.9 51 65809 
2010/10/22 51.5 54.8 50.5 54.7 80025 
2010/10/29 55 56.8 54.3 56.2 70247 
2010/11/05 56.2 57.4 55.8 56.6 74151 
2010/11/12 57 57.5 55.2 57.1 38947 
2010/11/19 57.1 58.3 56.5 57.3 25744 
2010/11/26 57 60.3 57 60 43203 
2010/12/03 60.5 62 58.9 61.8 46339 
2010/12/10 62.3 63.7 61 62.8 37488 
2010/12/17 63 63.2 61.8 62.6 45364 
2010/12/24 62.9 62.9 60.7 61.8 14056 
2010/12/31 61.4 62.1 60.5 61.2 12115 
2011/01/07 61.3 61.9 56.2 57.4 45976 
2011/01/14 58.8 62.2 58.2 60.6 40945 
2011/01/21 60.6 62 60.3 62 19854 
2011/01/28 62 62.3 61 61.5 21579 
2011/02/11 61.9 61.9 54.1 55 40431 
2011/02/18 55.4 57.5 54.2 57 33997 
2011/02/25 57.3 59.1 54.1 58.1 31173 
2011/03/04 58.9 62.7 58 61 30843 
2011/03/11 60.6 61 54.7 54.7 29640 
2011/03/18 53.1 54.1 49.9 53.2 37880 
2011/03/25 53.5 55.2 52.2 54.3 27766 
2011/04/01 54.3 57.6 52.3 54.9 40997 
2011/04/08 55.5 56.9 54.7 55.2 16548 
2011/04/15 55 55.1 51.8 52.8 29049 
2011/04/22 54 55.1 52.8 55 30156 
2011/04/29 55.1 56.5 54.2 56.5 27994 
2011/05/06 56.5 60.7 56.5 59.3 48212 
2011/05/13 59.4 60.7 57.1 60.5 49717 
2011/05/20 60.3 62.3 59.5 61 35077 
2011/05/27 60 64.7 59.1 64 49955 
2011/06/03 64 68.5 63.5 68.2 94345 
2011/06/10 68 69.7 67 68.1 60540 
2011/06/17 67.8 69 65.2 65.5 50367 
2011/06/24 67.5 68 64.5 65.5 47429 
2011/07/01 65.2 69 64.6 68.2 54074 
2011/07/08 68.5 71.4 67.6 69.6 75111 
2011/07/15 69.2 69.2 67.3 68 63237 
2011/07/22 68 71 66.4 68.9 68568 
2011/07/29 69.1 73 69 71 53921 
2011/08/05 68.1 69.4 60.3 61.1 60030 
2011/08/12 60.4 62.4 55.4 56.3 136006 
2011/08/19 57.3 57.7 51 54.9 94027 
2011/08/26 55 60 53 56.2 73635 
2011/09/02 57 60.5 55.5 57.8 92108 
2011/09/09 56.5 57.6 53.3 57 57708 
2011/09/16 56.5 57.6 55 57 71315 
2011/09/23 57 57.4 48.1 48.1 82780 
2011/09/30 48.65 59.6 48.6 59.5 84593 
2011/10/07 58.5 60.4 56 59.6 59824 
2011/10/14 60.1 63.7 60.1 62.7 51950 
2011/10/21 63 63 58.4 59.1 49551 
2011/10/28 60.1 61.2 58.5 59.6 55426 
2011/11/04 60 64.5 58.8 62.5 83427 
2011/11/11 62.7 63.5 59.9 61.1 54928 
2011/11/18 62.6 63.9 60.6 61.4 61079 
2011/11/25 61.4 62 53.4 54.8 69689 
2011/12/02 55.8 63.1 55.4 61.6 52235 
2011/12/09 61.6 62.2 59.3 59.9 43529 
2011/12/16 60 62.4 57.5 61.8 36926 
2011/12/23 62.5 62.5 57.1 61.7 40135 
2011/12/30 61.9 64.4 61.7 63.7 26463 
2012/01/06 63.2 65.4 62.8 65.4 28597 
2012/01/13 64.5 66.9 64.3 66.2 38614 
2012/01/20 66.2 66.2 64 65.3 23290 
2012/02/03 65.9 68.7 62.1 68 109354 
2012/02/10 68 72.2 64.9 71 83394 
2012/02/17 70.6 71.9 68.4 69.2 57288 
2012/02/24 70 70.1 67.6 68 35979 
2012/03/02 69.8 73.6 69.8 70.6 48366 
2012/03/09 70 71.5 68.9 70.3 37965 
2012/03/16 70.3 72 69.5 69.5 40266 
2012/03/23 69.9 71.9 68.3 71.5 42131 
2012/03/30 71.9 77.3 69.6 77.3 70758 
2012/04/06 77.3 78.5 73.8 75.1 40907 
2012/04/13 73.9 75.8 73 74.4 41755 
2012/04/20 74 77.9 73.8 76.8 55014 
2012/04/27 77.3 77.5 74 74.1 38623 
2012/05/04 75.6 86.4 75 86.1 77384 
2012/05/11 84.1 84.1 79.8 81.3 70640 
2012/05/18 81.3 83 77.6 77.7 43625 
2012/05/25 77.7 83.6 75 75.5 76123 
2012/06/01 75 79.7 74.9 76.4 87756 
2012/06/08 75 79.2 74.5 77 53523 
2012/06/15 78.8 81.6 78.5 79.9 43581 
2012/06/22 81.9 83.7 77.2 78.5 53952 
2012/06/29 78 80.1 77 79.4 49943 
2012/07/06 80 82.9 78.8 79.7 40937 
2012/07/13 79.1 79.7 76 76.5 63968 
2012/07/20 77 77.4 71.3 75.6 68513 
2012/07/27 75.3 76 69 75 64437 
2012/08/03 75.8 79.1 70.2 71.1 76578 
2012/08/10 72.7 80.9 72.4 77.8 55983 
2012/08/17 78.5 78.5 77 77.9 26439 
2012/08/24 78 78.2 74.4 74.7 22143 
2012/08/31 75.2 78.6 73.9 77.3 49078 
2012/09/07 77.6 80.3 76.2 78.6 33894 
2012/09/14 78.6 80.2 76.7 80 32700 
2012/09/21 80 80 77 77.6 28254 
2012/09/28 78 79.3 75.8 77.9 42826 
2012/10/05 78.1 78.5 73 73.8 51691 
2012/10/12 73.7 74.4 68.8 69.3 75427 
2012/10/19 69 71.7 67.4 69 67455 
2012/10/26 67.1 69.2 66 66.1 40913 
2012/11/02 66.1 72.8 65.1 70.6 65383 
2012/11/09 70.9 73 69.7 71.6 29058 
2012/11/16 72.4 72.4 67.1 68.2 37690 
2012/11/23 68.3 71.3 68.3 70.9 27943 
2012/11/30 71.5 73.8 70 73 52108 
2012/12/07 71.9 72.8 69 70.5 47808 
2012/12/14 70.9 70.9 66.6 69.7 90134 
2012/12/21 70 70.2 65.1 67 59357 
2012/12/28 67.8 68.9 66.7 68.3 16402 
2013/01/04 68 68.8 65.5 65.7 28705 
2013/01/11 65.7 65.8 61.4 63.5 77857 
2013/01/18 62.5 65.2 62.1 64.6 54083 
2013/01/25 64.3 64.3 61.7 63.6 42465 
2013/02/01 64.4 69.4 64.4 68.9 74350 
2013/02/08 69.5 69.5 67.5 68 20699 
2013/02/22 70 70 65.3 65.7 56204 
2013/03/01 65.4 65.6 63.3 63.9 31365 
2013/03/08 64.5 65.6 63.5 64.5 35089 
2013/03/15 65 67.3 64.5 65.5 51800 
2013/03/22 65 66.5 63.8 65.1 33239 
2013/03/29 65.8 66.9 64.9 66.5 23225 
2013/04/05 65.9 66 64.2 64.5 18627 
2013/04/12 63.5 64.6 59.7 59.9 53863 
2013/04/19 59.2 59.7 56.4 57.1 50953 
2013/04/26 57 60.2 56.4 59.9 52286 
2013/05/03 60.5 61 59.8 60.6 27954 
2013/05/10 60.6 63.5 59.9 63.1 39177 
2013/05/17 62.4 64.9 60.1 64.2 43314 
2013/05/24 63.7 65.7 63.5 65.2 42755 
2013/05/31 65.2 65.8 64.5 64.8 33674 
2013/06/07 63.5 65 60.2 61 37795 
2013/06/14 61.4 62.9 59.3 61 24840 
2013/06/21 61.5 62.7 60 61 36492 
2013/06/28 60.9 65 60.4 65 37093 
2013/07/05 64.8 66.2 63.5 66 27770 
2013/07/12 66 70.1 64.7 69 34247 
2013/07/19 67.5 69.3 67.3 67.7 31120 
2013/07/26 68.7 71 67.7 71 32965 
2013/08/02 70.9 70.9 64.4 64.7 35029 
2013/08/09 64.1 64.7 61 61.2 24266 
2013/08/16 61.5 63.9 60.6 62 19805 
2013/08/23 63.5 63.5 60.5 63 18539 
2013/08/30 62.6 63.3 61.6 63.1 19808 
2013/09/06 63.1 67.9 63.1 67.9 26542 
2013/09/13 67.9 68 65.8 66.5 32641 
2013/09/20 67.3 68 65.7 66 50130 
2013/09/27 66 66.1 63.3 63.9 48346 
2013/10/04 64 65.4 63 64.5 22772 
2013/10/11 64.5 65.6 63.7 65.5 17457 
2013/10/18 65.4 69.5 64.8 69.3 33911 
2013/10/25 69.3 69.9 66.1 67.5 26645 
2013/11/01 67.8 71 67 67.5 38759 
2013/11/08 67.5 70.9 66.6 67.7 27338 
2013/11/15 67.5 67.6 64.2 65 43678 
2013/11/22 65 65 62.3 62.8 29728 
2013/11/29 63.6 66.1 62.2 65.9 30577 
2013/12/06 66.6 66.6 64.5 66.3 28269 
2013/12/13 67 68.1 65.6 67.5 33509 
2013/12/20 67 68 66 67.8 23207 
2013/12/27 67.9 69.3 67.8 68.7 19260 
2014/01/03 68.7 69.7 67.6 67.8 16449 
2014/01/10 67.8 70.8 67.8 70.1 43206 
2014/01/17 70.3 78.2 70.3 76.8 70395 
2014/01/24 76.8 79.9 76.4 77 41451 
2014/01/31 75.4 76 73.6 75 12372 
2014/02/07 70.5 75.3 69.9 74.8 38006 
2014/02/14 74 75.5 72.4 74 30053 
2014/02/21 73.6 77 73.6 75.4 28335 
2014/02/28 76.1 76.2 73.7 74.5 24307 
2014/03/07 74.5 81.3 72.9 78 75058 
2014/03/14 78 82.5 76.4 81.5 72968 
2014/03/21 82 82.1 77.9 78.1 50046 
2014/03/28 78.3 88.6 78.3 85.9 67600 
2014/04/04 83.2 83.8 80.6 82.1 56602 
2014/04/11 81 83.3 79.1 82.8 46876 
2014/04/18 82.8 82.8 80.2 82.1 21897 
2014/04/25 82 83 78 78 30184 
2014/05/02 77.3 83.1 76.9 80.5 33827 
2014/05/09 80.8 84 79.3 82.9 32527 
2014/05/16 83.2 83.2 78.3 79.3 58901 
2014/05/23 79.9 80.8 78.5 79.8 40211 
2014/05/30 80.5 80.7 77.6 80.7 74095 
2014/06/06 79.5 80.5 78.7 80.1 29563 
2014/06/13 80.6 85.2 79.4 84.5 48309 
2014/06/20 84.6 86.2 83 83.5 47050 
2014/06/27 84.1 86.3 83.5 85.5 23886 
2014/07/04 86 91 86 87.1 32742 
2014/07/11 86.7 88.4 84.6 85 30042 
2014/07/18 85.1 87.9 85 85.7 29727 
2014/07/25 86.4 89 85.1 85.8 15985 
2014/08/01 85.8 89.2 79.2 80.5 32180 
2014/08/08 82 84.4 81.1 82 33332 
2014/08/15 83 85.5 80.8 82.4 22542 
2014/08/22 83.4 84.4 81.6 84.4 19418 
2014/08/29 84 85.5 83.5 84.4 17392 
2014/09/05 84.8 85.5 81.5 81.9 22218 
2014/09/12 82.8 83 80 80 15879 
2014/09/19 79.5 80.5 77.9 79.1 35311 
2014/09/26 79.3 79.5 75 78 32164 
2014/10/03 78.4 78.8 74.7 77 31585 
2014/10/10 77.5 77.6 71 71.5 29384 
2014/10/17 70.8 74.2 70 73 45510 
2014/10/24 73.7 75.1 73 74.2 28758 
2014/10/31 74.6 76.5 72.9 76.4 34679 
2014/11/07 76.9 78 75.2 75.3 14234 
2014/11/14 76.5 77.2 69.5 71.5 57793 
2014/11/21 71.7 76.2 70.5 75.2 59652 
2014/11/28 76.4 77.4 75.5 77 41981 
2014/12/05 76 79.4 75.5 76.7 29992 
2014/12/12 77.8 78.8 75 77.4 21492 
2014/12/19 77 78.5 74.8 77.3 38130 
2014/12/26 77.8 78.9 77.4 78.5 19027 
2015/01/02 78.5 80 78.4 79.2 11823 
2015/01/09 78.5 79.4 76 77.8 25667 
2015/01/16 77.3 79.7 75.6 75.6 26412 
2015/01/23 76.2 80.7 76.2 80 35044 
2015/01/30 80 80.5 77 77 30676 
2015/02/06 77 82.5 77 79.1 42268 
2015/02/13 79.3 79.5 77.7 79.3 27636 
2015/02/27 80.3 81.8 78.9 79.4 28458 
2015/03/06 81.9 82 77.2 78.8 30504 
2015/03/13 78.6 79.8 77 77 32148 
2015/03/20 77.2 78.2 76.5 78 24561 
2015/03/27 76.9 77.2 73.5 74 42129 
2015/04/03 75 76.6 74 74.7 36117 
2015/04/10 74.7 75.4 73.3 73.9 33347 
2015/04/17 74.7 75.8 74.3 75.1 34831 
2015/04/24 74.5 79.9 74.5 78.6 51403 
2015/05/01 79.6 79.7 77 77 35085 
2015/05/08 77.9 79.8 77.5 77.5 25488 
2015/05/15 78.6 78.7 73.7 76.9 43726 
2015/05/22 76.9 79 75.8 78.4 23704 
2015/05/29 78.5 79.4 77.2 77.9 24758 
2015/06/05 77.3 77.4 73.6 73.8 32363 
2015/06/12 73.3 74 71 71.1 28929 
2015/06/19 71.3 71.8 69.5 70.4 26053 
2015/06/26 70.7 72.8 70.7 72.3 29320 
2015/07/03 72 73 69.5 70.9 29692 
2015/07/10 70.2 71.5 63.8 65.9 29058 
2015/07/17 67.9 69.2 65.1 66 36541 
2015/07/24 66.9 67.1 64.2 65 33136 
2015/07/31 64.8 65.7 60.6 61 41219 
2015/08/07 60.5 62 58.4 58.4 26525 
2015/08/14 58.4 60.3 55.7 58.3 33143 
2015/08/21 58 58.4 53.1 54.2 35479 
2015/08/28 53 59.3 51.8 58.6 41209 
2015/09/04 58.6 60.4 57.2 59 24922 
2015/09/11 59 62.5 58.1 61.5 23385 
2015/09/18 62 62.9 61 62.9 21722 
2015/09/25 62 62 56.8 57.1 20737 
2015/10/02 55.7 57.5 55.6 57 27298 
2015/10/09 57.3 58.4 56.9 57.6 34954 
2015/10/16 58.2 59.1 57.8 58.2 42269 
2015/10/23 58.3 58.7 55.9 56.8 32409 
2015/10/30 57.5 58 55.5 55.5 28477 
2015/11/06 55.5 57.8 55.4 56 32454 
2015/11/13 55.9 56.5 52.5 53.3 31664 
2015/11/20 53.4 54.4 52.3 52.8 27159 
2015/11/27 53.4 53.7 51.5 52.1 21216 
2015/12/04 51.3 57.4 50.5 56.6 59854 
2015/12/11 57 57.1 52.5 52.5 46988 
2015/12/18 51.9 54.2 51.3 53.3 31470 
2015/12/25 52.6 54 52.6 53.4 11860 
2016/01/01 53.6 53.7 52.5 53 9501 
2016/01/08 53 53 48 50.3 40399 
2016/01/15 49.8 51 48.05 49.9 29792 
2016/01/22 48.9 49.9 47.35 48.6 28295 
2016/01/29 49.45 53.5 49.05 53.3 34070 
2016/02/05 53.4 54.4 52.3 52.6 18530 
2016/02/19 52.3 55.8 51.7 55.8 22200 
2016/02/26 56.2 56.5 54.8 56.2 18507 
2016/03/04 54.9 57.6 54.9 56.9 21659 
2016/03/11 57.4 57.8 56.3 57.4 26009 
2016/03/18 57.5 59.9 57.3 59.6 26738 
2016/03/25 60 60 56.3 56.6 26725 
2016/04/01 56.5 57.5 55.5 56 29235 
2016/04/08 55 56.6 54.3 55.5 23194 
2016/04/15 56 56.9 54.9 55.3 26963 
2016/04/22 55.3 56.5 54.1 54.2 22933 
2016/04/29 54.2 55.8 52 52 23948 
2016/05/06 51.9 52.8 49.95 51 25525 
2016/05/13 51.2 55 50.3 54.4 33384 
2016/05/20 54.4 56 53.5 54.7 25738 
2016/05/27 54.5 57.9 53.7 57.2 20408 
2016/06/03 57.5 58.6 56.8 57.6 31188 
2016/06/10 58.2 58.4 57 58 15627 
2016/06/17 58 59.4 57.6 58.9 32765 
2016/06/24 59.8 60.3 58 59.2 47845 
2016/07/01 59 62.1 58.4 62.1 34966 
2016/07/08 62 62.8 59.5 61.6 23482 
2016/07/15 62.8 65.4 60.5 64.4 42373 
2016/07/22 65.3 69 65.3 65.8 50855 
2016/07/29 66.2 66.9 63.7 64.9 43603 
2016/08/05 60.8 61.1 58.5 58.8 40097 
2016/08/12 59.1 59.7 58.1 59 37963 
2016/08/19 59.5 62.3 59.3 61.3 39076 
2016/08/26 60.6 62.4 59.8 61.5 25196 
2016/09/02 61.1 61.4 57.5 60 34187 
2016/09/09 60.9 63.2 59.7 59.9 38282 
2016/09/16 59.4 60.9 59.3 59.3 18774 
2016/09/23 61.5 68.3 61.1 66.8 75008 
2016/09/30 66.8 68 64.5 65.4 25539 
2016/10/07 66.2 67.2 65.5 66.8 30654 
2016/10/14 67.5 67.6 63.9 64.3 22991 
2016/10/21 64.1 66.8 64 65.9 22560 
2016/10/28 65.9 66.5 64.2 64.9 22627 
2016/11/04 64 65.1 61.5 62.2 16917 
2016/11/11 63.2 65.4 57.8 58 28677 
2016/11/18 58 59 57.5 58.7 34581 
2016/11/25 58.7 59.8 57.4 58.6 23222 
2016/12/02 58.6 59.4 58.6 59 36011 
2016/12/09 58.9 60.2 58.6 59.5 17597 
2016/12/16 60.1 61.5 59.3 59.5 38996 
2016/12/23 60 60.1 58.3 58.4 19002 
2016/12/30 58.5 60.3 58.5 60.3 12245 
2017/01/06 60.4 60.8 59.9 60.4 30563 
2017/01/13 60.4 64 60.4 64 31335 
2017/01/20 64 64.2 62.7 63.3 23633 
2017/01/27 63.5 64 63.4 63.6 18963 
2017/02/03 64 64 61.8 62.4 17081 
2017/02/10 62.4 63.6 60.8 63.4 42886 
2017/02/17 63.7 64.4 63 63.4 39912 
2017/02/24 63.2 64.2 61.7 63.7 31796 
2017/03/03 62.7 64.5 62.5 64 22750 
2017/03/10 63.4 65 62.7 64.3 18045 
2017/03/17 64.6 66.8 64.3 66.2 22905 
2017/03/24 65.5 66.7 64.5 65.4 23521 
2017/03/31 64.6 66.4 61.7 61.7 38900 
2017/04/07 61.8 63 61.8 63 8302 
2017/04/14 62.8 63.8 62.6 63.2 25902 
2017/04/21 62.9 63.6 62.4 63.6 1933 
2017/04/28 62.9 63.4 62.9 63.4 2362 
2017/05/05 62.8 63.6 62.3 62.8 5328 
2017/05/12 63.6 63.7 62.7 63.1 19840 
2017/05/19 63 65 63 63.5 28427 
2017/05/26 64.8 70 63.9 68 48795 
2017/06/02 70 70.2 67.2 68 36258 
2017/06/09 68 68.5 66.5 66.6 17127 
2017/06/16 69.9 70.3 68.6 68.9 23655 
2017/06/23 69.9 74.6 69.7 72 32752 
2017/06/30 72.3 73.4 71.5 72 29780 
2017/07/07 71.6 71.8 70.4 71.8 4441 
2017/07/14 71.5 73.5 71.5 72.5 20689 
2017/07/21 73.8 74.6 73.8 74.2 7254 
2017/07/28 76.4 78 76.4 77.5 9298 
2017/08/04 74 76.4 71.6 75.9 50195 
2017/08/11 76.6 77.1 75.5 76.2 9893 
2017/08/18 72.5 72.6 69.1 71.2 18358 
2017/08/25 69.1 69.8 68.9 69.6 3572 
2017/09/01 69 70.3 68.9 70.1 6214 
2017/09/08 68.9 69.2 68.6 68.8 2902 
2017/09/15 67.9 67.9 67.5 67.7 3333 
2017/09/22 69.5 69.9 68.9 69.6 7260 
2017/09/29 70.2 70.5 67.8 69.1 15412 
2017/10/06 69.5 70.8 69.5 70.2 3554 
2017/10/13 68.4 69.4 68.3 69 8910 
2017/10/20 70.5 74 70.5 74 17483 
2017/10/27 71.7 72.8 70.3 70.9 14021 
2017/11/03 71.3 73.1 70.1 73.1 25388 
2017/11/10 72.8 72.9 71.3 71.9 20533 
2017/11/17 72.4 72.8 71.4 71.4 2892 
2017/11/24 66.5 66.6 65.3 66.1 8099 
2017/12/01 65.2 65.7 63.6 63.6 17572 
2017/12/08 62.1 62.1 59.2 59.3 34648 
2017/12/15 59.9 63 59.9 62.2 30275 
2017/12/22 61.5 62.1 60.7 61.5 16551 
2017/12/29 61.7 62.5 61 61.9 16728 
2018/01/05 62 63 61.5 61.8 30575 
2018/01/12 61.8 62.6 60.9 62.2 33976 
2018/01/19 62.4 65.1 62.3 65 31176 
2018/01/26 65 65.2 63.5 64.4 35014 
2018/02/02 64.8 65 62.8 64 27247 
2018/02/09 63 63.5 57.5 59.2 42190 
2018/02/16 59.2 59.2 58.2 58.5 9320 
2018/02/23 60.6 60.6 59.4 59.6 22213 
2018/03/02 60.2 60.3 58.3 59.3 25087 
2018/03/09 59.3 60 58.7 59.3 19503 
2018/03/16 59.5 60.8 59.4 60.3 22290 
2018/03/23 60.4 61.6 59.6 60 16507 
2018/03/30 59.6 60.3 58.5 59.1 31900 
2018/04/06 59.1 59.3 58.3 58.3 8589 
2018/04/13 58 58.4 56.1 56.1 37364 
2018/04/20 56 56.1 53 54 54594 
2018/04/27 54.1 54.8 53.6 54 23702 
2018/05/04 54.5 54.5 52.3 52.8 33939 
2018/05/11 53.1 53.5 52.2 53.1 33745 
2018/05/18 53.1 53.3 51.1 52.6 47578 
2018/05/25 52.6 55.4 52.6 53.4 44476 
2018/06/01 53.8 55.3 53 55.1 50597 
2018/06/08 55.9 57.8 55.8 56.2 57860 
2018/06/15 56.4 56.4 53.8 53.9 52169 
2018/06/22 53.9 54.7 53.1 54.5 24325 
2018/06/29 54.2 54.5 52.4 53.5 32432 
2018/07/06 53.5 53.6 51.5 51.7 36628 
2018/07/13 52.2 52.6 51.3 52.4 27384 
2018/07/20 52.6 54.7 52.2 54.2 28408 
2018/07/27 54.2 56 53.7 55.6 48470 
2018/08/03 52.7 53.4 52.1 52.6 38421 
2018/08/10 52.7 53.4 52.4 52.6 27384 
2018/08/17 52.6 52.6 51.2 52.2 29504 
2018/08/24 52.6 52.6 51.8 51.9 17573 
2018/08/31 52.1 53.8 51.7 52.8 32296 
2018/09/07 53.1 53.1 50.1 50.1 52395 
2018/09/14 50 52.5 49.15 52 52406 
2018/09/21 52 53.3 51.5 52.2 37742 
2018/09/28 52.2 53.2 52.2 53.2 19651 
2018/10/05 53.3 53.9 50.5 50.5 26835 
2018/10/12 50.5 51.2 48 49.15 41942 
2018/10/19 48.7 49.3 47.55 47.9 35924 
2018/10/26 47.9 48.5 47 47.5 36256 
2018/11/02 47.5 49.7 47.35 49.6 27516 
2018/11/09 49.2 50.3 48.35 49.4 22254 
2018/11/16 49.35 49.7 48.35 49.45 21756 
2018/11/23 49.6 49.8 48.45 48.9 18963 
2018/11/30 49.15 49.95 48.75 49.95 36663 
2018/12/07 50.3 50.8 48.7 49.05 35683 
2018/12/14 48.7 51.2 48.5 50.8 20042 
2018/12/21 51.2 52.3 50.2 51.4 28297 
2018/12/28 51.3 52.7 50.9 52.7 19774 
2019/01/04 53 53 51.2 52 15464 
2019/01/11 52.8 53.4 52 53.2 45906 
2019/01/18 53.2 55.5 52.9 55.5 66199 
2019/01/25 55.6 56 54.3 55.9 46575 
2019/02/01 56 56.1 55.2 55.9 21971 
2019/02/15 56.9 57 55.6 56.6 38512 
2019/02/22 56.6 57.4 55.6 56 31103 
2019/03/01 56.5 57.6 56.3 57.2 21035 
2019/03/08 57.2 57.5 55.7 56 31494 
2019/03/15 56 57 55.7 57 20658 
2019/03/22 57 57.4 55.9 56.5 22380 
2019/03/29 55.2 57.8 55.2 57.8 26286 
2019/04/05 58.6 58.8 57.6 57.8 23422 
2019/04/12 58.7 59 58 58.8 27685 
2019/04/19 59.1 61.5 58.6 60.3 47218 
2019/04/26 60.5 60.9 58.3 59 27921 
2019/05/03 59.3 59.9 58.3 59.7 35638 
2019/05/10 58.7 60.2 58.1 58.8 33164 
2019/05/17 58.8 58.8 56.2 56.4 41653 
2019/05/24 56.4 57.1 55.5 55.7 21206 
2019/05/31 55.9 59.3 55.6 58.9 39345 
2019/06/07 58.2 59 57.6 58.2 16288 
2019/06/14 58.5 60.5 57.8 59 25145 
2019/06/21 58.8 61.3 58.7 61.3 32041 
2019/06/28 61.1 61.3 60.1 60.4 30531 
2019/07/05 61.3 61.4 60.2 60.6 28923 
2019/07/12 60.6 61.2 60 60.7 18259 
2019/07/19 60.8 62.2 60.7 60.9 28262 
2019/07/26 60.9 61.8 60.9 61.5 45473 
2019/08/02 57.6 58.4 54.8 54.9 56539 
2019/08/09 54.6 54.8 52.7 54.5 32015 
2019/08/16 54.5 56.6 53.5 56.1 39022 
2019/08/23 56.8 56.8 55.3 56 22900 
2019/08/30 55.3 56.5 54.6 56.5 26670 
2019/09/06 56.5 56.6 55.5 56.4 15582 
2019/09/13 56.5 56.9 55.8 56.5 12017 
2019/09/20 56.8 56.8 56 56.8 19194 
2019/09/27 57.5 58.4 56.6 56.6 40394 
2019/10/04 57.7 57.7 54 54.6 33459 
2019/10/11 55.1 55.4 54.3 54.4 18572 
2019/10/18 54.8 55.5 53.7 54.4 76843 
2019/10/25 55 58.5 54.9 58.1 94390 
2019/11/01 58.3 59.9 57.8 59.9 54122 
2019/11/08 61 63.1 60.4 61.8 75142 
2019/11/15 62 63.8 60.4 62.8 73129 
2019/11/22 62.7 64.5 62.4 63.2 61561 
2019/11/29 63.4 63.5 60 60.3 62478 
2019/12/06 60.3 61.8 59.5 61.2 29388 
2019/12/13 61.2 62.6 60.8 62.2 27158 
2019/12/20 62.3 64.8 61.4 64 59907 
2019/12/27 64.2 64.6 63.4 64.6 27631 
2020/01/03 64.8 64.9 63.5 64.2 24567 
2020/01/10 62.4 64.1 61.5 64 47021 
2020/01/17 64 65.2 63 65 36029 
2020/01/24 65 65.1 64.8 65 3718 
2020/01/31 63.5 63.5 61.3 62 35301 
2020/02/07 60 63.7 59.7 63.7 44774 
2020/02/14 62.8 65 62.2 64 32265 
2020/02/21 63 63.8 62.1 63 28193 
2020/02/28 62 63.1 62 62 29103 
2020/03/06 60.2 62.7 60.2 61.8 43543 
2020/03/13 60.7 61.6 54.5 60.6 59690 
2020/03/20 60 60.3 50.7 54.8 78675 
2020/03/27 52 61.5 52 60.2 44818 
2020/04/03 59.1 62 58.6 59.7 23723 
2020/04/10 63.9 64.5 61.5 61.8 49868 
2020/04/17 62 62.4 61.7 61.9 3715 
