1990/01/26 119.5 123 115 115 5618 
1990/02/02 116 127 110.5 113 9720 
1990/02/09 118 133.5 113.5 130 21330 
1990/02/16 139 143 125 129.5 24081 
1990/02/23 129.5 140 125 127.5 14829 
1990/03/02 125 132 119 123 11311 
1990/03/09 120 128 115 124 9608 
1990/03/16 125 148.5 124 134 46441 
1990/03/23 135 142.5 118.5 119 36754 
1990/03/30 120 134 115 132.5 20994 
1990/04/06 135 144 118.5 118.5 30181 
1990/04/13 114 124 110 112.5 19669 
1990/04/20 113 116 93 100 18427 
1990/04/27 100 118.5 100 116 28055 
1990/05/04 116.5 122 100 114 30624 
1990/05/11 115 125 103.5 113 40281 
1990/05/18 113.5 115 97 97 22345 
1990/05/25 91 97 66.5 67.5 15129 
1990/06/01 68.5 82.5 66.5 82.5 28607 
1990/06/08 82 82.5 58.5 58.5 24914 
1990/06/15 54.5 61.5 51.5 51.5 16249 
1990/06/22 50 52 42.2 43.7 9410 
1990/06/29 44.8 49.5 40.4 40.5 12012 
1990/07/06 41 42.3 36.7 42.3 8719 
1990/07/13 43.8 49.7 42.2 45.6 30264 
1990/07/20 43.1 54 40 54 27394 
1990/07/27 57 59 47.5 59 32964 
1990/08/03 59.5 65 51 51 37787 
1990/08/10 50 50 36.6 40.1 11475 
1990/08/17 39.5 48.1 37.3 41.1 17626 
1990/08/24 39.1 43.7 29.5 30.5 11372 
1990/08/31 31 36.5 30.9 32.7 12820 
1990/09/07 33 35.5 30.1 30.9 17500 
1990/09/14 33 33.8 30.3 31 13521 
1990/09/21 29.6 31.5 26.4 27.2 9235 
1990/09/28 25.5 25.7 22 24 4439 
1990/10/05 24 28 22.4 27.2 9805 
1990/10/12 25.4 29.1 23.5 24.9 9817 
1990/10/19 25.5 30 25.3 30 24429 
1990/10/26 29.5 33 28.5 28.5 25136 
1990/11/02 30.1 30.8 27.5 30.3 16984 
1990/11/09 32.2 34.6 30.5 31.1 28582 
1990/11/16 33.2 37.9 32.5 37.9 25612 
1990/11/23 40.5 53 38 49.5 39218 
1990/11/30 52.5 52.5 42.4 50 41617 
1990/12/07 53 59.5 50 52.5 45249 
1990/12/14 50 53 46.3 49.7 27615 
1990/12/21 50 51 42.5 46.5 18291 
1990/12/28 47.5 52 46.5 51 13799 
1991/01/04 51.5 56 49.2 54.5 22246 
1991/01/11 52.5 53 38.4 38.4 13485 
1991/01/18 35.8 39.9 30.5 39.9 10546 
1991/01/25 42 48.4 42 43.2 23245 
1991/02/01 43.4 48.5 43.4 44.8 16922 
1991/02/08 45.5 52.5 45.2 51 23171 
1991/02/15 52 54.5 51.5 53 5423 
1991/02/22 56.5 62.5 52 56.5 28133 
1991/03/01 56.5 59.5 52.5 52.5 24194 
1991/03/08 49 53 48.9 52.5 13883 
1991/03/15 53 56 50.5 53.5 16610 
1991/03/22 52.5 53.5 51 52 7715 
1991/03/29 52 58 52 57 19794 
1991/04/05 58 60.5 56.5 58 15397 
1991/04/12 58 62 56.5 57.5 22228 
1991/04/19 58 59.5 52 57.5 15536 
1991/04/26 57 61 57 59 13602 
1991/05/03 60 67.5 56.5 61 43314 
1991/05/10 62 64 59.5 60 15916 
1991/05/17 60 61 55 57 9196 
1991/05/24 57 77 57 76 43279 
1991/05/31 77 82 74.5 78 28551 
1991/06/07 79 89.5 78 89 23870 
1991/06/14 88 93 86 93 10940 
1991/06/21 93 93.5 89 93 7021 
1991/06/28 94 94.5 87 89.5 7269 
1991/07/05 92 92 84 84 3995 
1991/07/12 83.5 85 78 84 7886 
1991/07/19 84 84.5 76 79 3873 
1991/07/26 78 81 76 81 4554 
1991/08/02 81.5 84.5 76 78.5 8578 
1991/08/09 78 78 62 69.5 11458 
1991/08/16 70.5 70.5 59.5 63 10371 
1991/08/23 63.5 65 57 61 11173 
1991/08/30 61 63 56 63 6382 
1991/09/06 63 68.5 63 68.5 10515 
1991/09/13 68.5 71 67 69 9144 
1991/09/20 69 72 67.5 71.5 8541 
1991/09/27 71 73.5 70 73 5110 
1991/10/04 72.5 73 69 72 6087 
1991/10/11 72 73 69.5 70.5 3277 
1991/10/18 69.5 69.5 59 64.5 4902 
1991/10/25 64 64.5 60 63 2732 
1991/11/01 63.5 66 63 65.5 3660 
1991/11/08 65 73.5 64.5 73 10110 
1991/11/15 73 74.5 69.5 72.5 6301 
1991/11/22 72 79 71.5 79 11845 
1991/11/29 79 81 76 79 11346 
1991/12/06 79 82.5 77 82 9569 
1991/12/13 82.5 83 75 77.5 6899 
1991/12/20 77 80.5 75.5 79 6648 
1991/12/27 79 83.5 76 83.5 12937 
1992/01/03 83.5 83.5 82 82.5 1871 
1992/01/10 82.5 84.5 80.5 83.5 17427 
1992/01/17 83.5 84 77 78.5 13808 
1992/01/24 78.5 85 78.5 81.5 20010 
1992/01/31 82 86 81 82 12946 
1992/02/07 82.5 84 81 84 3110 
1992/02/14 85 86.5 78.5 81 9504 
1992/02/21 81.5 87.5 77.5 87.5 10501 
1992/02/28 93.5 93.5 81.5 87 21056 
1992/03/06 87 87.5 85 86 7345 
1992/03/13 86 88 84 86.5 5495 
1992/03/20 86.5 87 81.5 82 3329 
1992/03/27 81 85 81 84.5 2997 
1992/04/03 84 84.5 78.5 79.5 1478 
1992/04/10 79.5 79.5 77.5 79 2680 
1992/04/17 78.5 80 76 79.5 2777 
1992/04/24 79 79 75 76.5 1183 
1992/05/01 76.5 81 76 80 3031 
1992/05/08 79.5 82 78 81 3291 
1992/05/15 80 80 77 78 1750 
1992/05/22 78.5 84.5 77.5 84 5880 
1992/05/29 84 85 81 83 5161 
1992/06/05 83 84 81.5 83.5 1767 
1992/06/12 83.5 89 82.5 88.5 8177 
1992/06/19 88.5 92 85.5 92 9172 
1992/06/26 92.5 95 87 90 11287 
1992/07/03 90 91 88 91 3309 
1992/07/10 91 91.5 86 88.5 4697 
1992/07/17 88 88.5 85.5 87 2137 
1992/07/24 87 87 80.5 84 4134 
1992/07/31 84 88 83.5 88 3553 
1992/08/07 88 91.5 86.5 90 5077 
1992/08/14 89.5 89.5 87 89.5 3422 
1992/08/21 89 90 86 89 3380 
1992/08/28 89 89.5 85 87 3440 
1992/09/04 87 89 85.5 87 3583 
1992/09/11 86.5 87 83 84 1208 
1992/09/18 83.5 83.5 67.5 69.5 8111 
1992/09/25 65 65 46.4 46.4 11351 
1992/10/02 45.2 53.5 43.8 50.5 17954 
1992/10/09 50 52.5 45 48.5 13690 
1992/10/16 49 50 46.5 48.9 12831 
1992/10/23 49.1 49.8 46.7 47.7 5848 
1992/10/30 47.7 48 46 46.3 2122 
1992/11/06 46.3 46.7 43 43.4 4320 
1992/11/13 43.4 44 42.6 43.6 2157 
1992/11/20 43.8 44.9 43 44.3 3320 
1992/11/27 44.5 44.7 42.7 43 1884 
1992/12/04 43 43 38.8 40.3 3696 
1992/12/11 40.6 41 40 40.7 3027 
1992/12/18 40.7 40.9 39 39.3 2039 
1992/12/25 39.6 39.7 34.3 34.7 2949 
1993/01/01 34.7 34.7 31.5 32.4 1750 
1993/01/08 32.6 33.2 27.7 31 7167 
1993/01/15 31.5 35.5 30.5 35.4 14937 
1993/01/22 35.5 38.5 35.1 38.5 5572 
1993/01/29 38 38 33.8 37.4 9382 
1993/02/05 39 44 39 42.4 24383 
1993/02/12 42.4 48.5 41.3 47.9 30955 
1993/02/19 47.9 49 45.9 48.5 19674 
1993/02/26 49.3 49.8 46.2 48.8 19024 
1993/03/05 48.8 55 48.4 50.5 34620 
1993/03/12 50.5 53 49 49.5 18428 
1993/03/19 49.4 53 48.5 49.9 18187 
1993/03/26 50 56 50 53.5 38522 
1993/04/02 54 62 54 60.5 26631 
1993/04/09 61.5 61.5 53 53.5 13292 
1993/04/16 53.5 55 50 50.5 14438 
1993/04/23 51 54 50 52.5 11854 
1993/04/30 52.5 55 51.5 52 7193 
1993/05/07 51.5 53.5 50.5 53.5 5282 
1993/05/14 54 54 50.5 51 4964 
1993/05/21 51 51 43 43.8 5525 
1993/05/28 44.3 46 43.9 45.2 6898 
1993/06/04 45.5 46.8 44 46.6 5338 
1993/06/11 46.6 47.8 44.3 44.9 7516 
1993/06/18 44.9 45.8 43.6 43.8 3614 
1993/06/25 43.6 44.5 42.8 43.5 3017 
1993/07/02 43.4 43.4 37.7 37.8 3521 
1993/07/09 38.5 42.7 37.4 41.6 7841 
1993/07/16 41.6 42 37.8 38.6 6057 
1993/07/23 38.7 42 38.4 41.2 8705 
1993/07/30 41.8 42.2 38.8 39.1 7718 
1993/08/06 38.6 41.3 38.6 40.9 6487 
1993/08/13 41.2 41.9 40.3 40.4 6583 
1993/08/20 40.6 41 39.5 39.6 4052 
1993/08/27 39.6 39.8 38.2 38.5 3120 
1993/09/03 38.5 39 36 37.3 4334 
1993/09/10 37.2 37.8 36 37.3 5499 
1993/09/17 37.5 40.5 35.1 39.7 9311 
1993/09/24 39.6 39.7 38.1 38.8 9915 
1993/10/01 38.2 39.4 38.2 39.3 6335 
1993/10/08 39.3 39.8 38.6 38.8 8790 
1993/10/15 39 41.7 39 41 15564 
1993/10/22 41.5 44.3 40.3 42 19556 
1993/10/29 42.8 43 41.1 41.5 9686 
1993/11/05 41.9 44.5 41.8 42.7 15887 
1993/11/12 43.1 43.4 41.5 41.9 5447 
1993/11/19 42.5 43 38.8 39.4 9262 
1993/11/26 39.5 40.2 39 39.4 4155 
1993/12/03 42 46.4 40.7 44 16314 
1993/12/10 44.2 45.5 42 42.6 11845 
1993/12/17 42.8 44.8 42.5 42.6 15858 
1993/12/24 43 45 43 43.3 10299 
1993/12/31 44 46.4 43.6 45 15262 
1994/01/07 45.3 48 43.7 46.5 15000 
1994/01/14 47.8 49.4 42.2 44.3 15902 
1994/01/21 44 44.5 42.1 42.5 6005 
1994/01/28 43 43.4 42.1 42.5 3190 
1994/02/04 43 45 42.7 43.2 8506 
1994/02/18 43.5 43.9 42 43.1 5376 
1994/02/25 43.4 43.7 41.4 41.9 5337 
1994/03/04 41.7 41.7 40.5 41.3 3073 
1994/03/11 41.7 42.5 41 41.8 5156 
1994/03/18 41.8 42.3 40 40.2 4891 
1994/03/25 40.2 42 39.6 41.2 4568 
1994/04/01 41.2 46.5 41 45.9 12411 
1994/04/08 46.4 50.5 46.4 50 23499 
1994/04/15 50.5 51 47.1 48.2 20482 
1994/04/22 48.5 48.8 47 47.3 11259 
1994/04/29 47.3 51.5 47.3 51.5 18558 
1994/05/06 52 59 52 57 29136 
1994/05/13 57.5 58 55.5 57.5 13457 
1994/05/20 57.5 60 48 48 26796 
1994/05/27 48.2 49.4 46.5 48.5 12876 
1994/06/03 48.7 49.5 48 48.3 7664 
1994/06/10 48.5 51 47.7 49.3 12600 
1994/06/17 50 54 49.1 54 15390 
1994/06/24 54.5 64 53 64 45033 
1994/07/01 65 68.5 61 62 47956 
1994/07/08 62 66 57 65 35251 
1994/07/15 65 65.5 56 56 17064 
1994/07/22 56.5 65 55 61 19423 
1994/07/29 62 65 60 61.5 18485 
1994/08/05 61.5 65 59 63 20738 
1994/08/12 63 63 57.5 60.5 9026 
1994/08/19 61.5 64.5 58.5 64.5 14842 
1994/08/26 66 69 63 65 32604 
1994/09/02 66 66 62 63 12213 
1994/09/09 63 64 61 62 5778 
1994/09/16 62 64 60.5 62 7092 
1994/09/23 62 62 58.5 61 6004 
1994/09/30 61.5 63 60 60.5 8208 
1994/10/07 60.5 61 45.1 45.1 13599 
1994/10/14 42 44.5 39.5 42.2 37584 
1994/10/21 43 43.7 40.9 41.3 18096 
1994/10/28 41.8 41.8 38 38.2 9591 
1994/11/04 39 39 35.5 36.4 7050 
1994/11/11 36.7 39.4 36 38.7 8047 
1994/11/18 39 39.8 36.8 38 7181 
1994/11/25 38.2 38.5 36.5 37.7 4035 
1994/12/02 38 38 36.6 37.2 2623 
1994/12/09 38.9 42.8 38 41 19689 
1994/12/16 41.5 43 40.4 41.4 10811 
1994/12/23 41.8 42.5 40.9 41.2 11032 
1994/12/30 41.5 45.6 40.1 43.5 15903 
1995/01/06 43.8 43.8 41.2 41.9 6989 
1995/01/13 42.2 42.2 37.6 38.4 5500 
1995/01/20 38.5 39.9 36.9 37.8 5494 
1995/01/27 37.8 38 36.3 36.9 2794 
1995/02/03 38.5 38.5 37.2 37.5 392 
1995/02/10 37.9 39 37 38.2 4397 
1995/02/17 38.5 39.9 37.5 39.1 5187 
1995/02/24 39.3 39.8 38 38.4 2998 
1995/03/03 37.6 40.7 36.4 39.9 10610 
1995/03/10 39.9 41.4 38.7 38.7 14264 
1995/03/17 39 39.8 38.6 39 5682 
1995/03/24 39 39.7 37.3 38.7 7595 
1995/03/31 38.5 39.3 38.5 38.9 4057 
1995/04/07 39.2 39.2 38.6 38.8 2150 
1995/04/14 39 39.1 37.3 37.3 3943 
1995/04/21 36.8 37.6 35.8 36.5 3104 
1995/04/28 36.5 36.5 34.1 34.2 3162 
1995/05/05 34.1 34.9 31 31.7 4193 
1995/05/12 31.7 35.5 31.3 34.3 9297 
1995/05/19 34 34.5 32.8 33.3 2965 
1995/05/26 33.6 33.6 31.5 31.8 2263 
1995/06/02 31.8 33 31.2 32.6 1895 
1995/06/09 32.6 33 31.8 32.3 2045 
1995/06/16 32.3 32.5 29.3 29.7 2834 
1995/06/23 29.8 30.8 29 30.7 3450 
1995/06/30 31 31.9 28 28.5 4614 
1995/07/07 28.5 29.6 27.5 29 2927 
1995/07/14 29.2 29.2 27.7 28 2092 
1995/07/21 28.3 28.3 24.8 25.7 3756 
1995/07/28 26 26.4 24 24.5 5804 
1995/08/04 24.1 24.6 22.4 22.4 3255 
1995/08/11 21.5 22.9 18.2 18.2 5097 
1995/08/18 18 22 17 21.4 15251 
1995/08/25 21 22.5 19.5 21.1 24783 
1995/09/01 21.3 23.6 20.7 23.6 27967 
1995/09/08 23.9 25.4 23.5 25.1 25859 
1995/09/15 25.1 25.1 22.3 22.8 16001 
1995/09/22 22.8 24.3 22.8 23.3 6910 
1995/09/29 24.4 25.8 23.8 24.2 15491 
1995/10/06 24.2 25.6 24 25.2 11912 
1995/10/13 25.5 25.7 24 24 8338 
1995/10/20 24.2 24.5 23 23.7 4653 
1995/10/27 23.6 25.5 23.6 25 13705 
1995/11/03 24.9 24.9 23.3 24.2 5707 
1995/11/10 24.3 25.2 23.2 23.9 7549 
1995/11/17 23.6 24.2 23.4 23.7 3370 
1995/11/24 23.8 25.8 23.5 25.8 8642 
1995/12/01 26.2 28.7 26.1 27.7 40914 
1995/12/08 28.5 29.3 26.7 28.8 26288 
1995/12/15 28.8 30.6 28.8 30.1 27147 
1995/12/22 30.5 31.2 28 29 17121 
1995/12/29 29 29.2 28.3 28.6 7734 
1996/01/05 28.8 29 25 26.2 4680 
1996/01/12 26.4 28.2 26.4 28.1 7653 
1996/01/19 28.4 28.4 27.2 27.5 4841 
1996/01/26 27.5 28.7 27 27 9709 
1996/02/02 27 27 25.2 26.6 6633 
1996/02/09 26.6 27.4 25.7 26.9 8616 
1996/02/16 27.2 27.6 26.2 26.7 4113 
1996/02/23 26.8 26.9 26.4 26.6 732 
1996/03/01 26.5 27.6 25.7 27.1 4738 
1996/03/08 27.3 28.7 25.8 27.3 10729 
1996/03/15 26.9 29.3 26.5 28.5 16223 
1996/03/22 29 29.5 28.3 28.4 10837 
1996/03/29 29 29 27.3 28.1 4105 
1996/04/05 28.2 30.8 28.2 30.7 16255 
1996/04/12 30.9 31.6 29.2 30.5 22144 
1996/04/19 31 32.6 29.5 30 17170 
1996/04/26 30.4 33 30.4 31.6 18542 
1996/05/03 31.9 32.4 30.8 32 14032 
1996/05/10 32.3 32.3 30.5 31.3 18192 
1996/05/17 31.7 32 30.6 30.8 7062 
1996/05/24 31 31 28.1 29.5 6034 
1996/05/31 29.6 29.9 28.6 29 3763 
1996/06/07 29 31.4 28.2 30.9 10680 
1996/06/14 31.2 31.6 29.8 30.3 9019 
1996/06/21 30.3 32.8 30.3 31.6 13584 
1996/06/28 31.7 33.7 31.5 32.5 14022 
1996/07/05 32.7 34.7 32.5 34.3 10832 
1996/07/12 34.5 35.6 33.3 34.8 18287 
1996/07/19 34.8 36.5 33.9 36.5 10437 
1996/07/26 36.5 37.9 36.2 36.9 7256 
1996/08/02 36.9 38.8 36.3 38.5 6795 
1996/08/09 38.7 39.4 38.1 39.1 8785 
1996/08/16 39.1 40 36.4 38.7 17717 
1996/08/23 38.7 40.6 37.3 40.1 28035 
1996/08/30 40.1 40.8 38.1 40.4 23764 
1996/09/06 40 40.8 39.2 40.6 7360 
1996/09/13 40.2 45.2 40 45 15631 
1996/09/20 45.2 47.6 44.5 47.6 16077 
1996/09/27 47.6 47.6 42.5 44.4 13105 
1996/10/04 44.2 48 43.7 47.8 13372 
1996/10/11 48.6 50.5 47.7 50 26857 
1996/10/18 50 50.5 47.6 48.4 13976 
1996/10/25 48.4 49.5 47.8 49.5 8596 
1996/11/01 49.7 49.9 48.2 48.9 7155 
1996/11/08 49.5 51.5 49 49.5 17766 
1996/11/15 49.5 49.5 48.5 48.8 5823 
1996/11/22 49.1 49.5 47.6 48.4 11272 
1996/11/29 48.3 50.5 47.6 50.5 17587 
1996/12/06 51 52 50 50.5 13289 
1996/12/13 50.5 51 48.8 51 9244 
1996/12/20 51 51.5 50 51.5 4258 
1996/12/27 51.5 54 51.5 53.5 10297 
1997/01/03 54 54.5 52.5 53.5 3771 
1997/01/10 53.5 55.5 52 55.5 14105 
1997/01/17 55 59.5 54 59.5 11540 
1997/01/24 60 63 56 57.5 27225 
1997/01/31 56.5 58 54 57.5 8020 
1997/02/07 58 58 56.5 57 1029 
1997/02/14 57.5 64.5 56.5 63.5 16019 
1997/02/21 63.5 64 58.5 61 12376 
1997/02/28 61.5 63.5 58 61.5 9189 
1997/03/07 60.5 64.5 59 63.5 11532 
1997/03/14 64 68 62 66.5 19553 
1997/03/21 67 69.5 64.5 66.5 21334 
1997/03/28 68 68.5 64 66.5 8282 
1997/04/04 66.5 68 64.5 67 5660 
1997/04/11 67.5 76 67 72 20121 
1997/04/18 71.5 74 71.5 72.5 9032 
1997/04/25 73 77 73 75.5 10938 
1997/05/02 75.5 76 71.5 74 4660 
1997/05/09 74.5 79 74 78 11726 
1997/05/16 77.5 78 70.5 74 7855 
1997/05/23 73.5 75 72.5 74.5 5388 
1997/05/30 74.5 75 72 73.5 4973 
1997/06/06 73.5 75.5 72.5 75 5053 
1997/06/13 75 77.5 73 77.5 5678 
1997/06/20 78.5 79 70.5 73.5 14191 
1997/06/27 73.5 74 71 73.5 6044 
1997/07/04 73.5 74.5 71 74.5 6011 
1997/07/11 74.5 77.5 73 73 14839 
1997/07/18 75 76.5 72 76.5 14082 
1997/07/25 77 78 72.5 74 15653 
1997/08/01 74 74 67 69 6862 
1997/08/08 69 70.5 66.5 70 4209 
1997/08/15 70 70.5 67.5 69 2953 
1997/08/22 69.5 71 68.5 70 4804 
1997/08/29 69 72 68 72 2987 
1997/09/05 72 73 68.5 72.5 2571 
1997/09/12 72.5 73.5 70 72.5 2424 
1997/09/19 72.5 73 71.5 73 1151 
1997/09/26 73 78 73 77 5946 
1997/10/03 76 77 71 72.5 1790 
1997/10/10 73 74.5 72 74.5 1204 
1997/10/17 74.5 76 71 73 5208 
1997/10/24 73 73.5 63.5 70 8096 
1997/10/31 70 70 54.5 54.5 1755 
1997/11/07 51 56.5 51 55.5 9598 
1997/11/14 55.5 62.5 55 62.5 12172 
1997/11/21 66.5 71 59.5 62.5 13613 
1997/11/28 62.5 66 61.5 63.5 8198 
1997/12/05 62 69 60 67.5 15595 
1997/12/12 67 67.5 61 62.5 7695 
1997/12/19 63 65.5 61 64.5 16599 
1997/12/26 65 66 61.5 62.5 6509 
1998/01/02 62.5 63 61.5 62 2830 
1998/01/09 62.5 64 61.5 63.5 5432 
1998/01/16 63 68 59.5 64 19161 
1998/01/23 65 65 61 62.5 9866 
1998/02/06 63 88 62 88 16769 
1998/02/13 94 94 84.5 87.5 19271 
1998/02/20 87.5 99 80 80 29903 
1998/02/27 74.5 77 61 63 59050 
1998/03/06 63.5 63.5 54 59 24073 
1998/03/13 61 62 57 59 13639 
1998/03/20 59.5 60 55 57.5 9203 
1998/03/27 58 58 55.5 57 6193 
1998/04/03 57.5 62.5 56.5 59.5 21568 
1998/04/10 60 60.5 57.5 58 5202 
1998/04/17 58.5 60 56 57 11225 
1998/04/24 58 58 52.5 56.5 8349 
1998/05/01 56.5 57 53 55 6929 
1998/05/08 55 56 53.5 54.5 6378 
1998/05/15 54 56.5 51 52 9572 
1998/05/22 52.5 55 51.5 52.5 15594 
1998/05/29 52.5 53 49.3 49.3 9939 
1998/06/05 49 50.5 42.8 50.5 28048 
1998/06/12 50.5 51 46.8 46.9 13389 
1998/06/19 46.5 50 45.7 47.3 20670 
1998/06/26 47.3 49.2 44.9 49.2 18829 
1998/07/03 51 53 48 49.5 36337 
1998/07/10 49.3 50.5 48.2 49.3 11080 
1998/07/17 49 51.5 48.8 49.2 17969 
1998/07/24 49.6 53.5 49.2 52.5 28221 
1998/07/31 53 53 49.1 49.5 27390 
1998/08/07 49.6 49.8 46.6 48.3 20628 
1998/08/14 48.3 48.7 46.8 48.4 11172 
1998/08/21 48.5 48.5 46.7 47.1 8834 
1998/08/28 47 47 43.1 45.7 16648 
1998/09/04 46.9 48.2 43.2 46 30529 
1998/09/11 46.1 47.3 45.1 46.9 17079 
1998/09/18 47 47.5 45.7 47.5 18328 
1998/09/25 47.7 48.5 45.5 45.8 13692 
1998/10/02 45.8 46.1 42.5 43.9 13695 
1998/10/09 43.3 44.3 43.2 43.8 16232 
1998/10/16 43.8 45.5 43.3 44.1 18145 
1998/10/23 44.1 45.4 43.5 45 14295 
1998/10/30 45 45 42.6 43.8 18117 
1998/11/06 43.8 43.9 31.3 31.3 7445 
1998/11/13 29.2 31.3 23.6 23.6 18032 
1998/11/20 22 22.7 19.1 20.2 31976 
1998/11/27 20.5 22.7 20 20.2 18094 
1998/12/04 20.2 20.9 19 20 8969 
1998/12/11 20.8 20.8 19.2 19.4 7088 
1998/12/18 19.6 19.7 14.65 14.65 7534 
1998/12/25 13.65 14.65 11.4 11.75 15383 
1999/01/01 11.75 12.25 10.65 10.65 11256 
1999/01/08 10 10.6 8.9 10.6 5743 
1999/01/15 11.3 14.45 11.3 13.8 35652 
1999/01/22 12.85 12.85 10.45 12 18032 
1999/01/29 11.3 13.75 11.3 12.6 17742 
1999/02/05 12.55 12.6 10.6 12.05 15827 
1999/02/12 12.4 12.75 11.4 12.2 8389 
1999/02/19 12.95 12.95 12.2 12.2 2748 
1999/02/26 12.2 12.9 11.4 12.1 13958 
1999/03/05 12.25 14.25 12.1 13.4 32325 
1999/03/12 13.5 13.5 12.4 12.55 9269 
1999/03/19 12.6 14.35 12.55 14.35 20929 
1999/03/26 14.5 16.3 14.5 15.7 33079 
1999/04/02 15.9 16.3 14.3 15.5 21263 
1999/04/09 16 16.8 15.3 15.5 18804 
1999/04/16 15.8 16.3 15 15.4 14023 
1999/04/23 15.5 16.6 15.3 15.7 13708 
1999/04/30 16 16.4 15.3 15.7 9970 
1999/05/07 15.5 15.8 15 15 8311 
1999/05/14 15.1 15.3 14.2 14.5 6554 
1999/05/21 14.5 14.6 12.6 14.1 8603 
1999/05/28 14.3 14.3 12.75 12.8 7165 
1999/06/04 12.8 12.8 11.6 12.1 4596 
1999/06/11 12 12.3 11.05 12.2 4871 
1999/06/18 12.2 12.9 11.2 11.25 4192 
1999/06/25 11.45 12.8 11.25 11.35 6824 
1999/07/02 12.1 12.2 11 11.25 6592 
1999/07/09 11.4 12.35 11.25 11.9 7560 
1999/07/16 12.1 12.2 9.85 9.9 6754 
1999/07/23 9.65 10 9.3 9.7 2485 
1999/07/30 9.85 9.95 8.6 8.7 2843 
1999/08/06 9 9.2 8.6 8.8 1890 
1999/08/13 8.8 9 8.6 8.85 1368 
1999/08/20 8.9 10.15 8.8 10.15 3493 
1999/08/27 10.8 11.25 10 10.1 4500 
1999/09/03 10.1 10.5 9 9 2883 
1999/09/10 9.1 9.35 8.85 9.3 2008 
1999/09/17 9.5 9.75 8.9 9 1692 
1999/09/24 9 9.25 9 9.05 217 
1999/10/01 8.75 8.75 8 8.45 1954 
1999/10/08 8.5 9.95 8.45 9 4736 
1999/10/15 9.05 9.8 8.9 9.05 2750 
1999/10/22 9.15 9.15 8.5 8.8 1204 
1999/10/29 8.5 8.8 8 8.1 1475 
1999/11/05 8.1 8.2 6.05 6.05 4024 
1999/11/12 5.7 6.55 5.65 6.55 3154 
1999/11/19 6.9 7.7 6.55 7.4 4579 
1999/11/26 7.4 7.6 6.9 6.9 2308 
1999/12/03 7.35 7.35 6.9 7 1364 
1999/12/10 7 7.1 6.3 6.35 749 
1999/12/17 6.35 6.55 5.8 6.1 1809 
1999/12/24 6.15 6.6 6.1 6.4 1585 
1999/12/31 6.4 6.45 6.1 6.15 460 
2000/01/07 5.75 7.05 5.75 7.05 1683 
2000/01/14 7.5 8.55 7.5 8 6328 
2000/01/21 8.15 9.2 8.05 8.3 7364 
2000/01/28 8.25 10.35 8.25 9.6 8533 
2000/02/04 9 10.15 9 9.9 1979 
2000/02/11 10.2 11.4 9.6 11.4 7912 
2000/02/18 12.1 12.1 10.6 11.6 18620 
2000/02/25 12.05 12.4 9.3 9.3 11762 
2000/03/03 8.75 9.9 8.65 9.1 3818 
2000/03/10 8.9 9.4 8.55 8.75 1866 
2000/03/17 8.75 8.75 7.7 8.2 3027 
2000/03/24 7.95 9.4 7.7 9.1 3939 
2000/03/31 9 9.25 8.35 8.65 3245 
2000/04/07 8.65 9.1 8.35 8.5 2917 
2000/04/14 8.5 8.8 8 8 3637 
2000/04/21 8.2 8.35 8 8.2 2105 
2000/04/28 8.2 8.2 7.3 7.5 3072 
2000/05/05 7.55 7.9 7.1 7.9 1672 
2000/05/12 8.45 8.85 8.3 8.5 4705 
2000/05/19 8.6 9.7 8.3 8.95 7704 
2000/05/26 9.2 9.55 8.55 8.8 4841 
2000/06/02 8.8 9.45 8.5 9 7434 
2000/06/09 9.05 9.95 8.6 9.95 10342 
2000/06/16 10.2 11.2 10 10.7 20952 
2000/06/23 11.4 13.2 11.35 13.15 33701 
2000/06/30 12.5 13.05 11.3 11.85 32695 
2000/07/07 12 12.15 10.5 10.6 17494 
2000/07/14 10.6 10.9 9.6 10.45 13285 
2000/07/21 11 11.55 10.45 10.85 10888 
2000/07/28 10.8 10.8 9.5 10.3 5269 
2000/08/04 10.4 10.5 9.8 9.85 5020 
2000/08/11 9.9 10.6 9.35 9.9 3945 
2000/08/18 9.9 10.25 9.65 9.95 2504 
2000/08/25 9.95 10 9.3 9.55 2538 
2000/09/01 9.3 9.5 7.35 7.8 6801 
2000/09/08 7.9 8 6.8 6.85 3938 
2000/09/15 6.7 7 6.35 6.35 2206 
2000/09/22 5.95 6 5.2 5.7 5699 
2000/09/29 5.45 5.85 5.15 5.35 6542 
2000/10/06 5.35 5.95 4.8 5.95 5373 
2000/10/13 6 6.05 5.1 5.5 2617 
2000/10/20 5.65 5.8 5.1 5.5 3334 
2000/10/27 5.35 5.5 5.1 5.1 2686 
2000/11/03 4.93 4.93 4.37 4.49 5544 
2000/11/10 4.4 4.7 4.13 4.25 10560 
2000/11/17 4.11 5.15 4.11 4.23 12732 
2000/11/24 3.96 4.02 3.5 3.66 7035 
2000/12/01 3.88 3.88 3.4 3.4 7039 
2000/12/08 3.29 3.35 2.87 2.94 7101 
2000/12/15 3 3.68 2.96 3.42 7926 
2000/12/22 3.31 3.31 2.89 3.03 894 
2000/12/29 3.05 3.05 2.76 2.95 3010 
2001/01/05 2.97 3.34 2.94 3.2 3192 
2001/01/12 3.16 3.82 3.16 3.48 5198 
2001/01/19 3.43 3.69 3.3 3.68 3586 
2001/02/02 3.9 4.02 3.63 4.02 5234 
2001/02/09 4.1 4.5 3.62 3.95 7733 
2001/02/16 3.95 4.26 3.93 4.17 7655 
2001/02/23 4 4.49 3.98 4.12 5129 
2001/03/02 4.19 4.25 4.03 4.08 2770 
2001/03/09 4.01 4.12 3.93 4.02 2396 
2001/03/16 4.02 4.05 3.9 4 2167 
2001/03/23 4.03 4.21 3.9 4.1 2202 
2001/03/30 4.2 4.29 4.01 4.05 2185 
2001/04/06 4.15 4.15 3.8 4.11 1389 
2001/04/13 4.22 4.22 4.01 4.08 1813 
2001/04/20 4.14 4.25 4.02 4.18 1594 
2001/04/27 4.15 4.4 4.05 4.08 4876 
2001/05/04 4.05 4.13 3.68 4 1782 
2001/05/11 4 4.11 3.76 3.9 1746 
2001/05/18 3.9 4 3.8 3.82 1227 
2001/05/25 3.82 3.85 3.61 3.68 705 
2001/06/01 3.68 3.68 3.2 3.32 1418 
2001/06/08 3.35 3.45 3.3 3.4 633 
2001/06/15 3.4 3.6 3.31 3.48 890 
2001/06/22 3.48 3.6 3.36 3.6 2050 
2001/06/29 3.54 3.54 3.4 3.45 749 
2001/07/06 3.42 3.42 2.9 3 1738 
2001/07/13 2.91 3.03 2.8 2.91 610 
2001/07/20 2.92 2.92 2.41 2.47 1212 
2001/07/27 2.3 2.63 2.22 2.63 1349 
2001/08/03 2.79 2.84 2.55 2.83 543 
2001/08/10 2.8 3.15 2.68 3.15 802 
2001/08/17 2.96 3.4 2.96 3.35 830 
2001/08/24 3.16 3.49 3.12 3.15 1034 
2001/08/31 3.2 3.3 3.11 3.15 1047 
2001/09/07 3.15 3.2 2.68 2.71 727 
2001/09/14 2.88 2.88 2.36 2.48 375 
2001/09/21 2.4 2.56 2.4 2.46 278 
2001/09/28 2.46 2.58 2.3 2.46 413 
2001/10/05 2.46 2.47 2.21 2.27 480 
2001/10/12 2.24 2.38 2.21 2.35 263 
2001/10/19 2.35 2.4 2.23 2.26 530 
2001/10/26 2.26 2.4 2.25 2.3 337 
2001/11/02 2.26 2.38 2.21 2.3 345 
2001/11/09 2.3 2.44 2.26 2.44 202 
2001/11/16 2.59 2.6 2.33 2.45 2495 
2001/11/23 2.35 2.54 2.35 2.45 545 
2001/11/30 2.45 2.49 2.22 2.28 508 
2001/12/07 2.34 2.68 2.26 2.68 1058 
2001/12/14 2.79 3.73 2.78 3.73 2993 
2001/12/21 3.99 4.26 3.11 3.23 4531 
2001/12/28 3.07 3.59 3.07 3.34 730 
2002/01/04 3.34 4.2 3.31 4.06 5707 
2002/01/11 4.1 4.62 3.94 4.09 3538 
2002/01/18 3.86 4.15 3.68 3.78 1298 
2002/01/25 3.61 3.87 3.6 3.78 1209 
2002/02/01 3.78 4.16 3.66 4 2569 
2002/02/08 3.8 4 3.61 3.65 815 
2002/02/22 3.65 4.13 3.65 3.72 1805 
2002/03/01 3.67 3.98 3.5 3.98 1076 
2002/03/08 3.99 4.15 3.86 4.15 3416 
2002/03/15 4.44 5.4 4.44 4.84 13478 
2002/03/22 4.9 5.3 4.5 4.99 5471 
2002/03/29 5 6 4.95 5.05 10944 
2002/04/05 4.85 6.55 4.85 6.55 12219 
2002/04/12 7 7.4 5.6 5.75 10417 
2002/04/19 5.75 6.35 5.75 6.35 6868 
2002/04/26 6.5 6.95 6.05 6.25 13699 
2002/05/03 6.25 6.25 5.5 6.1 11239 
2002/05/10 6.25 6.65 5.65 6.65 17881 
2002/05/17 6.8 6.9 5.8 6.1 16644 
2002/05/24 6.05 6.05 5 5.65 5139 
2002/05/31 5.6 5.9 5.4 5.7 4335 
2002/06/07 5.6 6.5 5.5 6.1 12130 
2002/06/14 6.15 6.95 6.15 6.45 19409 
2002/06/21 6.6 7.2 6.25 6.85 25991 
2002/06/28 7 7.1 5.7 6.1 13774 
2002/07/05 6.05 6.9 5.55 6.7 15521 
2002/07/12 6.85 7.45 6.6 7.35 27313 
2002/07/19 7.35 7.85 6.65 6.85 16368 
2002/07/26 6.7 6.9 6.35 6.45 4734 
2002/08/02 6.4 6.9 6.4 6.6 3826 
2002/08/09 6.15 6.3 5.75 6.1 5285 
2002/08/16 6.1 6.15 5.85 6 2496 
2002/08/23 5.9 6.05 5.8 5.9 1908 
2002/08/30 5.9 6.25 5.8 5.8 2407 
2002/09/06 5.8 5.85 4.42 4.42 4725 
2002/09/13 4.3 5.1 4.3 4.86 2462 
2002/09/20 4.75 5.05 4.7 4.95 1545 
2002/09/27 5 5.05 4.51 4.61 965 
2002/10/04 4.5 4.91 4.29 4.9 1517 
2002/10/11 4.9 5 4.76 4.88 797 
2002/10/18 4.86 5.5 4.63 5.5 2203 
2002/10/25 5.35 5.9 5.35 5.85 2489 
2002/11/01 5.85 6.35 5.85 6.3 3331 
2002/11/08 6.35 6.95 6.05 6.9 6115 
2002/11/15 6.9 7.25 6.7 7.25 6184 
2002/11/22 7.25 7.25 6.45 7 4640 
2002/11/29 7 7.95 6.8 7.5 6526 
2002/12/06 7.4 7.65 6.85 7.5 3533 
2002/12/13 7.8 8 7.5 7.7 6526 
2002/12/20 7.6 7.8 7.2 7.55 2744 
2002/12/27 7.55 7.55 6.95 7.3 2479 
2003/01/03 7.3 8 7.05 7.9 3329 
2003/01/10 7.9 9.1 7.8 8.8 13687 
2003/01/17 9 9.1 8.4 8.55 19384 
2003/01/24 8.4 9.8 8.15 9.2 12315 
2003/01/31 9.2 9.25 8.2 8.8 3446 
2003/02/07 8.8 9.2 8.4 8.8 2424 
2003/02/14 8.7 8.75 7.85 8.2 5073 
2003/02/21 8.1 8.7 8.1 8.6 4623 
2003/02/28 8.6 8.65 8.45 8.55 1975 
2003/03/07 8.65 9.7 8.55 9 9192 
2003/03/14 8.9 8.9 7.95 8.6 5555 
2003/03/21 8.55 8.8 8.45 8.8 2109 
2003/03/28 8.7 8.95 8.6 8.8 1421 
2003/04/04 8.65 9 8.65 9 923 
2003/04/11 9 9.3 8.9 9.05 1841 
2003/04/18 9.05 9.45 8.9 9.45 2707 
2003/04/25 9.35 9.7 8.55 8.55 3658 
2003/05/02 8.3 8.3 7.55 7.65 1232 
2003/05/09 7.3 8.25 7.3 7.9 950 
2003/05/16 7.9 8 7.6 7.7 1076 
2003/05/23 7.6 8 7.4 8 1757 
2003/05/30 8 8.15 7.8 8.05 837 
2003/06/06 7.9 8.15 7.9 8.05 691 
2003/06/13 8.05 8.1 7.75 8 1084 
2003/06/20 8 8.7 7.9 8.25 9842 
2003/06/27 8.15 8.3 7.55 7.7 2067 
2003/07/04 7.55 7.9 7.4 7.6 1320 
2003/07/11 7.5 7.65 7.3 7.5 1471 
2003/07/18 7.5 7.9 7.4 7.5 1283 
2003/07/25 7.45 7.65 7.4 7.4 900 
2003/08/01 7.45 7.6 7.4 7.45 813 
2003/08/08 7.4 7.5 7 7.1 862 
2003/08/15 7 7.1 6.65 6.75 924 
2003/08/22 6.7 6.8 6.3 6.5 1772 
2003/08/29 6.5 6.6 5.9 6.05 2428 
2003/09/05 6.05 6.2 5.9 6.05 1587 
2003/09/12 6 6.15 5.9 6 894 
2003/09/19 6 6.25 6 6.1 1221 
2003/09/26 6.1 6.1 5.9 6 732 
2003/10/03 5.95 6.1 5.9 6 355 
2003/10/10 5.9 6.7 5.9 6.7 2990 
2003/10/17 6.8 7 6.55 6.7 2411 
2003/10/24 6.7 6.8 6.45 6.45 987 
2003/10/31 6.45 6.85 6.45 6.75 1110 
2003/11/07 6.7 7.25 6.6 6.8 1721 
2003/11/14 6.7 6.95 6.6 6.7 886 
2003/11/21 6.6 6.65 6.5 6.6 439 
2003/11/28 6.65 6.7 6.05 6.45 558 
2003/12/05 6.45 6.5 6.2 6.3 433 
2003/12/12 6.3 6.5 6.1 6.5 385 
2003/12/19 6.5 6.5 6.25 6.45 285 
2003/12/26 6.35 6.6 6.3 6.5 381 
2004/01/02 6.45 6.65 6.4 6.6 302 
2004/01/09 6.7 6.95 6.6 6.8 1260 
2004/01/16 6.7 6.8 6.5 6.6 554 
2004/01/30 6.8 8.1 6.7 7.95 5161 
2004/02/06 8.1 8.8 7.6 8.8 6074 
2004/02/13 9.4 10.1 8.8 9.15 15580 
2004/02/20 9.45 9.45 8.5 8.5 5458 
2004/02/27 8.5 8.8 8.4 8.65 3343 
2004/03/05 8.75 9.75 8.5 9.3 14568 
2004/03/12 9.55 9.6 8.9 9 5215 
2004/03/19 9.2 9.45 8.3 8.7 4328 
2004/03/26 8.1 8.1 7 7 3036 
2004/04/02 7.25 9 7.25 8.5 3972 
2004/04/09 9 9 8.2 8.2 2243 
2004/04/16 7.8 9.2 7.8 8.75 3630 
2004/04/23 8.8 8.95 8.2 8.25 1150 
2004/04/30 8.3 8.35 7.5 7.6 1089 
2004/05/07 7.6 7.6 6.8 7.15 966 
2004/05/14 7.15 7.45 6.7 7.2 1197 
2004/05/21 7 7.55 6.7 7.55 815 
2004/05/28 7.6 8 7.6 7.6 715 
2004/06/04 7.6 7.65 6.9 6.95 829 
2004/06/11 6.95 7.5 6.95 7.25 489 
2004/06/18 7 7.1 6.6 6.6 409 
2004/06/25 6.65 6.75 6.4 6.6 211 
2004/07/02 6.5 6.7 6.3 6.4 399 
2004/07/09 6.3 6.6 6.25 6.45 543 
2004/07/16 6.45 6.6 6.4 6.4 402 
2004/07/23 6.4 6.5 6.05 6.2 407 
2004/07/30 6.15 6.6 6.15 6.5 305 
2004/08/06 6.2 6.6 6.2 6.45 295 
2004/08/13 6.25 6.4 6 6.25 653 
2004/08/20 6.15 6.15 5.75 6.1 744 
2004/08/27 5.9 6.3 5.9 6.3 451 
2004/09/03 6.2 6.4 5.9 6.25 502 
2004/09/10 6.25 7.05 6.15 6.65 1176 
2004/09/17 6.7 7 6.3 6.35 946 
2004/09/24 6.35 6.35 6 6.2 430 
2004/10/01 6 6.2 6 6.2 527 
2004/10/08 6 6.8 6 6.75 1087 
2004/10/15 6.65 6.85 6.6 6.65 521 
2004/10/22 6.7 6.7 6.4 6.7 242 
2004/10/29 6.6 6.7 6.35 6.5 197 
2004/11/05 6.4 6.5 6.2 6.45 430 
2004/11/12 6.4 6.5 6.3 6.5 170 
2004/11/19 6.4 6.6 6.35 6.4 313 
2004/11/26 6.45 6.45 6.2 6.4 471 
2004/12/03 6.25 6.25 6 6.2 276 
2004/12/10 6 6.15 5.9 6 347 
2004/12/17 6.1 6.2 6 6.2 204 
2004/12/24 6.15 6.85 6.05 6.5 1893 
2004/12/31 6.55 7.15 6.5 7.05 1791 
2005/01/07 7.15 7.25 6.7 6.8 1342 
2005/01/14 6.6 6.85 6.5 6.85 364 
2005/01/21 6.85 6.9 6.45 6.55 202 
2005/01/28 6.4 6.6 6.15 6.3 294 
2005/02/04 6.2 6.5 6.2 6.35 318 
2005/02/18 6.55 6.55 6.1 6.4 1098 
2005/02/25 6.45 6.8 6.3 6.3 1305 
2005/03/04 6.3 6.45 6.1 6.12 615 
2005/03/11 6.11 6.42 6 6.39 2824 
2005/03/18 6.3 6.3 6.1 6.2 527 
2005/03/25 6.2 6.39 6.05 6.2 851 
2005/04/01 6.3 6.3 6.12 6.25 393 
2005/04/08 6.2 6.3 6.15 6.2 508 
2005/04/15 6.2 6.3 6.15 6.2 698 
2005/04/22 6.28 7.27 6.02 7.27 2174 
2005/04/29 7.5 8.31 7.12 7.5 2569 
2005/05/06 7.85 7.85 7.2 7.34 727 
2005/05/13 7.34 7.53 7.23 7.45 714 
2005/05/20 7.45 7.8 7.36 7.6 471 
2005/05/27 7.48 7.6 7.38 7.55 503 
2005/06/03 7.6 7.68 7.01 7.51 1324 
2005/06/10 7.46 7.8 7.45 7.67 782 
2005/06/17 7.68 8.07 7.22 7.8 546 
2005/06/24 7.8 7.98 7.39 7.72 489 
2005/07/01 7.72 8.26 7.35 7.94 4310 
2005/07/08 7.53 8.13 7.53 7.83 2416 
2005/07/15 7.84 8.1 7.8 7.95 656 
2005/07/22 7.82 8 7.5 7.6 546 
2005/07/29 7.62 7.9 7.25 7.64 242 
2005/08/05 7.3 8.13 7.3 7.6 416 
2005/08/12 7.45 7.6 7.35 7.54 286 
2005/08/19 7.35 7.6 7.35 7.4 407 
2005/08/26 7.42 7.42 7 7.25 163 
2005/09/02 7.06 7.25 7 7.2 349 
2005/09/09 7.19 7.2 6.92 7.15 204 
2005/09/16 7.01 7.66 7.01 7.66 186 
2005/09/23 7.66 7.85 7.3 7.48 275 
2005/09/30 7.5 7.77 7.26 7.6 229 
2005/10/07 7.6 7.6 7.18 7.5 271 
2005/10/14 7.1 7.4 7.05 7.38 196 
2005/10/21 7.38 7.38 7.01 7.38 207 
2005/10/28 7.38 7.6 7.2 7.35 377 
2005/11/04 7.35 7.7 7.21 7.6 553 
2005/11/11 7.6 7.6 7.15 7.48 215 
2005/11/18 7.58 7.58 7.15 7.3 150 
2005/11/25 7.25 8.4 7.25 8 12914 
2005/12/02 7.92 8 7.7 7.85 357 
2005/12/09 7.75 8.2 7.75 8.01 374 
2005/12/16 8.06 8.2 7.9 8.1 342 
2005/12/23 7.95 8.25 7.95 8.14 895 
2005/12/30 8.15 8.22 7.93 8.15 388 
2006/01/06 8 8.15 7.85 8.09 444 
2006/01/13 8.02 8.15 7.87 8 326 
2006/01/20 8 8.2 7.95 8.15 377 
2006/01/27 8.15 8.15 7.85 8.1 188 
2006/02/03 7.92 8.1 7.92 8.09 34 
2006/02/10 7.93 8.1 7.52 8.08 574 
2006/02/17 7.95 8.08 7.75 8.04 423 
2006/02/24 7.95 8.1 7.86 8.1 1699 
2006/03/03 8.09 8.5 7.9 8.3 2242 
2006/03/10 8.23 8.37 8.06 8.29 1089 
2006/03/17 8.2 8.3 7.87 8.2 1187 
2006/03/24 8.15 8.5 7.85 8.5 671 
2006/03/31 8.5 8.5 8 8.25 347 
2006/04/07 8.24 8.3 8.06 8.25 275 
2006/04/14 8.25 8.3 8.1 8.2 1383 
2006/04/21 8.21 8.29 8.03 8.27 478 
2006/04/28 8.27 8.63 8.1 8.28 1587 
2006/05/05 8.24 8.67 7.71 8.4 1569 
2006/05/12 8.5 10.55 8.4 10.55 8684 
2006/05/19 10.55 11 9.92 10.7 5035 
2006/05/26 10.7 10.7 10.25 10.4 1125 
2006/06/02 10 10.4 9.6 10.1 1313 
2006/06/09 9.9 10.25 9.33 9.9 951 
2006/06/16 9.68 9.97 9.33 9.75 876 
2006/06/23 9.69 9.8 9.03 9.78 587 
2006/06/30 9.7 9.93 9.46 9.64 2209 
2006/07/07 9.7 10.3 9.7 10 1689 
2006/07/14 10 10 9.45 9.6 2009 
2006/07/21 9.49 9.8 8.83 9.68 716 
2006/07/28 9.5 9.7 9.39 9.7 216 
2006/08/04 9.6 9.65 9.42 9.55 226 
2006/08/11 9.54 9.6 9.3 9.4 301 
2006/08/18 9.5 9.5 9.21 9.3 250 
2006/08/25 8.81 9.85 8.81 9.21 563 
2006/09/01 9.35 9.41 9.06 9.13 173 
2006/09/08 9.03 9.3 8.8 9.23 194 
2006/09/15 9.05 9.33 9.01 9.25 306 
2006/09/22 9.25 9.3 9.12 9.16 146 
2006/09/29 9.3 9.3 9.07 9.2 184 
2006/10/06 9.03 9.2 9 9.2 270 
2006/10/13 9.25 9.25 9.01 9.15 265 
2006/10/20 8.83 9.18 8.83 9.1 402 
2006/10/27 9.01 9.2 9 9.08 251 
2006/11/03 9.05 9.15 8.97 9.07 242 
2006/11/10 9 9.15 8.9 9.1 323 
2006/11/17 9.1 9.8 9 9.62 1539 
2006/11/24 9.62 9.62 9.35 9.45 339 
2006/12/01 9.5 10.15 9.37 10 926 
2006/12/08 10 12.2 10 12 7242 
2006/12/15 11.9 13.7 11.9 13.45 4585 
2006/12/22 13 13.4 12.5 12.9 2238 
2006/12/29 13.15 13.35 12.65 13.35 2480 
2007/01/05 13.45 13.45 12.8 12.9 717 
2007/01/12 12.8 13.2 12.5 12.9 2993 
2007/01/19 12.8 13.1 12 12.2 1352 
2007/01/26 12.2 12.2 11.45 12.05 1296 
2007/02/02 12.1 12.2 11.9 12.2 585 
2007/02/09 12.2 12.5 12 12.5 1291 
2007/02/16 12.5 12.5 11.8 12.5 394 
2007/03/02 12.6 12.65 11.9 12.25 452 
2007/03/09 12.25 12.3 12 12.2 826 
2007/03/16 12.1 12.2 11.8 12.05 739 
2007/03/23 12 12.05 11.8 12 640 
2007/03/30 12.1 12.1 11.9 12.05 905 
2007/04/06 12.05 13.8 12 13.8 1669 
2007/04/13 14.2 14.5 12.3 12.65 2506 
2007/04/20 12.65 12.9 12.6 12.7 2730 
2007/04/27 12.6 13 12.1 12.3 1382 
2007/05/04 12.3 12.75 12.1 12.4 1324 
2007/05/11 12.4 13.3 12.3 12.95 1619 
2007/05/18 12.95 13.9 12.65 13.5 3788 
2007/05/25 14.2 15.9 13.8 15.7 12821 
2007/06/01 15.7 15.75 15.15 15.4 4173 
2007/06/08 15.5 16.85 15.35 16.8 10446 
2007/06/15 16.85 17.85 16.8 17.75 5100 
2007/06/22 17.85 17.9 17.2 17.75 2855 
2007/06/29 17.6 17.75 17.5 17.7 3497 
2007/07/06 17.6 17.7 16.3 17.45 3160 
2007/07/13 17.05 18.5 17.05 17.8 2280 
2007/07/20 17.8 19.85 17.8 19.6 12577 
2007/07/27 19.5 19.9 18.5 19.3 5969 
2007/08/03 19 19.4 18.6 18.75 1550 
2007/08/10 18.8 19.4 18.75 19 1303 
2007/08/17 18.9 19 17.75 18.7 1235 
2007/08/24 18.7 19.1 18.2 18.2 1034 
2007/08/31 18.4 18.9 18.05 18.6 784 
2007/09/07 18.6 18.7 18.2 18.55 460 
2007/09/14 18.5 19 18.3 18.7 474 
2007/09/21 18.65 19.2 18.5 19 458 
2007/09/28 18.95 19.15 18.8 19.15 329 
2007/10/05 19.1 19.2 18.95 19.2 488 
2007/10/12 19.15 19.25 18.8 19.2 361 
2007/10/19 19 19.2 18.2 19 483 
2007/10/26 18.95 18.95 18.35 18.7 299 
2007/11/02 18.65 19 18.2 18.6 228 
2007/11/09 18.55 18.6 18.15 18.45 251 
2007/11/16 18.45 18.6 17.95 18.6 484 
2007/11/23 18.6 18.6 18.15 18.45 550 
2007/11/30 18.4 18.5 18 18.45 279 
2007/12/07 18.4 18.4 18 18.1 740 
2007/12/14 18 18 16.65 17.85 457 
2007/12/21 17.85 17.85 16.8 17.7 257 
2007/12/28 17.65 18.3 17.45 17.7 1249 
2008/01/04 17.6 18.2 17.5 18.2 493 
2008/01/11 18 18.45 17.5 17.9 4262 
2008/01/18 18.3 18.3 16.75 17.9 778 
2008/01/25 17.85 17.9 17.55 17.7 2439 
2008/02/01 17.7 19.1 17.45 19.1 4514 
2008/02/15 19.1 19.35 18.9 19.2 900 
2008/02/22 19.2 19.2 18.8 19.05 409 
2008/02/29 19 19.05 18.8 19 168 
2008/03/07 18.95 19.1 18.75 18.8 429 
2008/03/14 18.8 20.1 18 18.8 4807 
2008/03/21 18.7 19.1 18.4 18.7 240 
2008/03/28 18.7 20.45 18.5 19.5 2106 
2008/04/04 19.45 19.5 19.1 19.4 358 
2008/04/11 19.35 19.35 18.95 19.2 611 
2008/04/18 19.15 19.25 18.85 19.1 402 
2008/04/25 19.1 19.1 18.6 19 241 
2008/05/02 19.1 19.1 18.5 18.8 309 
2008/05/09 18.75 19 18.45 18.9 472 
2008/05/16 18.85 19 18.45 19 824 
2008/05/23 18.95 19 18.5 18.7 2427 
2008/05/30 18.5 18.6 18 18.35 357 
2008/06/06 18.05 18.75 18.05 18.45 531 
2008/06/13 18.35 18.7 17.2 18.25 1812 
2008/06/20 18.25 18.25 17.3 17.9 4085 
2008/06/27 17.4 17.9 16.5 17.2 3806 
2008/07/04 16.7 17 16.1 16.6 350 
2008/07/11 16.4 17 16.3 16.85 511 
2008/07/18 16.8 17.65 15.5 17 1143 
2008/07/25 16.6 16.95 16.4 16.6 1662 
2008/08/01 16.2 16.55 15.85 16.25 335 
2008/08/08 16 16.2 15.1 15.3 1252 
2008/08/15 15.2 15.8 14.9 15.15 1071 
2008/08/22 14.65 15.15 14.4 14.5 485 
2008/08/29 14.2 14.4 13.9 14.15 448 
2008/09/05 14 14.7 13.2 14.35 606 
2008/09/12 14.25 14.35 13.5 14 497 
2008/09/19 13.65 13.9 13.2 13.55 422 
2008/09/26 13.3 13.3 12.8 12.9 946 
2008/10/03 12.5 13.9 12.45 13.9 438 
2008/10/10 13.9 14.1 13 13.8 528 
2008/10/17 13.7 13.8 13.05 13.05 1130 
2008/10/24 13.05 13.5 12.55 13 409 
2008/10/31 13 13.8 12.5 13.6 441 
2008/11/07 13.3 14 12.45 13 405 
2008/11/14 12.95 13.6 12.1 13.2 575 
2008/11/21 12.65 13.2 12.4 13 698 
2008/11/28 12.95 13.3 12.7 13.15 1563 
2008/12/05 12.9 13.1 12.7 13.05 631 
2008/12/12 12.9 13.15 12.85 13.05 789 
2008/12/19 13 13.1 12.9 13 728 
2008/12/26 12.9 13.3 12.8 13.3 1217 
2009/01/02 13.05 13.5 12.95 13.25 674 
2009/01/09 13.05 13.5 12.5 13.2 478 
2009/01/16 13 13.15 12.3 12.95 701 
2009/01/23 12.95 13 12.5 12.95 145 
2009/02/06 12.6 13.3 12.55 13.1 1300 
2009/02/13 12.95 13.3 12.95 13.1 221 
2009/02/20 12.9 13.2 12.7 13.1 1135 
2009/02/27 12.85 13.2 12.85 13.1 361 
2009/03/06 13 13.5 12.9 13.3 173 
2009/03/13 13.25 13.25 12.7 12.8 575 
2009/03/20 12.8 13.3 12.6 13.25 295 
2009/03/27 13.3 13.3 12.9 13.2 193 
2009/04/03 13.1 13.6 12.95 13.3 150 
2009/04/10 14 14 13.1 13.4 183 
2009/04/17 13.5 14.9 13.15 13.15 1293 
2009/04/24 12.8 13.15 12.25 13 558 
2009/05/01 12.85 13.45 12.5 13.2 347 
2009/05/08 13.2 13.3 12.8 13 305 
2009/05/15 12.85 13.2 12.85 13.1 1960 
2009/05/22 12.9 13.15 12.85 13 255 
2009/05/29 12.85 13.2 12.85 13.2 389 
2009/06/05 13.2 13.35 12.9 13.1 1653 
2009/06/12 13.2 14.2 13.1 13.7 1104 
2009/06/19 13.4 14.3 12.6 14 1044 
2009/06/26 13.9 14.85 13.8 14.65 2701 
2009/07/03 14.4 14.75 14.2 14.5 254 
2009/07/10 14.25 14.6 14.2 14.6 569 
2009/07/17 14.4 16 14.35 15.5 1264 
2009/07/24 15.5 15.95 15.15 15.4 1049 
2009/07/31 15.4 17.2 15.4 16.65 2469 
2009/08/07 16.6 16.6 16.15 16.4 768 
2009/08/14 16.25 16.35 15.5 15.9 1665 
2009/08/21 15.5 15.7 14.3 14.8 950 
2009/08/28 14.45 16.15 14.45 15.2 2241 
2009/09/04 15.2 15.45 14.65 15.35 410 
2009/09/11 14.7 15.35 14.25 14.65 2841 
2009/09/18 14.4 14.75 14.05 14.45 797 
2009/09/25 14.4 14.45 14 14.45 819 
2009/10/02 14.15 14.4 13.6 13.95 1516 
2009/10/09 13.95 15.5 13.8 15.1 784 
2009/10/16 14.65 15.2 14.65 14.8 727 
2009/10/23 14.75 15.1 14.75 15 1530 
2009/10/30 14.9 15.2 14.2 15.2 265 
2009/11/06 14.9 14.9 14.6 14.8 227 
2009/11/13 14.8 14.8 14.55 14.65 335 
2009/11/20 14.45 14.8 14.35 14.65 2158 
2009/11/27 14.45 14.8 13.65 14.4 910 
2009/12/04 14.4 14.8 14.1 14.75 796 
2009/12/11 14.6 14.75 14.25 14.3 277 
2009/12/18 14.2 14.3 13.75 14.1 527 
2009/12/25 14 14.1 13.7 13.85 392 
2010/01/01 13.8 14.1 13.7 14.1 391 
2010/01/08 14.1 14.45 13.8 14.15 777 
2010/01/15 14 15.3 13.9 14.7 1107 
2010/01/22 14.4 14.55 13.8 14 461 
2010/01/29 13.85 14.2 13.3 13.7 2142 
2010/02/05 13.75 14.5 13.35 13.7 1952 
2010/02/12 13.5 13.65 13.45 13.6 819 
2010/02/26 13.6 14.55 12.7 12.7 1919 
2010/03/05 12.7 14.6 12.7 14.35 44528 
2010/03/12 14.55 14.95 13.9 14.95 8265 
2010/03/19 15.9 17 15.5 16.15 14318 
2010/03/26 16.15 17.35 16.05 16.2 10852 
2010/04/02 16.2 16.9 15.7 16 13497 
2010/04/09 16.1 16.2 15.55 15.9 3022 
2010/04/16 16.05 16.05 15.2 15.25 3301 
2010/04/23 15.15 15.7 14.5 15.4 5957 
2010/04/30 15.5 15.85 14.75 14.75 4473 
2010/05/07 14.75 15.65 14.1 15.6 5539 
2010/05/14 15.5 16.65 15.2 16.3 7456 
2010/05/21 16.2 16.5 15.6 15.9 7418 
2010/05/28 16 16 14.8 15.6 5855 
2010/06/04 15.7 16.3 15.5 16.1 7150 
2010/06/11 15.75 16.2 15.2 15.45 8718 
2010/06/18 15.5 15.5 14.95 15.15 5183 
2010/06/25 15.2 17.3 15.1 16.2 22903 
2010/07/02 15.8 16.2 15.15 15.6 7806 
2010/07/09 15.55 15.9 15.45 15.65 4596 
2010/07/16 15.7 15.75 15.3 15.35 4265 
2010/07/23 15.3 16.35 15.3 15.75 6377 
2010/07/30 15.7 16.45 15.45 16.25 9348 
2010/08/06 16.4 16.6 16 16.15 5739 
2010/08/13 16.5 17.2 16.25 16.55 10505 
2010/08/20 16.7 16.8 16.25 16.25 2027 
2010/08/27 16.4 16.75 15.8 16.05 8532 
2010/09/03 16.1 16.65 15.85 16.5 7237 
2010/09/10 16.6 18.75 16.5 17.9 27417 
2010/09/17 18.3 18.3 16.7 17.1 9836 
2010/09/24 17.1 17.2 16.1 16.6 5437 
2010/10/01 16.5 17.3 16.4 17.1 5436 
2010/10/22 25.85 25.85 23.8 25 6439 
2010/10/29 25.5 25.5 24.7 25.2 3930 
2010/11/05 25 25 23.8 24 4394 
2010/11/12 23.8 26.4 23.75 26.4 5479 
2010/11/19 26.4 30.1 25.3 29 18175 
2010/11/26 28.55 29.8 27.1 27.55 13233 
2010/12/03 27.45 27.9 26.85 27.35 6821 
2010/12/10 27.35 27.5 27 27.1 2763 
2010/12/17 27.15 27.9 26.5 27.1 5570 
2010/12/24 27.05 27.05 26.05 26.4 3290 
2010/12/31 26.4 28.7 26.05 28.1 9730 
2011/01/07 28.1 28.3 27.55 28.1 3538 
2011/01/14 28.3 28.3 27.8 27.9 2826 
2011/01/21 27.9 28.15 27 27.3 3776 
2011/01/28 27.1 27.4 26.05 26.9 3288 
2011/02/11 26.95 27.3 26.5 27.05 1096 
2011/02/18 27 28.6 26.6 28 6342 
2011/02/25 28 28.2 27.35 27.6 3065 
2011/03/04 27.5 27.75 27 27.4 1411 
2011/03/11 27.2 27.45 26.7 27.2 1208 
2011/03/18 26.7 27.15 25.25 26.3 2243 
2011/03/25 26.05 27.1 26 26.75 1218 
2011/04/01 26.75 26.95 26.4 26.65 804 
2011/04/08 26.8 27.45 26.5 27.05 4458 
2011/04/15 27.05 27.1 26.5 26.8 1886 
2011/04/22 26.8 28.9 26.3 27.8 8573 
2011/04/29 28.1 29.7 27.7 29.2 12304 
2011/05/06 29.2 29.2 27.6 28.4 2917 
2011/05/13 28.5 32.25 28.05 31.7 26587 
2011/05/20 30.8 31.7 24.75 25.85 17717 
2011/05/27 25.7 25.8 24.6 24.8 3717 
2011/06/03 24.8 26.4 24.55 26 4329 
2011/06/10 25.8 25.85 25.15 25.25 4019 
2011/06/17 25 25.5 23.45 23.45 4450 
2011/06/24 23.8 25.1 22.35 25.05 5053 
2011/07/01 24.8 25.5 24.65 25.25 1098 
2011/07/08 25.05 25.35 24.75 25.3 1096 
2011/07/15 25.15 25.15 24 24.6 1158 
2011/07/22 24.4 24.45 23.75 23.8 1338 
2011/07/29 24 24 23 23.8 3028 
2011/08/05 23.6 24.5 22.45 23.3 2289 
2011/08/12 23 23.65 21 23 1754 
2011/08/19 23 23.7 22.5 23.1 2114 
2011/08/26 22.9 23 22.1 22.8 1124 
2011/09/02 22.8 23.1 22.5 23.1 1962 
2011/09/09 23 23 22.15 22.35 603 
2011/09/16 22.55 22.55 21.75 22.35 388 
2011/09/23 22.35 22.7 21.65 22 1532 
2011/09/30 21.9 21.9 20.5 21.25 2988 
2011/10/07 21 21.8 20.7 21.3 613 
2011/10/14 21.3 21.55 20.9 21.4 552 
2011/10/21 21.4 21.5 21.05 21.5 1219 
2011/10/28 21.6 24.85 21.4 24.2 3179 
2011/11/04 24.05 24.95 23.75 24.9 1802 
2011/11/11 24.8 25.4 24.65 25.2 1389 
2011/11/18 25.9 25.9 25.15 25.6 1875 
2011/11/25 25.4 25.4 23.8 25 1591 
2011/12/02 25 25.25 24.8 25 2031 
2011/12/09 25 25 24.4 24.65 783 
2011/12/16 24.7 25.2 24.3 24.75 1334 
2011/12/23 24.6 24.75 24.2 24.75 2167 
2011/12/30 24.7 27.1 24.65 26.95 7819 
2012/01/06 26.95 28.4 26.65 28 5949 
2012/01/13 27.9 28 25.8 26.2 3160 
2012/01/20 26.25 26.7 26 26.2 5216 
2012/02/03 26.4 27 25.8 26.9 3375 
2012/02/10 27 28 26.2 27.45 2396 
2012/02/17 27.4 27.5 26.35 27.5 2650 
2012/02/24 27.5 27.6 26.7 27.05 1675 
2012/03/02 27.05 27.6 27 27.45 3371 
2012/03/09 27.4 27.45 26.7 27.15 3153 
2012/03/16 27.15 28.4 26.8 28 7170 
2012/03/23 28 29.1 27.7 28.8 6321 
2012/03/30 28.5 28.85 27.1 28 5616 
2012/04/06 27.6 28 25.6 27.2 1973 
2012/04/13 26.9 27.9 26.5 27.75 1090 
2012/04/20 27.6 27.9 26 27.05 720 
2012/04/27 26.8 27.1 26 27.1 525 
2012/05/04 27 27.4 26.8 27.3 382 
2012/05/11 27 27.15 26 26.95 666 
2012/05/18 26.65 26.7 25.3 26 940 
2012/05/25 25.5 26 25 25.75 1281 
2012/06/01 25.75 25.85 23.45 23.45 584 
2012/06/08 23.4 23.55 22.5 23.4 674 
2012/06/15 23.4 23.7 23.2 23.6 242 
2012/06/22 23.6 24.25 23.5 24.2 223 
2012/06/29 24.2 24.7 23.8 24.7 242 
2012/07/06 24.7 25.1 24 25.1 1386 
2012/07/13 25.1 27.2 25.1 27 3121 
2012/07/20 26.8 27 26.5 26.6 2051 
2012/07/27 26.4 26.6 26 26.6 942 
2012/08/03 26.4 26.6 26.1 26.5 250 
2012/08/10 26.25 26.45 25.8 26.4 951 
2012/08/17 26.05 26.35 25.8 26.1 347 
2012/08/24 25.75 26 25.6 26 471 
2012/08/31 25.9 26 25.5 25.8 642 
2012/09/07 25.6 25.75 25.25 25.55 555 
2012/09/14 25.25 25.8 25 25.8 783 
2012/09/21 25.9 25.9 25 25.45 1003 
2012/09/28 25.05 25.4 24.5 24.95 3345 
2012/10/05 24.65 24.95 24.25 24.6 1738 
2012/10/12 24.6 25.25 24.3 25.05 1943 
2012/10/19 24.95 25.3 24.15 24.4 821 
2012/10/26 24.1 24.4 23.45 23.45 978 
2012/11/02 23.15 23.15 22 22.8 673 
2012/11/09 22.8 22.8 19.2 19.8 1081 
2012/11/16 19.75 20.75 19.7 20.05 1561 
2012/11/23 19.95 20 18.9 19.2 688 
2012/11/30 19.2 19.2 18.85 19.1 1392 
2012/12/07 19.1 19.1 17.65 18 4145 
2012/12/14 18 18.1 17.7 17.95 1365 
2012/12/21 17.85 18.2 17.8 18.1 1504 
2012/12/28 18.1 19.7 18 19.7 1482 
2013/01/04 20 20.6 19.9 20.6 1537 
2013/01/11 20.6 23.8 20.6 23.1 3905 
2013/01/18 23 23.1 22.3 22.5 1245 
2013/01/25 22.45 22.7 21.9 22.3 1627 
2013/02/01 22.3 22.7 21.9 22.5 1307 
2013/02/08 22.5 22.5 22 22.3 436 
2013/02/22 22.3 22.3 21 21.3 829 
2013/03/01 21.1 21.3 20.7 21.05 388 
2013/03/08 20.7 20.85 17.65 17.8 2284 
2013/03/15 17.95 20.15 17.9 19.2 3572 
2013/03/22 19.2 19.45 18.1 18.15 2517 
2013/03/29 18.25 18.65 17.7 17.8 3153 
2013/04/05 18 18.25 17.6 18 1793 
2013/04/12 17.6 18.15 16.8 17.6 1279 
2013/04/19 17.6 17.7 16.9 17.1 823 
2013/04/26 17.1 17.1 15.6 15.9 3016 
2013/05/03 16 16 14.8 15 9078 
2013/05/10 15.1 15.25 14.2 14.25 6694 
2013/05/17 14.45 15.15 14.25 14.85 2146 
2013/05/24 14.95 15.6 14.85 15.1 3436 
2013/05/31 15.1 15.4 14.8 14.95 3745 
2013/06/07 14.8 14.8 14.05 14.3 2446 
2013/06/14 14.55 14.55 13.15 14.1 3375 
2013/06/21 14.2 15.7 13.75 13.75 6839 
2013/06/28 13.75 14.15 13.4 13.5 1403 
2013/07/05 13.5 14.2 13.1 14.05 2149 
2013/07/12 14.2 15.2 13.6 15.2 4408 
2013/07/19 15.4 16.75 14.8 15.25 13856 
2013/07/26 15.25 17.2 15.25 15.7 13313 
2013/08/02 15.5 16.45 15.3 16.15 6114 
2013/08/09 16.2 18.55 16.2 18.5 25906 
2013/08/16 18.95 19.3 17.5 17.7 13688 
2013/08/23 17.7 18.55 17.1 17.45 5539 
2013/08/30 17.7 18.45 17.2 18.1 5502 
2013/09/06 18.1 19.75 17.8 19.3 11713 
2013/09/13 19.3 19.3 17.8 18.4 7106 
2013/09/20 18.4 18.65 17.95 18.05 1957 
2013/09/27 18.15 19.75 18 18.85 14527 
2013/10/04 18.7 22.4 18.65 21.8 35418 
2013/10/11 21.8 21.8 18.45 18.6 12651 
2013/10/18 18.6 19.05 18.15 18.65 6844 
2013/10/25 18.65 18.75 17.25 17.45 4670 
2013/11/01 17.45 18.65 17.45 17.9 4032 
2013/11/08 17.9 18.05 16.4 16.4 2612 
2013/11/15 16.5 16.65 16 16.15 1885 
2013/11/22 16.15 17.7 16.15 17.55 2418 
2013/11/29 17.6 17.6 16.2 16.4 12512 
2013/12/06 16.3 17.5 16.1 16.85 4338 
2013/12/13 16.95 16.95 16.2 16.45 2954 
2013/12/20 16.55 17.85 16.5 17.85 4057 
2013/12/27 18.5 18.75 17.9 17.9 9108 
2014/01/03 18 19.25 18 18.9 5739 
2014/01/10 18.95 19.5 18.4 18.55 4633 
2014/01/17 18.55 20.8 18.45 20.3 13147 
2014/01/24 20.8 20.8 19.6 19.85 8286 
2014/01/31 19.6 19.75 19.5 19.5 736 
2014/02/07 18.3 20.3 18.3 19.8 1901 
2014/02/14 20.1 20.1 18.65 18.65 2687 
2014/02/21 18.95 19.5 18.5 19.15 2172 
2014/02/28 19.15 19.15 18.55 18.55 1628 
2014/03/07 18.5 18.85 18.15 18.15 2828 
2014/03/14 18.15 19.5 18.1 19.15 4188 
2014/03/21 19.25 19.45 18.7 18.9 4424 
2014/03/28 18.8 19.25 18.35 18.95 1561 
2014/04/04 19.05 23.15 18.8 22.7 25926 
2014/04/11 22.45 23.4 20.55 21 17384 
2014/04/18 21 21.4 20.1 20.5 5913 
2014/04/25 20.5 20.75 18.95 19.05 4085 
2014/05/02 18.75 21.8 18.3 21.05 6001 
2014/05/09 21.4 21.4 20.1 20.3 2564 
2014/05/16 20.3 21.6 19.3 21 4410 
2014/05/23 20.85 21.35 20.25 20.65 1843 
2014/05/30 20.7 20.9 20.3 20.5 2527 
2014/06/06 20.4 21.35 20.25 20.6 3030 
2014/06/13 20.65 23.2 20.6 22.1 12440 
2014/06/20 22 23.2 21.8 22.7 7185 
2014/06/27 22.8 25.4 22.3 24.75 16007 
2014/07/04 25 25 23 23.6 9083 
2014/07/11 23.6 23.9 22.1 22.6 4395 
2014/07/18 22.7 24.3 22.3 23.8 3721 
2014/07/25 24 24.15 23.25 23.65 3246 
2014/08/01 23.6 23.8 22.8 23.5 2894 
2014/08/08 23.5 23.6 22.7 22.95 3161 
2014/08/15 23 23.3 22.8 23 1414 
2014/08/22 22.9 22.9 19.95 21.7 3164 
2014/08/29 21.7 22.05 21.4 21.45 1394 
2014/09/05 21.4 21.55 20.45 20.8 1513 
2014/09/12 20.65 21.7 20.5 21.4 773 
2014/09/19 21 21.45 20.7 20.9 768 
2014/09/26 20.9 21 20.15 20.4 910 
2014/10/03 20.55 21 20.1 20.8 740 
2014/10/10 20.8 21.6 20.6 21.35 1167 
2014/10/17 19.9 21.35 19.9 20.7 1171 
2014/10/24 20.7 20.85 20.3 20.4 1361 
2014/10/31 20.45 22 19.1 21.75 3722 
2014/11/07 21.75 22.9 21.65 22.15 3414 
2014/11/14 22.15 23 21.2 21.75 1770 
2014/11/21 21.75 21.75 20.7 20.95 1538 
2014/11/28 21 21.5 20.8 20.9 852 
2014/12/05 19.6 21 19.6 20.9 876 
2014/12/12 20.9 21.6 20.8 20.95 949 
2014/12/19 20.95 21.25 20.8 21 1290 
2014/12/26 20.9 22.75 20.9 22.75 3359 
2015/01/02 23.3 24.4 23.2 23.55 6114 
2015/01/09 23.8 24.35 23.05 23.55 4706 
2015/01/16 23.55 25.9 23.3 24.8 13277 
2015/01/23 25 25.4 24.25 24.6 6702 
2015/01/30 24.8 26 24.5 25.45 7760 
2015/02/06 25.65 25.65 22.7 23.8 3882 
2015/02/13 23.8 23.8 22.75 23.3 2185 
2015/02/27 23.3 25.2 23.3 24.65 1716 
2015/03/06 24.55 24.6 23.65 24 1520 
2015/03/13 24 24.25 23.3 23.5 1458 
2015/03/20 23.55 24 23 23.5 1206 
2015/03/27 23.5 23.5 22.8 23.2 1863 
2015/04/03 23.2 23.2 21.6 22.3 2438 
2015/04/10 22.3 23.2 22.25 22.85 1047 
2015/04/17 24.4 24.4 22.9 23.15 2178 
2015/04/24 23 23 20.05 20.8 3919 
2015/05/01 20.9 21.2 20.5 20.5 946 
2015/05/08 20.6 20.8 19.65 19.95 1237 
2015/05/15 20.05 20.45 19.2 19.75 1683 
2015/05/22 19.75 20.2 19.5 19.95 656 
2015/05/29 20 20.15 19.6 19.65 1063 
2015/06/05 19.65 21.5 19.35 20.45 2077 
2015/06/12 20.1 20.6 19.8 19.9 1055 
2015/06/19 20.2 20.2 18.85 19.05 907 
2015/06/26 19 19.3 17.6 18.8 3016 
2015/07/03 18.7 19.6 18.1 19.25 1087 
2015/07/10 19.25 19.3 17.35 17.9 1118 
2015/07/17 18.15 19.5 18 19 1049 
2015/07/24 19 19.05 17.85 18.9 818 
2015/07/31 18.5 18.55 17.5 18.3 1020 
2015/08/07 18 18 12.6 13.5 6202 
2015/08/14 13.3 14.5 13 13.9 1826 
2015/08/21 13.65 14.4 13 14 1379 
2015/08/28 13.75 14 11.65 13.95 1478 
2015/09/04 13.8 14.4 13.75 14.15 1186 
2015/09/11 13.9 14.65 13.9 14.6 1001 
2015/09/18 14.8 14.8 14.15 14.4 1663 
2015/09/25 14.3 14.3 13.6 13.75 1044 
2015/10/02 13.75 15.5 13.75 14.95 2793 
2015/10/09 14.95 15.15 14.35 14.65 1099 
2015/10/16 14.65 14.95 14.6 14.75 781 
2015/10/23 15.2 16.85 15 15.85 2331 
2015/10/30 15.9 16.2 15.6 16.1 697 
2015/11/06 16 16.4 15.75 16 606 
2015/11/13 16 16.1 15.4 15.85 530 
2015/11/20 15.75 16 15.6 15.8 389 
2015/11/27 15.65 15.9 14.85 15 384 
2015/12/04 14.9 16.4 14.65 15.5 669 
2015/12/11 15.6 15.6 14.6 15.1 504 
2015/12/18 15 15.3 14.6 15.1 514 
2015/12/25 15 15.25 14.7 14.9 620 
2016/01/01 15 15 14.6 14.6 440 
2016/01/08 14.65 14.85 14 14.6 536 
2016/01/15 14.35 14.5 13.7 14.3 425 
2016/01/22 13.9 14.7 13.9 14.3 419 
2016/01/29 14.3 16.05 14.15 15.4 4695 
2016/02/05 15.2 15.5 14.85 15.1 888 
2016/02/19 14.95 15.3 14.6 15.3 1314 
2016/02/26 15.4 15.9 14.95 15.5 1518 
2016/03/04 15.6 15.8 15.1 15.3 790 
2016/03/11 15.5 16.45 15.3 16.1 1505 
2016/03/18 16.2 16.9 15.85 16.55 1547 
2016/03/25 17.1 19.3 16.55 17.5 5711 
2016/04/01 17.55 17.6 15.5 16.5 1366 
2016/04/08 16.45 16.7 16.25 16.55 377 
2016/04/15 16.55 16.55 15.8 16.1 648 
2016/04/22 16.2 16.2 15.6 15.6 470 
2016/04/29 15.65 15.8 15.25 15.55 577 
2016/05/06 15.3 15.45 14 14.95 441 
2016/05/13 14.9 15.05 14.05 14.45 585 
2016/05/20 14.25 15.75 14 15.5 886 
2016/05/27 15.3 15.8 15.3 15.55 285 
2016/06/03 15.55 15.65 15.15 15.5 437 
2016/06/10 15.4 17.15 15.3 16.6 897 
2016/06/17 16.35 16.9 15.95 16.5 1102 
2016/06/24 16.5 16.5 15.25 15.9 325 
2016/07/01 15.3 15.65 15.05 15.3 310 
2016/07/08 15.3 15.35 15.1 15.25 136 
2016/07/15 15.35 15.4 14.9 15.05 477 
2016/07/22 15.15 15.5 14.9 15.4 392 
2016/07/29 15.4 15.45 14.9 15.15 353 
2016/08/05 15 15.1 14.8 14.9 333 
2016/08/12 14.8 15.1 14.5 14.8 430 
2016/08/19 14.7 15.05 14.7 14.9 390 
2016/08/26 14.75 14.95 14.5 14.55 398 
2016/09/02 14.55 14.95 14.45 14.95 612 
2016/09/09 15 15.5 14.4 14.55 859 
2016/09/16 14.55 14.55 13.9 14.15 722 
2016/09/23 14.15 15 14 14.5 1171 
2016/09/30 14.35 14.45 14.1 14.35 444 
2016/10/07 14.35 14.6 14.35 14.4 372 
2016/10/14 14.4 14.5 14.15 14.4 436 
2016/10/21 14.45 14.65 14.15 14.35 755 
2016/10/28 14.1 14.75 14.05 14.4 850 
2016/11/04 14.2 14.25 13.9 14.15 509 
2016/11/11 14.35 14.35 13.55 14.1 534 
2016/11/18 14.1 14.1 13.85 13.95 371 
2016/11/25 13.9 13.95 13.65 13.8 605 
2016/12/02 14 14.95 13.75 14.8 1316 
2016/12/09 14.9 16.05 14.8 15.55 3235 
2016/12/16 15.65 15.75 14.35 14.75 1069 
2016/12/23 14.85 14.95 14.45 14.5 475 
2016/12/30 14.6 14.85 14.35 14.55 557 
2017/01/06 14.55 14.65 14.35 14.65 413 
2017/01/13 14.55 14.85 14.5 14.8 2206 
2017/01/20 15.35 15.35 14.15 14.15 2885 
2017/01/27 14.05 14.2 13.7 13.9 1747 
2017/02/03 14.05 14.6 13.7 14.35 1367 
2017/02/10 14.45 14.8 14.2 14.2 1086 
2017/02/17 14.3 14.3 13.9 14.1 1212 
2017/02/24 14.1 14.5 13.9 14.1 1749 
2017/03/03 14.15 15.3 14.1 14.6 3890 
2017/03/10 14.6 21.25 14.55 20.5 28515 
2017/03/17 20.5 20.8 18.8 20.45 7869 
2017/03/24 21 24 20.7 23.55 10767 
2017/03/31 23.6 24.2 22.3 23 14829 
2017/04/07 23.5 23.5 22.9 23 2080 
2017/04/14 21.9 23.75 21.75 22.9 4495 
2017/04/21 23.1 23.2 22.1 22.6 699 
2017/04/28 22.1 22.1 21.45 21.65 265 
2017/05/05 21.8 22 21.6 21.95 895 
2017/05/12 25.25 25.95 23.8 24.55 7282 
2017/05/19 24.55 25.05 23.3 24.3 2567 
2017/05/26 24.5 26.65 24.25 25 6974 
2017/06/02 25 25.4 24.7 25.2 1033 
2017/06/09 25.7 25.85 24.75 25.2 1256 
2017/06/16 25.45 27 25.1 25.9 5334 
2017/06/23 26.6 26.6 25 25.45 3395 
2017/06/30 25.45 25.65 24.1 25.2 2162 
2017/07/07 25.15 25.15 24.4 24.6 663 
2017/07/14 24.4 24.5 20.95 21.5 3199 
2017/07/21 24.1 24.7 23.5 24.25 899 
2017/07/28 20.2 21.1 20.2 20.9 2059 
2017/08/04 20.95 20.95 19.6 20.25 1646 
2017/08/11 20.45 21.2 20.25 20.8 1225 
2017/08/18 20.6 20.6 18.2 20 1289 
2017/08/25 20 20 19.65 19.95 320 
2017/09/01 20.9 21.3 20.9 21.2 1252 
2017/09/08 20.5 22.25 20.5 21.5 1397 
2017/09/15 21.55 21.8 21.15 21.6 278 
2017/09/22 22.2 22.2 21.65 22 395 
2017/09/29 21.85 21.95 21.2 21.45 593 
2017/10/06 22.5 22.75 22.2 22.3 402 
2017/10/13 21.9 22 21.75 21.75 501 
2017/10/20 21.8 22.35 21.55 21.55 451 
2017/10/27 21.5 21.8 21.2 21.5 1264 
2017/11/03 21.5 22.55 20.65 22.45 1869 
2017/11/10 22.45 23.5 22.35 22.6 3395 
2017/11/17 21.95 22.6 21.7 22.2 698 
2017/11/24 21.5 21.8 21.1 21.75 467 
2017/12/01 21.8 22 21.35 21.65 504 
2017/12/08 21.3 21.45 20.2 20.9 881 
2017/12/15 21.4 21.45 21.05 21.15 432 
2017/12/22 20.6 21.1 19.95 20.8 1375 
2017/12/29 21.3 22.1 20.8 21.15 1594 
2018/01/05 21.4 22.35 21.2 21.85 1394 
2018/01/12 21.85 22.5 21.05 21.95 2017 
2018/01/19 22 22 21.3 21.7 1045 
2018/01/26 22.1 22.1 20.7 21.2 1610 
2018/02/02 21.2 21.2 20.25 20.7 699 
2018/02/09 20.6 21 19.8 21 726 
2018/02/16 21 21.3 20.85 21.2 208 
2018/02/23 21 21.85 20.9 21.35 364 
2018/03/02 21.5 21.5 20.7 21.1 303 
2018/03/09 21.25 21.25 20.5 20.7 590 
2018/03/16 20.8 21 20 20.75 327 
2018/03/23 20.75 21.1 20.4 20.5 1151 
2018/03/30 20.55 21.5 20.4 21.2 1678 
2018/04/06 21.3 21.3 20.9 21.2 383 
2018/04/13 21.5 21.5 20.75 20.85 845 
2018/04/20 20.85 21.4 20.2 21.35 1298 
2018/04/27 21.4 24.15 21 23 10194 
2018/05/04 22.8 23.8 20.05 20.9 3980 
2018/05/11 20.95 22.2 20.4 21.7 1890 
2018/05/18 21.7 22.35 21.3 21.65 1252 
2018/05/25 21.6 21.6 20.75 21 1271 
2018/06/01 21.25 21.25 20.5 20.8 850 
2018/06/08 20.95 20.95 20.65 20.65 773 
2018/06/15 20.9 20.9 20.4 20.55 689 
2018/06/22 20.75 20.8 20.3 20.6 466 
2018/06/29 20.1 21.65 20.1 21.1 869 
2018/07/06 21.1 21.35 19.8 20.2 539 
2018/07/13 20.45 20.45 19.8 20.2 546 
2018/07/20 20.3 20.75 20 20.7 1234 
2018/07/27 20.7 21.2 20.4 21.2 944 
2018/08/03 21.35 21.5 20.6 20.8 726 
2018/08/10 20.85 21.2 20.75 20.9 536 
2018/08/17 21.1 21.1 20.2 20.7 637 
2018/08/24 20.95 22 20.7 21.25 869 
2018/08/31 21.5 21.6 21 21.3 470 
2018/09/07 21.35 21.45 21 21.2 852 
2018/09/14 21.25 23.65 20.5 22.9 7388 
2018/09/21 22.85 23.1 22 22.7 3876 
2018/09/28 22.8 23.7 22.25 23.3 3424 
2018/10/05 23.45 24.1 22.5 22.85 3153 
2018/10/12 22.7 23.1 20.2 21.3 2102 
2018/10/19 21.3 22.7 21.1 22.25 1261 
2018/10/26 21.7 22.35 21.7 22.2 1698 
2018/11/02 22.3 22.3 21.1 21.8 511 
2018/11/09 21.85 22.15 21.45 21.75 788 
2018/11/16 21.6 21.65 20.8 20.8 669 
2018/11/23 20.95 21.35 20.5 20.95 961 
2018/11/30 20.95 21.85 20.5 20.95 1005 
2018/12/07 21.25 21.3 20.65 20.65 597 
2018/12/14 20.8 21 20.55 20.9 1056 
2018/12/21 20.95 20.95 20.35 20.8 554 
2018/12/28 20.8 21.9 20.5 21.9 556 
2019/01/04 22 22 20.9 21.2 223 
2019/01/11 21.3 21.5 20.85 21.1 534 
2019/01/18 21.25 21.25 20.25 20.25 692 
2019/01/25 20.25 20.75 20.1 20.6 755 
2019/02/01 20.6 21.45 20.3 21.45 338 
2019/02/15 21.4 21.45 20.45 20.45 709 
2019/02/22 20.65 20.65 20 20.25 575 
2019/03/01 20.45 20.65 20.05 20.55 624 
2019/03/08 20.65 20.65 20.2 20.3 552 
2019/03/15 20.75 21.4 20.5 21.2 864 
2019/03/22 20.95 21.15 20.3 20.55 366 
2019/03/29 20.5 20.7 20.25 20.65 683 
2019/04/05 20.3 20.6 20.2 20.25 666 
2019/04/12 20.35 20.35 19.65 19.65 897 
2019/04/19 19.9 19.9 18.6 19.35 629 
2019/04/26 19.35 20.4 18.4 20.1 1364 
2019/05/03 20.25 20.4 19.6 20.05 343 
2019/05/10 19.8 20.1 19 19.7 392 
2019/05/17 19.2 20.2 19.2 19.95 538 
2019/05/24 19.9 19.95 18.35 19.4 730 
2019/05/31 18.65 19.35 18.5 18.65 410 
2019/06/07 18.65 18.95 18 18.35 157 
2019/06/14 18.35 18.35 17.3 17.8 616 
2019/06/21 17.6 18.6 17.5 17.8 225 
2019/06/28 17.95 17.95 17.45 17.9 331 
2019/07/05 17.65 18 17.3 17.5 298 
2019/07/12 17.35 17.5 16.2 16.6 592 
2019/07/19 16.5 16.65 15.95 16.5 154 
2019/07/26 16.15 16.6 14.5 15.95 981 
2019/08/02 15.6 16 15.1 15.65 441 
2019/08/09 15.05 15.4 15 15.15 252 
2019/08/16 15.15 16 15.05 15.3 401 
2019/08/23 15.1 15.35 15.05 15.25 255 
2019/08/30 15.1 15.25 15.1 15.25 248 
2019/09/06 15.1 15.3 15 15.2 310 
2019/09/13 15.25 15.25 14.7 15.15 250 
2019/09/20 14.95 15.2 14.9 15 239 
2019/09/27 15.1 15.75 14.85 15.1 545 
2019/10/04 15.1 15.15 14.8 15 141 
2019/10/11 15.05 15.4 15 15.35 387 
2019/10/18 15.35 18.65 15.35 18 1542 
2019/10/25 19.05 19.05 17.1 17.25 758 
2019/11/01 17.25 17.65 17 17.4 394 
2019/11/08 17.1 17.35 16.8 17 452 
2019/11/15 16.9 17 16.4 16.65 213 
2019/11/22 16.5 16.5 14.6 15.25 729 
2019/11/29 15.3 15.3 14.65 14.75 393 
2019/12/06 14.7 14.8 14.3 14.5 288 
2019/12/13 14.5 14.75 14 14.6 472 
2019/12/20 14.95 15.35 14.6 15 606 
2019/12/27 14.9 15 14.5 15 392 
2020/01/03 14.6 15 14.5 14.7 388 
2020/01/10 14.6 14.7 13.45 13.6 1680 
2020/01/17 13.6 14.2 12.6 14.2 1238 
2020/01/24 14.2 14.65 14 14.4 365 
2020/01/31 13.6 13.75 13 13.3 358 
2020/02/07 12.9 13.3 12.4 12.8 317 
2020/02/14 12.7 13.15 12.3 12.95 1127 
2020/02/21 12.85 13.1 12.5 12.95 467 
2020/02/28 12.7 13 12.65 13 249 
2020/03/06 12.65 12.9 12.35 12.5 365 
2020/03/13 12.5 12.5 10.6 10.6 4333 
2020/03/20 10.95 11.05 9.3 9.5 955 
2020/03/27 9.5 10 9.42 9.55 917 
2020/04/03 9.5 10 9.37 10 287 
2020/04/10 10 10.75 10 10.7 449 
2020/04/17 10.65 10.8 10.3 10.4 1423 
2020/04/24 10.8 15.3 10.45 15.1 4719 
2020/05/01 15.45 15.45 11.75 13 6938 
2020/05/08 12 12.55 11.8 12.3 6742 
2020/05/15 12.8 14.5 12.55 13.35 6381 
2020/05/22 13.4 13.7 12.6 12.65 2222 
2020/05/29 12.75 12.75 12 12.35 1728 
2020/06/05 12.4 12.7 12.3 12.6 1396 
2020/06/12 12.65 12.65 12 12.25 1870 
2020/06/19 12.2 12.2 11.9 11.9 1654 
2020/06/26 11.95 12 11.5 11.8 1025 
2020/07/03 11.6 11.7 10.95 11.1 2850 
2020/07/10 11.1 13.2 10.65 12.4 4360 
2020/07/17 12.4 12.5 11.2 11.3 1750 
2020/07/24 11.35 12.9 11.25 11.9 2985 
2020/07/31 11.95 13.05 11.9 12.55 2371 
2020/08/07 12.55 12.7 12.1 12.4 1277 
2020/08/14 12.4 12.9 11.9 12.5 1326 
2020/08/21 12.95 12.95 11.55 12.15 2059 
2020/08/28 12.15 12.15 11.6 11.7 1826 
2020/09/04 11.7 11.7 11.2 11.3 1054 
2020/09/11 11.35 11.75 11.2 11.35 865 
2020/09/18 11.4 12 11.25 11.9 1046 
2020/09/25 12 12.1 11.45 11.7 2312 
2020/10/02 11.6 12.6 11.6 11.75 971 
2020/10/09 11.7 11.7 11.15 11.35 1983 
2020/10/16 11.35 11.8 10.9 11.45 2827 
2020/10/23 11.7 11.7 11.1 11.2 1149 
2020/10/30 11.2 11.35 10.8 10.8 965 
2020/11/06 11 11 10.2 10.5 685 
2020/11/13 10.5 11.4 10.3 10.8 861 
2020/11/20 10.85 10.85 10.35 10.5 908 
2020/11/27 10.5 10.65 10.35 10.4 1096 
2020/12/04 10.45 12.35 10.3 11.05 4987 
2020/12/11 11.05 11.1 10.65 10.95 1052 
2020/12/18 10.95 11.25 10.7 10.95 1074 
2020/12/25 10.95 11 10.65 10.8 745 
2021/01/01 10.8 10.95 10.75 10.8 628 
2021/01/08 10.8 10.85 10.3 10.3 982 
2021/01/15 10.3 10.6 10.05 10.2 948 
2021/01/22 10.2 10.25 9.9 10 1197 
2021/01/29 9.98 10.15 9.6 9.64 845 
2021/02/05 9.4 9.7 9.27 9.32 1086 
2021/02/19 9.32 10.25 9.32 10.05 754 
2021/02/26 10.05 10.25 9.8 9.95 1214 
2021/03/05 9.95 10.05 9.78 9.99 626 
2021/03/12 9.9 9.98 9.69 9.79 778 
2021/03/19 9.7 9.9 9.7 9.88 932 
2021/03/26 9.88 9.98 9.85 9.96 368 
