1989/09/08 98 101.5 91 94 34110 
1989/09/15 91 99 91 95 16678 
1989/09/22 96 102 95.5 99 34855 
1989/09/29 101 104 89.5 95 37538 
1989/10/06 93.5 96.5 86 92 25767 
1989/10/13 92 110.5 90 105 75122 
1989/10/20 103 121.5 100 119 108328 
1989/10/27 117 127 115 123 100546 
1989/11/03 123 125 120 122 67804 
1989/11/10 120.5 129.5 116 120 105100 
1989/11/17 122 127 117 117 59782 
1989/11/24 117 119 101 103 70521 
1989/12/01 105 105 75 78.5 44738 
1989/12/08 76 78 62 69 32901 
1989/12/15 67 72.5 62.5 70 54288 
1989/12/22 70 72 62 67 51201 
1989/12/29 67 74 66 71.5 31855 
1990/01/05 72 77 71.5 75 27219 
1990/01/12 75 76 67.5 70.5 36560 
1990/01/19 72 76 71 73.5 31393 
1990/01/26 74 82.5 74 76.5 19233 
1990/02/02 78 84 76.5 78 26083 
1990/02/09 78.5 86.5 77 86.5 37300 
1990/02/16 88 95 86 94 71137 
1990/02/23 93 100 90 92 72085 
1990/03/02 90 91 83 84.5 39320 
1990/03/09 84 102.5 79 102.5 53484 
1990/03/16 103 112 99.5 102 61690 
1990/03/23 100 106 90 98 47524 
1990/03/30 96.5 104.5 96 103 28908 
1990/04/06 102 108.5 95 95 40978 
1990/04/13 91 94 88.5 93.5 28107 
1990/04/20 92.5 99.5 91 99 36742 
1990/04/27 98 106 95 98.5 46802 
1990/05/04 97 98 75 77.5 79990 
1990/05/11 78 80 65 66.5 64714 
1990/05/18 66 70.5 56 56 97725 
1990/05/25 53.5 56 42 44 62876 
1990/06/01 43 57.5 42.9 55.5 93218 
1990/06/08 53 54 40.3 40.3 62428 
1990/06/15 37.5 44.2 37.5 38.4 45526 
1990/06/22 38.8 39.9 33.9 35 25335 
1990/06/29 36 37.2 31.5 32 29479 
1990/07/06 32.6 35.6 30.2 34.7 32844 
1990/07/13 33 37.9 30.6 31.5 42529 
1990/07/20 31 40 30 39.9 60460 
1990/07/27 41 42 35 40.9 86191 
1990/08/03 41.1 43.7 33.7 34.4 63492 
1990/08/10 33.4 34.4 26 27.6 26020 
1990/08/17 27 30.5 25 26 32284 
1990/08/24 27 27 19.1 21.2 24247 
1990/08/31 21.4 24.5 21.3 23.7 30331 
1990/09/07 24.2 24.5 20.6 21 33787 
1990/09/14 22.3 25.5 21.5 22.6 54109 
1990/09/21 22.6 23.5 19.8 21.2 35123 
1990/09/28 20.5 21.8 19.7 21.2 35755 
1990/10/05 20.9 22.6 20 21.6 45949 
1990/10/12 21.2 24.7 20.8 22.6 81502 
1990/10/19 22.8 26.1 22.6 26.1 84912 
1990/10/26 26.6 28.9 25.1 25.1 90338 
1990/11/02 26.4 26.8 23 25.6 46235 
1990/11/09 27 28.8 24.5 25.6 67565 
1990/11/16 27.2 28.5 26.6 28.1 59611 
1990/11/23 29 33.5 28.3 31.2 101312 
1990/11/30 31 31.4 27 31.4 87178 
1990/12/07 31 32.6 28.3 28.3 68963 
1990/12/14 28.3 29.1 26.8 27 36580 
1990/12/21 27 27.3 23.2 24.6 28484 
1990/12/28 25 26.7 24.3 26.7 15695 
1991/01/04 25 26.7 24.9 26.4 11497 
1991/01/11 25.5 26 22.5 22.7 15370 
1991/01/18 22.1 24.8 20 24.4 18640 
1991/01/25 24 28.9 23.9 25.6 78307 
1991/02/01 25.6 26.6 24.1 25 22576 
1991/02/08 25 29.3 25 28.3 43117 
1991/02/15 29.2 30.2 29 30.2 11537 
1991/02/22 32.3 35.6 30.9 31.7 52967 
1991/03/01 31.7 33.5 29.1 29.1 38529 
1991/03/08 29 30.6 27.8 30.5 23014 
1991/03/15 30 33 30 32.5 39128 
1991/03/22 32.3 33.4 31.6 32.2 32629 
1991/03/29 32.7 39 32.2 39 52427 
1991/04/05 41.7 45 41.2 44.3 46390 
1991/04/12 43.5 47.6 42.3 44.6 78338 
1991/04/19 44.6 45 38.8 43.7 45081 
1991/04/26 43.5 44 41.6 42.6 22320 
1991/05/03 43.3 43.5 39.7 42 18212 
1991/05/10 43 46 42.3 42.5 39567 
1991/05/17 42.5 42.5 38.2 39.3 16661 
1991/05/24 37.5 42.3 37.5 41 32177 
1991/05/31 41.2 42.3 39 41.9 33263 
1991/06/07 42.4 45.6 40.8 44.9 56812 
1991/06/14 45.1 45.8 42.5 44.3 37439 
1991/06/21 45 47.5 44.6 47 41768 
1991/06/28 46.9 46.9 42.2 42.8 28346 
1991/07/05 43.5 43.9 41.5 41.8 11082 
1991/07/12 41.8 42.2 40 41.2 10190 
1991/07/19 42 42 38.4 40.4 8705 
1991/07/26 39.6 42.8 37.5 42.8 20830 
1991/08/02 42.8 43.6 40 41.6 19320 
1991/08/09 40.7 42.9 38.5 42.2 15376 
1991/08/16 42.2 43.4 33.5 33.8 24824 
1991/08/23 33.7 34 29.8 31.7 27455 
1991/08/30 31.3 33.3 28.5 32.7 20629 
1991/09/06 32.7 34.8 32.1 34.6 26328 
1991/09/13 34 34.8 31.6 32.1 14695 
1991/09/20 32.1 34.5 31.8 34 9824 
1991/09/27 34.4 35.5 34.4 34.8 12575 
1991/10/04 35 35.2 33.5 34.4 8175 
1991/10/11 34.2 35.3 33.5 34 5917 
1991/10/18 32.8 33 28 29.4 11922 
1991/10/25 29.2 29.3 26.5 28.5 7227 
1991/11/01 29 30.6 28.7 30 12721 
1991/11/08 29.5 31.4 29.5 30.4 15089 
1991/11/15 30.4 30.6 29.3 29.6 5342 
1991/11/22 29.6 30.2 28.8 29.5 7205 
1991/11/29 29.3 30.2 28.1 28.4 6011 
1991/12/06 28.2 29.1 27.5 28.8 6362 
1991/12/13 29 29.3 27.5 27.6 6031 
1991/12/20 27.3 28.5 27.3 28 4004 
1991/12/27 28.7 31.5 28.3 31.2 14182 
1992/01/03 31.5 31.9 31.2 31.4 4072 
1992/01/10 31.5 34 31.4 33.6 22624 
1992/01/17 33.9 36 32.8 34.5 40644 
1992/01/24 34.8 35.9 33.5 35.5 28730 
1992/01/31 35.5 35.7 34.1 34.5 12413 
1992/02/07 34 34.5 33.3 34.1 2030 
1992/02/14 34.1 35.2 32.2 32.8 12588 
1992/02/21 32.6 34.5 31.2 34.5 23277 
1992/02/28 35 35.6 32 35.6 24976 
1992/03/06 36 36.3 33.6 34 24692 
1992/03/13 34 36.9 33.3 35.3 30560 
1992/03/20 35.3 36.1 33 33 14593 
1992/03/27 33 34.2 32.6 33.9 8864 
1992/04/03 33.5 33.8 32 33.2 3293 
1992/04/10 33.2 33.2 31.4 32 5376 
1992/04/17 31.6 33 31.6 32.8 5865 
1992/04/24 32.5 34.7 32.4 33.6 17189 
1992/05/01 33.7 36 33.6 35.5 17619 
1992/05/08 35.5 35.8 34.2 34.2 7888 
1992/05/15 33.9 35.5 32.7 35.4 10341 
1992/05/22 35.4 36.6 35.1 35.9 22597 
1992/05/29 36.1 36.2 33.9 34.6 9850 
1992/06/05 34.5 35.7 34 34.9 6576 
1992/06/12 35 40.3 34.5 38.6 42578 
1992/06/19 39 42.7 38.6 42.5 47412 
1992/06/26 44.2 44.2 38.5 39.8 33756 
1992/07/03 40.3 40.4 38.6 40.4 13650 
1992/07/10 40.5 41.1 38.3 39.4 10116 
1992/07/17 39.4 40.8 37.7 39.9 18870 
1992/07/24 39.9 40.3 35.3 36.7 17046 
1992/07/31 37.2 38.4 35.4 37.7 13888 
1992/08/07 37.7 37.9 37 37.4 3679 
1992/08/14 37 37.2 35 35.2 4693 
1992/08/21 35.4 35.7 33.6 34.1 7148 
1992/08/28 34.6 35.2 32.8 35 11333 
1992/09/04 35.4 38.5 35.3 36.1 9926 
1992/09/11 37 37 33.5 35.9 4498 
1992/09/18 35.1 35.5 30.2 32.2 9335 
1992/09/25 30 31 26.6 26.6 9466 
1992/10/02 26 29.2 24.8 28.9 16745 
1992/10/09 29.2 30.5 27.4 28 11165 
1992/10/16 28.3 29.5 27.5 29.4 7966 
1992/10/23 29.6 29.6 28 28.6 4156 
1992/10/30 28.3 29 28 28.4 1898 
1992/11/06 28.6 28.6 27.5 28 2300 
1992/11/13 28 28.5 27.5 28.5 3234 
1992/11/20 28.6 29.3 28 28.5 3677 
1992/11/27 28.5 28.5 28 28.3 1865 
1992/12/04 28.5 28.5 27.5 28.5 2354 
1992/12/11 28.5 28.8 28 28 3361 
1992/12/18 28.2 28.5 27.7 27.8 2991 
1992/12/25 28 28 23.8 24 4103 
1993/01/01 24.1 24.1 21.3 22.7 2615 
1993/01/08 22.7 23 19.3 21.5 5625 
1993/01/15 21.4 24.5 20.5 24.4 11422 
1993/01/22 24.7 24.7 23.3 23.8 3823 
1993/01/29 23.8 23.8 21.8 23.2 3394 
1993/02/05 23.6 27.1 23.4 25.8 17366 
1993/02/12 26 27.8 25 27 11295 
1993/02/19 26.5 29.4 26.3 29.3 18445 
1993/02/26 29.9 31.5 28 31.5 19072 
1993/03/05 32.6 34 30.3 33.6 31261 
1993/03/12 33.8 33.8 31 31 12846 
1993/03/19 31 35.5 31 35.3 32399 
1993/03/26 35.7 36.2 33 33.1 30457 
1993/04/02 33.3 35.2 33.2 33.8 44378 
1993/04/09 34 34.1 30.8 30.8 14907 
1993/04/16 30.6 31 28.5 28.8 10276 
1993/04/23 29.5 30.4 28 30.4 11984 
1993/04/30 30.2 31.9 30.1 31.5 17132 
1993/05/07 31.4 32.4 30.2 32 8785 
1993/05/14 32.3 33.6 31.8 32.5 36043 
1993/05/21 32.1 32.3 29.9 30 9440 
1993/05/28 30.2 30.4 29.3 29.3 17881 
1993/06/04 29.5 29.9 28.6 29.5 3321 
1993/06/11 29.6 29.6 28.5 28.7 2804 
1993/06/18 28.9 29.5 28.5 28.7 2354 
1993/06/25 29 29 28 28.6 1853 
1993/07/02 28.5 28.5 25.8 26 1571 
1993/07/09 26 26.5 25.4 26.5 4442 
1993/07/16 26.5 26.5 24.5 24.6 1387 
1993/07/23 24.9 25.8 24 25.5 3026 
1993/07/30 25.6 25.8 24.3 24.4 3054 
1993/08/06 24.6 25.8 23.8 25.3 4904 
1993/08/13 25.5 26.3 25.3 25.6 5216 
1993/08/20 25.7 26.5 25 25.2 5576 
1993/08/27 25.5 25.5 23.8 24.2 2778 
1993/09/03 24.4 24.4 23 23.4 1609 
1993/09/10 23.5 23.8 23 23.7 2063 
1993/09/17 23.8 24.6 23 24.4 2070 
1993/09/24 24.2 24.6 23.7 24.1 1549 
1993/10/01 24.1 24.1 23.5 23.9 620 
1993/10/08 23.9 25.2 23.7 24.8 6800 
1993/10/15 25 26.1 24.9 26 5465 
1993/10/22 26 27.6 25.3 26.9 6356 
1993/10/29 26.9 27 26.3 26.5 2115 
1993/11/05 26.7 28.3 26.7 27.2 9226 
1993/11/12 27.2 27.5 26.5 27 1363 
1993/11/19 27.3 27.5 25.1 26.1 2648 
1993/11/26 26.1 26.1 25.4 25.8 1292 
1993/12/03 26.1 29.3 26.1 28.6 18427 
1993/12/10 28.7 30.4 28.6 29.2 14169 
1993/12/17 29.2 33.5 29.2 31.9 33766 
1993/12/24 32.2 35.7 32 35.1 34815 
1993/12/31 35.5 39.5 35.5 37.1 42076 
1994/01/07 37.5 42.3 37.2 39 26062 
1994/01/14 39.3 40.5 36.5 39 16896 
1994/01/21 39 40.5 37.5 38.7 14147 
1994/01/28 39 39.1 37 38.8 6109 
1994/02/04 39 40.2 38 39.1 12667 
1994/02/18 39.4 40.8 38.5 40.4 30529 
1994/02/25 40 40.7 33.3 34 30111 
1994/03/04 33.8 33.8 31.3 32.8 12651 
1994/03/11 33 33.6 31 31.4 7067 
1994/03/18 31.5 32.3 31 31.1 2979 
1994/03/25 31.4 33 31 32.2 8551 
1994/04/01 32.5 33.5 32.1 33.5 4383 
1994/04/08 34 34.8 33.5 34.3 4688 
1994/04/15 34.5 35.5 34 35.3 5074 
1994/04/22 35.6 40 35.4 40 35065 
1994/04/29 40 40.4 37.2 37.7 14944 
1994/05/06 38.8 39.4 37.2 37.9 9326 
1994/05/13 38 38.8 37.7 37.9 6430 
1994/05/20 38 39.2 37.3 37.8 7967 
1994/05/27 37.9 38.1 37.5 37.8 1989 
1994/06/03 37.9 42.1 37.9 42.1 11115 
1994/06/10 42.7 44 40 40.7 16064 
1994/06/17 41.6 41.6 39.5 40 3471 
1994/06/24 41 42.7 40.8 41.6 17453 
1994/07/01 41.8 45 41.6 44 19926 
1994/07/08 44.3 46.5 44 45.4 23027 
1994/07/15 45.4 46 44 46 12696 
1994/07/22 49 49 45 48.5 36684 
1994/07/29 49.3 55 49.3 53 50607 
1995/01/06 53 53.5 48.5 50 7340 
1995/01/13 49.8 49.8 42.2 42.2 16659 
1995/01/20 42 46.3 42 45 12473 
1995/01/27 45 45 42.6 43.8 6761 
1995/02/03 44 44.8 44 44.4 781 
1995/02/10 44 45.4 43.8 45.1 8843 
1995/02/17 45.3 45.3 44 45.3 13651 
1995/02/24 45.3 45.5 42.9 43 15598 
1995/03/03 42.7 44.8 41.3 43.8 20597 
1995/03/10 43.8 45.4 43.2 45 10841 
1995/03/17 45 45.7 44.5 45.1 8821 
1995/03/24 45 45.8 44.2 44.6 11839 
1995/03/31 44.6 49.3 44.4 49.3 23739 
1995/04/07 49.5 50.5 48.5 49.1 13584 
1995/04/14 49.1 50.5 42.6 42.7 43070 
1995/04/21 42.5 42.7 39.5 40.5 15975 
1995/04/28 40.5 40.6 38.5 39 10234 
1995/05/05 38.8 39 36 37.8 5970 
1995/05/12 38 39.6 37.5 38.7 6304 
1995/05/19 38.8 39 38 38.5 3590 
1995/05/26 38.4 38.6 36.6 36.9 3138 
1995/06/02 36.9 38.2 36.4 38 2981 
1995/06/09 38.2 38.2 37.1 37.8 1673 
1995/06/16 37.8 37.8 34.8 35.2 2639 
1995/06/23 35 36.9 34.5 36.1 4004 
1995/06/30 36.1 36.5 31.9 32.8 2847 
1995/07/07 32.8 34.4 31.7 34.4 2775 
1995/07/14 34.4 34.4 33.1 33.1 1366 
1995/07/21 33.2 34.1 25 27.3 3794 
1995/07/28 27.3 28.5 26.5 26.9 5520 
1995/08/04 26.5 27.5 25 25.5 2044 
1995/08/11 25 26.7 23.5 23.5 2038 
1995/08/18 23 25.1 21.3 23.9 5140 
1995/08/25 23.9 24.4 23.3 24.2 2162 
1995/09/01 24.3 26.4 24 25.9 4864 
1995/09/08 26.2 29.4 26.1 28.7 54385 
1995/09/15 28.9 29 25.2 25.7 23821 
1995/09/22 25.6 26.3 25 25.3 4183 
1995/09/29 25.8 26.3 25 25.8 7305 
1995/10/06 25.8 27 25.3 26.4 23318 
1995/10/13 26.7 26.7 25.1 25.3 17710 
1995/10/20 25.3 25.6 23.3 24 9478 
1995/10/27 24.2 24.8 23.6 23.7 7632 
1995/11/03 23.7 24.2 23.3 23.5 2918 
1995/11/10 23.8 24 22.3 22.6 2206 
1995/11/17 22.6 22.6 21.8 22 2847 
1995/11/24 22 23.9 21.9 23.9 6207 
1995/12/01 24.1 24.7 23.2 23.6 7780 
1995/12/08 24.2 25.8 23.8 25.3 12039 
1995/12/15 25.5 26.4 25.2 25.5 12683 
1995/12/22 25.5 26 23.5 24.7 8947 
1995/12/29 24.7 24.7 24 24.5 3672 
1996/01/05 24.6 24.7 22.1 22.9 2400 
1996/01/12 22.9 24.7 22.8 24.7 8211 
1996/01/19 24.9 24.9 24 24.3 4749 
1996/01/26 24.3 24.5 23.2 23.3 2371 
1996/02/02 23.1 23.3 22.5 22.8 1917 
1996/02/09 22.8 23.3 22 22.8 1533 
1996/02/16 23 24.5 22.8 23.6 3519 
1996/02/23 23.6 24.3 23.6 23.9 1278 
1996/03/01 23.9 24 22.8 23.8 1785 
1996/03/08 23.9 24.4 22.8 23.4 5056 
1996/03/15 22.9 24.3 22.6 23.8 4861 
1996/03/22 23.6 24.2 23.5 23.8 3236 
1996/03/29 24.2 25 23.6 25 6325 
1996/04/05 25.4 26.9 25.4 26.9 11452 
1996/04/12 26.7 27.2 25 27.2 19818 
1996/04/19 28 29 25.8 26 19864 
1996/04/26 26 29 26 27.9 21019 
1996/05/03 28.2 29.2 27.1 28.9 15518 
1996/05/10 29.8 30.2 27.6 28.1 12081 
1996/05/17 28.5 29.6 26.5 26.7 12718 
1996/05/24 27 27.2 24.9 26.6 6345 
1996/05/31 26.7 26.7 25.7 26.2 4813 
1996/06/07 26.8 27.2 26 26.8 6309 
1996/06/14 26.5 28.6 26.5 27.7 11112 
1996/06/21 28 28.6 27.5 28 6479 
1996/06/28 28.3 29.3 27.4 29.1 15524 
1996/07/05 29.3 29.8 28.1 28.3 14060 
1996/07/12 28.6 29.2 28.1 28.3 5814 
1996/07/19 28.1 28.4 26.6 27 6823 
1996/07/26 27 27.3 24 25.7 7380 
1996/08/02 27.4 29.6 25.9 28.4 38121 
1996/08/09 28.7 32 28 30.9 65611 
1996/08/16 31 33.3 30 31.2 66779 
1996/08/23 31.2 32.7 30.3 32.5 40177 
1996/08/30 32.4 32.4 30.1 30.2 20593 
1996/09/06 30.5 32.2 30.3 32.1 15785 
1996/09/13 32.5 33.4 31.5 32.8 23246 
1996/09/20 33 34.8 33 33.7 36693 
1996/09/27 33.9 34.5 30.8 31.3 22325 
1996/10/04 31.3 31.9 30.8 30.8 12422 
1996/10/11 30.9 32 30.6 32 15550 
1996/10/18 32.2 32.8 30.6 30.6 16049 
1996/10/25 30.6 32 30.6 31.4 11808 
1996/11/01 31.6 31.9 30.8 31.2 8635 
1996/11/08 31.2 32.3 31.2 31.8 15190 
1996/11/15 32 32.7 31.3 31.7 18950 
1996/11/22 31.9 32.5 30.8 31.8 26844 
1996/11/29 32 35.6 31.5 32.7 83809 
1996/12/06 33.3 33.4 31.2 31.2 18832 
1996/12/13 31.5 32.5 31.4 31.7 7654 
1996/12/20 32 32.6 31.6 31.6 11550 
1996/12/27 31.6 32.6 31.6 31.7 16754 
1997/01/03 31.8 32.2 30.5 31.2 4939 
1997/01/10 31.2 32.2 31.2 32 14792 
1997/01/17 32.5 33.6 32.1 32.2 36724 
1997/01/24 32.5 36.9 32.5 32.8 80201 
1997/01/31 33.1 33.7 32.2 33.4 21711 
1997/02/07 33.7 33.9 33.2 33.3 5036 
1997/02/14 33.6 36.3 33.5 35.2 45736 
1997/02/21 35.7 38.2 35 36.9 77256 
1997/02/28 37.5 39.7 36.6 37.1 66709 
1997/03/07 37 39.8 36.8 39.3 46412 
1997/03/14 39.5 40.5 38.3 38.8 60820 
1997/03/21 38.6 40.3 35.4 36.1 35080 
1997/03/28 35.8 36.5 33.5 35.4 15063 
1997/04/04 35.7 36.2 34.8 35.8 15356 
1997/04/11 36.2 38.2 35.6 37.5 39510 
1997/04/18 37.8 38.3 34.5 34.8 21351 
1997/04/25 35.2 35.8 34.5 34.6 11036 
1997/05/02 34.5 34.6 30.2 31 8024 
1997/05/09 30.7 32.4 30 30.2 7880 
1997/05/16 30.3 30.5 27.5 30 8850 
1997/05/23 29.1 29.8 28.8 29.1 3005 
1997/05/30 29 29.5 27.5 29.5 4558 
1997/06/06 29 29.9 28.5 29 6237 
1997/06/13 29 29.4 28.6 29.1 3406 
1997/06/20 29.3 30.8 28.9 29.4 17330 
1997/06/27 29.7 30.5 28.3 29.6 17559 
1997/07/04 29.9 32 29.5 30.8 31097 
1997/07/11 31 31.1 28.3 28.8 14601 
1997/07/18 29.1 29.1 24.5 26.6 12713 
1997/07/25 26.6 28 24.5 24.8 13985 
1997/08/01 24.7 26.2 24.5 24.9 8655 
1997/08/08 25.6 26.2 24.5 25.5 13528 
1997/08/15 25.5 26.5 24.5 25.6 12163 
1997/08/22 25.8 26.9 25.1 26.1 15100 
1997/08/29 26.5 27.4 25 25.3 13064 
1997/09/05 25.3 25.5 24.1 25.3 13599 
1997/09/12 25.4 26.4 24.5 26.4 18898 
1997/09/19 26.6 27.2 25.7 27.2 29048 
1997/09/26 27.3 27.7 24.9 25.1 14977 
1997/10/03 25.3 25.4 22 22 7523 
1997/10/10 22.1 22.7 21.5 22.6 4054 
1997/10/17 22.8 22.8 18.5 18.9 13133 
1997/10/24 19 19.8 18 18.6 35756 
1997/10/31 18.8 18.8 16.6 17.3 8811 
1997/11/07 17.6 19.2 17.5 17.7 21420 
1997/11/14 17.7 18 17.2 17.4 4401 
1997/11/21 17.4 19 17.2 19 6818 
1997/11/28 19 19.8 18.6 18.8 13421 
1997/12/05 17.8 23.6 17.6 22.8 34038 
1997/12/12 22.5 23.6 21 22.2 30897 
1997/12/19 22.6 24.6 22 22.1 35583 
1997/12/26 22.1 23.5 21.8 22.9 11643 
1998/01/02 23 23.3 22.5 23 5846 
1998/01/09 23.1 23.5 20.3 20.5 10647 
1998/01/16 20.1 20.8 19.1 19.8 7821 
1998/01/23 20.3 20.4 19.8 20.1 3216 
1998/02/06 20.5 21.5 19.9 21 9045 
1998/02/13 21.3 22.6 21 22.3 16114 
1998/02/20 22.6 28 22.4 27.7 53966 
1998/02/27 29 30.3 26.9 27.6 61730 
1998/03/06 27.4 29.5 24.8 25.7 32566 
1998/03/13 25.8 28.5 25.8 27.3 28898 
1998/03/20 27.6 27.8 25 26.1 17163 
1998/03/27 26.5 31.2 26.2 29.8 93390 
1998/04/03 30.1 31.5 29.5 30.3 75870 
1998/04/10 30.5 30.5 28 28.5 24547 
1998/04/17 28.5 28.5 25.2 26.5 14252 
1998/04/24 26.8 26.8 24.3 26.1 11085 
1998/05/01 25.8 25.9 23.5 23.9 7093 
1998/05/08 24 24.7 23.1 23.1 5241 
1998/05/15 23.5 24 21.1 21.3 7341 
1998/05/22 21.4 23.4 21.1 23 7489 
1998/05/29 23.2 23.2 21.8 21.9 4826 
1998/06/05 21.9 22.1 19.2 20.3 9350 
1998/06/12 20.3 21.5 19 19.4 11438 
1998/06/19 19.4 25 19 25 31856 
1998/06/26 25 25.6 22.7 24.9 47272 
1998/07/03 25.5 28 23.3 27.6 70154 
1998/07/10 27.7 28.3 23.8 24.3 47517 
1998/07/17 24 24.7 23 23.9 21678 
1998/07/24 24.2 24.8 23 23.7 11710 
1998/07/31 23.6 24.5 23 23 9558 
1998/08/07 23.4 23.5 21.1 21.6 7563 
1998/08/14 21.7 21.7 19.3 21.1 12214 
1998/08/21 21.1 21.2 19.8 20.2 3957 
1998/08/28 20 20 18.1 18.4 10108 
1998/09/04 18.6 20.4 16.5 19.7 30075 
1998/09/11 19.7 20.7 19 19.7 21204 
1998/09/18 19.9 21.8 19.7 21.3 32293 
1998/09/25 21.3 21.5 19.3 19.9 11000 
1998/10/02 19.9 20.3 17.6 19.1 7565 
1998/10/09 19 21.5 18.3 20.9 15068 
1998/10/16 21 21.6 19.6 20 16705 
1998/10/23 20.2 23 20.1 22.6 27072 
1998/10/30 22.6 22.6 20.6 21.3 13415 
1998/11/06 21.5 21.7 19.6 20.3 10121 
1998/11/13 20.3 20.3 19 19.8 3851 
1998/11/20 20.1 23.8 19.9 22.4 38798 
1998/11/27 22.3 22.4 20.5 21.3 17442 
1998/12/04 21.3 21.6 20.4 21.3 6988 
1998/12/11 21.9 22.7 21.2 21.2 17093 
1998/12/18 21.5 21.5 19.3 19.4 8043 
1998/12/25 19.4 20.4 19.4 19.5 8635 
1999/01/01 19.3 19.4 18.1 18.4 4863 
1999/01/08 18 18.4 16 17.6 14520 
1999/01/15 17.8 18 16.1 17.2 11902 
1999/01/22 17.4 17.4 16.5 16.5 10998 
1999/01/29 16.3 16.8 15.8 16.4 6895 
1999/02/05 16.2 16.3 13 13.95 17025 
1999/02/12 14.2 14.8 13.7 14.45 5409 
1999/02/19 14.9 15.4 14.85 15.1 1561 
1999/02/26 15.2 16.2 14.9 16.1 11222 
1999/03/05 16.3 16.7 15.7 16.1 11224 
1999/03/12 16.1 16.3 15.5 15.6 4236 
1999/03/19 15.5 17.6 15.4 17 20437 
1999/03/26 17.1 17.8 16.7 17.5 13134 
1999/04/02 17.8 18.6 16.8 18.5 21224 
1999/04/09 19 19.1 18.2 18.5 19535 
1999/04/16 18.7 19.3 17.7 19 34996 
1999/04/23 19.7 20.1 18.6 19.2 31321 
1999/04/30 19.5 19.7 18.5 18.5 10207 
1999/05/07 18.5 21.2 18.5 19.6 34639 
1999/05/14 19.5 19.7 17.8 18 13965 
1999/05/21 18.2 18.3 17.1 17.8 9445 
1999/05/28 17.9 17.9 16.5 17.2 7908 
1999/06/04 17.3 17.5 16.6 17 6326 
1999/06/11 17 17.4 16.6 16.8 5866 
1999/06/18 17 17 15.8 15.8 4932 
1999/06/25 15.8 16.8 15.8 16.4 6776 
1999/07/02 16.8 16.8 15.7 16 4200 
1999/07/09 16.1 17.2 16 16.1 6207 
1999/07/16 16.1 16.1 13.5 14.1 10369 
1999/07/23 14.1 15.2 14.1 15.1 6719 
1999/07/30 15 15.3 13.05 13.15 5310 
1999/08/06 13.2 13.3 12 12.35 5019 
1999/08/13 12.05 14.75 12.05 14.4 6168 
1999/08/20 14.5 15.4 14.1 15.1 7245 
1999/08/27 15.3 16 14.45 16 4339 
1999/09/03 15.9 17.5 15.5 16.2 19492 
1999/09/10 16.3 16.5 15.2 15.5 5998 
1999/09/17 15.8 16.3 15.1 15.8 4767 
1999/09/24 15.9 16.1 15.6 15.6 446 
1999/10/01 15.1 16.2 14.1 15.9 5383 
1999/10/08 16 16.5 15.3 15.7 6837 
1999/10/15 15.7 16.2 15.2 16.2 3240 
1999/10/22 16.2 16.3 15.3 15.4 3182 
1999/10/29 15.3 15.7 14.5 15 3307 
1999/11/05 15.1 15.2 13.6 14 2975 
1999/11/12 13.05 14 13.05 13.9 1429 
1999/11/19 13.95 14.2 13.25 13.8 2668 
1999/11/26 13.9 14.45 13.25 13.3 3115 
1999/12/03 13.4 14.8 13.3 14.15 5018 
1999/12/10 14.3 15.5 14.1 14.45 4916 
1999/12/17 14.5 15.1 13.8 15 5983 
1999/12/24 15 15 14 14.1 3674 
1999/12/31 14.3 14.3 14 14.1 1771 
2000/01/07 14.2 17.1 13.85 17.1 29512 
2000/01/14 18.2 19 16.5 17.5 20764 
2000/01/21 17.8 18.6 17 17.5 9919 
2000/01/28 18.7 20.9 18.7 19.9 33861 
2000/02/04 20.4 20.9 20 20 5544 
2000/02/11 20.6 23.2 20 23.2 17673 
2000/02/18 23.6 26.6 22.5 26.5 43522 
2000/02/25 26.5 28.3 21.3 21.3 44026 
2000/03/03 21.3 21.3 18.9 19.6 22919 
2000/03/10 19.1 19.9 17.8 18.8 16300 
2000/03/17 18.5 18.5 16 18.5 14299 
2000/03/24 17.9 21.1 17.9 19.9 11012 
2000/03/31 19.7 22 19.2 21.4 30202 
2000/04/07 22.3 24.2 21.4 21.4 20431 
2000/04/14 21.6 22.8 18.7 18.9 24447 
2000/04/21 18.8 20.5 18.6 18.9 5885 
2000/04/28 19.1 19.1 16 16.7 6375 
2000/05/05 16.7 16.7 15 16.2 4456 
2000/05/12 16.2 17.2 16.1 16.7 3161 
2000/05/19 16.9 17.5 16.2 16.2 4518 
2000/05/26 16.5 16.6 15.8 15.9 2260 
2000/06/02 16 16.7 15.6 15.8 2900 
2000/06/09 15.8 15.9 14.55 14.7 11145 
2000/06/16 14.6 14.7 13.85 14.15 5555 
2000/06/23 14.15 14.3 13.8 14.05 2799 
2000/06/30 14.05 14.1 12.3 12.7 5722 
2000/07/07 12.85 13.15 11.55 11.6 12718 
2000/07/14 11.6 12.3 10.8 11.9 6879 
2000/07/21 12.3 12.5 11.6 12 3883 
2000/07/28 12.1 12.5 11.1 12.5 7248 
2000/08/04 12.8 13.35 12.55 12.6 12101 
2000/08/11 12.65 12.9 12.1 12.1 4155 
2000/08/18 12.25 12.4 11.6 12 2942 
2000/08/25 12 12.15 11 11.25 2506 
2000/09/01 11.1 11.15 9.3 10.75 7016 
2000/09/08 11.5 12.5 11.5 12.35 9679 
2000/09/15 12.35 12.35 10.25 10.55 3126 
2000/09/22 10.5 11.55 9.6 11.1 6740 
2000/09/29 11.1 11.85 11 11.25 5634 
2000/10/06 11.1 13 10.3 12.75 12585 
2000/10/13 12.75 13.6 11.95 12.45 6287 
2000/10/20 12.75 12.95 10.9 11.7 8783 
2000/10/27 11.6 11.85 11 11 4701 
2000/11/03 10.65 11 9.75 10.45 4861 
2000/11/10 10.2 11.2 9.8 11.1 2776 
2000/11/17 10.5 10.6 8.85 8.85 3442 
2000/11/24 8.3 8.65 7.65 8.45 5019 
2000/12/01 8.7 8.7 7.6 8.2 5116 
2000/12/08 8.05 8.5 7.9 8.35 2620 
2000/12/15 8.5 9.2 8.3 8.3 4702 
2000/12/22 8.05 8.3 7.5 7.9 2937 
2000/12/29 7.85 8 7.6 7.9 1662 
2001/01/05 7.9 9.4 7.85 9.4 5897 
2001/01/12 9.8 10.05 8.85 9.05 11512 
2001/01/19 9 9.8 8.6 9.6 5191 
2001/02/02 9.6 10.4 9.6 10.4 6351 
2001/02/09 10.65 11 9.3 9.8 6899 
2001/02/16 10 11.2 9.65 10.5 10865 
2001/02/23 10 11.3 9.9 10.1 12347 
2001/03/02 10.1 10.5 9.15 9.2 6726 
2001/03/09 9.2 9.6 9.15 9.25 3544 
2001/03/16 9.25 9.6 8.8 9.55 3868 
2001/03/23 9.55 9.8 9.1 9.75 3571 
2001/03/30 9.85 9.9 9.4 9.65 4343 
2001/04/06 9.65 9.7 8.55 9.05 2531 
2001/04/13 8.95 9.5 8.6 9.3 2696 
2001/04/20 9.3 9.4 8.6 9 2298 
2001/04/27 8.7 9.15 8.7 8.9 1602 
2001/05/04 8.8 8.8 7.65 7.9 1916 
2001/05/11 7.8 8.15 6.9 7.3 3108 
2001/05/18 7.3 7.7 7.15 7.25 1704 
2001/05/25 7.2 7.45 6.95 7.15 2392 
2001/06/01 7.2 7.25 6.5 6.55 3039 
2001/06/08 6.55 6.9 6.3 6.7 2354 
2001/06/15 6.6 6.8 6.4 6.5 1203 
2001/06/22 6.55 6.55 6.2 6.3 1508 
2001/06/29 6.2 6.4 5.8 6.05 1781 
2001/07/06 6 6 5.3 5.65 1597 
2001/07/13 5.55 5.9 5.3 5.4 1772 
2001/07/20 5.45 5.45 4.4 4.6 3985 
2001/07/27 4.66 5.35 4.64 5.2 2632 
2001/08/03 5.1 5.3 5 5.2 1854 
2001/08/10 5.2 5.6 5.05 5.3 2025 
2001/08/17 5.2 6.2 5.2 5.7 5090 
2001/08/24 5.6 5.9 5.4 5.55 2397 
2001/08/31 5.3 6.35 5.3 6.05 8201 
2001/09/07 6.05 6.05 5.4 5.55 2172 
2001/09/14 5.5 5.6 4.84 4.96 1709 
2001/09/21 4.79 4.96 4.73 4.85 1129 
2001/09/28 4.9 5.25 4.75 5.15 2176 
2001/10/05 5.15 5.15 4.91 5.05 1449 
2001/10/12 4.98 5.25 4.9 5.15 1098 
2001/10/19 5.1 5.2 4.88 4.96 1163 
2001/10/26 4.98 5.2 4.92 4.93 1198 
2001/11/02 4.93 5 4.82 4.88 1852 
2001/11/09 4.89 5 4.83 4.93 1445 
2001/11/16 4.98 5.2 4.91 5.1 1979 
2001/11/23 5.1 5.3 5.05 5.1 1669 
2001/11/30 5.15 5.45 4.65 4.72 5204 
2001/12/07 4.8 5.7 4.79 5.7 6383 
2001/12/14 5.8 6.35 5.65 6.1 7542 
2001/12/21 6 6.75 5.6 5.65 4653 
2001/12/28 5.7 6.2 5.7 5.95 2694 
2002/01/04 6.05 7 5.95 6.75 8172 
2002/01/11 6.8 8.2 6.5 8.2 11232 
2002/01/18 8.75 8.75 7.2 7.6 14661 
2002/01/25 7.4 8.2 7.4 7.95 11185 
2002/02/01 7.9 8 7.25 7.5 4723 
2002/02/08 7.35 7.6 7.2 7.25 3202 
2002/02/22 7.3 7.95 7.25 7.25 9865 
2002/03/01 7.3 7.35 6.85 7.05 3781 
2002/03/08 7.2 7.95 7.1 7.65 6351 
2002/03/15 7.95 8.4 7.5 7.55 7300 
2002/03/22 7.4 8.3 7.3 8.2 8114 
2002/03/29 8.2 10 8.1 9 22691 
2002/04/05 8.7 10.4 8.65 10.1 18608 
2002/04/12 10.3 11.55 9.4 9.7 22010 
2002/04/19 9.8 11.7 9.7 11.1 16543 
2002/04/26 11 12.2 10.5 10.55 21412 
2002/05/03 10.35 10.5 9 9.45 5446 
2002/05/10 9.45 9.55 8.5 9.2 13474 
2002/05/17 9.25 9.5 8.9 9.1 12220 
2002/05/24 9.1 9.1 8 8.9 4999 
2002/05/31 8.65 9.2 8.5 8.95 4840 
2002/06/07 8.95 9.1 8.25 8.65 4441 
2002/06/14 9 9.5 8.65 9.2 11268 
2002/06/21 9.3 9.8 8.5 8.85 15349 
2002/06/28 9.05 9.6 7.85 8.15 19626 
2002/07/05 8.15 8.65 7.6 8.6 5852 
2002/07/12 8.7 8.75 7.95 8.35 3426 
2002/07/19 8.4 8.65 8.05 8.45 3915 
2002/07/26 8.3 8.6 7.95 8 2312 
2002/08/02 8 8.4 7.9 8.2 2091 
2002/08/09 7.7 7.95 7.2 7.75 1837 
2002/08/16 7.65 7.7 7.3 7.5 1827 
2002/08/23 7.5 8.3 7.4 8.05 4569 
2002/08/30 8.15 8.3 7.9 8.05 4222 
2002/09/06 7.7 7.95 7.4 7.6 2001 
2002/09/13 7.6 8.6 7.5 8.4 3879 
2002/09/20 8.5 8.55 7.8 7.9 2269 
2002/09/27 7.9 7.9 6.85 7 1696 
2002/10/04 6.85 7.3 6.65 7 1985 
2002/10/11 6.8 7.05 6.6 6.95 1057 
2002/10/18 6.8 7.5 6.8 7.45 4978 
2002/10/25 7.4 7.65 7.25 7.4 2984 
2002/11/01 7.4 8.2 7.35 8 3987 
2002/11/08 8.2 8.5 7.45 8.5 2714 
2002/11/15 8.55 9.1 8.35 9.1 8104 
2002/11/22 9.05 9.3 8.5 8.9 8917 
2002/11/29 8.95 9.25 8.7 8.9 7692 
2002/12/06 8.8 9 8.75 8.9 3809 
2002/12/13 9 9.95 9 9.15 15844 
2002/12/20 9.15 9.3 8.8 8.9 3422 
2002/12/27 8.9 9.1 8.45 8.55 2053 
2003/01/03 8.45 9.1 8.4 9.05 1949 
2003/01/10 9.15 10.35 8.9 10.15 16115 
2003/01/17 10.2 11.1 9.8 10.35 13941 
2003/01/24 10.3 10.75 10.15 10.45 12128 
2003/01/31 10.4 10.5 9.75 10 3347 
2003/02/07 10.05 10.1 9.2 9.5 1501 
2003/02/14 9.4 9.45 8.6 8.8 2386 
2003/02/21 9 9.25 8.55 8.75 2360 
2003/02/28 8.8 8.9 8.45 8.7 3086 
2003/03/07 8.7 9 8.3 8.45 2219 
2003/03/14 8.5 8.5 7.5 8.1 3800 
2003/03/21 8 8.1 7.7 8 1494 
2003/03/28 8.1 8.15 7.85 7.95 702 
2003/04/04 7.9 8 7.65 8 794 
2003/04/11 7.9 8.2 7.85 8 1637 
2003/04/18 8.1 8.15 7.9 8 1705 
2003/04/25 8 8 7.2 7.4 1942 
2003/05/02 7 7.2 6.7 6.95 2259 
2003/05/09 7 7.4 7 7.25 1716 
2003/05/16 7.15 7.3 7.1 7.1 918 
2003/05/23 7.05 7.3 6.9 7.3 1258 
2003/05/30 7.35 7.9 7.35 7.85 3683 
2003/06/06 7.75 8.2 7.75 7.95 2178 
2003/06/13 7.95 8.2 7.9 8.05 2979 
2003/06/20 8.05 8.35 8.05 8.2 3973 
2003/06/27 8.2 8.45 7.95 8 3081 
2003/07/04 7.9 8.15 7.9 8 3327 
2003/07/11 8.05 8.85 8.05 8.3 7567 
2003/07/18 8.4 9.05 8.2 8.7 7501 
2003/07/25 8.85 8.85 8.35 8.5 2832 
2003/08/01 8.55 8.95 8.4 8.55 3585 
2003/08/08 8.55 8.55 8.2 8.35 1781 
2003/08/15 8.25 8.45 8.25 8.3 2590 
2003/08/22 8.35 8.6 8.3 8.55 5234 
2003/08/29 8.55 9.35 8.55 8.75 12179 
2003/09/05 8.85 9.35 8.6 8.75 11594 
2003/09/12 8.75 8.9 8.25 8.35 3391 
2003/09/19 8.45 8.9 8.35 8.85 2454 
2003/09/26 8.8 9 8.5 8.6 2605 
2003/10/03 8.5 9.3 8.5 9.3 5426 
2003/10/10 9.45 9.8 9.2 9.7 15359 
2003/10/17 9.8 11.05 9.75 10.15 36326 
2003/10/24 9.95 10.7 9.95 10.1 15876 
2003/10/31 10.15 10.65 10.1 10.45 13856 
2003/11/07 10.5 11.2 10 10.3 24711 
2003/11/14 10.25 10.45 9.9 10.05 7411 
2003/11/21 10.15 10.15 9.45 9.7 3628 
2003/11/28 9.7 9.8 9.2 9.25 8108 
2003/12/05 9.25 9.55 9.25 9.4 3362 
2003/12/12 9.35 9.65 9.35 9.55 2956 
2003/12/19 9.6 9.7 9.2 9.3 3557 
2003/12/26 9.3 9.6 9.3 9.45 7494 
2004/01/02 9.45 9.7 9.35 9.65 3999 
2004/01/09 9.75 10.5 9.7 10.05 13194 
2004/01/16 10.1 10.4 9.8 10.2 8846 
2004/01/30 10.3 11.85 10.25 11.85 50615 
2004/02/06 12.45 14.75 12.25 14.2 97600 
2004/02/13 14.4 15.5 12.85 13.5 82598 
2004/02/20 13.55 15.2 13 14.4 94616 
2004/02/27 14.5 14.8 13.85 13.85 24975 
2004/03/05 13.95 15.8 13.9 14.85 61372 
2004/03/12 15.1 15.5 13.85 14.4 32120 
2004/03/19 14.8 15.4 13.95 14 58781 
2004/03/26 13.05 13.05 10.7 11 16513 
2004/04/02 11.4 12.45 11.4 11.7 18232 
2004/04/09 11.9 11.9 11.45 11.5 10941 
2004/04/16 11.6 12.45 11.6 11.8 17489 
2004/04/23 11.85 12.5 11.3 11.3 18226 
2004/04/30 11.4 11.45 9.75 9.9 11115 
2004/05/07 9.7 10.15 9.2 9.8 8473 
2004/05/14 9.55 9.75 8.9 9.35 6912 
2004/05/21 9.2 10.05 8.55 10.05 8328 
2004/05/28 10.05 10.45 10.05 10.4 7173 
2004/06/04 10.75 11.05 9.75 9.95 7633 
2004/06/11 10.1 10.6 10.1 10.2 5263 
2004/06/18 10.2 10.4 9.8 10 3324 
2004/06/25 10.1 10.35 9.9 10.05 3785 
2004/07/02 10.1 10.55 10 10.3 4610 
2004/07/09 10.25 10.9 10.1 10.9 3878 
2004/07/16 11 11.3 10.05 10.35 3513 
2004/07/23 10.3 10.3 9.8 9.85 2165 
2004/07/30 9.8 10.1 9.8 9.9 1192 
2004/08/06 9.95 9.95 9.45 9.75 1556 
2004/08/13 9.5 9.75 9.3 9.5 1199 
2004/08/20 9.4 9.75 9.2 9.7 1338 
2004/08/27 9.7 10.1 9.65 10 1422 
2004/09/03 9.95 11.65 9.95 11.3 15108 
2004/09/10 11.4 12.2 11.4 12 21443 
2004/09/17 12.1 12.5 11.55 11.55 20967 
2004/09/24 11.55 11.85 11.15 11.25 9464 
2004/10/01 11.25 11.3 10.75 11.05 5941 
2004/10/08 11.2 11.85 11.1 11.4 12544 
2004/10/15 11.5 11.75 10.5 10.55 9373 
2004/10/22 10.6 10.95 10.55 10.6 4554 
2004/10/29 10.55 10.75 10.35 10.55 2951 
2004/11/05 10.75 11.45 10.55 11.45 8466 
2004/11/12 11.6 12 11.3 11.6 19468 
2004/11/19 11.75 11.9 11.5 11.65 12800 
2004/11/26 11.7 12.35 11.7 11.9 25717 
2004/12/03 12.05 12.1 11.6 12 10383 
2004/12/10 11.95 12.1 11.75 11.85 6698 
2004/12/17 12 12.6 11.85 12.3 14252 
2004/12/24 12.2 12.5 11.95 12.5 12091 
2004/12/31 12.55 13.25 12.3 13.2 28616 
2005/01/07 13.3 13.85 12.8 12.8 25597 
2005/01/14 12.8 13.6 12.7 13.6 19332 
2005/01/21 13.7 13.75 12.7 12.85 14081 
2005/01/28 12.85 12.85 12.05 12.25 6049 
2005/02/04 12.25 12.7 12 12.15 10168 
2005/02/18 12.3 12.4 11.9 12 8323 
2005/02/25 12 13 11.95 12.7 20595 
2005/03/04 12.95 13.55 12.8 12.9 26781 
2005/03/11 12.9 13.2 12 12.1 19802 
2005/03/18 12.1 12.25 11.6 12.05 10714 
2005/03/25 12.05 12.15 11.7 12 4741 
2005/04/01 12 12.05 11.2 11.35 5955 
2005/04/08 11.3 11.4 11.15 11.4 2270 
2005/04/15 11.35 11.35 10.75 10.85 2273 
2005/04/22 10.15 11 10.15 10.7 6069 
2005/04/29 10.7 11.3 10.7 11.15 2660 
2005/05/06 11.3 11.3 10.8 10.9 4711 
2005/05/13 10.9 10.9 10.25 10.7 8631 
2005/05/20 10.8 10.95 10.5 10.8 3810 
2005/05/27 10.7 10.8 10.5 10.7 2465 
2005/06/03 10.7 11.75 10.55 11.6 9798 
2005/06/10 11.6 12 11.45 11.65 10601 
2005/06/17 11.7 11.85 11.2 11.2 15856 
2005/06/24 11.25 11.45 11.15 11.3 4826 
2005/07/01 11.35 12.05 11.2 11.2 18934 
2005/07/08 11.25 11.45 10.75 10.8 4560 
2005/07/15 11 11.15 10.8 11.1 6771 
2005/07/22 11.2 11.3 10.9 11.25 7277 
2005/07/29 11.3 12.3 11 11.95 36618 
2005/08/05 11.95 12.15 11.35 11.4 20815 
2005/08/12 11.4 11.9 11.3 11.7 8337 
2005/08/19 11.75 11.85 11.2 11.35 7306 
2005/08/26 11.45 11.45 11.05 11.15 2683 
2005/09/02 11.15 11.5 10.95 11.4 4681 
2005/09/09 11.5 12 11.4 11.45 11911 
2005/09/16 11.5 11.6 11.15 11.15 3749 
2005/09/23 11.2 11.5 11.05 11.1 4757 
2005/09/30 11.2 11.45 11 11.35 4422 
2005/10/07 11.4 11.45 11.2 11.2 3125 
2005/10/14 11.25 11.3 11 11.05 2924 
2005/10/21 11.1 11.2 10.55 10.75 6668 
2005/10/28 10.75 10.85 10.45 10.55 2403 
2005/11/04 10.6 10.85 10.55 10.55 3387 
2005/11/11 10.55 10.75 10.35 10.7 2985 
2005/11/18 10.6 10.75 10.4 10.55 1716 
2005/11/25 10.55 10.65 10.45 10.45 1672 
2005/12/02 10.5 10.9 10.45 10.65 4375 
2005/12/09 10.7 11.25 10.7 11 6287 
2005/12/16 11.1 11.8 11 11.65 8831 
2005/12/23 11.8 12.35 11.65 12.05 10680 
2005/12/30 12.55 12.7 12.25 12.4 17074 
2006/01/06 12.25 13.45 11.9 13.45 28257 
2006/01/13 13.6 13.8 13 13.05 21895 
2006/01/20 13.2 13.2 12 12.1 9778 
2006/01/27 12 12.4 11.9 12.35 3228 
2006/02/03 12.6 12.95 12.45 12.85 3066 
2006/02/10 12.8 13.1 12.45 12.5 5565 
2006/02/17 12.55 12.6 12.1 12.45 3785 
2006/02/24 12.2 12.45 11.7 11.8 4686 
2006/03/03 11.7 12.3 11.7 11.9 2343 
2006/03/10 11.8 11.95 11.8 11.8 1722 
2006/03/17 11.8 11.9 11.05 11.05 3462 
2006/03/24 11.1 11.3 11.05 11.15 2286 
2006/03/31 11.25 11.45 11.1 11.35 1133 
2006/04/07 11.35 11.55 11.25 11.55 1654 
2006/04/14 11.6 13.3 11.45 13.3 15346 
2006/04/21 13.35 13.7 12.8 13 21488 
2006/04/28 13.2 15.45 13.15 14.9 72050 
2006/05/05 14.95 15.8 14.7 14.8 52325 
2006/05/12 15.2 17.85 15.05 16.05 102299 
2006/05/19 16.3 17.15 14.65 15.1 48753 
2006/05/26 15.2 16.05 14.25 15.2 31492 
2006/06/02 15.3 15.5 13.5 14.05 17166 
2006/06/09 14.2 14.25 12 12.6 21163 
2006/06/16 12.3 13.3 12 13.3 17050 
2006/06/23 13.4 14.05 12.7 13.95 21174 
2006/06/30 14 14.95 13.6 14.65 17447 
2006/07/07 14.7 15.2 13.7 13.75 15051 
2006/07/14 13.7 14.75 13.5 14 18769 
2006/07/21 13.6 13.8 13 13.4 7967 
2006/07/28 13.2 14.2 13.1 14 10551 
2006/08/04 14.45 14.75 14.05 14.1 13507 
2006/08/11 14 14.55 13.8 13.9 15857 
2006/08/18 14 15.2 13.9 14.6 21261 
2006/08/25 14.7 14.75 13.5 13.6 6418 
2006/09/01 13.6 13.9 13.2 13.85 3426 
2006/09/08 13.9 14.3 13.6 13.9 4989 
2006/09/15 13.85 14 13 13.2 3036 
2006/09/22 13.6 14.7 13.4 14.2 15805 
2006/09/29 14.2 15.1 14.2 14.55 16681 
2006/10/06 14.7 15.3 14.55 15 11856 
2006/10/13 15 16.2 14.8 15.8 34384 
2006/10/20 16 16.2 15.25 16 36777 
2006/10/27 16.2 16.95 15.5 15.5 40231 
2006/11/03 15.45 16.25 15.3 16 12807 
2006/11/10 15.5 18.6 15.4 18.45 86353 
2006/11/17 18.55 19.45 17.4 17.6 62333 
2006/11/24 17.7 18.2 17.1 17.85 28708 
2006/12/01 17.95 18.55 17.4 18.25 44648 
2006/12/08 18.5 19.6 17.9 19 74247 
2006/12/15 19 19.4 17.1 17.6 40476 
2006/12/22 17.9 18.35 17.35 17.55 22960 
2006/12/29 17.8 18.45 17.5 17.8 22067 
2007/01/05 17.85 18.3 16.8 16.8 22252 
2007/01/12 16.8 17 15.5 16.2 15708 
2007/01/19 16.2 17.1 15.85 16.65 17430 
2007/01/26 16.7 17.65 16.55 16.65 21594 
2007/02/02 16.85 16.85 15.8 16.1 8824 
2007/02/09 16.15 16.4 15.9 16.1 7673 
2007/02/16 16.1 16.35 15.95 16.05 6297 
2007/03/02 16.25 16.85 15.8 16 11991 
2007/03/09 15.5 16.2 15 15.8 11234 
2007/03/16 16 16 15.5 15.8 6725 
2007/03/23 15.95 16.1 15.8 16 6349 
2007/03/30 16.05 16.4 15.9 16.1 13008 
2007/04/06 16.15 16.35 16.1 16.25 5269 
2007/04/13 16.35 18 16.3 17.55 39345 
2007/04/20 17.8 17.95 16.8 17.25 17153 
2007/04/27 17.3 17.4 16.85 17.1 12663 
2007/05/04 17.1 17.2 15.8 16.55 11171 
2007/05/11 16.6 16.75 16.1 16.15 6725 
2007/05/18 16.15 16.5 15.85 16.2 11678 
2007/05/25 16.45 17.05 16.3 16.75 12550 
2007/06/01 16.95 17 16.7 16.8 9146 
2007/06/08 16.9 17.2 16.55 17 10330 
2007/06/15 17.15 17.4 16.95 16.95 17438 
2007/06/22 17.2 17.95 17 17.85 21612 
2007/06/29 18 18.05 17.4 17.7 20605 
2007/07/06 17.85 19.3 17.8 18.85 51763 
2007/07/13 18.9 20.45 18.75 19.65 42389 
2007/07/20 20.6 22.3 20.1 20.4 70026 
2007/07/27 20.3 21.9 19.05 19.15 47457 
2007/08/03 19.7 20.5 18.25 19.25 34349 
2007/08/10 18.95 19.4 18 18.25 19424 
2007/08/17 18.7 20.3 17.2 17.3 48270 
2007/08/24 18 18.8 17.75 18.35 17000 
2007/08/31 18.55 20 18.4 19.5 30634 
2007/09/07 19.7 20.95 19.6 20.3 37791 
2007/09/14 20.3 21.15 19.75 19.9 28764 
2007/09/21 19.95 21.5 19.75 20.7 53929 
2007/09/28 21.4 23.95 21.35 23.7 60876 
2007/10/05 23.95 24.35 21.5 22.1 56704 
2007/10/12 22.5 22.55 21 21.4 18757 
2007/10/19 21.5 22.05 20.65 20.8 15875 
2007/10/26 20.15 20.7 19.7 20.3 11176 
2007/11/02 20.5 21.2 19 19.05 16674 
2007/11/09 19.2 19.6 17.7 18.2 12019 
2007/11/16 17.85 19 17.55 18.25 10918 
2007/11/23 18.25 18.5 16.3 16.35 13012 
2007/11/30 16.55 16.9 15.6 16.75 11420 
2007/12/07 16.9 17.35 16.6 17.05 10218 
2007/12/14 17.2 18 16 16.35 17457 
2007/12/21 16.3 16.3 14.75 15.2 11709 
2007/12/28 15.6 17.8 15.4 17.8 18470 
2008/01/04 18 19.1 17.85 18.8 36656 
2008/01/11 18.5 20.55 18.45 19.25 49796 
2008/01/18 20 21.2 19 19.9 46284 
2008/01/25 20.25 21.2 17.55 18.85 33385 
2008/02/01 18.85 19.65 17.95 19.65 22932 
2008/02/15 19.7 21.05 19.7 20.75 31953 
2008/02/22 21.25 21.7 20.35 21.35 43584 
2008/02/29 22.05 24.2 22 23.5 88211 
2008/03/07 23.15 24.75 22 22.5 74220 
2008/03/14 22.2 23 20.9 21.6 35667 
2008/03/21 21.5 22.7 21.2 22.1 26917 
2008/03/28 23.5 24.2 22.55 23.85 52576 
2008/04/04 23.85 23.95 21.2 21.55 33674 
2008/04/11 21.65 23.5 21.6 23.15 26374 
2008/04/18 23.15 26.1 23.15 25.7 90569 
2008/04/25 25.95 26 23.2 23.5 31974 
2008/05/02 23.5 23.95 23.1 23.6 20079 
2008/05/09 23.6 24.2 22.7 23.75 19348 
2008/05/16 23.75 24.3 23.15 23.7 21485 
2008/05/23 23.7 26.1 23.05 26.1 46793 
2008/05/30 26.6 26.6 21.7 22.3 44476 
2008/06/06 22.2 23.05 21.85 22.7 9607 
2008/06/13 21.8 22.2 19.35 19.6 13870 
2008/06/20 20 20.6 18.55 18.55 18114 
2008/06/27 18 18.8 16.9 17.2 14019 
2008/07/04 17.3 17.65 16 16.85 14638 
2008/07/11 16.9 17.7 16.4 17.7 10500 
2008/07/18 17.6 17.6 15.95 16.3 10030 
2008/07/25 16.3 17.8 16.3 17.25 8354 
2008/08/01 16.1 16.9 16.05 16.35 7280 
2008/08/08 16.3 16.4 14.75 15.5 15957 
2008/08/15 14.6 15.3 14.35 14.85 12050 
2008/08/22 14.85 14.85 14.3 14.4 5875 
2008/08/29 14.4 14.75 14.25 14.45 4850 
2008/09/05 14.45 14.45 12.3 12.7 8785 
2008/09/12 12.9 13.55 12.2 12.7 9536 
2008/09/19 12.5 12.5 9.68 10.45 16907 
2008/09/26 10.95 11.6 10.65 10.7 20787 
2008/10/03 9.96 11.05 9.96 11.05 9411 
2008/10/10 10.8 10.85 10 10 5465 
2008/10/17 9.65 10.95 9.65 10.4 9532 
2008/10/24 10.2 10.85 9.56 9.56 7964 
2008/10/31 9 11 8.55 10.9 11109 
2008/11/07 10.9 11.45 9.95 10.85 12872 
2008/11/14 10.85 11.2 10.05 10.4 6410 
2008/11/21 10.45 11.65 10.35 11.15 15083 
2008/11/28 11.1 11.95 10.85 11.9 11349 
2008/12/05 11.8 12.1 11 11.15 11034 
2008/12/12 11.3 12.3 11.3 11.7 13917 
2008/12/19 12 12.25 11.7 12 13178 
2008/12/26 12.05 12.1 10.8 11.1 7239 
2009/01/02 11.2 11.7 11.1 11.6 3611 
2009/01/09 11.75 11.95 11.15 11.6 4923 
2009/01/16 11.5 11.85 10.9 11.05 5212 
2009/01/23 11 11.3 10.4 11.3 1866 
2009/02/06 10.9 11.25 10.75 11.15 3104 
2009/02/13 11.5 12.3 11.45 11.8 17144 
2009/02/20 11.8 12.05 11.2 11.25 6688 
2009/02/27 11.15 11.5 11 11.5 3457 
2009/03/06 11.25 11.3 10.7 11 4972 
2009/03/13 11 11.65 11 11.5 6180 
2009/03/20 11.65 12.6 11.5 12.3 34489 
2009/03/27 12.45 13.3 12.2 12.6 31974 
2009/04/03 12.55 14.45 11.95 14.45 45487 
2009/04/10 14.7 15.6 14.05 15.45 71460 
2009/04/17 15.6 16.15 14.35 14.35 64702 
2009/04/24 14.1 15.15 13.4 14.8 23445 
2009/05/01 15 15 12.85 14.1 13177 
2009/05/08 14.8 15.75 14.3 14.85 37848 
2009/05/15 15.15 15.8 14.4 14.9 28546 
2009/05/22 14.9 16.75 14.9 16 72863 
2009/05/29 16.3 17.5 16.15 17 47641 
2009/06/05 17.35 18.15 15.65 16.75 59575 
2009/06/12 16.85 16.9 14.55 15.25 24751 
2009/06/19 15 15.1 13.75 14.4 12699 
2009/06/26 14.4 14.95 14 14.65 14436 
2009/07/03 14.8 15.65 14.35 15.05 15962 
2009/07/10 15.15 15.8 15.1 15.4 15610 
2009/07/17 15.4 15.5 14.6 15.15 9080 
2009/07/24 15.2 15.9 15.15 15.8 17970 
2009/07/31 16.5 16.5 15.6 15.9 24606 
2009/08/07 16 16.6 15.5 15.7 17922 
2009/08/14 14.95 15.2 14.65 15.1 8492 
2009/08/21 15.1 15.1 13.65 13.8 6522 
2009/08/28 14 14.25 13.5 13.75 4898 
2009/09/04 13.8 15.1 13.8 14.8 9305 
2009/09/11 14.8 15.05 14.6 15 10119 
2009/09/18 15.1 15.5 14.85 15.25 12692 
2009/09/25 15.4 15.45 14.55 14.75 8050 
2009/10/02 14.6 15.15 14.55 14.75 6251 
2009/10/09 14.75 15.75 14.75 15.55 15200 
2009/10/16 15.8 16.4 15.5 15.9 28456 
2009/10/23 15.9 16.35 15.75 16.05 18370 
2009/10/30 16.2 16.4 14.8 15.15 14337 
2009/11/06 14.9 15.5 14.8 15.1 6509 
2009/11/13 15.15 15.5 15.15 15.35 6355 
2009/11/20 15.35 16.1 15.35 15.6 11537 
2009/11/27 15.75 16 15.05 15.05 7571 
2009/12/04 15.15 15.7 15.15 15.25 5840 
2009/12/11 15.25 15.55 15 15.35 11699 
2009/12/18 15.35 15.5 15.05 15.1 7679 
2009/12/25 15.2 15.6 15.15 15.4 7310 
2010/01/01 15.4 15.75 15.35 15.75 10907 
2010/01/08 15.75 16.25 15.65 16.1 21878 
2010/01/15 16.2 16.85 16 16.05 22351 
2010/01/22 16.15 17.05 15.35 15.35 27155 
2010/01/29 15.2 15.65 14.55 15.05 12532 
2010/02/05 15.05 15.1 13.75 13.95 8769 
2010/02/12 13.95 14.55 13.85 14.35 4021 
2010/02/26 14.55 14.65 14.15 14.2 4086 
2010/03/05 14.25 15.45 14.25 15.1 12555 
2010/03/12 15.3 15.4 15 15.1 4975 
2010/03/19 15.1 15.7 14.8 15.7 9202 
2010/03/26 15.7 15.8 15.2 15.5 8389 
2010/04/02 15.5 15.85 15.45 15.6 11202 
2010/04/09 15.7 17.25 15.65 16.85 42604 
2010/04/16 16.9 17.35 16.25 16.95 34552 
2010/04/23 16.75 16.9 15.8 16.85 21077 
2010/04/30 17.3 19.2 16.6 18 85608 
2010/05/07 18.05 18.8 15.5 16.1 41677 
2010/05/14 16.1 16.5 15.8 16.3 14968 
2010/05/21 16.1 16.45 15.1 15.3 16258 
2010/05/28 15.4 15.7 14.85 15.45 9292 
2010/06/04 15.6 16 15.45 15.9 7738 
2010/06/11 15.65 16.85 15.45 16.25 19844 
2010/06/18 16.4 16.6 16.3 16.3 6563 
2010/06/25 16.5 16.95 16.4 16.6 13130 
2010/07/02 16.7 16.95 15.5 15.8 18017 
2010/07/09 15.9 16.6 15.9 16.25 16974 
2010/07/16 16.35 17.3 16 17.2 25395 
2010/07/23 17.2 19.9 17.05 19.55 81839 
2010/07/30 19.7 20.25 18.8 18.8 58718 
2010/08/06 19 22.6 18.9 22.5 92277 
2010/08/13 22.5 22.55 19.85 20.7 61889 
2010/08/20 20.7 22.5 20.7 21.25 67202 
2010/08/27 21.25 21.55 18.4 19.5 37954 
2010/09/03 19.6 20.4 18.5 20.1 22863 
2010/09/10 20.3 20.3 18.7 18.75 21088 
2010/09/17 18.85 20.1 18.6 19.65 31774 
2010/09/24 19.65 20.5 19.3 19.95 30533 
2010/10/01 20.15 20.4 19.75 20 25454 
2010/10/08 20.1 21.45 19.85 20.65 46835 
2010/10/15 21.25 23.15 21 23.1 90669 
2010/10/22 23.1 24.05 21.8 23.4 80747 
2010/10/29 23.4 24.25 22.55 22.55 37892 
2010/11/05 22.65 24.75 22.6 24.6 41171 
2010/11/12 24.8 26.3 24.15 24.4 56938 
2010/11/19 24.1 24.3 22.55 23.4 21762 
2010/11/26 23.4 24.2 22.2 22.55 21913 
2010/12/03 22.6 24.5 22.55 24.3 26564 
2010/12/10 24.65 25.3 24.05 24.5 33354 
2010/12/17 24.4 24.65 24 24.25 18174 
2010/12/24 24.3 24.8 23.5 23.5 21120 
2010/12/31 23.4 24 23.05 23.45 28033 
2011/01/07 23.6 25.2 23.3 23.45 46147 
2011/01/14 23.3 24.3 23.3 24.05 16347 
2011/01/21 24.15 24.45 23.5 23.6 20475 
2011/01/28 23.65 24.35 22.95 23.05 24295 
2011/02/11 23.2 23.65 22.45 22.5 17139 
2011/02/18 22.6 22.7 21.6 22.25 13742 
2011/02/25 22.1 22.25 19.8 20.1 15495 
2011/03/04 20.4 20.4 19.95 20.1 8777 
2011/03/11 20.2 20.6 19.95 20.45 9550 
2011/03/18 20.3 20.3 18.6 19.65 14057 
2011/03/25 19.7 20.25 19.35 20.1 15144 
2011/04/01 20.1 20.7 19.9 20.55 9498 
2011/04/08 20.6 21.45 20.6 21.3 7986 
2011/04/15 21.3 21.45 20.65 21.05 11488 
2011/04/22 21.05 21.35 20.55 21 9741 
2011/04/29 21.05 22.4 21.05 21.95 21367 
2011/05/06 22.15 22.7 21.5 22 18161 
2011/05/13 22 24.1 22 23.8 53154 
2011/05/20 24 24.1 22.3 22.45 16367 
2011/05/27 22.25 22.45 21.8 21.8 12432 
2011/06/03 21.7 22.6 21.5 22 12014 
2011/06/10 22 22.55 21.9 22.2 8187 
2011/06/17 22.05 22.1 21.5 21.5 12806 
2011/06/24 21.5 21.65 20.9 21.3 8165 
2011/07/01 21.1 22.05 21 22 7691 
2011/07/08 22.1 22.5 21.85 22.5 11993 
2011/07/15 22.5 22.5 21.4 22.15 11247 
2011/07/22 22.15 23.7 22.1 23.45 31920 
2011/07/29 23.45 23.8 22.3 23.6 38466 
2011/08/05 23.7 24.5 19.75 19.75 56195 
2011/08/12 19.7 19.75 17.35 19 24202 
2011/08/19 19.4 20.5 18.8 18.9 15842 
2011/08/26 18.9 19.75 18.6 18.9 10077 
2011/09/02 19.1 20 18.95 19.55 11094 
2011/09/09 19.3 19.45 18.7 19.1 9162 
2011/09/16 18.95 18.95 18.1 18.75 8150 
2011/09/23 18.65 18.75 17 17.15 6795 
2011/09/30 17.15 17.2 16 16.75 7545 
2011/10/07 16.45 17.25 15.8 17.2 5821 
2011/10/14 17.85 17.85 17.4 17.6 4493 
2011/10/21 17.85 18 17.45 17.75 4545 
2011/10/28 17.95 19.35 17.95 18.95 11815 
2011/11/04 19 19 18.15 18.7 5901 
2011/11/11 18.65 18.9 18 18.15 5280 
2011/11/18 18.3 18.5 18.1 18.25 5586 
2011/11/25 18.1 18.1 16.9 17.25 8376 
2011/12/02 17.35 17.85 17.2 17.45 5226 
2011/12/09 17.55 17.55 17 17.3 4270 
2011/12/16 17.5 17.5 17 17.05 6319 
2011/12/23 17.05 17.95 16.65 17.8 9881 
2011/12/30 17.9 18 17.2 17.55 6763 
2012/01/06 17.5 17.8 17.25 17.8 7022 
2012/01/13 17.8 18.15 17.55 17.95 8908 
2012/01/20 18.25 18.3 17.9 18.3 5657 
2012/02/03 18.5 19.1 18.5 19 18732 
2012/02/10 19 19.25 18.75 19.1 9816 
2012/02/17 19.1 19.25 18.75 18.8 8085 
2012/02/24 19 19.45 19 19.25 12131 
2012/03/02 19.3 20.9 19.25 20.8 27790 
2012/03/09 20.8 20.9 19.75 20.2 18727 
2012/03/16 20.2 20.2 19.85 20.15 6770 
2012/03/23 20.15 20.15 19.9 20 6029 
2012/03/30 20.1 20.1 18.8 19.25 7975 
2012/04/06 19.3 19.4 18.25 18.6 5818 
2012/04/13 18.5 19.2 18.2 19.1 5271 
2012/04/20 19.1 19.2 18.3 18.45 4356 
2012/04/27 18.45 18.5 18.15 18.45 3683 
2012/05/04 18.4 19.3 18.3 19.25 7200 
2012/05/11 19.05 19.05 18.3 18.4 5485 
2012/05/18 18.4 18.4 17.6 17.8 4973 
2012/05/25 17.8 17.9 17.3 17.45 3405 
2012/06/01 17.45 17.8 17.3 17.55 4206 
2012/06/08 17.3 17.3 16.6 17.1 4910 
2012/06/15 17.1 17.3 16.9 17 4904 
2012/06/22 17.2 17.75 17.1 17.7 7169 
2012/06/29 17.7 18.1 17.5 18.1 4344 
2012/07/06 18.1 18.6 18 18.55 8194 
2012/07/13 18.55 19.35 18.45 19.3 9205 
2012/07/20 19.5 19.65 19.15 19.35 7674 
2012/07/27 19.3 19.3 18.75 19 4472 
2012/08/03 19.1 19.15 18 18.1 10877 
2012/08/10 18.2 18.55 18.15 18.25 5209 
2012/08/17 18.3 19.2 18.25 18.95 11478 
2012/08/24 18.85 18.9 18.4 18.5 4895 
2012/08/31 18.6 18.65 18 18.65 4538 
2012/09/07 18.7 19.2 18.65 19 9751 
2012/09/14 19.15 19.65 19.15 19.5 11132 
2012/09/21 19.6 19.8 19.2 19.35 7214 
2012/09/28 19.55 20.2 19.05 19.6 24919 
2012/10/05 19.6 20 19.2 19.3 6936 
2012/10/12 19.35 19.35 18.65 18.9 5304 
2012/10/19 18.9 19.15 18.75 18.85 3938 
2012/10/26 18.7 18.75 18.05 18.1 3532 
2012/11/02 18.15 18.7 17.8 18.65 4622 
2012/11/09 18.6 18.75 18.4 18.75 3076 
2012/11/16 18.75 19 18.55 18.9 4193 
2012/11/23 18.8 18.95 18.45 18.8 2439 
2012/11/30 18.8 19.1 18.8 18.95 2658 
2012/12/07 18.95 19.45 18.95 19.2 3535 
2012/12/14 19.2 19.25 18.95 19.1 3464 
2012/12/21 19.2 19.2 18.55 18.65 4587 
2012/12/28 18.75 19 18.6 18.95 4462 
2013/01/04 18.95 19.35 18.95 19.3 3562 
2013/01/11 19.3 19.65 19.2 19.5 4766 
2013/01/18 19.45 19.55 19.05 19.5 4261 
2013/01/25 19.45 19.75 19.3 19.7 4055 
2013/02/01 19.7 19.75 19.5 19.55 3037 
2013/02/08 19.6 19.7 19.45 19.5 2288 
2013/02/22 19.7 19.7 19.3 19.35 3603 
2013/03/01 19.35 19.45 19.1 19.35 1851 
2013/03/08 19.35 19.55 19.1 19.5 2539 
2013/03/15 19.5 19.6 19.2 19.25 4109 
2013/03/22 19.2 19.5 19.15 19.4 3290 
2013/03/29 19.35 19.5 19.35 19.5 2307 
2013/04/05 19.45 19.6 19.45 19.55 2138 
2013/04/12 19.5 19.8 19.15 19.6 2974 
2013/04/19 19.6 20.25 19.55 20.15 6218 
2013/04/26 20.15 20.55 20 20.35 5089 
2013/05/03 20.15 20.5 20.1 20.3 3087 
2013/05/10 20.5 20.5 19.95 20 3705 
2013/05/17 20 20.15 19.85 19.95 4400 
2013/05/24 19.95 20.1 19.75 19.8 4014 
2013/05/31 19.7 19.85 19.6 19.6 2721 
2013/06/07 19.5 19.7 19.4 19.5 2963 
2013/06/14 19.55 19.65 19.2 19.35 1872 
2013/06/21 19.35 19.55 19.1 19.4 2983 
2013/06/28 19.5 19.6 19.2 19.55 3230 
2013/07/05 19.55 19.7 19.4 19.4 1642 
2013/07/12 19.5 19.75 19.4 19.75 1822 
2013/07/19 19.65 20.1 19.65 20 4511 
2013/07/26 20 20.1 19.9 19.95 3104 
2013/08/02 19.95 20 18.95 19.1 4926 
2013/08/09 19.1 19.15 18.65 18.7 3474 
2013/08/16 18.7 18.75 18.3 18.4 4556 
2013/08/23 18.4 18.55 18.25 18.4 2394 
2013/08/30 18.4 18.45 18.2 18.3 2943 
2013/09/06 18.3 18.8 18.25 18.8 4584 
2013/09/13 18.65 18.9 18.55 18.75 2805 
2013/09/20 18.75 18.95 18.75 18.9 1175 
2013/09/27 18.9 19.1 18.75 19.05 2002 
2013/10/04 19.1 19.35 18.85 19.15 3057 
2013/10/11 19.3 19.5 18.95 18.95 3842 
2013/10/18 18.95 19.3 18.85 19.2 2933 
2013/10/25 19.25 19.25 18.8 18.95 2961 
2013/11/01 18.95 19.1 18.8 18.85 2371 
2013/11/08 18.8 18.8 18.55 18.6 2348 
2013/11/15 18.6 18.95 18.6 18.8 1609 
2013/11/22 18.8 19 18.7 18.85 1585 
2013/11/29 18.8 19.2 18.8 19.15 2687 
2013/12/06 19.15 19.15 18.9 19 1742 
2013/12/13 19 19.15 18.95 19.05 1569 
2013/12/20 19.05 19.1 18.8 19.1 1379 
2013/12/27 19.1 19.3 19.05 19.25 2434 
2014/01/03 19.35 19.75 19.3 19.7 2787 
2014/01/10 19.7 19.75 19.45 19.65 1798 
2014/01/17 19.6 19.7 19.45 19.55 1882 
2014/01/24 19.55 19.65 19.35 19.4 2269 
2014/01/31 19.4 19.4 19.2 19.25 590 
2014/02/07 19 19.25 18.9 19.1 1908 
2014/02/14 19.1 19.25 19 19.15 1623 
2014/02/21 19.2 19.35 19.05 19.25 1783 
2014/02/28 19.25 19.3 19.05 19.25 1523 
2014/03/07 19.3 19.55 19.2 19.25 2886 
2014/03/14 19.35 19.45 19.2 19.4 1942 
2014/03/21 19.55 19.55 19.1 19.1 2888 
2014/03/28 19.05 19.5 19.05 19.3 1406 
2014/04/04 19.45 19.5 19.3 19.35 1738 
2014/04/11 19.35 19.45 19.3 19.3 1967 
2014/04/18 19.3 19.55 19.25 19.45 1658 
2014/04/25 19.4 19.5 18.9 18.9 3066 
2014/05/02 18.9 19.2 18.7 19.1 1921 
2014/05/09 19.1 19.45 19 19.15 1575 
2014/05/16 19.2 20.45 19.1 20.15 8417 
2014/05/23 20.25 21.3 20.25 20.8 19580 
2014/05/30 20.95 20.95 20.6 20.7 10948 
2014/06/06 20.75 21.6 20.55 21.5 14740 
2014/06/13 21.5 21.55 21.15 21.25 9578 
2014/06/20 21.3 21.45 21 21.2 11209 
2014/06/27 21.2 21.3 20.45 21 8078 
2014/07/04 21 21.3 20.85 20.85 8305 
2014/07/11 20.8 20.95 20.6 20.65 4402 
2014/07/18 20.7 21.4 20.65 21.25 9612 
2014/07/25 21.3 22.15 21.3 21.65 14654 
2014/08/01 21.7 22.35 21.3 21.55 14165 
2014/08/08 21.6 21.65 19.8 19.85 12870 
2014/08/15 19.9 20.7 19.7 20.4 6534 
2014/08/22 20.5 20.6 20.3 20.5 5150 
2014/08/29 20.5 20.95 20.4 20.95 6236 
2014/09/05 20.9 21 20.65 20.75 4779 
2014/09/12 20.65 20.85 20.35 20.4 4277 
2014/09/19 20.5 20.5 20.15 20.3 3057 
2014/09/26 20.25 20.35 19.95 20.05 4111 
2014/10/03 20.05 20.35 19.85 20.2 3327 
2014/10/10 20.2 20.3 20 20.2 2692 
2014/10/17 20 20 18.9 19 7810 
2014/10/24 19.1 19.6 19.1 19.3 4058 
2014/10/31 19.3 19.75 19.05 19.75 3174 
2014/11/07 19.8 19.8 19.55 19.6 2056 
2014/11/14 19.7 20 19.65 19.9 3010 
2014/11/21 19.9 19.9 19.7 19.8 1888 
2014/11/28 19.9 20.2 19.85 19.9 3373 
2014/12/05 19.8 20.5 19.75 20.4 4526 
2014/12/12 20.5 20.55 20.05 20.25 2297 
2014/12/19 20.25 20.3 19.9 20.1 2586 
2014/12/26 20.1 20.65 20.1 20.45 5687 
2015/01/02 20.45 20.55 20.35 20.45 1236 
2015/01/09 20.55 20.7 20.3 20.6 3856 
2015/01/16 20.5 20.8 20.35 20.35 4078 
2015/01/23 20.45 20.65 20.35 20.55 2276 
2015/01/30 20.55 20.75 20.45 20.7 2590 
2015/02/06 20.65 20.7 20.6 20.65 1531 
2015/02/13 20.65 20.7 20.55 20.7 1709 
2015/02/27 20.7 20.85 20.65 20.75 1651 
2015/03/06 20.75 21 20.65 20.95 4252 
2015/03/13 20.85 21.15 20.85 21.05 3044 
2015/03/20 21.1 21.65 21 21.55 4827 
2015/03/27 21.55 21.7 21.15 21.35 4481 
2015/04/03 21.35 21.6 20.65 20.75 5021 
2015/04/10 20.75 20.9 20.7 20.75 2027 
2015/04/17 20.75 20.95 20.65 20.95 2950 
2015/04/24 20.85 21 20.7 20.85 2219 
2015/05/01 20.85 21.15 20.85 21.15 2810 
2015/05/08 21.15 21.15 20.9 21.1 1926 
2015/05/15 21.1 21.65 20.85 21.4 7049 
2015/05/22 21.3 21.8 21.3 21.65 5578 
2015/05/29 21.65 21.8 21.5 21.6 2793 
2015/06/05 21.6 21.6 20.95 21 4107 
2015/06/12 21.05 21.3 20.85 21.1 2346 
2015/06/19 21.05 21.45 20.85 21.45 3254 
2015/06/26 21.45 21.85 21.35 21.7 3787 
2015/07/03 21.7 21.9 21.5 21.8 2967 
2015/07/10 21.55 21.8 21 21.25 2087 
2015/07/17 21.4 21.55 21.25 21.45 2381 
2015/07/24 21.45 21.75 21.25 21.3 2790 
2015/07/31 21.3 21.35 20.8 20.9 2749 
2015/08/07 20.9 21.05 20.65 20.8 2073 
2015/08/14 21.3 21.45 20.8 21.1 4243 
2015/08/21 21.15 21.2 20.15 20.15 5298 
2015/08/28 19.95 20 17.4 18.45 7655 
2015/09/04 18.4 18.7 18.2 18.65 3431 
2015/09/11 18.55 19.4 18.55 19.1 3947 
2015/09/18 19.1 19.3 18.9 19.05 2583 
2015/09/25 19 19.1 18.75 18.95 2962 
2015/10/02 18.95 19.1 18.8 19.05 1713 
2015/10/09 19.1 19.2 18.95 19.1 3007 
2015/10/16 19.1 19.6 19.1 19.45 5093 
2015/10/23 19.6 20 19.4 19.85 3776 
2015/10/30 19.85 20.1 19.8 20 2309 
2015/11/06 20 20.05 19.35 19.65 2406 
2015/11/13 19.65 19.65 19.2 19.3 2599 
2015/11/20 19.25 19.45 19.1 19.3 1220 
2015/11/27 19.3 19.35 19.15 19.2 1835 
2015/12/04 19.25 19.25 18.9 19 3301 
2015/12/11 19 19.15 18.6 18.7 2463 
2015/12/18 18.6 19 18.5 18.75 1937 
2015/12/25 18.75 19.15 18.75 19.05 1477 
2016/01/01 19 19.1 18.9 19 959 
2016/01/08 19 19 18.55 18.8 1915 
2016/01/15 18.8 18.8 18.45 18.5 2398 
2016/01/22 18.45 18.65 18.35 18.55 1868 
2016/01/29 18.4 18.85 18.3 18.8 2251 
2016/02/05 18.8 18.95 18.55 18.6 768 
2016/02/19 18.5 18.95 18.45 18.9 1504 
2016/02/26 18.8 19.45 18.8 19.35 2792 
2016/03/04 19.45 19.8 19.45 19.75 2263 
2016/03/11 19.75 19.95 19.7 19.9 2685 
2016/03/18 19.95 20.4 19.65 19.65 5292 
2016/03/25 19.8 20.05 19.8 19.9 2083 
2016/04/01 19.9 20.4 19.8 20.3 5165 
2016/04/08 20.3 20.35 20.05 20.35 1470 
2016/04/15 20.2 20.5 20.1 20.4 3089 
2016/04/22 20.4 20.6 20.25 20.35 2575 
2016/04/29 20.3 20.35 20 20.1 2196 
2016/05/06 20.05 20.15 19.9 20.05 2060 
2016/05/13 20.05 20.4 19.95 20 1695 
2016/05/20 20 20.15 19.9 20.15 1546 
2016/05/27 20.1 20.75 20.1 20.7 3431 
2016/06/03 20.75 20.8 20.5 20.65 2877 
2016/06/10 20.65 20.9 20.5 20.8 1087 
2016/06/17 20.4 20.7 20.4 20.7 1549 
2016/06/24 20.7 21.1 20.7 20.7 3419 
2016/07/01 20.55 21.25 20.55 21.2 3744 
2016/07/08 21.2 21.75 21 21.25 4155 
2016/07/15 21.35 21.55 21.2 21.45 3036 
2016/07/22 21.45 21.6 21.3 21.45 2982 
2016/07/29 21.4 21.45 21.1 21.3 3349 
2016/08/05 21.3 21.9 21.25 21.9 4167 
2016/08/12 21.95 22 21.7 21.85 4352 
2016/08/19 21.95 22.35 21.85 22.3 6579 
2016/08/26 22.3 22.35 22 22.2 8835 
2016/09/02 20.65 21 20.65 20.65 6084 
2016/09/09 20.75 21.45 20.75 21 3825 
2016/09/16 21 21.05 20.5 20.8 1469 
2016/09/23 20.8 21.1 20.7 21 2521 
2016/09/30 21 21.15 20.85 21 1360 
2016/10/07 21 21.1 20.65 21.05 1821 
2016/10/14 21.05 21.1 20.75 20.95 2640 
2016/10/21 21 22.1 20.9 22.1 5946 
2016/10/28 22.1 22.1 21.45 21.55 4128 
2016/11/04 21.55 21.55 20.85 20.85 4427 
2016/11/11 20.9 21.3 20.85 21 4396 
2016/11/18 21.95 21.95 21.4 21.5 7890 
2016/11/25 21.55 21.8 21.55 21.7 4164 
2016/12/02 21.7 22.85 21.7 22.7 7459 
2016/12/09 22.8 22.8 22.2 22.25 7026 
2016/12/16 22.3 22.35 21.95 22.2 5825 
2016/12/23 22.2 22.3 21.95 21.95 4214 
2016/12/30 22 22.15 21.9 22.05 4114 
2017/01/06 22.05 22.3 22 22.15 2968 
2017/01/13 22.15 22.7 22.1 22.6 3681 
2017/01/20 22.6 22.9 22.25 22.8 3797 
2017/01/27 22.8 23.7 22.75 23.4 5128 
2017/02/03 23.45 24.35 23.45 24.05 5630 
2017/02/10 24 24.35 23.75 23.85 7316 
2017/02/17 23.8 23.9 23.3 23.6 7020 
2017/02/24 23.6 23.7 23.15 23.45 6305 
2017/03/03 23.4 23.7 23.3 23.4 3258 
2017/03/10 23.4 23.6 23.25 23.3 4333 
2017/03/17 23.3 24.6 23.3 24.6 12484 
2017/03/24 24.55 24.55 23.9 24.1 10250 
2017/03/31 24.1 25.8 23.95 25.45 19999 
2017/04/07 25.6 26.7 25.6 26.4 6501 
2017/04/14 27.5 27.7 26.8 26.95 14188 
2017/04/21 27 27.1 26 26.25 3991 
2017/04/28 27 27.05 26.8 26.85 1387 
2017/05/05 27.4 27.45 27.2 27.35 1240 
2017/05/12 26.7 26.7 26 26.35 10934 
2017/05/19 26.4 26.8 26.35 26.75 5781 
2017/05/26 26.8 28.6 26.8 28 15867 
2017/06/02 28.15 28.4 27.6 27.7 8241 
2017/06/09 27.75 27.85 27.6 27.7 2987 
2017/06/16 27.4 27.4 26.85 26.95 6966 
2017/06/23 26.95 27.6 26.95 27.5 6640 
2017/06/30 27.5 28.25 27.4 28.2 9499 
2017/07/07 28.25 29.25 28.25 29 7210 
2017/07/14 28.4 28.55 27.9 28.45 5378 
2017/07/21 28.7 28.8 28.6 28.75 2233 
2017/07/28 28.35 28.4 28.15 28.4 1268 
2017/08/04 28.25 28.4 27.9 28.4 6832 
2017/08/11 28.45 28.65 28.35 28.5 2038 
2017/08/18 28.3 28.55 28.25 28.5 3015 
2017/08/25 28.9 29.1 28.9 29 1986 
2017/09/01 27.45 28.05 27.4 27.95 2817 
2017/09/08 27.6 28.05 27.6 27.9 2048 
2017/09/15 30.5 30.8 29.55 29.95 5708 
2017/09/22 30.3 30.35 29.95 30.3 1961 
2017/09/29 29.15 29.3 28.65 28.9 4587 
2017/10/06 29.45 29.45 29.15 29.35 1059 
2017/10/13 29.2 29.4 29.2 29.4 1346 
2017/10/20 29.6 29.6 29.2 29.45 1141 
2017/10/27 29.4 31.35 29.4 30.5 12470 
2017/11/03 30.7 32.5 30.6 31.5 13962 
2017/11/10 31.6 32.8 31.55 32.1 10413 
2017/11/17 33.2 33.65 32.9 32.95 4200 
2017/11/24 32.2 32.6 32.2 32.45 1910 
2017/12/01 33.3 33.45 32.9 33.1 3783 
2017/12/08 32.9 33 31.8 32 6002 
2017/12/15 32.55 34.45 32.45 34.25 12823 
2017/12/22 34.35 35.85 34.05 35 16405 
2017/12/29 35 36.9 33.7 36.6 20086 
2018/01/05 36.6 39.6 36 39.15 21515 
2018/01/12 39.15 40.85 38.7 39.9 18571 
2018/01/19 39.9 40.8 38.9 39.55 12328 
2018/01/26 39.4 39.7 37.65 38.35 21222 
2018/02/02 38.35 38.75 36.85 38.4 16941 
2018/02/09 38.2 38.4 35.5 37.9 15790 
2018/02/16 38 38.2 37.7 38.1 2448 
2018/02/23 38.4 38.8 38.05 38.4 5787 
2018/03/02 38.5 38.7 37.55 37.55 10935 
2018/03/09 37.55 37.55 36.1 36.8 11662 
2018/03/16 36.8 37.3 36.5 36.85 6973 
2018/03/23 36.85 36.9 35.6 36.5 5956 
2018/03/30 36.4 39.8 36.25 39.2 16005 
2018/04/06 39.25 39.4 37.8 37.95 6781 
2018/04/13 38 38.25 37.5 38.1 12001 
2018/04/20 38.1 38.2 37.7 38 7305 
2018/04/27 38.05 38.15 37.5 37.55 5354 
2018/05/04 37.55 37.95 35.95 36.3 11750 
2018/05/11 36.3 37.7 36.3 37.4 7268 
2018/05/18 37.5 38.2 37.5 38.2 5871 
2018/05/25 38.25 38.4 37.65 38 5057 
2018/06/01 38 38.35 37.75 38.25 5959 
2018/06/08 38.3 38.9 38.3 38.7 6188 
2018/06/15 38.75 39 37.85 38 6048 
2018/06/22 38 38.2 37.55 37.85 5052 
2018/06/29 37.8 38 37.25 37.75 6786 
2018/07/06 37.75 38.5 37.4 37.6 5688 
2018/07/13 37.7 38.25 37.6 38.15 3350 
2018/07/20 38.25 38.55 38.25 38.5 4426 
2018/07/27 38.55 39.15 38.4 39.1 4872 
2018/08/03 39.2 40.35 39.15 40.3 8314 
2018/08/10 40.4 41 39.8 40.1 7528 
2018/08/17 40.15 40.15 39.2 39.5 10437 
2018/08/24 39.5 41.1 39.45 41.1 11764 
2018/08/31 36.75 38 36.35 36.45 18266 
2018/09/07 36.8 36.9 34.65 34.7 11963 
2018/09/14 34.7 35.6 33.9 35.15 10912 
2018/09/21 35.1 36.5 34.65 36.5 8518 
2018/09/28 36.2 36.2 35 35.3 11379 
2018/10/05 35.3 35.55 33.75 34.1 6907 
2018/10/12 34.05 34.35 31.2 31.85 8247 
2018/10/19 31.95 32.5 30.1 30.35 9715 
2018/10/26 30.35 31.3 29.65 30.05 6972 
2018/11/02 30 31.2 29.5 30.7 4811 
2018/11/09 30.65 31.55 30.2 31.05 4431 
2018/11/16 30.9 31.1 30 30.6 5745 
2018/11/23 30.55 30.95 30.05 30.05 4056 
2018/11/30 30.25 31 30.25 30.45 4860 
2018/12/07 30.85 31.25 30.1 30.2 6680 
2018/12/14 30.2 30.45 30 30.4 8857 
2018/12/21 30.4 30.75 29.8 30.05 9856 
2018/12/28 30.2 30.2 29.5 29.65 6067 
2019/01/04 29.75 29.9 28.85 28.9 4878 
2019/01/11 29 29.9 29 29.55 6719 
2019/01/18 29.6 30.2 29.6 30.2 4593 
2019/01/25 30.45 30.45 29.85 29.9 6669 
2019/02/01 30 30.3 29.85 30.15 3715 
2019/02/15 30.25 30.65 30.1 30.5 6915 
2019/02/22 30.6 32.1 30.6 31.65 10243 
2019/03/01 31.65 31.8 31.35 31.65 4172 
2019/03/08 31.65 32.4 31.5 32.1 6417 
2019/03/15 32.1 32.3 31.85 32.25 6518 
2019/03/22 32.35 32.6 32.1 32.2 5328 
2019/03/29 31.9 34.5 31.75 33.65 12131 
2019/04/05 33.8 33.8 33.05 33.5 5505 
2019/04/12 33.5 33.85 33.15 33.3 6237 
2019/04/19 33.3 33.5 32.6 33.05 6253 
2019/04/26 33.05 33.3 33 33.3 3176 
2019/05/03 33.35 34.1 33.3 33.85 4854 
2019/05/10 33.75 33.75 33.15 33.35 4324 
2019/05/17 35 36.2 33.7 35.7 17745 
2019/05/24 35.5 36.05 35.1 35.75 8208 
