2001/03/30 67 71.5 67 71.5 2 
2001/04/06 76.5 93 76.5 93 4 
2001/04/13 99.5 113 99 101 6854 
2001/04/20 101 105.5 97 105 3056 
2001/04/27 104.5 104.5 94 95.5 2037 
2001/05/04 95 95 81 84.5 1754 
2001/05/11 85 86 73.5 81 1648 
2001/05/18 78 88.5 75.5 88 2149 
2001/05/25 86.5 87 80 80.5 1648 
2001/06/01 80 86 78.5 81.5 1168 
2001/06/08 80.5 90 80 88.5 1581 
2001/06/15 88 93.5 82.5 86 1951 
2001/06/22 84.5 85 80 80.5 744 
2001/06/29 80.5 83 77.5 83 633 
2001/07/06 83.5 83.5 78 79 927 
2001/07/13 79.5 83 78 79.5 921 
2001/07/20 78 78.5 70.5 75 857 
2001/07/27 75.5 76 70.5 74 672 
2001/08/03 73 82 72.5 81 1452 
2001/08/10 81 82 77 78.5 543 
2001/08/17 79 82.5 77.5 80 543 
2001/08/24 78.5 79.5 74.5 75.5 421 
2001/08/31 76 80 73 78 786 
2001/09/07 78 78.5 70 73 858 
2001/09/14 73 73 46.6 48.3 741 
2001/09/21 46.7 47 44.6 45.1 164 
2001/09/28 45.1 51 45.1 50 408 
2001/10/05 50.5 50.5 46.5 49.4 126 
2001/10/12 47.7 52.5 47 50.5 257 
2001/10/19 49 50 47.3 49.4 173 
2001/10/26 49.9 55 48.2 54.5 1326 
2001/11/02 54.5 59.5 54.5 59 1700 
2001/11/09 58.5 60.5 58 60 1242 
2001/11/16 60 63 58.5 61.5 1486 
2001/11/23 60.5 62 55.5 57.5 934 
2001/11/30 58.5 69.5 58 68.5 4408 
2001/12/07 68.5 72 66.5 70 6309 
2001/12/14 70 81 69 80 6189 
2001/12/21 79.5 79.5 70.5 76 2601 
2001/12/28 76 89.5 75 88.5 7274 
2002/01/04 91 92.5 85 89.5 4235 
2002/01/11 89.5 94 84 84.5 4035 
2002/01/18 81.5 84.5 77 82.5 3065 
2002/01/25 82.5 93 82 88 6118 
2002/02/01 89.5 94 84 90 3723 
2002/02/08 89 90 84 87.5 1451 
2002/02/22 90 90.5 78.5 80 2459 
2002/03/01 80 86 77 84 2018 
2002/03/08 86 90 84.5 87.5 4325 
2002/03/15 86 89 82 83 3044 
2002/03/22 83 84 80 83 1603 
2002/03/29 83.5 83.5 79 80 1211 
2002/04/05 79.5 84 79.5 80.5 857 
2002/04/12 80.5 81 77 79.5 893 
2002/04/19 80 80.5 78 79.5 816 
2002/04/26 79.5 79.5 76.5 77.5 609 
2002/05/03 82.5 86 77.5 80 2503 
2002/05/10 79 81.5 72 81 1680 
2002/05/17 81 82 77.5 79 813 
2002/05/24 77 79 75 77.5 420 
2002/05/31 77 77.5 74 75.5 295 
2002/06/07 75 76 73 73 350 
2002/06/14 73 73.5 69 70.5 288 
2002/06/21 71 72 69 69 305 
2002/06/28 69 69 59 62 485 
2002/07/05 61.5 65.5 58.5 64.5 264 
2002/07/12 65 68 63.5 67.5 286 
2002/07/19 66 67.5 63.5 64.5 293 
2002/07/26 62 65.5 60.5 62.5 201 
2002/08/02 63.5 63.5 59 59.5 235 
2002/08/09 56 59.5 55 59 265 
2002/08/16 59 59.5 56 58.5 309 
2002/08/23 59 62 58 62 307 
2002/08/30 62 62.5 57 58.5 195 
2002/09/06 58 58.5 55.5 56.5 147 
2002/09/13 57 62 56 61 426 
2002/09/20 61.5 62.5 45.5 45.5 1362 
2002/09/27 45.5 45.5 42.6 42.6 373 
2002/10/04 42.6 42.6 38.6 41 286 
2002/10/11 40 40.5 37.2 40 291 
2002/10/18 40 43 37.5 42.8 525 
2002/10/25 42.3 43.5 41 41.5 550 
2002/11/01 41.8 42.4 40.5 41.8 290 
2002/11/08 43 49.5 41.6 49.5 1002 
2002/11/15 51 51 47.3 48.5 775 
2002/11/22 48 48 43 44.9 362 
2002/11/29 45.3 45.9 43 43.9 280 
2002/12/06 43.9 45.4 43.1 44.8 242 
2002/12/13 44 44.9 42.5 42.7 282 
2002/12/20 42 42.2 39.2 40.8 371 
2002/12/27 40.8 40.8 38 39.5 243 
2003/01/03 39.4 39.5 38.3 39.5 155 
2003/01/10 38.6 40.5 38.6 40 334 
2003/01/17 40 43.8 39 40 526 
2003/01/24 40 41.3 39.5 39.6 361 
2003/01/31 38.3 39.5 38.3 38.6 103 
2003/02/07 38.5 38.5 37.4 38 173 
2003/02/14 38 38.5 37.2 37.9 291 
2003/02/21 38 39 37.2 38 722 
2003/02/28 38 38.5 37.4 37.8 258 
2003/03/07 38 39.5 37.5 38.7 233 
2003/03/14 38.7 39.2 37.7 38.5 263 
2003/03/21 38.5 39.7 38.4 39 375 
2003/03/28 39.5 40.9 38.6 39.4 247 
2003/04/04 38.8 39.6 38.1 39.5 204 
2003/04/11 39.7 40 38.5 39.2 121 
2003/04/18 39 40.9 38.5 40.6 239 
2003/04/25 40.6 41.5 36 37 287 
2003/05/02 36 38.3 35.7 36.5 168 
2003/05/09 36.4 38 36.3 37.4 683 
2003/05/16 38 38.6 36 36.5 245 
2003/05/23 36.5 37.2 35.8 37.2 123 
2003/05/30 37.9 39.5 37.6 38.7 298 
2003/06/06 38.7 43.7 38.7 43.7 981 
2003/06/13 43.4 46.6 43.4 44 2201 
2003/06/20 44 49 44 47.5 2037 
2003/06/27 47.4 52.5 46.2 50.5 2742 
2003/07/04 51.5 51.5 47 48.3 1280 
2003/07/11 48.3 57 48.3 50 2696 
2003/07/18 51 54 50 51 944 
2003/07/25 53 68 52.5 67.5 6337 
2003/08/01 69 70 54.5 57.5 7175 
2003/08/08 57 64.5 54 56 3907 
2003/08/15 58 58 50 54.5 2809 
2003/08/22 58 59 53.5 53.5 2222 
2003/08/29 53.5 54.5 50 52 1009 
2003/09/05 53 53 51 51.5 773 
2003/09/12 51.5 51.5 46.1 47.6 979 
2003/09/19 48.5 56.5 48.5 50 4420 
2003/09/26 49.8 49.8 47 47.9 927 
2003/10/03 47.9 51.5 47.2 50 1831 
2003/10/10 50.5 51 49.1 49.1 794 
2003/10/17 49.7 56 48.6 52 2162 
2003/10/24 52 52 49.7 50 625 
2003/10/31 50 50.5 48.5 49.5 558 
2003/11/07 49.3 49.3 47.6 48.5 636 
2003/11/14 48.7 50.5 47.7 50 1140 
2003/11/21 48.5 49.8 46.2 47 1174 
2003/11/28 47 47.9 46.8 46.9 388 
2003/12/05 47.1 49.6 46.6 48.2 2317 
2003/12/12 48.2 48.2 46.7 47.1 353 
2003/12/19 47.4 47.7 43 43 999 
2003/12/26 43 44.9 43 43.5 357 
2004/01/02 43.5 47.6 43.5 47.2 1267 
2004/01/09 47.8 47.8 46.1 46.4 878 
2004/01/16 46.2 46.4 45 45.5 517 
2004/01/30 45.5 46.2 45 45.9 612 
2004/02/06 46.2 46.4 44.9 45.6 669 
2004/02/13 45.9 46.9 45.3 45.5 980 
2004/02/20 45.5 46.2 45 45.8 914 
2004/02/27 45.8 51.5 45.5 51.5 4408 
2004/03/05 52 54 48 49.7 4366 
2004/03/12 49.2 52 49.2 50 1713 
2004/03/19 50 50.5 46 46.8 1211 
2004/03/26 43.6 43.6 40.6 41.6 2135 
2004/04/02 42.6 48.1 42.6 47.6 2176 
2004/04/09 48 49.5 45 45.2 2029 
2004/04/16 46 47.1 44.6 45.1 1620 
2004/04/23 45.2 45.4 42.8 43.9 766 
2004/04/30 43.6 43.6 40.3 41.2 526 
2004/05/07 41.5 41.5 36.3 39.9 976 
2004/05/14 41 41 38 39.3 652 
2004/05/21 38 38.9 36.4 38.3 1028 
2004/05/28 38.8 38.8 37.6 38.3 464 
2004/06/04 38.7 40.9 37.9 38.8 1016 
2004/06/11 39 41.4 38.4 38.8 489 
2004/06/18 38.6 38.8 36.5 37.5 273 
2004/06/25 37.5 37.8 36 37.5 206 
2004/07/02 37.8 37.8 36 36.3 509 
2004/07/09 36.5 38 33 34.7 413 
2004/07/16 34.8 34.9 31 31.4 611 
2004/07/23 30.8 31.2 27.4 28.2 1031 
2004/07/30 28.1 29.5 27.7 28.8 685 
2004/08/06 29.2 29.8 28.2 29.5 599 
2004/08/13 29.1 30.5 28.7 29.1 414 
2004/08/20 29 29.5 28 29.2 965 
2004/08/27 29.3 32.1 29.3 30.8 711 
2004/09/03 30.8 31 28.8 28.9 1221 
2004/09/10 28.9 31.2 28.5 30.5 1658 
2004/09/17 31.5 31.5 29.5 29.8 607 
2004/09/24 30 30.2 29.1 29.3 611 
2004/10/01 29.3 29.3 28.7 29 271 
2004/10/08 29.6 31.2 29 30.4 1608 
2004/10/15 30.8 31.9 30.1 30.7 3136 
2004/10/22 31.2 31.6 26.1 27.4 8160 
2004/10/29 27.4 27.4 25.1 26.9 1452 
2004/11/05 26.9 31.4 26.6 30.5 4285 
2004/11/12 30.7 31.3 29.5 31 2430 
2004/11/19 31.2 34.8 31.2 34.8 12605 
2004/11/26 34.6 35.4 33.8 34.5 8120 
2004/12/03 35 36.8 34.3 36.7 8835 
2004/12/10 36.7 39 36.4 39 11140 
2004/12/17 39.1 40 38.9 40 6640 
2004/12/24 40 42.5 39.7 42.1 10771 
2004/12/31 42.1 43.9 40.9 42.7 11968 
2005/01/07 42.4 42.6 41.5 42.1 7822 
2005/01/14 42.1 42.2 36.6 37.4 7257 
2005/01/21 37.4 39.4 37 38.4 5911 
2005/01/28 38.3 39.1 37.5 38.7 4167 
2005/02/04 38.6 40.9 38.6 40.4 3850 
2005/02/18 41 44.4 41 43.8 8809 
2005/02/25 43.9 44 42.2 43.1 3863 
2005/03/04 43.4 45.45 43.4 45 5900 
2005/03/11 45 45.1 42.2 43.2 4347 
2005/03/18 43.4 46.5 42.6 46.5 8950 
2005/03/25 47.8 48.45 45.6 48 10132 
2005/04/01 48.5 49.4 43.35 46 10714 
2005/04/08 45.3 45.35 43.9 44.1 4827 
2005/04/15 44.1 45.15 43.5 44.1 7227 
2005/04/22 43.6 44.1 42 43.25 3259 
2005/04/29 43.2 43.25 42.3 42.9 3564 
2005/05/06 43.1 44.7 42.75 43.7 6374 
2005/05/13 43.9 45.6 43.2 43.75 7048 
2005/05/20 43.7 45 42.6 44.9 3052 
2005/05/27 45.4 46.1 43.95 44.65 6186 
2005/06/03 44.5 48.8 44 48.2 7870 
2005/06/10 48.1 51.6 47.7 50 8799 
2005/06/17 50.2 53.5 49.4 52.5 7731 
2005/06/24 52.7 53.4 51.7 51.9 5624 
2005/07/01 51.9 55.5 51.8 54.3 7977 
2005/07/08 55 59.2 55 57.6 14012 
2005/07/15 58 59.2 57 57.8 9746 
2005/07/22 57.8 58.3 56.4 56.6 4797 
2005/07/29 56.4 59.9 56.2 56.3 8391 
2005/08/05 56.8 56.8 53.3 53.8 5456 
2005/08/12 53.3 56.2 53.3 54.8 9754 
2005/08/19 55.5 55.5 51.9 52.6 7098 
2005/08/26 52.6 52.8 51 51.7 3733 
2005/09/02 52.5 53.2 48.7 51.8 9643 
2005/09/09 52 52.4 50.1 51.1 10452 
2005/09/16 51.1 51.6 40.45 40.45 21052 
2005/09/23 40.5 40.9 36.5 38.3 9714 
2005/09/30 38.7 40.8 38.1 39.9 6395 
2005/10/07 40.6 42.3 40.15 40.7 5115 
2005/10/14 40.65 40.95 37.9 40.1 4191 
2005/10/21 41.8 46 41 46 15451 
2005/10/28 46.7 47.2 43 45.7 18733 
2005/11/04 46.9 46.9 43.35 43.9 7877 
2005/11/11 43.9 45.8 43.7 45.55 9504 
2005/11/18 45.25 46 43.6 45.5 6145 
2005/11/25 45.8 45.8 40.5 43.5 15917 
2005/12/02 44 44.5 42.65 43.25 6763 
2005/12/09 43.6 44.35 43.2 44.05 4283 
2005/12/16 44.35 49.05 44.35 47.6 14998 
2005/12/23 48.7 48.7 43.75 47.5 11879 
2005/12/30 48.1 51.9 47.5 51.3 18229 
2006/01/06 51 54 49.4 52.8 14884 
2006/01/13 53.1 53.4 49.6 50.8 10053 
2006/01/20 50.8 50.8 46.5 48 7177 
2006/01/27 47.8 50.3 46.1 50.3 6224 
2006/02/03 50.3 50.4 48.8 50 1314 
2006/02/10 49.9 52.3 49.7 51.3 10020 
2006/02/17 51.8 54.4 50.6 54.3 18051 
2006/02/24 54.5 55.3 51.3 52 13043 
2006/03/03 52 55.1 50.9 53.9 17391 
2006/03/10 54 57.6 53.2 54.1 16964 
2006/03/17 54.3 54.3 51.3 54 12849 
2006/03/24 55 55 51.6 51.8 11088 
2006/03/31 51.8 53.1 51.1 53 12085 
2006/04/07 53.3 53.5 52.4 52.4 9126 
2006/04/14 52.9 57.7 52 57.7 29670 
2006/04/21 58.9 73.5 57.9 72 45612 
2006/04/28 77 96 76 96 50942 
2006/05/05 98 98 91.5 96 27911 
2006/05/12 102.5 123.5 102.5 123.5 29293 
2006/05/19 125.5 146.5 123 146.5 33499 
2006/05/26 148.5 156 115.5 115.5 24508 
2006/06/02 107.5 132 107.5 107.5 38603 
2006/06/09 100 100 74.9 74.9 15053 
2006/06/16 69.7 84.9 69.7 73 41268 
2006/06/23 73 74.4 60.5 68.1 26158 
2006/06/30 68.3 84.5 68.3 79.5 33477 
2006/07/07 80.3 82.5 76.8 79.8 19613 
2006/07/14 81.5 90.8 80.5 82.8 30790 
2006/07/21 82.7 82.7 73.3 82 17453 
2006/07/28 82 84.5 80.1 83.3 10870 
2006/08/04 84 89.8 83.5 88.1 17688 
2006/08/11 82 87 82 84.8 15558 
2006/08/18 86 88 83.5 87 10382 
2006/08/25 87.9 88.5 82 84 20215 
2006/09/01 83 83 67 74.5 29081 
2006/09/08 79.5 85.2 79 80.3 36991 
2006/09/15 80.3 81.9 70.6 73.9 21288 
2006/09/22 75.6 77.6 72.1 72.5 24296 
2006/09/29 71.6 72.5 69.1 69.4 11921 
2006/10/06 69.4 72.4 66.6 68.6 13703 
2006/10/13 68 70.5 67 67.3 7085 
2006/10/20 67.3 69.7 67.3 68 6131 
2006/10/27 68 70.6 66.8 66.8 9843 
2006/11/03 66.8 69.9 66.2 67.7 12538 
2006/11/10 66.5 69.2 66.5 66.8 11071 
2006/11/17 66.8 67 61.8 61.9 8444 
2006/11/24 61.9 64.5 60.3 63.2 8859 
2006/12/01 63.2 64 61.2 62 7232 
2006/12/08 62 62.8 60 60.6 6757 
2006/12/15 61 63.9 55.5 61.7 13844 
2006/12/22 61.8 62.3 60.1 60.3 6554 
2006/12/29 60.3 63 60.1 61.4 11830 
2007/01/05 61.6 68.2 61.3 65.1 25464 
2007/01/12 65 67.2 62 62.6 16168 
2007/01/19 63 63.8 60.1 62.6 10472 
2007/01/26 63 67.7 62 63.9 22402 
2007/02/02 64.7 65.5 62.6 62.9 11317 
2007/02/09 63 65.5 62.6 64 12810 
2007/02/16 63.5 64.5 62.1 62.8 4359 
2007/03/02 67.1 82 66.3 80.8 99084 
2007/03/09 81.5 82.7 75 75.5 62416 
2007/03/16 75.5 76.7 71.8 74 34992 
2007/03/23 74.1 75.6 72.5 73.9 17874 
2007/03/30 74.8 75.6 72.3 72.7 19768 
2007/04/06 73 74.6 70.9 71.3 11331 
2007/04/13 71.5 72 67.1 67.5 12797 
2007/04/20 67.5 75 67.3 68.6 16615 
2007/04/27 70.5 70.5 66.9 67 7915 
2007/05/04 67.2 67.4 57.7 61.3 11308 
2007/05/11 61.6 62.5 60.5 61.1 5124 
2007/05/18 61.8 61.8 59.1 59.4 3940 
2007/05/25 59.7 65.6 58.6 62.8 13635 
2007/06/01 63.8 64.5 61.9 62.5 7315 
2007/06/08 63.3 64.1 61.1 63.2 10175 
2007/06/15 64.3 64.8 62.8 62.8 11909 
2007/06/22 63.4 71.5 63.1 69.8 29107 
2007/06/29 70.8 71 67.6 67.8 16354 
2007/07/06 68.7 72.5 68.3 70.6 26703 
2007/07/13 71.5 73.5 69 69 26342 
2007/07/20 69.2 71 65.5 69.1 17869 
2007/07/27 69.5 71.5 64.9 66 22796 
2007/08/03 66.5 67.6 59.2 60.7 11128 
2007/08/10 60 61.5 59 60.1 7629 
2007/08/17 60.6 60.9 47.65 47.65 10498 
2007/08/24 50.5 50.5 42.65 47.1 15465 
2007/08/31 48.05 48.25 44.5 45.8 5882 
2007/09/07 46.5 50 46.2 48.3 9602 
2007/09/14 47 50.5 47 50.1 8668 
2007/09/21 50 50.5 45.3 47 4755 
2007/09/28 47 49.45 45 48.95 9602 
2007/10/05 49.95 51.9 48.5 49.35 13028 
2007/10/12 50 50.3 46.8 47 3642 
2007/10/19 47 49 46 47.55 4509 
2007/10/26 46.3 47.5 45.55 46.8 4014 
2007/11/02 47.8 50.3 45.4 45.7 10075 
2007/11/09 45.7 46.8 39.5 40.4 5647 
2007/11/16 37.6 40.8 37 40.2 5741 
2007/11/23 40.2 41.9 38.5 39.2 5980 
2007/11/30 39.5 39.85 35.8 36.7 3750 
2007/12/07 36.8 40.75 36.5 39.8 11542 
2007/12/14 40.5 40.5 34.5 35.8 6442 
2007/12/21 35.55 36.3 29.85 32 10049 
2007/12/28 32 34.2 31.2 33.5 10001 
2008/01/04 34 35.6 33.6 34.3 6567 
2008/01/11 33.6 33.75 30.55 31.8 3601 
2008/01/18 32.45 32.45 30 30.85 3222 
2008/01/25 30.7 31.45 24.9 26.45 5961 
2008/02/01 25.1 26.4 24.25 25.3 2764 
2008/02/15 25.3 26.8 25.3 26.7 2630 
2008/02/22 26.9 30.4 26.7 29.8 7603 
2008/02/29 30.2 32.7 29.8 32.7 6604 
2008/03/07 33 37.1 32.5 34.15 15326 
2008/03/14 34.5 35.35 32 32.05 7364 
2008/03/21 31 33.75 30.35 32.7 6028 
2008/03/28 34 35 32.65 33.95 8933 
2008/04/04 34.4 35.5 33.6 34.75 6415 
2008/04/11 35 36.3 34 34.1 7162 
2008/04/18 34 36 33.35 35.1 7482 
2008/04/25 35.1 36.65 34.8 35 9555 
2008/05/02 35.1 35.9 33.8 33.9 4789 
2008/05/09 34 37.5 33.8 36.5 12209 
2008/05/16 36.9 37 35.5 36.25 8524 
2008/05/23 36.5 41.6 36.3 39.6 31436 
2008/05/30 39.5 39.55 33.1 33.95 8415 
2008/06/06 34 36.8 33.85 35.6 7199 
2008/06/13 34.7 37.15 31.5 32.8 6743 
2008/06/20 33.65 34.3 32 32.4 5220 
2008/06/27 31.5 32.5 28 28 5302 
2008/07/04 28 28.55 24.5 27.3 4799 
2008/07/11 27.8 28.15 25.5 26.9 2570 
2008/07/18 26.8 27.45 23.2 23.2 4076 
2008/07/25 23.4 25.5 22.8 24.6 3867 
2008/08/01 24.3 24.85 22.95 23.35 1735 
2008/08/08 23.1 25.4 22.8 24.95 3408 
2008/08/15 25.3 27.5 25.2 26 5534 
2008/08/22 26 26.15 24 24 2104 
2008/08/29 24.8 25.85 24 25.65 2098 
2008/09/05 25.5 25.5 19 19.25 4267 
2008/09/12 20.55 21.8 19.1 20.5 4342 
2008/09/19 20.2 20.2 15.45 16.4 5117 
2008/09/26 17.2 19.7 16.1 17.55 5784 
2008/10/03 16.35 18 16.35 17.65 2733 
2008/10/10 17.3 17.7 14.9 14.9 2686 
2008/10/17 14.4 15.5 14.35 14.7 2318 
2008/10/24 14.7 15.4 13.65 13.65 2097 
2008/10/31 12.7 13.65 11.85 13.6 4550 
2008/11/07 13.8 14.5 12.1 13.2 5200 
2008/11/14 13.55 13.55 10.6 10.6 2279 
2008/11/21 9.86 10.15 7.76 8.58 5079 
2008/11/28 8.65 10.45 8.6 10 3063 
2008/12/05 10 10.35 8.66 8.82 2193 
2008/12/12 9 11.55 8.9 10.95 6708 
2008/12/19 11.4 12 10.85 11.3 6188 
2008/12/26 11.4 11.65 10.05 10.65 2254 
2009/01/02 10.75 11.5 10.65 11.35 2678 
2009/01/09 11.55 12.25 11 11.35 6112 
2009/01/16 11.45 11.45 10.7 11.05 3489 
2009/01/23 11.1 11.25 10 10.15 1249 
2009/02/06 10.05 11 10.05 10.8 2055 
2009/02/13 11.1 11.55 10.7 11.2 4047 
2009/02/20 11.35 11.95 10.9 10.9 6372 
2009/02/27 10.7 11.5 10.65 11.25 3928 
2009/03/06 11.2 11.85 10.6 11.75 6333 
2009/03/13 12 12.5 11.3 11.8 9209 
2009/03/20 12 14.9 11.9 14.25 20847 
2009/03/27 14.5 16.15 14.1 15.65 17500 
2009/04/03 15.65 15.8 14.65 15.3 10980 
2009/04/10 15.4 16.6 15.15 15.75 10397 
2009/04/17 15.75 19.25 15.75 16.75 19504 
2009/04/24 16.75 17.65 15.4 16.85 8774 
2009/05/01 17.3 17.3 14 15 5835 
2009/05/08 16 18.6 15.3 18.6 15970 
2009/05/15 19.1 19.5 17.9 19.05 21209 
2009/05/22 19.05 20.85 18.5 20.85 24826 
2009/05/29 22.3 25.5 22.3 24.45 13735 
2009/06/05 25.35 30.55 23.5 29 43044 
2009/06/12 28.8 29.5 23.5 26.85 18342 
2009/06/19 28.3 28.5 25.35 28.5 25313 
2009/06/26 28.9 29.65 26.2 27.75 22770 
2009/07/03 28 28.9 26.6 28.75 14833 
2009/07/10 29.1 29.2 27.3 27.4 14718 
2009/07/17 27.7 28.4 26.1 28 15474 
2009/07/24 28.3 30.7 27.6 29.05 34927 
2009/07/31 29.7 29.8 27.4 27.75 13565 
2009/08/07 27.8 28.6 27 27.85 8784 
2009/08/14 27.5 28.3 27.4 27.4 8093 
2009/08/21 27.2 27.6 23.5 23.65 8537 
2009/08/28 24.1 24.65 22.2 22.3 6711 
2009/09/04 22.3 24.8 20.6 23.7 9540 
2009/09/11 24 24.75 23.3 23.5 5190 
2009/09/18 23.4 25.4 23.05 24.4 10347 
2009/09/25 24.6 25.5 24 24.3 7117 
2009/10/02 23.8 24.95 23.55 23.7 4463 
2009/10/09 23.5 25.2 23.5 24.15 6903 
2009/10/16 24.2 26.25 23.6 25.8 14864 
2009/10/23 26 26.3 24.55 24.7 8937 
2009/10/30 24.7 25 22 22.2 4765 
2009/11/06 21.65 23.25 21.65 22.8 2994 
2009/11/13 23.2 23.75 22.75 23.35 3709 
2009/11/20 23.35 25 23.35 24.2 8012 
2009/11/27 24.2 29.6 24.2 26.8 47435 
2009/12/04 27.2 28.1 25.8 27.9 26553 
2009/12/11 28.45 29.4 26.2 26.9 37125 
2009/12/18 27.2 27.5 25.8 26.05 12716 
2009/12/25 26.5 27.3 26 26.65 9286 
2010/01/01 26.9 27.8 26.35 27.5 12596 
2010/01/08 27.8 28 25.5 25.65 16955 
2010/01/15 25.7 26.6 25.6 26.1 6641 
2010/01/22 25.7 26.85 24 24 9309 
2010/01/29 23.4 24.3 21.9 22.9 5239 
2010/02/05 22.9 23.15 19.7 19.8 4802 
2010/02/12 19.8 21.95 19.6 21.7 2448 
2010/02/26 22.5 22.95 21.5 22.35 3376 
2010/03/05 22.35 23.4 21.85 23.4 3959 
2010/03/12 24 24.4 23.1 23.85 8180 
2010/03/19 23.85 25.5 23.7 25.1 7860 
2010/03/26 25.3 25.8 24.3 25.4 7585 
2010/04/02 25.6 28.45 25.6 27.8 31157 
2010/04/09 28.5 28.5 27 27.3 12330 
2010/04/16 27.5 30.3 26 30.3 22747 
2010/04/23 32.3 38.3 30.15 36.5 67459 
2010/04/30 36.65 38.7 34.5 34.5 45806 
2010/05/07 34.6 36.1 28.4 31.8 31852 
2010/05/14 32.3 37.5 31.9 37 37475 
2010/05/21 36.6 38.6 33.15 33.6 41405 
2010/05/28 34.7 36.5 31.35 35.6 29512 
2010/06/04 35.6 40.45 35.2 39 57334 
2010/06/11 36.6 40.85 36.55 37.7 40765 
2010/06/18 38.4 48.65 38.2 47.5 69943 
2010/06/25 48.5 53.4 47.25 48.85 75128 
2010/07/02 48.9 50 45.95 50 56710 
2010/07/09 51.1 59.3 50.7 56.5 79654 
2010/07/16 57 70.7 57 63 94026 
2010/07/23 63 69 61 67.5 62316 
2010/07/30 67.5 72 63.5 69.1 59922 
2010/08/06 69.1 72.5 64.5 67.9 38115 
2010/08/13 69 82.1 67 80.3 74270 
2010/08/20 80.6 85.5 80.6 84 64437 
2010/08/27 84.4 96 83 90.2 47351 
2010/09/03 91 95.4 83.3 93 46510 
2010/09/10 94.8 102.5 85.9 85.9 62920 
2010/09/17 83.6 93.5 78.3 81.5 42502 
2010/09/24 80.8 85 71.6 71.6 45291 
2010/10/01 71 71.6 63.7 67.3 97181 
2010/10/08 67.5 67.6 58.1 62 84088 
2010/10/15 62.2 64.2 58.4 58.7 41662 
2010/10/22 58.7 63.4 58.4 60.5 46618 
2010/10/29 60.8 63 58.2 60.6 34435 
2010/11/05 61.4 61.4 51.9 55.5 49405 
2010/11/12 55 55 51.5 52.6 33370 
2010/11/19 52.7 54.5 51 51.4 19721 
2010/11/26 52 58.3 50.5 58.3 45967 
2010/12/03 59.1 63 58.3 62 73671 
2010/12/10 62.5 66.5 61 61.5 53072 
2010/12/17 61.1 62.6 58.3 61 23959 
2010/12/24 60.8 62.9 60.3 61 23477 
2010/12/31 61 61.5 56.8 57.7 13571 
2011/01/07 58.3 63.2 56.9 62.4 37512 
2011/01/14 62.8 73.3 62.4 68.5 107078 
2011/01/21 68.7 73 68.7 70.7 67643 
2011/01/28 71.1 71.9 67.2 68.3 30868 
2011/02/11 69 74.5 68.5 71 48286 
2011/02/18 72.1 76 70.3 72.5 52566 
2011/02/25 73 78.9 68.4 71 75728 
2011/03/04 71.2 71.8 68.5 68.6 22931 
2011/03/11 68.6 73.2 68 69.3 32210 
2011/03/18 68.6 74.6 65.7 71.4 68574 
2011/03/25 71.5 72.5 68.5 69 23704 
2011/04/01 69 70.2 67.5 67.8 14844 
2011/04/08 68.3 69.5 67.5 68.3 8946 
2011/04/15 68.8 68.9 58.5 59 25355 
2011/04/22 59 59 54 57.4 21336 
2011/04/29 57.9 58.7 54.6 55.4 12363 
2011/05/06 55 55 48.1 51.2 12698 
2011/05/13 51.2 54.9 50.1 53.2 15964 
2011/05/20 53.2 53.2 48.85 49.2 6747 
2011/05/27 49.2 49.2 44.85 47.6 10426 
2011/06/03 47.6 53.6 47.3 52.5 17505 
2011/06/10 52.5 52.6 49 49 6828 
2011/06/17 49 50.1 48 48.3 11089 
2011/06/24 48.6 49.3 44.6 45.8 7688 
2011/07/01 45.5 50 45.15 48.3 10127 
2011/07/08 48.45 49.5 46.65 46.65 6038 
2011/07/15 46.35 46.9 36.8 39.3 11797 
2011/07/22 39.3 41.4 39 40.4 5591 
2011/07/29 40.4 40.9 38.5 38.55 7969 
2011/08/05 38.9 39.35 33.1 33.1 7918 
2011/08/12 30.8 32.8 27.9 30.85 15108 
2011/08/19 31 31.8 26.5 26.5 8634 
2011/08/26 24.8 27.35 24.1 24.8 12894 
2011/09/02 24.8 30 24.55 30 22702 
2011/09/09 29.2 31.6 28.2 28.6 15366 
2011/09/16 28.05 28.4 25.25 27.1 7168 
2011/09/23 27.4 28.5 24.95 25 9179 
2011/09/30 24.85 25.2 22.3 24.55 7617 
2011/10/07 24.2 25.5 24 24.55 6749 
2011/10/14 25.4 28.3 24.6 27.5 17766 
2011/10/21 27.8 28.5 25.2 25.7 9004 
2011/10/28 26 27.15 24.5 24.5 10928 
2011/11/04 24.5 26.95 23.5 26.15 15628 
2011/11/11 24.35 24.35 18.3 18.3 3822 
2011/11/18 16.2 17.15 13.95 13.95 38225 
2011/11/25 13 13.3 10.55 11.4 28557 
2011/12/02 11.4 14.45 11.05 14.25 45777 
2011/12/09 14.6 14.6 12.9 13.8 21639 
2011/12/16 14.1 15.2 13.6 13.7 25395 
2011/12/23 13.3 15.45 12.9 14.95 20564 
2011/12/30 14.95 15.15 14.3 14.45 14064 
2012/01/06 14.6 14.75 13.9 14.4 9761 
2012/01/13 14.65 15.3 14 14 17452 
2012/01/20 14.35 15.3 13.8 15 11605 
2012/02/03 15.4 21.6 15.3 20.9 56093 
2012/02/10 20.9 25.5 20.5 24.65 64388 
2012/02/17 24.05 25.5 21.3 22 34410 
2012/02/24 22.3 25.95 21.5 23.5 45414 
2012/03/02 23.6 25.55 22.95 24.7 25054 
2012/03/09 24.7 25.2 21.2 23.1 23716 
2012/03/16 23.1 23.45 21.65 22.9 18587 
2012/03/23 23.1 23.3 22 22 8795 
2012/03/30 22 22.85 19.15 20.2 13324 
2012/04/06 20.2 20.9 16.1 16.1 4175 
2012/04/13 15 18.9 15 18.55 31712 
2012/04/20 18.15 18.95 17.7 18.2 13943 
2012/04/27 18.2 18.4 14.9 15 9331 
2012/05/04 14.5 16.95 14.4 16.7 12239 
2012/05/11 16.1 16.55 15.6 15.6 8792 
2012/05/18 15.6 15.8 14.3 14.6 8302 
2012/05/25 15 16.1 14.65 14.8 10104 
2012/06/01 14.8 15.8 14.6 14.75 8127 
2012/06/08 13.8 15 13.75 14.4 6983 
2012/06/15 14.6 15 14.1 14.45 5672 
2012/06/22 14.8 15.2 14.25 14.35 6204 
2012/06/29 14.35 14.8 13.75 14.8 6307 
2012/07/06 15 15.1 14.35 14.4 5514 
2012/07/13 14.4 14.6 12.65 12.65 5293 
2012/07/20 11.8 12.1 10.65 11.5 15636 
2012/07/27 11.5 11.65 10.4 10.95 12077 
2012/08/03 11.1 11.3 10.5 10.55 5146 
2012/08/10 10.75 11.65 10.5 11.55 17941 
2012/08/17 11.6 11.8 11.15 11.5 9386 
2012/08/24 11.5 12.05 11.3 11.4 9247 
2012/08/31 11.5 11.7 10.9 10.9 5854 
2012/09/07 10.8 12.35 10.6 11.5 13529 
2012/09/14 11.5 12.1 11.4 11.7 13839 
2012/09/21 11.7 12.1 11.45 11.45 10152 
2012/09/28 11.45 11.65 11.15 11.15 7078 
2012/10/05 11.1 11.3 9.21 9.86 14974 
2012/10/12 9.86 9.86 8.52 8.71 4888 
2012/10/19 8.85 9 8.55 8.7 2886 
2012/10/26 8.59 8.59 6.88 6.88 5479 
2012/11/02 6.61 7.46 6.06 7.46 9348 
2012/11/09 7.64 9.11 7.26 9.11 14780 
2012/11/16 9.74 10.35 8.7 8.88 14545 
2012/11/23 9.1 9.2 8.29 8.81 5847 
2012/11/30 8.95 9.44 8.79 9.44 6087 
2012/12/07 9.75 12.35 9.75 11 16565 
2012/12/14 11.2 15.3 11.1 15.1 33233 
2012/12/21 14.8 14.9 13.1 13.65 28654 
2012/12/28 13.65 15.8 13.65 15.3 22055 
2013/01/04 15.3 15.95 14.45 15.3 11925 
2013/01/11 15.45 15.75 14.6 14.65 15165 
2013/01/18 14.7 16.7 14.45 15.4 29724 
2013/01/25 15.7 15.7 13.6 13.7 11165 
2013/02/01 13.8 15.2 13.4 14.45 10427 
2013/02/08 14.9 14.9 14 14.05 3772 
2013/02/22 14.1 14.45 13.7 13.9 7525 
2013/03/01 13.9 14.5 13.75 14.1 5097 
2013/03/08 14.2 14.55 13.2 14 12400 
2013/03/15 14.2 14.7 13.6 13.6 7848 
2013/03/22 13.6 13.75 13 13 5473 
2013/03/29 12.7 13.1 12.15 12.7 6605 
2013/04/05 12.8 12.9 11.1 11.1 4507 
2013/04/12 10.35 10.35 7.76 7.76 5317 
2013/04/19 7.22 7.22 5.82 7.14 7278 
2013/04/26 7.63 8.16 6.85 7.1 6706 
2013/05/03 7 7.35 6.38 6.44 2198 
2013/05/10 6.44 7.09 6.15 7.09 3195 
2013/05/17 7.1 7.85 6.85 7 2447 
2013/05/24 6.73 6.97 6.41 6.65 1594 
2013/05/31 6.21 7.28 6.21 6.85 1331 
2013/06/07 6.8 6.9 6.25 6.36 1179 
2013/06/14 6.53 6.53 5.9 6.09 822 
2013/06/21 6 6.23 4.8 5.04 2045 
2013/06/28 5.1 5.33 5 5.2 881 
2013/07/05 5.2 5.5 5.02 5.13 855 
2013/07/12 5.13 5.42 4.96 4.98 724 
2013/07/19 5 5.02 4.81 4.86 1100 
2013/07/26 4.54 4.8 3.97 4.63 3023 
2013/08/02 4.94 5.25 4.65 4.66 1735 
2013/08/09 4.61 4.9 4.34 4.5 946 
2013/08/16 4.6 4.64 4.12 4.2 603 
2013/08/23 4.18 4.38 4.16 4.22 553 
2013/08/30 4.16 4.65 4.08 4.65 911 
2013/09/06 4.34 4.92 4.34 4.77 1208 
2013/09/13 4.77 4.8 4.37 4.4 745 
2013/09/20 4.35 4.44 4.22 4.23 753 
2013/09/27 4.34 4.42 4.2 4.28 797 
2013/10/04 4.22 5.2 4.15 5.2 2455 
2013/10/11 5.26 6.52 5.26 6.48 4045 
2013/10/18 6.3 7.6 6.03 7.42 3784 
2013/10/25 6.91 7.4 5.98 6.2 2091 
2013/11/01 6.2 6.3 5.29 5.62 1852 
2013/11/08 5.62 6.02 5.33 5.49 1033 
2013/11/15 5.49 6.3 5.48 5.97 1381 
2013/11/22 5.56 5.81 5 5.38 868 
2013/11/29 5.27 5.75 5.1 5.15 654 
2013/12/06 5.16 5.49 5.1 5.1 647 
2013/12/13 5.19 5.19 4.9 5 412 
2013/12/20 5 5.09 4.87 4.92 328 
2013/12/27 4.92 4.97 4.66 4.87 558 
2014/01/03 5.08 6.36 5.05 6.1 1596 
2014/01/10 6.1 6.1 5.45 5.54 1363 
2014/01/17 5.54 5.66 5.16 5.3 1049 
2014/01/24 5.3 5.3 5.09 5.2 868 
2014/01/31 5.2 5.2 4.9 5.2 156 
2014/02/07 5.29 5.29 5.15 5.25 227 
2014/02/14 5.21 5.21 5 5 671 
2014/02/21 4.93 5.15 4.71 5.05 758 
2014/02/28 5.05 5.05 4.91 5 713 
2014/03/07 4.99 5.16 4.91 5.15 819 
2014/03/14 5.15 5.15 4.7 4.91 891 
2014/03/21 4.85 5.08 4.82 4.96 723 
2014/03/28 4.85 5 4.75 4.85 517 
2014/04/04 4.75 4.88 4.53 4.7 548 
2014/04/11 4.6 5.29 4.6 5.09 1349 
2014/04/18 5.29 5.29 4.8 4.8 591 
2014/04/25 4.83 4.9 4.75 4.79 779 
2014/05/02 4.78 4.9 4.7 4.71 261 
2014/05/09 4.71 4.8 4.68 4.71 450 
2014/05/16 4.71 4.71 4.01 4.47 1030 
2014/05/23 4.78 5.48 4.78 5.48 3474 
2014/05/30 5.73 7.49 5.73 7.49 4808 
2014/06/06 8.01 9.8 8.01 9.8 4739 
2014/06/13 10.45 10.45 7.35 8.19 10366 
2014/06/20 8.36 9.37 8.36 9 3613 
2014/06/27 9 9 7.5 7.8 2492 
2014/07/04 7.8 8.3 7.6 7.8 1322 
2014/07/11 8 8 7 7.01 1347 
2014/07/18 6.82 7.8 6.82 7.15 1353 
2014/07/25 7.15 7.29 6.9 7.12 328 
2014/08/01 6.78 6.95 6.28 6.76 786 
2014/08/08 6.42 6.74 6.21 6.45 703 
2014/08/15 6.45 7.4 6.45 6.6 822 
2014/08/22 6.25 6.67 6 6.15 920 
2014/08/29 6.2 6.34 6.09 6.1 699 
2014/09/05 6.1 6.1 5.31 5.61 914 
2014/09/12 5.67 5.73 5.61 5.61 357 
2014/09/19 5.62 6.24 5.1 6.2 1306 
2014/09/26 5.77 5.93 5.01 5.03 1388 
2014/10/03 5.25 5.55 5.1 5.35 611 
2014/10/10 5.35 5.35 4.99 4.99 295 
2014/10/17 4.68 4.93 4.23 4.23 818 
2014/10/24 4.27 5.1 4.27 4.69 584 
2014/10/31 4.56 4.83 4.4 4.81 173 
2014/11/07 4.65 5.35 4.64 5.06 738 
2014/11/14 5.15 5.15 4.66 4.8 240 
2014/11/21 4.76 4.88 4.45 4.64 467 
2014/11/28 4.63 4.76 4.4 4.4 500 
2014/12/05 4.19 4.85 4.19 4.49 656 
2014/12/12 4.59 4.66 4.35 4.35 731 
2014/12/19 4.34 4.44 4.15 4.36 757 
2014/12/26 4.43 4.79 4.37 4.79 818 
2015/01/02 5.1 5.11 4.9 4.9 943 
2015/01/09 4.71 4.88 4.43 4.8 362 
2015/01/16 4.8 4.8 4.48 4.61 533 
2015/01/23 4.61 4.74 4.58 4.69 632 
2015/01/30 4.69 4.83 4.56 4.65 465 
2015/02/06 4.61 4.61 4.45 4.6 527 
2015/02/13 4.61 4.67 4.36 4.45 751 
2015/02/27 4.49 4.72 4.45 4.72 563 
2015/03/06 4.75 4.75 4.51 4.61 568 
2015/03/13 4.69 4.9 4.51 4.56 930 
2015/03/20 4.52 4.58 4.4 4.51 736 
2015/03/27 4.55 4.55 4.33 4.38 427 
2015/04/03 4.38 4.45 4.36 4.36 314 
2015/04/10 4.36 4.37 4.2 4.27 460 
2015/04/17 4.35 4.35 4.15 4.28 930 
2015/04/24 4.34 4.34 4.15 4.18 419 
2015/05/01 4.18 4.2 3.97 4.01 554 
2015/05/08 4.01 4.05 3.59 3.7 639 
2015/05/15 3.59 3.65 3.33 3.4 697 
2015/05/22 3.28 3.43 2.96 2.96 952 
2015/05/29 2.76 3.28 2.7 3.28 1308 
2015/06/05 3.6 4.19 3.57 4 1860 
2015/06/12 4.18 4.18 3.4 3.42 435 
2015/06/19 3.55 4.05 3.42 3.93 567 
2015/06/26 4 4 3.51 3.56 387 
2015/07/03 3.31 3.65 3.22 3.22 576 
2015/07/10 3.07 3.1 2.7 2.7 873 
2015/07/17 2.97 3.35 2.93 3.05 795 
2015/07/24 3.05 3.2 2.71 2.85 300 
2015/07/31 2.75 2.91 2.43 2.7 677 
2015/08/07 2.61 2.69 2.28 2.35 537 
2015/08/14 2.31 2.48 2 2.24 385 
2015/08/21 2.46 2.48 2.19 2.31 816 
2015/08/28 2.08 2.5 2.08 2.44 704 
2015/09/04 2.35 2.6 2.3 2.42 224 
2015/09/11 2.48 2.65 2.41 2.41 523 
2015/09/18 2.41 2.65 2.25 2.6 265 
2015/09/25 2.43 2.78 2.4 2.42 458 
2015/10/02 2.43 2.6 2.42 2.54 126 
2015/10/09 2.29 2.72 2.16 2.36 319 
2015/10/16 2.49 2.55 2.35 2.55 391 
2015/10/23 2.55 2.93 2.42 2.93 718 
2015/10/30 3.22 3.75 3.2 3.46 2179 
2015/11/06 3.63 3.63 3.28 3.29 490 
2015/11/13 3.26 3.26 2.81 2.81 374 
2015/11/20 3 3.4 2.83 3.35 521 
2015/11/27 3.54 3.54 2.98 3.13 263 
2015/12/04 3.2 3.3 2.85 3.27 392 
2015/12/11 3.39 3.39 3.06 3.18 386 
2015/12/18 3.18 3.3 2.97 3.1 313 
2015/12/25 3.11 3.5 3.03 3.1 428 
2016/01/01 3.06 3.11 3 3.1 468 
2016/01/08 3.05 3.08 2.79 2.8 669 
2016/01/15 2.81 2.81 2.27 2.45 751 
2016/01/22 2.45 2.45 2.2 2.36 516 
2016/01/29 2.4 2.72 2.3 2.38 811 
2016/02/05 2.17 2.5 2.17 2.44 82 
2016/02/19 2.44 3.29 2.44 3.29 426 
2016/02/26 2.99 3.18 2.7 2.83 305 
2016/03/04 2.72 3 2.72 2.75 488 
2016/03/11 2.75 2.86 2.55 2.55 506 
2016/03/18 2.67 2.67 2.4 2.52 338 
2016/03/25 2.7 2.7 2.38 2.45 264 
2016/04/01 2.32 2.54 2.32 2.43 323 
2016/04/08 2.43 2.43 2.26 2.31 119 
2016/04/15 2.27 2.49 2.25 2.3 552 
2016/04/22 2.41 2.42 2.13 2.3 673 
2016/04/29 2.29 2.35 2.15 2.28 560 
2016/05/06 2.33 2.34 2.2 2.21 237 
2016/05/13 2.1 2.24 2.1 2.12 326 
2016/05/20 2.19 2.19 2 2.05 326 
2016/05/27 2.08 2.1 1.64 1.65 901 
2016/06/03 1.65 1.89 1.65 1.8 437 
2016/06/10 1.79 1.84 1.65 1.66 207 
2016/06/17 1.66 1.77 1.61 1.64 265 
2016/06/24 1.72 2.15 1.67 2.02 686 
2016/07/01 1.91 2.64 1.91 2.64 913 
2016/07/08 2.9 3.19 2.61 2.87 1414 
2016/07/15 2.9 2.9 2.51 2.55 490 
2016/07/22 2.52 2.66 2.32 2.55 375 
2016/07/29 2.55 3 2.45 2.82 1019 
2016/08/05 2.82 2.82 2.4 2.59 392 
2016/08/12 2.59 2.65 2.5 2.51 354 
2016/08/19 2.49 2.55 2.32 2.32 305 
2016/08/26 2.3 2.45 2.21 2.28 269 
2016/09/02 2.29 2.4 2.24 2.32 384 
2016/09/09 2.3 2.39 2.19 2.39 362 
2016/09/16 2.36 2.45 2.25 2.27 250 
2016/09/23 2.28 2.3 2.07 2.11 413 
2016/09/30 2.11 2.12 1.83 2 329 
2016/10/07 2.02 2.42 1.93 2.42 787 
2016/10/14 2.61 2.9 2.21 2.31 2011 
2016/10/21 2.25 2.5 2.22 2.29 498 
2016/10/28 2.25 2.4 2.15 2.22 383 
2016/11/04 2.28 2.35 2.19 2.22 225 
2016/11/11 2.23 2.3 2.02 2.02 279 
2016/11/18 1.87 2.2 1.87 2.03 280 
2016/11/25 2.1 2.31 1.97 2.13 359 
2016/12/02 2.13 2.2 1.95 2.2 826 
2016/12/09 2.26 2.3 2.1 2.2 487 
2016/12/16 2.2 2.28 2.11 2.16 225 
2016/12/23 1.96 2.25 1.96 2.12 282 
2016/12/30 2.1 2.18 2.06 2.1 377 
2017/01/06 2.05 2.22 2.05 2.15 477 
2017/01/13 2.15 2.45 2.11 2.3 790 
2017/01/20 2.45 2.57 2.32 2.43 496 
2017/01/27 2.19 2.58 2.19 2.32 87 
2017/02/03 2.33 2.35 2.11 2.3 117 
2017/02/10 2.35 2.51 2.34 2.49 478 
2017/02/17 2.37 2.4 2 2.34 536 
2017/02/24 2.39 2.45 2.21 2.33 417 
2017/03/03 2.45 2.45 2.31 2.41 329 
2017/03/10 2.45 2.45 2.17 2.35 668 
2017/03/17 2.33 2.33 2.2 2.28 714 
2017/03/24 2.31 2.4 2.21 2.32 361 
2017/03/31 2.32 2.45 2.27 2.33 455 
2017/04/07 2.35 2.55 2.35 2.37 464 
2017/04/14 3.14 4.05 3.08 3.08 7811 
2017/04/21 2.92 3.15 2.8 3.15 805 
2017/04/28 3.05 3.19 3.04 3.19 291 
2017/05/05 3.4 3.4 3.2 3.2 130 
2017/05/12 2.92 3 2.81 2.86 738 
2017/05/19 2.72 3.09 2.72 2.99 288 
2017/05/26 2.99 3 2.81 2.81 369 
2017/06/02 2.81 3.25 2.81 3.05 451 
2017/06/09 3.37 3.37 3 3.01 471 
2017/06/16 3 3.03 2.83 2.88 310 
2017/06/23 2.92 2.92 2.63 2.7 558 
2017/06/30 2.62 2.75 2.48 2.69 334 
2017/07/07 2.65 2.79 2.65 2.75 44 
2017/07/14 2.72 2.73 2.55 2.6 358 
2017/07/21 2.6 2.6 2.45 2.53 165 
2017/07/28 2.6 2.6 2.47 2.5 35 
2017/08/04 2.48 2.57 2.36 2.54 275 
2017/08/11 2.48 2.49 2.4 2.43 157 
2017/08/18 2.48 2.58 2.41 2.42 273 
2017/08/25 2.42 2.43 2.4 2.41 107 
2017/09/01 2.51 2.6 2.51 2.58 149 
2017/09/08 2.32 2.35 2.32 2.32 161 
2017/09/15 2.45 2.45 2.42 2.43 216 
2017/09/22 2.42 2.43 2.42 2.42 112 
2017/09/29 2.68 2.89 2.65 2.81 966 
2017/10/06 2.67 2.75 2.65 2.75 79 
2017/10/13 2.7 2.7 2.7 2.7 141 
2017/10/20 2.67 2.8 2.67 2.8 424 
2017/10/27 2.7 2.85 2.63 2.71 504 
2017/11/03 2.68 2.68 2.42 2.6 316 
2017/11/10 2.41 2.59 2.4 2.5 330 
2017/11/17 2.42 2.5 2.4 2.49 91 
2017/11/24 2.33 2.63 2.33 2.63 269 
2017/12/01 2.65 2.65 2.48 2.5 374 
2017/12/08 2.45 2.75 2.45 2.55 255 
2017/12/15 2.53 2.62 2.23 2.44 455 
2017/12/22 2.46 2.49 2.35 2.4 310 
2017/12/29 2.59 2.6 2.36 2.4 496 
2018/01/05 2.36 2.5 2.21 2.32 370 
2018/01/12 2.4 2.4 2.22 2.25 627 
2018/01/19 2.26 2.39 2.23 2.35 589 
2018/01/26 2.26 2.35 2.11 2.28 609 
2018/02/02 2.18 2.4 2.18 2.31 335 
2018/02/09 2.3 2.32 2.14 2.14 787 
2018/02/16 2.02 2.18 2.02 2.15 61 
2018/02/23 2.02 2.4 2.02 2.4 574 
2018/03/02 2.6 3.16 2.6 2.75 3281 
2018/03/09 2.75 3 2.53 2.57 841 
2018/03/16 2.57 2.7 2.46 2.6 689 
2018/03/23 2.6 2.72 2.58 2.6 585 
2018/03/30 2.6 2.8 2.48 2.75 507 
2018/04/06 2.63 2.75 2.51 2.62 239 
2018/04/13 2.65 2.65 2.42 2.45 507 
2018/04/20 2.45 2.55 2.31 2.41 460 
2018/04/27 2.5 2.85 2.49 2.64 1313 
2018/05/04 2.56 2.67 2.56 2.57 115 
2018/05/11 2.68 2.68 2.43 2.45 212 
2018/05/18 2.43 2.43 2.15 2.2 1218 
2018/05/25 2.22 2.37 2.19 2.25 278 
2018/06/01 2.24 2.48 2.24 2.4 289 
2018/06/08 2.5 2.52 2.32 2.41 607 
2018/06/15 2.26 2.55 2.26 2.35 476 
2018/06/22 2.35 2.41 2.3 2.41 187 
2018/06/29 2.32 2.39 2.16 2.3 348 
2018/07/06 2.3 2.49 2.26 2.31 329 
2018/07/13 2.31 2.31 2.13 2.19 388 
2018/07/20 2.11 2.24 1.98 2.21 518 
2018/07/27 2.4 2.4 2.29 2.35 453 
2018/08/03 2.15 2.4 2.15 2.4 1680 
2018/08/10 2.4 2.55 2.4 2.5 781 
2018/08/17 2.5 2.59 2.4 2.51 816 
2018/08/24 2.51 2.73 2.5 2.59 415 
2018/08/31 2.53 2.7 2.5 2.51 530 
2018/09/07 2.51 2.58 2.5 2.5 344 
2018/09/14 2.52 2.55 2.5 2.5 755 
2018/09/21 2.53 2.68 2.5 2.51 391 
2018/09/28 2.5 2.59 2.5 2.51 323 
2018/10/05 2.51 2.59 2.45 2.45 376 
2018/10/12 2.4 2.55 2.1 2.15 494 
2018/10/19 2.19 2.3 2.15 2.19 90 
2018/10/26 2.3 2.3 2.05 2.05 152 
2018/11/02 2.03 2.12 1.87 2 313 
2018/11/09 1.9 2.09 1.9 1.98 232 
2018/11/16 1.9 2.09 1.9 2.06 200 
2018/11/23 2.1 2.2 2.01 2.1 195 
2018/11/30 2.2 2.43 2.2 2.34 168 
2018/12/07 2.25 2.34 2.07 2.16 167 
2018/12/14 2.08 2.2 2.08 2.15 203 
2018/12/21 2.1 2.2 2.02 2.16 375 
2018/12/28 2.16 2.47 2.1 2.47 380 
2019/01/04 2.47 2.47 2.3 2.33 200 
2019/01/11 2.22 2.43 2.22 2.35 316 
2019/01/18 2.35 2.5 2.29 2.47 196 
2019/01/25 2.53 2.55 2.39 2.55 440 
2019/02/01 2.56 2.9 2.56 2.85 1595 
2019/02/15 2.85 2.95 2.75 2.95 731 
2019/02/22 3.24 3.24 2.9 3.2 1520 
2019/03/01 3.19 3.19 2.7 2.7 1016 
2019/03/08 2.45 2.9 2.4 2.55 1594 
2019/03/15 2.5 2.66 2.38 2.5 1250 
2019/03/22 2.51 2.6 2.5 2.6 481 
2019/03/29 2.52 2.59 2.39 2.45 467 
2019/04/05 2.4 2.4 2.2 2.28 642 
2019/04/12 2.27 2.5 2.23 2.48 590 
2019/04/19 2.48 2.55 2.4 2.5 244 
2019/04/26 2.45 2.5 2.38 2.45 342 
2019/05/03 2.42 2.55 2.38 2.45 244 
2019/05/10 2.41 2.49 2.38 2.41 262 
2019/05/17 2.39 2.5 2.32 2.4 302 
2019/05/24 2.35 2.43 2.35 2.4 162 
2019/05/31 2.52 2.69 2.32 2.5 317 
2019/06/07 2.6 2.6 2.35 2.4 305 
2019/06/14 2.4 2.45 2.35 2.45 318 
2019/06/21 2.4 2.4 2.35 2.4 383 
2019/06/28 2.35 2.4 2.35 2.35 376 
2019/07/05 2.35 2.39 2.35 2.38 470 
2019/07/12 2.36 2.36 2.27 2.34 622 
2019/07/19 2.32 2.34 2.28 2.31 326 
2019/07/26 2.3 2.3 2.25 2.28 516 
2019/08/02 2.27 2.3 2.21 2.28 470 
2019/08/09 2.25 2.27 2.21 2.26 323 
2019/08/16 2.22 2.64 2.22 2.46 1056 
2019/08/23 2.4 2.62 2.35 2.61 709 
2019/08/30 2.61 2.78 2.56 2.69 1169 
2019/09/06 2.68 2.76 2.65 2.69 466 
2019/09/13 2.66 2.8 2.66 2.79 993 
2019/09/20 2.79 2.8 2.79 2.79 205 
