1997/08/15 72 100 72 100 7912 
1997/08/22 99 105.5 88.5 105.5 45281 
1997/08/29 104.5 104.5 86 86 23789 
1997/09/05 82 83 74.5 78.5 27505 
1997/09/12 78.5 78.5 68.5 69.5 10180 
1997/09/19 69 78 67 73 9591 
1997/09/26 72.5 74 67.5 74 10966 
1997/10/03 75 78.5 71 76.5 16148 
1997/10/10 78 78 72 76 9490 
1997/10/17 76 77 61 61 13915 
1997/10/24 57 59.5 51 53.5 15994 
1997/10/31 55.5 57 48.8 52.5 8992 
1997/11/07 52.5 62 52.5 54 17564 
1997/11/14 54.5 59 53 57 7468 
1997/11/21 57 60.5 55.5 59 13306 
1997/11/28 59 59 56 58.5 12182 
1997/12/05 56 67.5 55 67 48645 
1997/12/12 69 70 58 62 33668 
1997/12/19 61.5 63 59 61 9650 
1997/12/26 60 61.5 59 61 6800 
1998/01/02 61 63 60.5 61.5 5692 
1998/01/09 61.5 61.5 55 55 4556 
1998/01/16 53 58 50.5 57.5 16408 
1998/01/23 58 66 56 65 20659 
1998/02/06 66 73.5 65 68 61159 
1998/02/13 70 77.5 67 74.5 64231 
1998/02/20 72.5 85 72 82 100583 
1998/02/27 81.5 84.5 78 79.5 59799 
1998/03/06 81 81 68 71 51862 
1998/03/13 68.5 74.5 68 71.5 30066 
1998/03/20 72.5 75.5 71.5 73 32071 
1998/03/27 72.5 79 71.5 78 32713 
1998/04/03 78.5 82 75.5 79 30864 
1998/04/10 79 81 70.5 72.5 30396 
1998/04/17 72 74 68 72.5 39762 
1998/04/24 73 78 67 77.5 91923 
1998/05/01 78 80.5 72 80 110427 
1998/05/08 80 80 74 74 65967 
1998/05/15 75 76.5 54 57 112499 
1998/05/22 57 60 57 59 63685 
1998/05/29 59 60 51 51.5 45096 
1998/06/05 50.5 52 47.5 51.5 90113 
1998/06/12 51 51 43.6 44 53676 
1998/06/19 44.8 50 44 47.8 67022 
1998/06/26 48 48.7 43.6 43.7 36414 
1998/07/03 43.5 45.4 39.5 45.1 65495 
1998/07/10 45.4 47.8 44.5 45 60667 
1998/07/17 44.5 51 43.5 49.9 103553 
1998/07/24 50 53.5 48.6 53.5 87554 
1998/07/31 53 54.5 50 52 121076 
1998/08/07 52.5 52.5 46 47.2 128565 
1998/08/14 46.8 47 43.8 45 54607 
1998/08/21 45.3 45.7 42.2 44.5 34850 
1998/08/28 43.2 44 38.9 43.8 78785 
1998/09/04 44.1 44.6 39.2 43.3 95146 
1998/09/11 43.8 45.9 41.7 42.3 55935 
1998/09/18 42.3 44.8 41.5 44 40996 
1998/09/25 44.5 46.4 43 44.9 72927 
1998/10/02 45.5 45.7 38.6 41.7 50428 
1998/10/09 40.2 42.9 39.3 41.4 25673 
1998/10/16 42.4 43.5 41 42.9 22678 
1998/10/23 43 43.3 41.2 42.5 17111 
1998/10/30 42.7 45.4 42.5 44.5 69980 
1998/11/06 44.8 46.2 42.4 43.8 67270 
1998/11/13 44.2 44.2 41 42.8 15603 
1998/11/20 43 49.9 43 47.8 112828 
1998/11/27 47.8 48.1 44.8 45.8 45389 
1998/12/04 45.8 46 44.1 45.1 19268 
1998/12/11 46.7 47 43 43 21627 
1998/12/18 43.6 43.6 39 39 22572 
1998/12/25 39.4 42 39 40.1 15626 
1999/01/01 40.5 41.3 39 40.2 13101 
1999/01/08 40.2 41.4 37.6 40.3 18455 
1999/01/15 40.5 42.5 36.2 41.2 36840 
1999/01/22 41 42.2 39.1 39.1 30998 
1999/01/29 38.6 40.3 37.5 38.4 20802 
1999/02/05 38 38.5 34.5 35.1 30911 
1999/02/12 34 36.2 32.7 33.5 34618 
1999/02/19 35 35.2 34.1 34.7 5027 
1999/02/26 34.8 36.7 33.5 34 27826 
1999/03/05 34.1 36.5 34 35.5 28803 
1999/03/12 35.8 37.5 35.5 36.6 25816 
1999/03/19 36.6 41.8 36.6 41.4 84983 
1999/03/26 41.3 41.8 39.6 40.9 35943 
1999/04/02 41 41.1 36.8 38.9 23088 
1999/04/09 39.2 40.5 38.4 39.2 16922 
1999/04/16 39.2 40.4 38.8 39.7 24675 
1999/04/23 40.2 40.3 38.5 40 29821 
1999/04/30 40.2 43.2 38.3 38.6 62346 
1999/05/07 38 39.1 36 37.6 27628 
1999/05/14 37.7 38.9 37.5 37.6 17346 
1999/05/21 37.7 41.3 37.7 39.6 69667 
1999/05/28 39.6 41.5 38 38.2 49764 
1999/06/04 38.2 39.3 37 38.3 30635 
1999/06/11 38.6 39.8 37.5 38.3 37311 
1999/06/18 38.3 38.7 36.5 36.6 18908 
1999/06/25 36.6 37.9 34.5 36.8 30814 
1999/07/02 37.3 38.9 36 36.4 29583 
1999/07/09 37.1 38.3 36.2 36.3 20384 
1999/07/16 36.8 38.5 30.8 30.8 35257 
1999/07/23 29 31.4 28.7 29.6 34047 
1999/07/30 23.3 23.5 19 19.4 26956 
1999/08/06 19.2 19.4 14.8 14.8 23143 
1999/08/13 14.8 18.4 14.8 17.6 44072 
1999/08/20 18 20.5 17.5 20.1 46143 
1999/08/27 20.3 20.9 18.5 20.9 34284 
1999/09/03 20.9 20.9 19 19.2 25045 
1999/09/10 19 19.5 18.1 18.9 12583 
1999/09/17 19.2 21 18.5 19.2 30073 
1999/09/24 19.2 19.4 18.8 19 1533 
1999/10/01 18.4 18.4 16.6 16.8 17370 
1999/10/08 16.8 17.4 16.3 16.7 12326 
1999/10/15 16.7 17.6 16.6 17.3 18275 
1999/10/22 17.3 17.4 16 16.1 11247 
1999/10/29 16.1 16.3 12.9 13.25 32843 
1999/11/05 13.3 14.65 12.9 13 30126 
1999/11/12 13 13 12.3 12.95 14574 
1999/11/19 13.1 14.2 12.8 12.85 32403 
1999/11/26 12.85 16.7 12.85 16.1 81008 
1999/12/03 16.7 17 14.5 16 66731 
1999/12/10 16 19.3 15.7 16.7 108701 
1999/12/17 16.7 18.2 16.5 16.8 52594 
1999/12/24 17.3 18.5 16.6 17 50516 
1999/12/31 17 17.7 17 17.2 18756 
2000/01/07 17.4 20.5 17.2 18.8 77728 
2000/01/14 19.3 20.4 18.1 18.9 73081 
2000/01/21 19 21.8 19 20.9 109510 
2000/01/28 21.5 22.7 20.5 20.5 105727 
2000/02/04 20.8 21.4 20.6 21 18741 
2000/02/11 21.6 22.8 21 22.8 41872 
2000/02/18 23.7 27.1 22.2 27.1 152960 
2000/02/25 28.4 28.7 22.1 22.1 82752 
2000/03/03 22.5 23.9 21 22.6 43640 
2000/03/10 22.8 24.1 21.5 22.9 41817 
2000/03/17 22.6 22.6 18.1 18.5 29639 
2000/03/24 17.9 23.3 17.3 23.3 44488 
2000/03/31 23.7 28 23.2 25.3 143028 
2000/04/07 24.3 26 24.2 24.3 49710 
2000/04/14 24.3 26.9 22.5 22.5 96733 
2000/04/21 22.7 24.7 22.4 23 31845 
2000/04/28 22.8 23 19.3 21 28421 
2000/05/05 20.8 21 18.8 20.2 17689 
2000/05/12 20.6 20.8 19 19.3 15637 
2000/05/19 19.3 21.2 18.5 19.9 28810 
2000/05/26 20.2 20.3 18.5 18.8 16077 
2000/06/02 18.9 19.9 18.6 18.9 15585 
2000/06/09 18.9 19.3 18.6 18.9 10519 
2000/06/16 18.9 18.9 17.4 17.6 14949 
2000/06/23 17.7 18.7 17.4 18 19368 
2000/06/30 18 18.3 15.3 16 12699 
2000/07/07 16.4 16.7 13.7 14.5 13701 
2000/07/14 14.5 15 13.2 14.45 11582 
2000/07/21 14.5 14.7 13.3 13.7 6203 
2000/07/28 13.7 13.85 12.05 12.75 8389 
2000/08/04 12.7 13.2 12.1 12.6 6538 
2000/08/11 12.5 13.2 12.2 12.7 6549 
2000/08/18 12.8 12.8 12.2 12.7 8598 
2000/08/25 12.8 13.7 12.3 12.3 10146 
2000/09/01 12.3 12.3 9 10.2 27437 
2000/09/08 10.2 10.3 9.5 10 10478 
2000/09/15 9.8 10 7.6 7.6 7284 
2000/09/22 7.1 7.6 6.4 7.1 21389 
2000/09/29 7.1 8.2 6.8 7.1 15892 
2000/10/06 7 7.75 6.6 7.3 10817 
2000/10/13 7.4 7.4 6.5 7.2 6548 
2000/10/20 7.6 7.6 6.4 7.1 12640 
2000/10/27 7.15 7.25 6.5 6.5 7966 
2000/11/03 6.3 6.3 5.4 5.4 2158 
2000/11/10 5.25 5.75 4.75 5.75 9633 
2000/11/17 5.65 5.8 5 5.55 11245 
2000/11/24 5.25 5.4 5 5.3 7435 
2000/12/01 5.25 5.85 5 5.85 11334 
2000/12/08 5.75 5.8 5.1 5.15 4478 
2000/12/15 5.15 5.5 5 5.3 4880 
2000/12/22 5.15 5.15 4.48 4.48 1961 
2000/12/29 4.34 4.49 4.04 4.12 4211 
2001/01/05 4 4.88 4 4.88 5655 
2001/01/12 4.8 5.8 4.55 5.3 15446 
2001/01/19 5.3 5.8 5 5.75 10695 
2001/02/02 5.9 6.75 5.4 6.75 12735 
2001/02/09 7.2 8.2 6.7 7.55 19922 
2001/02/16 7.55 9.2 7.55 8.5 28562 
2001/02/23 8 8.3 7.1 7.35 15122 
2001/03/02 7.4 7.95 6.9 6.9 10842 
2001/03/09 6.5 7.65 6.5 7.65 18309 
2001/03/16 7.65 9.6 7.6 9 48218 
2001/03/23 9 10.05 8 10.05 37568 
2001/03/30 10.7 13.4 10.3 13 79175 
2001/04/06 12.1 13 10.55 11.95 43803 
2001/04/13 11.8 11.9 10.2 10.75 35872 
2001/04/20 10.5 11.05 10 10.8 21339 
2001/04/27 10.8 11.1 10 10 21953 
2001/05/04 10 10.2 8.05 8.4 18771 
2001/05/11 8.4 8.6 6.45 6.95 18174 
2001/05/18 7 8.4 6.8 7.45 24513 
2001/05/25 7.2 8.3 6.95 7.7 17799 
2001/06/01 7.5 7.75 7.2 7.35 9888 
2001/06/08 7.35 7.7 7 7.55 12467 
2001/06/15 7.45 8.2 7.3 7.5 17798 
2001/06/22 7.3 7.5 7.1 7.2 7191 
2001/06/29 7.2 7.35 5.8 5.9 13179 
2001/07/06 5.5 5.8 4.58 5.45 14579 
2001/07/13 5.55 5.6 4.9 5.25 12531 
2001/07/20 5.3 5.45 5 5.1 8781 
2001/07/27 5.15 5.3 4.6 5.1 8116 
2001/08/03 5.05 5.1 4.7 4.98 5223 
2001/08/10 4.98 5.2 4.9 4.95 4183 
2001/08/17 4.9 6.05 4.9 5.65 21319 
2001/08/24 5.35 5.8 5.2 5.3 9675 
2001/08/31 5.35 5.5 5 5.15 5831 
2001/09/07 5.1 5.35 4.8 4.88 5063 
2001/09/14 4.7 4.88 3.94 3.94 4600 
2001/09/21 3.81 3.81 3.56 3.56 1890 
2001/09/28 3.32 3.9 3.32 3.78 6467 
2001/10/05 3.78 3.78 3.3 3.45 3159 
2001/10/12 3.21 3.61 3 3.3 5933 
2001/10/19 3.32 3.48 3.2 3.34 4372 
2001/10/26 3.42 3.7 3.35 3.67 7033 
2001/11/02 3.68 3.72 3.12 3.35 5509 
2001/11/09 3.3 3.6 3.3 3.59 7829 
2001/11/16 3.59 4.3 3.55 4.02 16282 
2001/11/23 4.3 5.2 4.3 4.84 25955 
2001/11/30 4.81 5 4.01 4.38 16057 
2001/12/07 4.68 6.05 4.68 6.05 9657 
2001/12/14 6.45 7.65 6 7.65 55400 
2001/12/21 7.95 7.95 5.85 5.85 32725 
2001/12/28 5.85 7.1 5.85 6.3 30752 
2002/01/04 6.25 6.9 6.2 6.9 29457 
2002/01/11 7.15 8.5 6.8 8 72079 
2002/01/18 7.45 7.8 6.6 6.8 26322 
2002/01/25 6.85 7.3 6.65 6.9 25182 
2002/02/01 6.9 7.6 6.7 6.8 29093 
2002/02/08 6.7 6.8 6.3 6.65 10029 
2002/02/22 6.9 6.95 5.9 6.2 15282 
2002/03/01 6.1 6.2 5.8 6 10225 
2002/03/08 6.2 6.95 6.1 6.95 24367 
2002/03/15 7.4 8.35 7.2 7.5 73102 
2002/03/22 7.9 7.95 7.2 7.95 42813 
2002/03/29 8.4 9.65 8.2 9 105491 
2002/04/05 8.8 11.7 8.8 11.7 25019 
2002/04/12 12.5 13.35 10.85 11.85 110350 
2002/04/19 12.1 13.9 11.65 12.7 119565 
2002/04/26 13.4 14.15 12.95 13.35 82690 
2002/05/03 13.3 13.5 10.3 10.6 46346 
2002/05/10 10.3 10.5 9.25 10.35 36791 
2002/05/17 9.85 10.95 9.85 10.05 30368 
2002/05/24 9.55 10.25 8.1 9.05 23210 
2002/05/31 8.55 10.2 8.55 9.55 20636 
2002/06/07 9.55 9.95 8.7 9.2 15650 
2002/06/14 9.3 9.6 9 9.25 12487 
2002/06/21 9.4 10 9 9.45 19215 
2002/06/28 9.3 9.4 7.9 8.1 13573 
2002/07/05 8.15 8.3 7.05 8.3 11237 
2002/07/12 8.5 8.75 7.45 8.2 12288 
2002/07/19 8.25 8.25 7.55 7.65 8157 
2002/07/26 7.3 7.6 6.8 6.85 7844 
2002/08/02 6.5 7.95 6.5 7.95 14907 
2002/08/09 7.4 9.25 7.4 8.5 32690 
2002/08/16 8.4 9.65 8.3 8.6 39148 
2002/08/23 8.6 9.1 8.5 8.65 17182 
2002/08/30 8.6 10.1 8.4 9.25 43290 
2002/09/06 9.25 9.45 8.7 8.7 17766 
2002/09/13 8.7 9.65 8.5 9 19047 
2002/09/20 9.3 9.4 8.9 9.3 18116 
2002/09/27 9.35 9.4 7.85 7.95 16065 
2002/10/04 7.95 8.2 7.4 7.85 11016 
2002/10/11 7.85 8 7.4 7.45 6593 
2002/10/18 7.5 8.5 7.5 8.2 16966 
2002/10/25 8.2 8.7 7.65 8.7 22913 
2002/11/01 9.3 9.3 8.1 8.2 24688 
2002/11/08 8.3 9 8.3 8.75 20081 
2002/11/15 8.8 8.9 8.1 8.4 12267 
2002/11/22 8.4 8.6 8 8.1 11268 
2002/11/29 8 8.15 7.7 7.8 8393 
2002/12/06 7.85 8.1 7.7 7.8 11287 
2002/12/13 7.8 8 6.8 6.8 11231 
2002/12/20 6.6 7.1 6 6.4 11456 
2002/12/27 6.4 6.5 6 6.15 8763 
2003/01/03 6.15 6.15 5.8 6.1 9367 
2003/01/10 6.1 6.7 5.9 6.7 14925 
2003/01/17 7.1 7.65 6.9 6.9 25245 
2003/01/24 6.8 7.5 6.55 7 20445 
2003/01/31 6.8 7.1 6.75 6.9 3808 
2003/02/07 6.9 6.95 6.05 6.25 3341 
2003/02/14 6.05 6.95 6.05 6.5 10198 
2003/02/21 6.75 6.95 6.6 6.65 9205 
2003/02/28 6.7 6.8 6.1 6.2 4079 
2003/03/07 6.2 6.4 5.8 5.9 4140 
2003/03/14 5.9 6.5 5.9 6.2 5310 
2003/03/21 6.1 6.3 5.95 6.1 5526 
2003/03/28 6.2 6.25 5.95 6 3379 
2003/04/04 6 6.3 5.8 6.3 7438 
2003/04/11 6.7 7.6 6.7 7 26600 
2003/04/18 7 7.4 6.85 7.2 18619 
2003/04/25 7.1 7.3 6 6.05 18112 
2003/05/02 5.7 6 5.25 5.25 9558 
2003/05/09 4.89 5.2 4.24 4.7 19463 
2003/05/16 4.65 4.9 4.4 4.5 9469 
2003/05/23 4.5 4.94 4.5 4.86 10165 
2003/05/30 5 5.6 4.97 5.25 17929 
2003/06/06 5.3 6.25 5.3 6.25 30091 
2003/06/13 6.15 7.6 6.15 7.05 58229 
2003/06/20 6.95 7.8 6.6 7.8 63475 
2003/06/27 8.3 8.3 6.9 7 57230 
2003/07/04 6.8 8.2 6.8 7.8 68792 
2003/07/11 8 8.65 7.5 8 66955 
2003/07/18 8.1 8.3 7.35 7.55 34822 
2003/07/25 7.55 7.7 7.3 7.4 17414 
2003/08/01 7.5 7.6 6.75 7.2 22442 
2003/08/08 7.1 7.25 6.6 6.6 11037 
2003/08/15 6.65 7.1 6.6 6.85 16127 
2003/08/22 6.95 7.7 6.9 6.95 19770 
2003/08/29 6.95 6.95 6.6 6.8 11485 
2003/09/05 6.85 6.95 6.55 6.6 9949 
2003/09/12 6.55 6.7 6.15 6.4 7382 
2003/09/19 6.4 6.55 6.3 6.45 6125 
2003/09/26 6.4 6.6 6.2 6.4 7021 
2003/10/03 6.3 6.5 6.25 6.4 5652 
2003/10/10 6.4 6.8 6.3 6.75 8924 
2003/10/17 6.8 7.2 6.7 6.95 17020 
2003/10/24 6.9 6.9 6.55 6.55 9235 
2003/10/31 6.65 6.75 6.6 6.6 5934 
2003/11/07 6.6 6.9 6.55 6.65 12035 
2003/11/14 6.65 7.3 6.65 7.2 29587 
2003/11/21 7.1 7.15 6.6 6.7 11137 
2003/11/28 6.7 6.75 6.4 6.55 6395 
2003/12/05 6.45 6.75 6.4 6.5 6334 
2003/12/12 6.5 6.6 6.35 6.35 5649 
2003/12/19 6.45 6.45 6 6.05 6421 
2003/12/26 6.1 6.25 6 6.15 5899 
2004/01/02 6.1 6.35 6.1 6.3 6448 
2004/01/09 6.3 6.65 6.2 6.55 14161 
2004/01/16 6.45 6.5 6.2 6.2 9437 
2004/01/30 6.25 6.7 6.15 6.65 17837 
2004/02/06 6.65 7.05 6.35 7.05 30505 
2004/02/13 7.1 7.5 6.85 7.1 49994 
2004/02/20 7.2 7.3 6.9 7.15 33215 
2004/02/27 7.15 8.5 6.95 8.35 87496 
2004/03/05 8.4 8.5 7.7 8.1 58209 
2004/03/12 8.1 8.2 7.6 7.7 27191 
2004/03/19 7.8 8 7.1 7.35 22371 
2004/03/26 6.85 6.85 6.1 6.15 19173 
2004/04/02 6.5 7.2 6.4 7 16221 
2004/04/09 7.1 7.55 7 7.2 20790 
2004/04/16 7.7 9.25 7.7 8.7 98720 
2004/04/23 8.7 8.95 8.05 8.15 57044 
2004/04/30 8.1 8.55 7.05 7.5 33861 
2004/05/07 7.6 7.65 6.5 6.6 23099 
2004/05/14 6.5 6.8 6 6.4 13862 
2004/05/21 6.15 6.9 6 6.8 12138 
2004/05/28 6.7 6.95 6.6 6.75 9323 
2004/06/04 6.3 6.3 5.3 5.3 28705 
2004/06/11 5.35 5.55 5.1 5.3 28051 
2004/06/18 5.5 5.5 4.21 4.21 15446 
2004/06/25 4.2 4.6 3.92 4.6 13577 
2004/07/02 4.6 4.65 4.13 4.3 10166 
2004/07/09 4.25 4.35 4 4.33 6766 
2004/07/16 4.35 4.88 4.23 4.42 14357 
2004/07/23 4.22 4.38 3.9 4.09 7847 
2004/07/30 4.04 4.28 4 4.08 7731 
2004/08/06 4.08 4.14 3.92 4.03 6456 
2004/08/13 4 4.09 3.96 4 4385 
2004/08/20 4 4 3.26 3.52 9938 
2004/08/27 3.53 3.57 3.3 3.4 7153 
2004/09/03 3.44 3.6 3.11 3.33 18047 
2004/09/10 3.56 3.79 3.5 3.52 14730 
2004/09/17 3.6 3.62 3.24 3.24 11149 
2004/09/24 3.15 3.24 2.86 3.13 11259 
2004/10/01 3.1 3.11 3 3.04 4272 
2004/10/08 3.07 3.17 3.06 3.1 5856 
2004/10/15 3.12 4.1 3.08 3.82 27110 
2004/10/22 3.78 4.22 3.61 4.22 16523 
2004/10/29 4.2 5 4.06 4.95 40919 
2004/11/05 4.98 4.99 4.05 4.34 32286 
2004/11/12 4.31 4.37 4 4.16 18307 
2004/11/19 4.05 4.4 3.96 4.15 28815 
2004/12/24 7.75 7.85 7.2 7.4 13949 
2004/12/31 7.3 7.35 6.95 7.05 7098 
2005/01/07 7.15 7.15 6.3 6.4 4965 
2005/01/14 6.4 6.5 6 6.05 6066 
2005/01/21 6.1 6.35 5.9 6 4669 
2005/01/28 6 6 5.5 5.6 2967 
2005/02/04 5.6 5.9 5.55 5.6 3077 
2005/02/18 5.75 6.25 5.6 6.1 7609 
2005/02/25 6.1 7.4 6.1 6.9 19074 
2005/03/04 6.9 7 6.7 6.75 6170 
2005/03/11 6.75 7.19 6.64 6.85 10830 
2005/03/18 6.81 6.94 6.2 6.4 5700 
2005/03/25 6.49 6.55 6.23 6.35 4504 
2005/04/01 6.39 6.48 6 6.01 2517 
2005/04/08 6.02 6.52 6.02 6.24 4674 
2005/04/15 6.24 6.25 6.05 6.1 2022 
2005/04/22 6.1 6.1 5.55 5.7 2801 
2005/04/29 5.7 5.78 5.51 5.6 1510 
2005/05/06 5.64 5.83 5.45 5.56 2315 
2005/05/13 5.56 5.59 4.9 5 4997 
2005/05/20 5.02 5.1 4.5 4.55 5739 
2005/05/27 4.59 4.63 4.31 4.58 6007 
2005/06/03 4.7 6.14 4.63 6.14 22023 
2005/06/10 6.22 6.48 5.8 6.01 22599 
2005/06/17 5.9 6.35 5.6 5.93 19244 
2005/06/24 6.03 6.25 5.88 6.06 11549 
2005/07/01 5.96 6.31 5.85 6.12 17391 
2005/07/08 6.18 6.18 5.7 5.7 10741 
2005/07/15 5.75 6.16 5.7 6.02 21004 
2005/07/22 6.01 6.13 5.7 5.7 9878 
2005/07/29 5.75 5.8 5.3 5.31 6899 
2005/08/05 5.2 5.31 5 5.19 4610 
2005/08/12 5.17 5.19 5.01 5.07 4850 
2005/08/19 5.02 5.07 4.8 4.86 3756 
2005/08/26 4.86 5 4.38 4.46 2910 
2005/09/02 4.59 4.76 4.45 4.76 2159 
2005/09/09 4.79 4.97 4.66 4.67 3611 
2005/09/16 4.67 4.73 4.35 4.35 2482 
2005/09/23 4.35 4.47 4.12 4.18 3272 
2005/09/30 4.18 4.23 4.06 4.19 2300 
2005/10/07 4.2 4.2 3.82 3.96 3803 
2005/10/14 3.96 3.96 3.47 3.52 2553 
2005/10/21 3.6 3.62 3.04 3.27 6038 
2005/10/28 3.38 3.49 3.15 3.16 4489 
2005/11/04 3.28 3.39 3.2 3.25 2566 
2005/11/11 3.2 3.4 3.18 3.36 2495 
2005/11/18 3.35 3.56 3.32 3.41 3568 
2005/11/25 3.42 3.6 3.36 3.48 2875 
2005/12/02 3.48 4.4 3.45 4.4 10853 
2005/12/09 4.7 5.02 4.21 4.45 15015 
2005/12/16 4.55 4.89 4.21 4.52 7790 
2005/12/23 4.5 4.63 4.42 4.5 6435 
2005/12/30 4.55 4.7 4.36 4.55 10550 
2006/01/06 4.5 4.85 4.4 4.69 10903 
2006/01/13 4.8 4.98 4.24 4.24 7540 
2006/01/20 4.24 4.45 3.98 4.24 4441 
2006/01/27 4.1 4.18 4.03 4.03 1283 
2006/02/03 4.02 4.14 4.02 4.09 278 
2006/02/10 4.08 4.23 4 4.11 2618 
2006/02/17 4.12 4.12 3.8 3.82 2289 
2006/02/24 3.83 3.85 3.7 3.72 2343 
2006/03/03 3.72 3.82 3.67 3.72 1177 
2006/03/10 3.72 3.72 3.5 3.55 1802 
2006/03/17 3.59 3.59 3.35 3.54 2478 
2006/03/24 3.54 3.55 3.4 3.47 1842 
2006/03/31 3.47 3.55 3.46 3.54 1725 
2006/04/07 3.55 3.76 3.49 3.76 2650 
2006/04/14 3.78 4.02 3.78 3.9 5342 
2006/04/21 3.93 4 3.71 3.71 4431 
2006/04/28 3.65 3.8 3.53 3.65 3670 
2006/05/05 3.65 3.78 3.51 3.78 3466 
2006/05/12 3.9 4.1 3.74 3.95 9170 
2006/05/19 3.9 4.31 3.9 4.1 8884 
2006/05/26 4.13 4.16 3.72 3.75 4837 
2006/06/02 3.76 3.97 3.75 3.83 2811 
2006/06/09 3.81 3.85 3.2 3.41 3631 
2006/06/16 3.35 3.49 3.3 3.41 2186 
2006/06/23 3.44 3.46 3.23 3.3 2465 
2006/06/30 3.26 3.48 3.26 3.38 1699 
2006/07/07 3.39 3.41 3.15 3.25 2330 
2006/07/14 3.26 3.34 3.11 3.11 2151 
2006/07/21 3.11 3.14 2.91 3 2423 
2006/07/28 2.99 3.01 2.72 2.87 2642 
2006/08/04 2.9 2.93 2.8 2.87 2072 
2006/08/11 2.84 3.03 2.8 2.96 2216 
2006/08/18 2.95 3.1 2.88 3.01 2159 
2006/08/25 3 3 2.79 2.8 1532 
2006/09/01 2.8 2.88 2.73 2.77 1312 
2006/09/08 2.79 2.88 2.63 2.69 2032 
2006/09/15 2.7 2.74 2.46 2.53 1540 
2006/09/22 2.53 2.65 2.53 2.6 1691 
2006/09/29 2.62 2.78 2.62 2.63 1944 
2006/10/06 2.65 2.74 2.62 2.7 1929 
2006/10/13 2.72 2.95 2.66 2.9 3203 
2006/10/20 2.91 2.99 2.76 2.83 2935 
2006/10/27 2.83 3.14 2.8 2.88 4048 
2006/11/03 2.86 2.98 2.83 2.89 1831 
2006/11/10 2.82 3 2.77 2.9 3359 
2006/11/17 2.92 3.81 2.91 3.81 13953 
2006/11/24 4.07 4.35 3.86 4 20326 
2006/12/01 4.05 4.33 3.65 4.33 15250 
2006/12/08 4.45 4.94 4.3 4.4 19902 
2006/12/15 4.36 4.64 4.29 4.43 17405 
2006/12/22 4.43 5.09 4.4 5.09 25323 
2006/12/29 5.16 6.22 5.16 5.9 38735 
2007/01/05 6.28 6.28 5.4 5.4 20009 
2007/01/12 5.16 5.7 4.82 4.82 20974 
2007/01/19 4.61 5.11 3.93 5.03 24814 
2007/01/26 4.69 5.05 4.62 4.76 10983 
2007/02/02 4.8 4.9 4.45 4.78 4790 
2007/02/09 5.11 5.6 5.11 5.3 26383 
2007/02/16 5.2 5.4 5.15 5.25 6003 
2007/03/02 5.5 5.55 4.95 5.43 9962 
2007/03/09 5.2 5.69 5 5.38 17375 
2007/03/16 5.44 5.89 5.1 5.51 20266 
2007/03/23 5.51 6.17 5.4 6.17 36878 
2007/03/30 6.6 7.55 6.6 7.52 52141 
2007/04/06 7.6 9 7.53 8.04 29795 
2007/04/13 8 8.19 7 7.56 40592 
2007/04/20 7.64 7.74 7.01 7.12 14495 
2007/04/27 7.17 7.8 7.15 7.42 22018 
2007/05/04 7.49 7.5 6.37 6.57 13508 
2007/05/11 6.62 7.35 6.6 6.93 11452 
2007/05/18 6.94 7.77 6.78 7.27 25002 
2007/05/25 7.49 8 7.4 7.52 33966 
2007/06/01 7.52 7.64 7.3 7.4 11458 
2007/06/08 7.5 8.15 7.3 7.41 32432 
2007/06/15 7.5 8.29 7.4 7.42 31105 
2007/06/22 7.4 7.83 7.33 7.63 14612 
2007/06/29 7.63 8.49 7.52 7.95 40606 
2007/07/06 7.98 8.1 7.74 7.9 20270 
2007/07/13 7.91 8.3 7.9 7.99 35131 
2007/07/20 8 8.6 8 8.13 46158 
2007/07/27 8.2 8.3 7.5 7.79 24364 
2007/08/03 7.79 8.33 7.35 7.58 23147 
2007/08/10 7.35 7.88 7.2 7.3 11921 
2007/08/17 7.55 7.55 5.76 5.77 11257 
2007/08/24 6.17 6.46 6 6.31 7574 
2007/08/31 6.4 6.45 5.87 6.1 5279 
2007/09/07 6.15 6.32 5.9 6.02 5880 
2007/09/14 5.95 6.38 5.85 6.15 11320 
2007/09/21 6.15 6.19 5.82 5.87 6146 
2007/09/28 5.9 6.27 5.9 6.2 6628 
2007/10/05 6.24 6.25 5.92 6 6393 
2007/10/12 6.03 6.03 5.45 5.46 5472 
2007/10/19 5.46 5.65 5.3 5.4 4850 
2007/10/26 5.35 5.37 5.11 5.22 5471 
2007/11/02 5.25 5.47 4.97 5.02 5397 
2007/11/09 5.05 5.05 4.4 4.5 4866 
2007/11/16 4.26 4.51 4.16 4.31 4958 
2007/11/23 4.31 4.38 4.2 4.2 2527 
2007/11/30 4.26 4.32 4 4.25 3808 
2007/12/07 4.25 4.9 4.22 4.55 6014 
2007/12/14 4.5 4.55 4.05 4.1 4328 
2007/12/21 4.1 4.25 3.82 3.95 3236 
2007/12/28 4.14 4.28 4 4.28 3695 
2008/01/04 4.28 4.45 4.19 4.26 2543 
2008/01/11 4.06 4.29 4 4.29 3199 
2008/01/18 4.35 4.45 4.1 4.25 3739 
2008/01/25 4.25 4.27 3.71 3.94 3686 
2008/02/01 3.94 3.94 3.77 3.81 2022 
2008/02/15 3.81 4 3.72 3.99 1393 
2008/02/22 4 4.2 3.87 4.02 3977 
2008/02/29 4.02 4.39 4.02 4.39 4173 
2008/03/07 4.5 5.55 4.3 5.22 19599 
2008/03/14 5.2 5.24 4.75 4.76 8389 
2008/03/21 4.76 5.09 4.57 5.05 5257 
2008/03/28 5.4 5.4 4.8 4.88 7938 
2008/04/04 4.85 4.95 4.8 4.82 2975 
2008/04/11 4.8 5.3 4.76 5.05 9061 
2008/04/18 5.05 5.4 5.05 5.1 9790 
2008/04/25 5.11 5.25 5.05 5.05 4744 
2008/05/02 4.98 5.08 4.9 4.99 2724 
2008/05/09 4.95 4.96 4.75 4.8 2687 
2008/05/16 4.82 5.19 4.8 5.07 3361 
2008/05/23 5.3 5.48 5.05 5.05 10133 
2008/05/30 5.05 5.05 4.62 4.62 3481 
2008/06/06 4.64 4.89 4.64 4.8 2180 
2008/06/13 4.64 4.8 4.2 4.39 2313 
2008/06/20 4.69 5.03 4.66 4.8 5487 
2008/06/27 4.6 4.99 4.35 4.5 3455 
2008/07/04 4.57 4.65 4.08 4.3 3211 
2008/07/11 4.3 4.39 4.1 4.19 2008 
2008/07/18 4.15 4.24 3.72 3.8 3948 
2008/07/25 3.87 4.06 3.73 3.99 2126 
2008/08/01 3.91 4.09 3.8 3.88 1288 
2008/08/08 3.9 4 3.81 3.94 1788 
2008/08/15 3.99 4.1 3.89 3.92 2748 
2008/08/22 3.92 3.92 3.51 3.6 1453 
2008/08/29 3.61 3.72 3.51 3.58 1289 
2008/09/05 3.57 3.57 2.73 2.78 3250 
2008/09/12 2.95 3.1 2.73 2.92 2218 
2008/09/19 2.91 2.91 2.37 2.55 2443 
2008/09/26 2.6 3 2.51 2.87 2657 
2008/10/03 2.67 2.8 2.58 2.79 872 
2008/10/10 2.75 2.75 2.31 2.46 1214 
2008/10/17 2.38 2.55 2.38 2.41 1902 
2008/10/24 2.39 2.5 2.23 2.23 2178 
2008/10/31 2.08 2.22 1.94 2.22 3022 
2008/11/07 2.3 2.3 1.9 2.03 2448 
2008/11/14 2.04 2.06 1.87 1.96 1915 
2008/11/21 1.95 1.95 1.49 1.69 2108 
2008/11/28 1.65 1.78 1.56 1.76 2693 
2008/12/05 1.8 2 1.7 1.73 5920 
2008/12/12 1.77 1.93 1.74 1.81 2674 
2008/12/19 1.89 1.96 1.8 1.91 2762 
2008/12/26 1.91 1.99 1.8 1.81 2604 
2009/01/02 1.83 1.97 1.8 1.9 2168 
2009/01/09 1.92 2 1.85 1.89 2846 
2009/01/16 1.92 1.98 1.79 1.81 1688 
2009/01/23 1.83 1.83 1.7 1.74 816 
2009/02/06 1.8 1.89 1.75 1.82 1568 
2009/02/13 1.9 1.9 1.77 1.83 1846 
2009/02/20 1.8 1.86 1.76 1.76 1599 
2009/02/27 1.78 1.93 1.7 1.93 2809 
2009/03/06 2.06 2.28 1.92 2.27 14488 
2009/03/13 2.38 2.95 2.29 2.65 13798 
2009/03/20 2.75 3.2 2.66 2.85 13962 
2009/03/27 2.8 3.38 2.78 3.2 13881 
2009/04/03 3.2 3.2 2.8 2.98 9192 
2009/04/10 3 3.38 2.96 3.22 13062 
2009/04/17 3.25 4.28 3.18 3.74 19670 
2009/04/24 3.55 4.02 3.37 3.73 15011 
2009/05/01 3.73 3.79 3.01 3.25 7924 
2009/05/08 3.47 3.69 3.11 3.28 8828 
2009/05/15 3.33 3.47 3.21 3.27 9352 
2009/05/22 3.28 3.42 3.11 3.3 7311 
2009/05/29 3.35 3.48 3.3 3.4 5746 
2009/06/05 3.42 3.59 3.17 3.44 13817 
2009/06/12 3.49 3.49 3.06 3.1 6188 
2009/06/19 3.1 3.1 2.75 2.94 3406 
2009/06/26 2.94 3.09 2.8 3.03 3533 
2009/07/03 3.02 3.15 2.91 3 3095 
2009/07/10 3.1 3.3 3.01 3.18 5146 
2009/07/17 3.15 3.18 3.02 3.07 3550 
2009/07/24 3.1 3.2 3.07 3.1 4183 
2009/07/31 3.15 3.49 3.08 3.35 13028 
2009/08/07 3.26 3.39 3.08 3.09 4654 
2009/08/14 3.01 3.14 3.01 3.1 2396 
2009/08/21 3.11 3.17 2.95 3.02 5011 
2009/08/28 2.95 3.09 2.8 2.91 3047 
2009/09/04 2.92 3.15 2.84 3.08 2663 
2009/09/11 3.1 4.02 3.02 4.02 31114 
2009/09/18 4.29 5.62 4.2 5.62 16714 
2009/09/25 6.01 6.88 5.19 5.19 47776 
2009/10/02 4.83 5.56 4.55 5.56 64984 
2009/10/09 5.63 6.79 5.6 6.3 54606 
2009/10/16 6.35 6.6 5.71 6 25568 
2009/10/23 6.03 6.41 5.88 6.06 18030 
2009/10/30 6.06 6.09 5.2 5.22 11176 
2009/11/06 5.2 5.73 5.02 5.63 12858 
2009/11/13 5.63 5.65 5.35 5.45 7237 
2009/11/20 5.45 5.93 5.45 5.5 15379 
2009/11/27 5.6 5.63 5.11 5.15 9727 
2009/12/04 5.15 5.3 5 5 8233 
2009/12/11 5 5.1 4.9 5.05 8798 
2009/12/18 5.1 5.76 5.02 5.23 16440 
2009/12/25 5.17 5.3 5.12 5.17 6909 
2010/01/01 5.15 5.53 5.15 5.35 11016 
2010/01/08 5.36 5.64 5.14 5.29 16924 
2010/01/15 5.24 5.67 5.18 5.5 14457 
2010/01/22 5.4 6.18 5.35 5.35 31138 
2010/01/29 5.17 5.35 4.82 5 9836 
2010/02/05 5.1 5.1 4.21 4.22 7530 
2010/02/12 4.1 4.6 3.99 4.53 5490 
2010/02/26 4.82 5.33 4.7 4.93 13598 
2010/03/05 5 5.14 4.9 4.97 5489 
2010/03/12 4.97 5.1 4.9 5.01 3740 
2010/03/19 5.04 5.15 4.96 5.05 7064 
2010/03/26 5.05 5.39 5 5.16 16002 
2010/04/02 5.15 5.33 5.13 5.2 9372 
2010/04/09 5.2 5.28 5.05 5.1 6704 
2010/04/16 5.12 5.47 5.07 5.23 11706 
2010/04/23 5.2 5.48 5.05 5.25 12060 
2010/04/30 5.35 5.61 5.1 5.2 13448 
2010/05/07 5.17 5.56 4.95 5.14 14895 
2010/05/14 5.25 5.85 5.19 5.39 27784 
2010/05/21 5.32 5.38 4.77 4.79 10066 
2010/05/28 4.89 5.15 4.7 5 8332 
2010/06/04 5.07 5.07 4.9 4.94 5240 
2010/06/11 4.7 4.89 4.7 4.79 4550 
2010/06/18 4.79 4.94 4.77 4.89 3014 
2010/06/25 4.92 4.93 4.73 4.75 3923 
2010/07/02 4.7 4.8 4.36 4.5 3368 
2010/07/09 4.5 4.84 4.5 4.75 3973 
2010/07/16 4.7 4.82 4.68 4.7 4282 
2010/07/23 4.42 4.72 4.42 4.65 3657 
2010/07/30 4.66 4.84 4.65 4.81 5029 
2010/08/06 4.81 4.89 4.79 4.8 4109 
2010/08/13 4.81 4.88 4.67 4.7 3702 
2010/08/20 4.75 4.88 4.67 4.7 4894 
2010/08/27 4.73 4.73 4.45 4.51 4214 
2010/09/03 4.53 4.58 4.3 4.45 3781 
2010/09/10 4.45 4.94 4.45 4.72 10278 
2010/09/17 4.77 4.86 4.7 4.78 4908 
2010/09/24 4.78 4.87 4.7 4.76 2764 
2010/10/01 4.82 5.13 4.71 4.98 13929 
2010/10/08 5.08 5.39 5.02 5.06 11837 
2010/10/15 5.17 5.17 5.01 5.04 5320 
2010/10/22 5.09 6.52 5.02 6.52 45807 
2010/10/29 6.85 7.49 6 6 29756 
2010/11/05 5.58 6.29 5.4 5.68 64404 
2010/11/12 5.7 6.05 5.62 5.69 19896 
2010/11/19 5.69 6.94 5.6 6.6 45529 
2010/11/26 6.69 6.88 5.9 6.33 60378 
2010/12/03 6.77 6.77 5.6 5.72 53884 
2010/12/10 5.71 5.8 5.5 5.5 16819 
2010/12/17 5.51 5.61 5.35 5.37 15204 
2010/12/24 5.39 5.89 5.37 5.62 23186 
2010/12/31 5.65 5.68 5.2 5.22 13848 
2011/01/07 5.25 5.38 5.14 5.16 10811 
2011/01/14 5.14 5.3 5.05 5.1 8348 
2011/01/21 5.11 5.26 5.06 5.13 7948 
2011/01/28 5.17 5.19 5.03 5.07 7799 
2011/02/11 5.07 5.09 4.61 4.66 5850 
2011/02/18 4.69 4.86 4.69 4.83 3776 
2011/02/25 4.83 4.88 4.51 4.53 5449 
2011/03/04 4.62 4.85 4.5 4.85 4469 
2011/03/11 4.97 4.97 4.62 4.76 7104 
2011/03/18 4.66 4.7 4 4.15 7514 
2011/03/25 4.1 4.32 3.86 4.22 5321 
2011/04/01 4.2 4.28 4.14 4.14 2763 
2011/04/08 4.15 4.39 4.15 4.29 2330 
2011/04/15 4.25 4.35 4.21 4.25 3628 
2011/04/22 4.26 4.92 4.21 4.88 11421 
2011/04/29 5 5 4.76 4.78 8787 
2011/05/06 4.81 4.82 4.48 4.63 3591 
2011/05/13 4.7 4.77 4.38 4.77 7021 
2011/05/20 4.85 5.1 4.55 4.55 10972 
2011/05/27 4.5 4.62 4.45 4.53 3935 
2011/06/03 4.53 4.66 4.51 4.51 2462 
2011/06/10 4.51 4.77 4.45 4.7 4666 
2011/06/17 4.7 4.7 4.49 4.55 3891 
2011/06/24 4.57 4.64 4.15 4.19 4287 
2011/07/01 4.1 4.27 4.1 4.19 3047 
2011/07/08 4.21 4.23 4.13 4.14 2258 
2011/07/15 4.14 4.19 3.86 4.09 3504 
2011/07/22 4.02 4.07 3.9 4.01 2175 
2011/07/29 4 4.02 3.9 3.93 2331 
2011/08/05 3.93 4.03 3.67 3.68 3649 
2011/08/12 3.43 3.65 3.19 3.33 5542 
2011/08/19 3.4 3.66 3.14 3.15 4301 
2011/08/26 3.16 3.4 3.06 3.23 3885 
2011/09/02 3.24 3.6 3.24 3.42 3836 
2011/09/09 3.34 3.45 3.32 3.39 1612 
2011/09/16 3.35 3.5 3.28 3.43 1802 
2011/09/23 3.45 3.45 3.14 3.2 1717 
2011/09/30 3.2 3.4 3.1 3.25 1513 
2011/10/07 3.25 3.3 3.1 3.21 1277 
2011/10/14 3.3 3.72 3.25 3.63 5378 
2011/10/21 3.75 4.39 3.71 4.13 17774 
2011/10/28 4.2 4.2 3.98 3.99 7198 
2011/11/04 3.9 4.05 3.71 3.96 5298 
2011/11/11 4.1 4.42 3.81 4.07 8151 
2011/11/18 4.17 4.19 3.88 4.05 4895 
2011/11/25 3.99 4.06 3.4 3.5 5967 
2011/12/02 3.6 3.75 3.51 3.67 2953 
2011/12/09 3.68 3.72 3.4 3.5 2364 
2011/12/16 3.52 3.62 3.4 3.43 1461 
2011/12/23 3.41 3.6 3.17 3.58 5806 
2011/12/30 3.54 3.67 3.45 3.51 4317 
2012/01/06 3.51 3.59 3.48 3.49 3577 
2012/01/13 3.52 3.56 3.19 3.34 8739 
2012/01/20 3.5 3.5 3.25 3.31 4465 
2012/02/03 3.31 3.86 3.31 3.86 13113 
2012/02/10 3.99 3.99 3.68 3.83 10254 
2012/02/17 3.8 4.42 3.76 3.96 19853 
2012/02/24 4.08 4.08 3.81 3.85 6602 
2012/03/02 3.96 4 3.85 3.96 4191 
2012/03/09 3.96 3.99 3.56 3.69 5593 
2012/03/16 3.72 3.74 3.62 3.64 3836 
2012/03/23 3.64 3.64 3.43 3.47 2789 
2012/03/30 3.47 3.54 3.33 3.4 3387 
2012/04/06 3.43 3.48 3.16 3.35 2432 
2012/04/13 3.32 3.37 3.18 3.29 2628 
2012/04/20 3.26 3.34 3.16 3.17 2178 
2012/04/27 3.18 3.18 3.05 3.09 1996 
2012/05/04 3.1 3.19 3.06 3.16 1643 
2012/05/11 3.16 3.16 3.02 3.04 1393 
2012/05/18 3.04 3.07 2.84 2.86 1801 
2012/05/25 2.86 2.95 2.61 2.7 2385 
2012/06/01 2.7 2.84 2.63 2.72 1171 
2012/06/08 2.53 2.65 2.51 2.57 2867 
2012/06/15 2.57 2.63 2.39 2.42 1878 
2012/06/22 2.45 2.52 2.4 2.45 1814 
2012/06/29 2.43 2.44 2.32 2.39 1215 
2012/07/06 2.45 2.46 2.37 2.39 1150 
2012/07/13 2.38 2.4 2.27 2.28 901 
2012/07/20 2.29 2.29 2 2.05 2366 
2012/07/27 2.05 2.1 1.86 2.06 3643 
2012/08/03 2.1 2.11 1.98 1.98 1632 
2012/08/10 2.01 2.08 1.92 2.01 2856 
2012/08/17 2.02 2.08 1.97 2.05 2349 
2012/08/24 2.01 2.32 2.01 2.32 6192 
2012/08/31 2.46 2.71 2.28 2.52 14905 
2012/09/07 2.49 2.6 2.3 2.3 6267 
2012/09/14 2.3 2.46 2.29 2.41 4017 
2012/09/21 2.43 2.6 2.36 2.6 4197 
2012/09/28 2.65 2.67 2.35 2.37 6666 
2012/10/05 2.38 2.47 2.35 2.38 4188 
2012/10/12 2.35 2.38 2.08 2.09 3408 
2012/10/19 2.1 2.15 2.06 2.08 1441 
2012/11/02 2.6 2.64 2.33 2.43 3466 
2012/11/09 2.4 2.69 2.4 2.69 2546 
2012/11/16 2.8 3 2.65 2.71 2885 
2012/11/23 2.71 2.72 2.48 2.62 1561 
2012/11/30 2.7 2.88 2.7 2.8 2591 
2012/12/07 2.8 3.2 2.79 3.06 4538 
2012/12/14 3.05 3.06 2.82 2.95 2560 
2012/12/21 2.95 3.2 2.92 3.09 3466 
2012/12/28 3.09 3.35 3.09 3.23 3254 
2013/01/04 3.25 3.4 3.23 3.32 1493 
2013/01/11 3.3 3.36 3.22 3.27 1569 
2013/01/18 3.3 3.35 3.07 3.12 2033 
2013/01/25 3.11 3.14 3.04 3.06 1532 
2013/02/01 3.07 3.13 2.97 3 1742 
2013/02/08 3 3.05 2.93 3.03 947 
2013/02/22 3.02 3.18 3.02 3.11 2215 
2013/03/01 3.12 3.13 3.05 3.06 1505 
2013/03/08 3.06 3.2 3.04 3.14 2265 
2013/03/15 3.13 3.17 3.06 3.06 1812 
2013/03/22 3.05 3.06 2.97 3 1476 
2013/03/29 3 3.07 3 3.03 1906 
2013/04/05 3.03 3.04 2.96 2.99 1387 
2013/04/12 2.99 2.99 2.83 2.88 1247 
2013/04/19 2.88 2.97 2.75 2.95 814 
2013/04/26 2.95 3.07 2.95 3.02 1353 
2013/05/03 3.01 3.06 2.98 3.04 1004 
2013/05/10 3.05 3.23 2.99 3.12 3043 
2013/05/17 3.12 3.17 3.03 3.12 2253 
2013/05/24 3.15 3.89 3.12 3.45 9430 
2013/05/31 3.54 3.56 3.42 3.45 4068 
2013/06/07 3.45 3.48 3.2 3.2 3223 
2013/06/14 3.24 3.37 3.07 3.16 6308 
2013/06/21 3.16 3.24 3.09 3.1 2452 
2013/06/28 3.1 3.15 2.96 3.02 1636 
2013/07/05 3.04 3.17 3 3.08 1435 
2013/07/12 3.1 3.16 3.02 3.07 1841 
2013/07/19 3.07 3.1 3.02 3.02 1318 
2013/07/26 3.03 3.1 3 3.05 1281 
2013/08/02 3.08 3.1 3.01 3.03 1121 
2013/08/09 3.03 3.07 3.01 3.02 1289 
2013/08/16 3.02 3.06 3 3 1163 
2013/08/23 2.98 3.03 2.93 3.03 1046 
2013/08/30 3 3.05 2.92 3 1082 
2013/09/06 3 3.1 2.99 3.06 2277 
2013/09/13 3.06 3.08 2.99 3.01 1564 
2013/09/20 3.02 3.03 3 3.03 611 
2013/09/27 3 3.43 3 3.35 7315 
2013/10/04 3.36 3.37 3.11 3.18 4100 
2013/10/11 3.18 3.22 3.11 3.14 1903 
2013/10/18 3.16 3.16 3.06 3.1 1526 
2013/10/25 3.11 3.12 3.05 3.05 955 
2013/11/01 3.05 3.09 3 3.02 1365 
2013/11/08 2.95 3.03 2.95 3 1037 
2013/11/15 3 3.02 2.96 2.99 906 
2013/11/22 2.99 3.01 2.96 2.96 588 
2013/11/29 2.97 3.12 2.94 3.05 1325 
2013/12/06 3.05 3.09 3.01 3.04 747 
2013/12/13 3.06 3.35 3.04 3.12 5446 
2013/12/20 3.17 3.25 3.09 3.15 1930 
2013/12/27 3.15 3.32 3.13 3.26 3625 
2014/01/03 3.26 3.35 3.23 3.28 2374 
2014/01/10 3.28 4.57 3.28 4.57 33134 
2014/01/17 4.88 5.35 4.37 4.88 46922 
2014/01/24 4.86 4.87 4.5 4.56 14124 
2014/01/31 4.51 4.74 4.45 4.6 1444 
2014/02/07 4.67 4.78 4.54 4.54 8457 
2014/02/14 4.56 4.83 4.5 4.83 10448 
2014/02/21 5.15 6.75 5.1 6.75 36491 
2014/02/28 7.22 7.22 5.64 6.4 60929 
2014/03/07 6.37 6.54 6.01 6.01 21630 
2014/03/14 6.11 6.43 6.1 6.23 18968 
2014/03/21 6.22 7.48 6.13 6.63 46469 
2014/03/28 6.31 7.01 6.3 6.51 19201 
2014/04/04 6.6 6.8 6.47 6.49 9270 
2014/04/11 6.18 6.6 6.18 6.26 10253 
2014/04/18 6.26 6.61 6.1 6.32 13214 
2014/04/25 6.32 6.58 5.77 5.9 10995 
2014/05/02 5.65 6.2 5.6 6.05 7574 
2014/05/09 6.06 6.2 5.86 5.86 6405 
2014/05/16 5.87 5.94 5.03 5.59 11690 
2014/05/23 5.2 5.27 3.91 4.49 12882 
2014/05/30 4.18 4.79 3.89 4.79 9808 
2014/06/06 5.11 5.12 4.2 4.65 5546 
2014/06/13 4.7 4.9 4.59 4.68 3705 
2014/06/20 4.81 4.98 4.66 4.68 2284 
2014/06/27 4.72 5.07 4.54 4.63 4128 
2014/07/04 4.69 4.69 4.29 4.32 2494 
2014/07/11 4.23 4.45 4.17 4.23 2082 
2014/07/18 4.23 4.3 4.02 4.12 1972 
2014/07/25 4.2 4.26 4.06 4.13 900 
2014/08/01 4.06 4.18 4.02 4.03 980 
2014/08/08 4.03 4.09 3.9 3.91 1597 
2014/08/15 3.91 3.98 3.55 3.65 1148 
2014/08/22 3.56 3.7 3.41 3.54 1385 
2014/08/29 3.59 4.62 3.59 4.4 2966 
2014/09/05 4.4 4.5 4.12 4.25 1607 
2014/09/12 4.2 4.4 4.2 4.25 1049 
2014/09/19 4.25 4.36 4.18 4.25 882 
2014/09/26 4.25 4.35 3.96 4.01 894 
2014/10/03 3.95 4.19 3.88 4.15 774 
2014/10/10 4.16 4.2 4.03 4.12 593 
2014/10/17 4 4.04 3.55 3.56 1405 
2014/10/24 3.6 3.78 3.24 3.73 1354 
2014/10/31 3.74 3.8 3.55 3.73 747 
2014/11/07 3.87 4.36 3.8 4.12 1496 
2014/11/14 4.28 4.28 3.81 3.97 786 
2014/11/21 4 4.1 3.9 4.08 1444 
2014/11/28 4.1 4.28 4 4.06 3024 
2014/12/05 3.78 3.87 3.3 3.53 2307 
2014/12/12 3.7 3.7 3.34 3.5 1308 
2014/12/19 3.4 3.72 3.4 3.55 1243 
2014/12/26 3.55 3.55 3.34 3.42 1239 
2015/01/02 3.42 3.56 3.38 3.45 533 
2015/01/09 3.47 3.53 3.35 3.49 871 
2015/01/16 3.38 3.54 3.33 3.36 951 
2015/01/23 3.51 3.55 3.32 3.33 1336 
2015/01/30 3.33 3.41 3.22 3.33 1048 
2015/02/06 3.3 3.38 3.21 3.29 814 
2015/02/13 3.33 3.33 2.95 3.05 1672 
2015/02/27 3.05 3.14 3.01 3.09 695 
2015/03/06 3.09 3.17 3.05 3.15 958 
2015/03/13 3.18 3.57 3.18 3.45 2978 
2015/03/20 3.45 3.51 3.3 3.43 2089 
2015/03/27 3.45 3.45 3.15 3.25 863 
2015/04/03 3.2 3.27 3.13 3.25 1371 
2015/04/10 3.25 3.36 3.2 3.3 887 
2015/04/17 3.3 3.44 3.13 3.13 1548 
2015/04/24 3.02 3.12 2.99 3.08 901 
2015/05/01 3.04 3.07 2.88 3 1961 
2015/05/08 3.04 3.1 2.92 3 772 
2015/05/15 3.05 3.05 2.91 3 355 
2015/05/22 2.91 3 2.86 2.86 377 
2015/05/29 2.86 2.88 2.7 2.77 770 
2015/06/05 2.8 2.8 2.5 2.63 615 
2015/06/12 2.54 2.59 2.1 2.17 960 
2015/06/19 2.11 2.23 2.04 2.23 494 
2015/06/26 2.06 2.19 2.01 2.11 747 
2015/07/03 2.03 2.46 2.03 2.28 1110 
2015/07/10 2.29 2.48 2.17 2.4 396 
2015/07/17 2.31 2.5 2.27 2.4 274 
2015/07/24 2.31 2.36 2.06 2.07 551 
2015/07/31 2.02 2.1 1.76 1.76 788 
2015/08/07 1.82 1.85 1.68 1.7 643 
2015/08/14 1.7 1.87 1.62 1.87 294 
2015/08/21 1.76 1.86 1.58 1.59 431 
2015/08/28 1.5 1.74 1.41 1.71 729 
2015/09/04 1.63 1.79 1.63 1.65 596 
2015/09/11 1.69 1.74 1.62 1.67 428 
2015/09/18 1.62 1.75 1.62 1.65 382 
2015/09/25 1.64 2.1 1.63 2 1084 
2015/10/02 1.92 2 1.9 1.98 124 
2015/10/09 2 2.61 1.95 2.61 1060 
2015/10/16 2.87 3.59 2.87 3.59 7106 
2015/10/23 3.94 5.75 3.94 4.71 11908 
2015/10/30 4.33 4.66 3.82 4.36 11919 
2015/11/06 4.36 4.36 3.45 4 4622 
2015/11/13 4 4.2 3.66 3.7 1270 
2015/11/20 3.79 3.79 2.81 2.81 3452 
2015/11/27 2.8 3.16 2.34 3.16 4019 
2015/12/04 3.35 3.35 2.72 2.9 2090 
2015/12/11 2.95 2.99 2.36 2.45 950 
2015/12/18 2.31 2.5 2.25 2.5 1776 
2015/12/25 2.74 3.02 2.55 2.66 1747 
2016/01/01 2.51 2.66 2.33 2.42 1037 
2016/01/08 2.34 2.41 2.2 2.3 1762 
2016/01/15 2.2 2.23 1.59 1.75 5484 
2016/01/22 1.6 1.93 1.56 1.64 2132 
2016/01/29 1.61 1.79 1.61 1.63 1111 
2016/02/05 1.67 1.7 1.57 1.63 479 
2016/02/19 1.7 1.83 1.63 1.8 601 
2016/02/26 1.9 1.9 1.71 1.8 726 
2016/03/04 1.77 1.8 1.71 1.75 510 
2016/03/11 1.76 1.86 1.75 1.79 941 
2016/03/18 1.76 1.89 1.76 1.86 814 
2016/03/25 1.9 2.04 1.82 1.86 950 
2016/04/01 1.81 1.9 1.71 1.71 736 
2016/04/08 1.7 1.79 1.65 1.71 288 
2016/04/15 1.67 1.96 1.66 1.85 1517 
2016/04/22 1.85 1.98 1.67 1.7 637 
2016/04/29 1.66 1.76 1.65 1.72 321 
2016/05/06 1.71 1.73 1.67 1.69 345 
2016/05/13 1.61 1.69 1.54 1.58 456 
2016/05/20 1.54 1.62 1.43 1.48 596 
2016/05/27 1.5 1.6 1.41 1.52 547 
2016/06/03 1.53 1.56 1.42 1.52 280 
2016/06/10 1.5 1.52 1.42 1.42 142 
2016/06/17 1.46 1.46 1.29 1.4 378 
2016/06/24 1.35 1.42 1.35 1.4 468 
2016/07/01 1.38 1.88 1.38 1.68 1675 
2016/07/08 1.68 1.82 1.58 1.6 718 
2016/07/15 1.55 1.68 1.55 1.61 568 
2016/07/22 1.6 1.66 1.6 1.65 580 
2016/07/29 1.6 1.92 1.6 1.8 1442 
2016/08/05 1.78 1.89 1.66 1.7 633 
2016/08/12 1.7 1.83 1.69 1.74 318 
2016/08/19 1.74 1.85 1.69 1.73 588 
2016/08/26 1.67 1.7 1.61 1.68 259 
2016/09/02 1.69 1.72 1.61 1.65 445 
2016/09/09 1.65 1.73 1.62 1.67 890 
2016/09/16 1.63 1.63 1.42 1.5 1244 
2016/09/23 1.5 1.55 1.4 1.55 1558 
2016/10/07 3.43 3.43 2.87 2.97 156 
2016/10/14 2.91 2.91 2.68 2.79 573 
2016/10/21 2.79 2.82 2.74 2.8 294 
2016/10/28 2.8 3 2.71 2.9 346 
2016/11/04 2.91 3.06 2.85 2.92 192 
2016/11/11 2.81 3.04 2.75 2.76 176 
2016/11/18 2.77 2.81 2.71 2.75 438 
2016/11/25 2.74 2.88 2.71 2.88 568 
2016/12/02 2.88 2.9 2.52 2.65 757 
2016/12/09 2.65 2.65 2.3 2.5 742 
2016/12/16 2.5 2.75 2.47 2.58 763 
2016/12/23 2.51 2.62 2.48 2.52 323 
2016/12/30 2.51 2.75 2.31 2.5 505 
2017/01/06 2.45 2.52 2.43 2.52 359 
2017/01/13 2.49 2.54 2.45 2.47 132 
2017/01/20 2.48 2.54 2.41 2.51 216 
2017/01/27 2.5 2.54 2.45 2.54 49 
2017/02/03 2.59 2.73 2.52 2.67 254 
2017/02/10 2.62 2.75 2.62 2.68 539 
2017/02/17 2.68 2.89 2.61 2.8 1743 
2017/02/24 2.78 2.85 2.75 2.83 294 
2017/03/03 2.8 2.8 2.68 2.76 174 
2017/03/10 2.76 2.76 2.57 2.65 506 
2017/03/17 2.6 2.68 2.57 2.64 224 
2017/03/24 2.64 2.68 2.56 2.64 317 
2017/03/31 2.65 2.98 2.64 2.83 700 
2017/04/07 2.83 2.87 2.82 2.82 43 
2017/04/14 2.91 2.95 2.71 2.72 505 
2017/04/21 2.72 2.79 2.7 2.78 30 
2017/04/28 2.65 2.7 2.61 2.65 83 
2017/05/05 2.63 2.68 2.6 2.6 70 
2017/05/12 2.59 2.83 2.47 2.69 504 
2017/05/19 2.68 2.69 2.53 2.58 362 
2017/05/26 2.66 2.67 2.52 2.58 157 
2017/06/02 2.58 2.68 2.55 2.66 208 
2017/06/09 2.62 2.74 2.62 2.65 412 
2017/06/16 2.58 2.69 2.54 2.6 472 
2017/06/23 2.58 2.72 2.45 2.46 766 
2017/06/30 2.47 2.57 2.38 2.52 467 
2017/07/07 2.46 2.46 2.45 2.46 23 
2017/07/14 2.58 2.6 2.45 2.56 295 
2017/07/21 2.46 2.55 2.46 2.49 56 
2017/07/28 2.46 2.49 2.46 2.48 56 
2017/08/04 2.38 2.61 2.38 2.46 271 
2017/08/11 2.46 2.49 2.45 2.48 69 
2017/08/18 2.4 2.45 2.39 2.41 60 
2017/08/25 2.36 2.37 2.36 2.37 58 
2017/09/01 2.68 2.7 2.67 2.67 60 
2017/09/08 2.57 2.6 2.57 2.57 76 
2017/09/15 2.53 2.54 2.5 2.5 179 
2017/09/22 2.45 2.53 2.44 2.53 279 
2017/09/29 2.44 2.49 2.44 2.49 71 
2017/10/06 2.65 2.67 2.61 2.64 118 
2017/10/13 2.65 2.67 2.65 2.65 114 
2017/10/20 3 3 2.78 2.84 200 
2017/10/27 2.72 2.72 2.5 2.6 573 
2017/11/03 2.6 2.72 2.55 2.64 393 
2017/11/10 2.62 2.7 2.55 2.6 227 
2017/11/17 2.6 2.6 2.53 2.53 112 
2017/11/24 2.51 2.57 2.51 2.57 23 
2017/12/01 2.56 2.59 2.45 2.5 251 
2017/12/08 2.53 2.53 2.47 2.47 347 
2017/12/15 2.47 2.51 2.4 2.44 375 
2017/12/22 2.43 2.52 2.39 2.45 347 
2017/12/29 2.47 2.48 2.35 2.4 730 
2018/01/05 2.4 2.44 2.32 2.38 268 
2018/01/12 2.27 2.46 2.27 2.45 381 
2018/01/19 2.45 2.47 2.38 2.4 357 
2018/01/26 2.39 2.44 2.38 2.38 276 
2018/02/02 2.38 2.48 2.37 2.41 242 
2018/02/09 2.41 2.48 2.35 2.36 429 
2018/02/16 2.46 2.46 2.34 2.34 72 
2018/02/23 2.38 2.43 2.35 2.41 87 
2018/03/02 2.41 2.45 2.3 2.45 377 
2018/03/09 2.44 2.69 2.4 2.69 603 
2018/03/16 2.8 2.83 2.58 2.65 1358 
2018/03/23 2.65 2.76 2.65 2.72 633 
2018/03/30 2.73 2.97 2.69 2.86 1144 
2018/04/06 2.85 2.95 2.85 2.89 486 
2018/04/13 2.88 3.28 2.75 2.93 2513 
2018/04/20 2.93 3.89 2.88 3.89 3465 
2018/04/27 4.27 4.5 3.68 3.97 4026 
2018/05/04 3.9 4.36 3.9 4.1 780 
2018/05/11 3.95 4.1 3.9 3.99 805 
2018/05/18 3.9 4.2 3.85 4 1035 
2018/05/25 4 4.3 3.92 4 1012 
2018/06/01 4 4.04 3.85 4.04 599 
2018/06/08 4 4.08 3.83 4 719 
2018/06/15 4 4.38 3.69 4.02 810 
2018/06/22 4.1 4.2 3.9 3.96 605 
2018/06/29 3.98 4.05 3.88 3.9 636 
2018/07/06 3.9 3.96 3.6 3.6 548 
2018/07/13 3.62 3.84 3.35 3.35 540 
2018/07/20 3.36 3.44 3.11 3.44 464 
2018/07/27 3.44 3.44 3.31 3.4 415 
2018/08/03 3.39 4 3.39 4 921 
2018/08/10 3.88 4.3 3.88 4.26 1314 
2018/08/17 4.06 4.06 3.85 3.92 632 
2018/08/24 3.92 3.92 3.76 3.82 325 
2018/08/31 3.8 3.93 3.71 3.87 480 
2018/09/07 3.9 3.9 3.32 3.4 345 
2018/09/14 3.58 3.58 3.36 3.51 373 
2018/09/21 3.48 3.66 3.48 3.63 218 
2018/09/28 3.88 3.88 3.63 3.68 212 
2018/10/05 3.69 3.73 3.5 3.64 239 
2018/10/12 3.68 3.68 2.9 3.3 422 
2018/10/19 3.4 3.5 3.3 3.47 227 
2018/10/26 3.36 3.42 3.15 3.21 218 
2018/11/02 3.45 3.51 3.2 3.33 309 
2018/11/09 3.35 3.6 3.25 3.28 324 
2018/11/16 3.3 3.45 3.2 3.24 252 
2018/11/23 3.11 3.23 3.05 3.08 481 
2018/11/30 3.15 3.72 3.15 3.55 1732 
2018/12/07 3.6 3.69 3.5 3.52 636 
2018/12/14 3.5 4.05 3.5 3.89 860 
2018/12/21 3.89 4.04 3.72 3.9 1283 
2018/12/28 4 4.67 3.9 4.33 3024 
2019/01/04 4.35 4.89 4.35 4.79 872 
2019/01/11 4.8 4.96 4.45 4.45 781 
2019/01/18 4.29 4.5 4.21 4.47 481 
2019/01/25 4.31 4.55 4.27 4.28 411 
2019/02/01 4.2 4.3 4.2 4.21 288 
2019/02/15 4.21 4.22 4.07 4.1 309 
2019/02/22 4 4 3.51 3.64 536 
2019/03/01 3.66 3.75 3.65 3.7 207 
2019/03/08 3.69 3.76 3.55 3.7 583 
2019/03/15 3.69 4.2 3.69 3.8 609 
2019/03/22 3.74 3.75 3.53 3.65 776 
2019/03/29 3.64 3.64 3.19 3.22 519 
2019/04/05 3.22 3.5 3.22 3.33 218 
2019/04/12 3.32 3.34 3.11 3.19 249 
2019/04/19 3.03 3.09 2.47 2.47 1387 
2019/04/26 2.28 2.69 2.28 2.62 820 
2019/05/03 2.62 3.14 2.62 3.03 563 
2019/05/10 3.02 3.02 2.76 2.83 205 
2019/05/17 2.83 2.92 2.75 2.83 254 
2019/05/24 2.85 2.88 2.63 2.87 99 
2019/05/31 2.75 3 2.71 2.8 124 
2019/06/07 2.54 2.72 2.5 2.67 108 
2019/06/14 2.54 2.6 2.5 2.56 165 
2019/06/21 2.5 2.6 2.43 2.51 285 
2019/06/28 2.55 2.55 2.47 2.5 126 
2019/07/05 2.41 2.42 2.3 2.42 235 
2019/07/12 2.56 2.56 2.28 2.33 87 
2019/07/19 2.42 2.42 2.22 2.28 260 
2019/07/26 2.27 2.34 2.27 2.34 148 
2019/08/02 2.48 2.5 2.26 2.39 252 
2019/08/09 2.39 2.39 2.24 2.26 56 
2019/08/16 2.29 2.45 2.29 2.33 210 
2019/08/23 2.32 2.33 2.26 2.33 135 
2019/08/30 2.44 2.44 2.25 2.35 129 
2019/09/06 2.28 3.12 2.28 3.12 918 
2019/09/13 3.26 3.77 3.09 3.16 1932 
2019/09/20 3.03 3.18 2.85 2.95 381 
2019/09/27 2.97 3.1 2.9 3.06 119 
2019/10/04 2.83 3 2.76 2.77 115 
2019/10/11 2.76 2.76 2.63 2.7 199 
2019/10/18 2.7 2.78 2.59 2.7 228 
2019/10/25 2.6 2.75 2.45 2.62 227 
2019/11/01 2.65 2.65 2.51 2.59 238 
2019/11/08 2.6 2.78 2.55 2.6 503 
2019/11/15 2.51 2.6 2.49 2.49 194 
2019/11/22 2.57 2.83 2.35 2.69 999 
2019/11/29 2.65 2.79 1.91 2.1 2052 
2019/12/06 2.1 2.31 2.1 2.3 507 
2019/12/13 2.35 2.53 2.11 2.11 844 
2019/12/20 2.19 2.35 2.16 2.3 658 
2019/12/27 2.26 2.28 2.18 2.18 212 
2020/01/03 2.18 2.2 2.1 2.1 522 
2020/01/10 2.15 2.37 2 2.3 1208 
2020/01/17 2.07 2.34 2.07 2.15 2757 
2020/01/24 2.1 2.2 2.1 2.15 65 
2020/01/31 2 2.1 1.94 2.1 323 
2020/02/07 2.1 2.18 2 2.07 436 
2020/02/14 2 2.1 2 2.05 680 
2020/02/21 2.01 2.14 2 2.05 200 
2020/02/28 2.05 2.05 1.97 2 99 
2020/03/06 2 2.01 1.81 2 282 
2020/03/13 2.01 2.01 1.53 1.6 1211 
2020/03/20 1.53 1.6 1.3 1.54 657 
2020/03/27 1.44 1.9 1.44 1.89 626 
2020/04/03 2.01 2.33 1.99 2.3 840 
2020/04/10 2.41 2.44 2 2.18 857 
2020/04/17 2.18 2.24 2.02 2.24 101 
2020/04/24 2.24 2.24 2.1 2.1 246 
2020/05/01 2.03 2.25 2.03 2.21 270 
2020/05/08 2.22 2.22 2.07 2.22 338 
2020/05/15 2.22 2.22 2 2.11 387 
2020/05/22 2.03 2.12 2.02 2.05 280 
2020/05/29 2 2.04 1.97 2.04 250 
2020/06/05 2.07 2.08 1.95 2.03 107 
2020/06/12 2.03 2.18 1.99 2.01 616 
2020/06/19 2.08 2.08 1.87 1.99 1335 
2020/06/26 2 2.02 1.95 2 337 
2020/07/03 1.86 2.08 1.86 1.93 305 
2020/07/10 1.9 2.01 1.9 2 284 
2020/07/17 2 2.3 1.95 2.06 584 
2020/07/24 2.1 2.31 2.05 2.2 1821 
2020/07/31 2.18 2.27 2.01 2.19 1045 
2020/08/07 2.19 2.4 2.12 2.28 750 
2020/08/14 2.4 2.4 2.1 2.15 702 
2020/08/21 2.15 2.15 2 2.1 472 
2020/08/28 2.14 2.42 2.14 2.33 1095 
2020/09/04 2.33 2.38 2.25 2.37 622 
2020/09/11 2.55 2.86 2.5 2.81 6445 
2020/09/18 3.09 4.23 3.09 4.23 10739 
2020/09/25 4.65 6.18 4.65 5.57 13860 
2020/10/02 5.02 5.02 4.07 4.97 5229 
2020/10/09 4.48 5.28 4.48 5.28 6361 
