2019/11/25 72 75.1 70.2 73 2318 0 0 3733 0 150 3883 0 0 0 
2019/11/26 73 76.5 73 74 1767 0 0 3653 0 338 3991 0 0 0 
2019/11/27 73.9 74 72.1 74 705 0 0 3629 0 450 4079 0 0 0 
2019/11/28 74 74 72.8 73.1 336 0 0 3610 0 460 4070 0 0 0 
2019/11/29 72.9 72.9 71.2 71.3 404 0 0 3597 0 470 4067 0 0 0 
2019/12/02 73 73 69.6 69.7 497 0 0 3625 0 470 4095 0 0 0 
2019/12/03 69.7 76.6 69.6 76.6 1142 0 0 3534 0 435 3969 0 0 0 
2019/12/04 77 81 74.6 80.9 2180 0 0 3420 0 510 3930 0 0 0 
2019/12/05 79 83.5 78.8 82.5 2430 0 0 3349 0 510 3859 0 0 0 
2019/12/06 81.9 82.7 80.7 82.5 1851 0 0 3350 0 510 3860 0 0 0 
2019/12/09 83 83 81 81 1176 0 0 3350 0 510 3860 0 0 0 
2019/12/10 81.5 85.8 80.2 83.9 1532 0 0 3511 84 510 4105 0 0 0 
2019/12/11 84.5 90.4 84.5 89.7 1867 0 0 3510 217 560 4287 0 0 0 
2019/12/12 90.8 94.1 88.2 90.1 1531 0 0 3520 247 583 4350 0 0 0 
2019/12/13 91.2 92.8 89.1 89.1 1231 0 0 3509 323 613 4445 0 0 0 
2019/12/16 89.9 92 89.2 92 886 0 0 3612 337 619 4568 0 0 0 
2019/12/17 93.3 95 91 91.3 853 0 0 3483 338 643 4464 0 0 0 
2019/12/18 91 92 90.1 90.5 476 0 0 3554 338 643 4535 0 0 0 
2019/12/19 91 91.6 89 89 642 0 0 3588 448 643 4679 0 0 0 
2019/12/20 90.4 93.5 89 93 1429 0 0 3659 613 786 5058 0 0 0 
2019/12/23 94.1 100 94.1 97.5 2408 0 0 3648 1049 915 5612 0 0 0 
2019/12/24 97.5 100 96.7 99 1377 0 0 3615 1259 1083 5957 0 0 0 
2019/12/25 100 101 98.2 98.8 1368 0 0 3675 1289 1078 6042 0 0 0 
2019/12/26 99.7 101.5 97.4 97.7 1292 0 0 3657 1291 987 5935 0 0 0 
2019/12/27 97.7 98.2 93.5 93.8 1767 0 0 3702 1291 898 5891 0 0 0 
2019/12/30 91.5 93.9 90.4 90.6 1338 0 0 3863 1291 868 6022 0 0 0 
2019/12/31 90.5 92.4 90.5 91.3 582 0 0 3778 1263 858 5899 0 0 0 
2020/01/02 91.5 91.9 87.9 91.9 1022 0 0 3880 1266 919 6065 0 0 0 
2020/01/03 92 93.8 89.1 89.5 757 0 0 3713 1277 903 5893 0 0 0 
2020/01/06 88.6 89.1 85 85.4 936 0 0 3851 1287 498 5636 0 0 0 
2020/01/07 85.6 88 84.3 87.2 731 0 0 3765 1287 530 5582 0 0 0 
2020/01/08 85.6 86.5 84.2 84.6 418 0 0 3706 1287 533 5526 0 0 0 
2020/01/09 85.9 86.5 84.6 84.7 317 0 0 3638 1287 533 5458 0 0 0 
2020/01/10 80.2 82.2 78.3 80.6 886 0 0 3698 1304 550 5552 0 0 0 
2020/01/13 81.5 81.9 80 81 323 0 0 3689 1349 550 5588 0 0 0 
2020/01/14 81 82 80.1 81.8 406 0 0 3608 1369 511 5488 0 0 0 
2020/01/15 82.1 83.1 80.1 80.1 342 0 0 3592 1287 511 5390 0 0 0 
2020/01/16 80.1 80.2 78.6 78.6 430 0 0 3606 1136 511 5253 0 0 0 
2020/01/17 78.1 78.6 75.1 76.8 856 0 0 3645 1018 362 5025 0 0 0 
2020/01/20 76.7 81.7 74.9 80 662 0 0 3729 901 362 4992 0 0 0 
2020/01/30 72 73.2 72 72 724 0 0 3708 781 362 4851 0 0 0 
2020/01/31 71.9 73 67.5 68.5 620 0 0 3732 742 251 4725 0 0 0 
2020/02/03 61.7 63.5 61.7 61.8 924 0 0 3785 718 197 4701 0 0 0 
2020/02/04 61.8 63.9 61.3 62.3 849 0 0 3768 628 0 4396 0 0 0 
2020/02/05 63.2 68.5 62 68.5 777 0 0 3778 645 106 4529 0 0 0 
2020/02/06 72 75.3 70.5 75.3 1367 0 0 3804 828 270 4902 0 0 0 
2020/02/07 73.7 75.5 71 72.4 687 0 0 3747 828 259 4834 0 0 0 
2020/02/10 66.1 70.1 66.1 68.1 461 0 0 3777 848 266 4891 0 0 0 
2020/02/11 68.6 71.8 68.6 71 343 0 0 3766 854 300 4920 0 0 0 
2020/02/12 71.1 73 71.1 72.1 245 0 0 3757 860 315 4932 0 0 0 
2020/02/13 71.7 72.8 70 70 268 0 0 3720 850 319 4889 0 0 0 
2020/02/14 70.1 71.7 69.9 70.6 157 0 0 3722 850 323 4895 0 0 0 
2020/02/17 71.5 73.9 70.1 73.6 509 0 0 3717 917 320 4954 0 0 0 
2020/02/18 73.4 75.4 72.8 73 325 0 0 3711 917 332 4960 0 0 0 
2020/02/19 74 74.4 72.7 72.9 268 0 0 3715 917 340 4972 0 0 0 
2020/02/20 73 73 72.1 72.1 158 0 0 3726 917 340 4983 0 0 0 
2020/02/21 71.6 71.6 70.6 71 192 0 0 3726 917 330 4973 0 0 0 
2020/02/24 70.4 70.5 68.5 69.1 176 0 0 3725 917 302 4944 0 0 0 
2020/02/25 66.2 69.8 66.2 69.1 108 0 0 3740 917 302 4959 0 0 0 
2020/02/26 68 69.8 68 68.8 167 0 0 3752 917 250 4919 0 0 0 
2020/02/27 69 69 65.1 65.3 382 0 0 3723 917 57 4697 0 0 0 
2020/03/02 65.1 66.9 63.8 65.9 258 0 0 3796 913 57 4766 0 0 0 
2020/03/03 67.4 68.8 66.6 66.8 181 0 0 3802 913 50 4765 0 0 0 
2020/03/04 66.9 66.9 64.5 64.8 320 0 0 3822 825 44 4691 0 0 0 
2020/03/05 66.2 66.2 64.5 64.9 198 0 0 3836 759 44 4639 0 0 0 
2020/03/06 65 65 63.2 63.9 164 0 0 3831 738 44 4613 0 0 0 
2020/03/09 63.8 63.8 61.4 61.4 234 0 0 3806 738 20 4564 0 0 0 
2020/03/10 60.2 65.1 59.5 64.9 329 0 0 3856 738 21 4615 0 0 0 
2020/03/11 65.3 65.5 63 63 154 0 0 3820 738 21 4579 0 0 0 
2020/03/12 61 61 56.7 57.9 371 0 0 3816 738 20 4574 0 0 0 
2020/03/13 52.3 53.9 52.2 53.4 674 0 0 3814 370 12 4196 0 0 0 
2020/03/16 53.4 55.6 48.4 48.6 312 0 0 3802 370 2 4174 0 0 0 
2020/03/17 44.05 47 43.9 44.2 405 0 0 3878 271 7 4156 0 0 0 
2020/03/18 44.9 44.9 39.8 40.1 567 0 0 3925 173 16 4114 0 0 0 
2020/03/19 38 38 36.1 36.1 344 0 0 3863 71 18 3952 0 0 0 
2020/03/20 36.6 38.8 36.6 38 621 0 0 3868 0 11 3879 0 0 0 
2020/03/23 34.3 37.05 34.3 36.95 121 0 0 3875 0 11 3886 0 0 0 
2020/03/24 36.65 40 36.65 39.4 189 0 0 3854 0 20 3874 0 0 0 
2020/03/25 41.5 43.25 41.5 42.9 236 0 0 3835 0 25 3860 0 0 0 
2020/03/26 43.5 43.6 41.5 42.3 155 0 0 3846 0 33 3879 0 0 0 
2020/03/27 42.3 43.25 41 41.55 257 0 0 3862 0 36 3898 0 0 0 
2020/03/30 38 39.9 38 39.9 135 0 0 3882 0 12 3894 0 0 0 
2020/03/31 40 41.65 40 40.3 93 0 0 3891 0 12 3903 0 0 0 
2020/04/01 40.35 40.95 40.35 40.6 67 0 0 3902 0 12 3914 0 0 0 
2020/04/06 40.8 40.9 40 40.55 63 0 0 3908 0 14 3922 0 0 0 
2020/04/07 41.55 44.6 41.3 44.6 209 0 0 3910 0 16 3926 0 0 0 
2020/04/08 45.8 49.05 45.6 49.05 407 0 0 3896 0 16 3912 0 0 0 
2020/04/09 51.5 53.9 50.5 52.5 936 0 0 3894 28 38 3960 0 0 0 
2020/04/10 51 51 48.6 50 487 0 0 3832 36 58 3926 0 0 0 
2020/04/13 49.9 49.9 47.2 47.85 311 0 0 3815 36 25 3876 0 0 0 
2020/04/14 48.5 51.3 48 49.8 259 0 0 3834 41 23 3898 0 0 0 
2020/04/15 49.8 50 48.7 49.4 257 0 0 3833 41 23 3897 0 0 0 
2020/04/16 49.4 49.4 48 48.9 137 0 0 3858 41 23 3922 0 0 0 
2020/04/17 50 51.7 49.4 49.5 359 0 0 3880 41 23 3944 0 0 0 
2020/04/20 49.5 50.2 48.2 49.8 183 0 0 3906 41 21 3968 0 0 0 
2020/04/21 49.2 49.2 47 47.3 220 0 0 3814 41 21 3876 0 0 0 
2020/04/22 46.5 48.45 45.85 48 151 0 0 3846 41 11 3898 0 0 0 
2020/04/23 48.25 48.8 46.55 47.7 144 0 0 3837 41 11 3889 0 0 0 
2020/04/24 47.95 47.95 46.7 47 120 0 0 3820 41 11 3872 0 0 0 
2020/04/27 47 49.2 47 48.4 229 0 0 3892 41 11 3944 0 0 0 
2020/04/28 48.4 49.2 48 48.7 194 0 0 3912 41 11 3964 0 0 0 
2020/04/29 50.2 53.5 49.55 53.5 405 0 0 3917 41 11 3969 0 0 0 
2020/04/30 55.5 58.7 55.4 58 1292 0 0 3840 41 61 3942 0 0 0 
2020/05/04 55.1 58.5 54.3 57.5 386 0 0 3798 41 81 3920 0 0 0 
2020/05/05 59.9 59.9 56.1 57 289 0 0 3529 41 81 3651 0 0 0 
2020/05/06 57 57.2 56 56.2 215 0 0 3530 41 81 3652 0 0 0 
2020/05/07 55.9 57.9 55.9 57.2 239 0 0 3564 41 95 3700 0 0 0 
2020/05/08 57.1 57.2 55.5 55.9 281 0 0 3564 41 102 3707 0 0 0 
2020/05/11 55 56 54.3 55.5 341 0 0 3639 41 112 3792 0 0 0 
2020/05/12 55.5 57.9 55.5 56.6 307 0 0 3602 41 112 3755 0 0 0 
2020/05/13 55 56.5 55 56 130 0 0 3600 41 112 3753 0 0 0 
2020/05/14 55.6 55.6 53.5 53.5 230 0 0 3556 41 92 3689 0 0 0 
2020/05/15 54.3 54.5 52.4 52.8 150 0 0 3548 41 74 3663 0 0 0 
2020/05/18 52.8 52.8 51.1 51.4 136 0 0 3554 41 74 3669 0 0 0 
2020/05/19 52.5 53 51.1 51.9 114 0 0 3578 41 74 3693 0 0 0 
2020/05/20 51.4 52.5 51.4 52.5 71 0 0 3586 41 74 3701 0 0 0 
2020/05/21 53.5 53.5 52 52.8 115 0 0 3577 41 74 3692 0 0 0 
2020/05/22 52.4 52.5 50.3 51 221 0 0 3540 41 74 3655 0 0 0 
2020/05/25 50.1 52.8 50.1 52.5 96 0 0 3551 41 74 3666 0 0 0 
2020/05/26 52.5 53.2 52.5 52.8 81 0 0 3546 41 81 3668 0 0 0 
2020/05/27 52.8 52.9 52 52 42 0 0 3550 41 81 3672 0 0 0 
2020/05/28 52 52.5 51.2 51.2 66 0 0 3550 41 81 3672 0 0 0 
2020/05/29 51 54.3 51 53 152 0 0 3545 41 81 3667 0 0 0 
2020/06/01 55.1 58.3 54 55.2 1321 131 0 3536 41 81 3658 1 0.79 0 
2020/06/02 55 55.2 53.1 53.4 337 136 1 3556 41 85 3682 2 0.82 0.74 
2020/06/03 53.9 54.2 53.5 53.7 132 113 1 3566 41 85 3692 0 0.68 0.88 
2020/06/04 54.1 54.3 53 53.1 103 108 1 3558 41 85 3684 0 0.65 0.93 
2020/06/05 53.1 53.5 52.8 53 121 106 1 3574 41 85 3700 0 0.64 0.94 
2020/06/08 53.1 55.5 53 54.7 237 103 1 3599 41 105 3745 0 0.62 0.97 
2020/06/09 55.2 56 54.1 54.1 149 138 1 3603 41 105 3749 0 0.83 0.72 
2020/06/10 54.1 56 54 54.8 285 206 1 3649 52 105 3806 0 1.24 0.49 
2020/06/11 51.1 53.3 51.1 52.5 528 227 2 3640 52 105 3797 0 1.37 0.88 
2020/06/12 51.5 51.9 49.4 51.9 221 222 2 3628 52 105 3785 1 1.34 0.9 
2020/06/15 51.9 51.9 50.3 50.5 208 245 2 3615 52 105 3772 0 1.48 0.82 
2020/06/16 50.5 51.4 50.4 50.6 153 255 2 3604 52 105 3761 0 1.54 0.78 
2020/06/17 50.6 50.7 50.2 50.2 144 258 2 3611 52 105 3768 0 1.55 0.78 
2020/06/18 50.2 50.9 49.8 50.6 166 263 1 3645 52 105 3802 0 1.58 0.38 
2020/06/19 50.6 51.6 50.6 50.8 111 268 1 3643 52 105 3800 0 1.61 0.37 
2020/06/22 51.1 55.8 51.1 51.7 1004 361 0 3649 52 105 3806 0 2.18 0 
2020/06/23 52.2 52.3 51.1 51.4 156 356 0 3635 52 105 3792 0 2.14 0 
2020/06/24 52 52.4 50.6 50.7 154 315 0 3643 52 105 3800 0 1.9 0 
2020/06/29 50.7 51.8 50.2 50.6 103 310 0 3625 52 105 3782 0 1.87 0 
2020/06/30 50.9 51.4 50.4 50.6 84 312 0 3623 52 105 3780 0 1.88 0 
2020/07/01 51.3 51.3 49.9 50.2 433 307 0 3670 52 105 3827 0 1.85 0 
2020/07/02 49.9 49.9 48.2 49 370 327 0 3661 52 105 3818 0 1.97 0 
2020/07/03 49.05 50.7 49 50.3 296 313 0 3691 52 105 3848 0 1.89 0 
2020/07/06 50.4 50.7 50.2 50.6 184 322 0 3784 52 105 3941 0 1.94 0 
2020/07/07 51 51 49.25 49.75 196 321 2 3769 52 105 3926 0 1.93 0.62 
2020/07/08 49.7 54.7 49.5 51.5 902 443 2 3705 52 104 3861 1 2.67 0.45 
2020/07/09 51.6 53.3 51.3 51.3 279 439 2 3695 52 104 3851 0 2.65 0.46 
2020/07/10 51.3 52.5 50 50.2 256 420 2 3739 52 104 3895 0 2.53 0.48 
2020/07/13 51.5 51.5 49.9 49.95 102 419 2 3730 52 105 3887 0 2.52 0.48 
2020/07/14 50 50.6 49.8 49.8 87 417 2 3732 52 105 3889 0 2.51 0.48 
2020/07/15 50.1 50.1 49.3 49.3 98 409 2 3724 52 104 3880 0 2.46 0.49 
2020/07/16 51.7 54.1 50.6 51.3 1084 392 4 3726 52 103 3881 1 2.36 1.02 
2020/07/17 51.6 51.6 49.55 49.65 408 390 4 3748 152 103 4003 0 2.35 1.03 
2020/07/20 51.7 52.3 49.8 50.7 774 426 8 3778 192 103 4073 3 2.57 1.88 
2020/07/21 51.7 55.4 51.1 54.2 2281 874 4 3967 192 104 4263 2 5.27 0.46 
2020/07/22 53.6 59 52.6 58.2 1955 1142 7 3855 277 104 4236 21 6.88 0.61 
2020/07/23 58.5 63 58.5 60.8 2442 1266 9 3757 432 103 4292 3 7.63 0.71 
2020/07/24 60 60.1 54.8 54.8 2723 766 12 3725 427 85 4237 17 4.62 1.57 
2020/07/27 56.2 56.3 51.8 52.7 894 739 6 3743 427 85 4255 1 4.45 0.81 
2020/07/28 52.3 52.7 48.9 49.5 1127 630 11 4061 302 85 4448 0 3.8 1.75 
2020/07/29 49.5 50.6 49.05 49.4 453 620 11 3965 306 81 4352 0 3.74 1.77 
2020/07/30 50 50.3 49.05 49.4 305 595 10 3889 306 81 4276 1 3.58 1.68 
2020/07/31 49.9 49.9 49 49.2 370 569 7 3853 190 76 4119 0 3.43 1.23 
2020/08/03 49.4 49.4 48.8 48.8 228 550 7 3816 161 76 4053 0 3.31 1.27 
2020/08/04 49.9 49.9 48.9 49.2 140 533 7 3787 161 76 4024 0 3.21 1.31 
