1993/10/29 59.5 72 59.5 72 1702 
1993/11/05 72 72.5 68 72 4936 
1993/11/12 72.5 74 69 70 2067 
1993/11/19 70.5 72 67.5 69.5 3576 
1993/11/26 70 70.5 63.5 64.5 1694 
1993/12/03 66.5 68 65 67 2439 
1993/12/10 67 67 64.5 65.5 1486 
1993/12/17 65.5 73.5 64 67 4355 
1993/12/24 68 75 68 74.5 4359 
1993/12/31 78.5 79 71.5 76 5852 
1994/01/07 76 78 73 74.5 3127 
1994/01/14 74.5 83.5 74 79.5 8192 
1994/01/21 80.5 82 78 79 5308 
1994/01/28 79.5 85 78.5 83.5 3384 
1994/02/04 84 84 78 81 4493 
1994/02/18 82 82 75 77.5 2785 
1994/02/25 78 83.5 62 62 4849 
1994/03/04 60 61 54.5 55 2717 
1994/03/11 56 57 53.5 53.5 1400 
1994/03/18 53.5 53.5 51.5 51.5 941 
1994/03/25 51.5 54 51.5 53.5 987 
1994/04/01 53.5 54.5 52.5 54.5 736 
1994/04/08 54.5 57 54 55 701 
1994/04/15 56 56 54 54.5 713 
1994/04/22 54 55.5 54 55 742 
1994/04/29 54.5 56 54 54 845 
1994/05/06 54 59 54 56.5 1590 
1994/05/13 56.5 60.5 55 60.5 2571 
1994/05/20 62 69.5 61 69.5 11975 
1994/05/27 69 72 65 67 8448 
1994/06/03 67 67.5 63 63 2368 
1994/06/10 63.5 66.5 62.5 64.5 2621 
1994/06/17 64 66.5 63.5 65 2774 
1994/06/24 65 65 60 62 1917 
1994/07/01 62 65 61.5 62.5 2655 
1994/07/08 63.5 63.5 49.5 49.6 2944 
1994/07/15 49.7 49.7 46.6 46.8 1026 
1994/07/22 46.9 47.8 44.5 46.1 1567 
1994/07/29 46.1 46.5 45.5 45.5 1206 
1994/08/05 45.7 46.9 45 45.8 1425 
1994/08/12 46 47.6 43.6 45 1501 
1994/08/19 45 45.4 44 44.2 775 
1994/08/26 44.3 45.6 44.3 45 995 
1994/09/02 45 46.4 44.6 45.6 1532 
1994/09/09 45.5 45.6 44.6 44.8 576 
1994/09/16 45 47 44.1 45.1 1570 
1994/09/23 45.2 45.5 44.5 44.6 324 
1994/09/30 44.5 45.5 44.5 45 1011 
1994/10/07 45.1 45.1 40 40 1055 
1994/10/14 40 40.9 37.2 39.9 1077 
1994/10/21 40.1 40.5 39 40 553 
1994/10/28 40 40.1 37.3 37.5 610 
1994/11/04 37.5 37.6 34.5 34.8 551 
1994/11/11 34.6 35.9 34.6 35.6 289 
1994/11/18 35.6 36.3 35 35.7 318 
1994/11/25 35.7 35.8 34.5 34.8 426 
1994/12/02 35 35 32.3 35 763 
1994/12/09 35.5 41.7 35.5 40.1 2059 
1994/12/16 40.1 45.5 40.1 45 4393 
1994/12/23 45 48.9 43.1 43.7 4847 
1994/12/30 43.7 44.3 42.5 43.8 641 
1995/01/06 43.8 44 42 42.5 339 
1995/01/13 42.7 43.1 38.7 39 481 
1995/01/20 39 40.8 38.4 38.8 671 
1995/01/27 39 39 37.1 38.8 250 
1995/02/03 39.1 40.9 39.1 39.3 54 
1995/02/10 39.1 40.4 38.9 39.8 311 
1995/02/17 39.8 40 39.3 39.6 312 
1995/02/24 39.6 43.6 39.2 43.2 1731 
1995/03/03 42.6 46 41 42.3 5577 
1995/03/10 42.5 43.3 40.1 42.7 2835 
1995/03/17 42.5 44.8 42.1 43.3 4502 
1995/03/24 43.5 43.8 41.8 42.9 4838 
1995/03/31 42.9 44.1 41 42.4 3950 
1995/04/07 42.4 42.4 41.1 41.4 939 
1995/04/14 41.6 41.6 38.8 39.1 1936 
1995/04/21 39.5 39.5 37 37.9 1026 
1995/04/28 37.9 37.9 36.8 37.2 470 
1995/05/05 37.4 37.4 35.4 35.8 370 
1995/05/12 36 37 35.6 35.7 297 
1995/05/19 36 36.5 35.2 35.6 205 
1995/05/26 35.8 36.8 34.5 34.7 229 
1995/06/02 34 35.4 33.6 35.2 139 
1995/06/09 35 35 33.5 33.8 304 
1995/06/16 33.8 34 30.2 30.6 469 
1995/06/23 30.5 32.2 30 31.9 371 
1995/06/30 32.2 32.6 30.8 31.7 376 
1995/07/07 30.5 32.3 30.5 31.9 655 
1995/07/14 32 32.3 31.3 31.8 641 
1995/07/21 32 32 26.8 27.8 939 
1995/07/28 27 29 27 28.2 554 
1995/08/04 28.1 28.4 26 26 426 
1995/08/11 26 26.5 21.5 22 991 
1995/08/18 21.9 22.6 20.3 22.2 3475 
1995/08/25 22.1 23.9 17.3 17.8 4636 
1995/09/01 17.8 20.3 17.6 20.3 5597 
1995/09/08 20.5 24.8 20.5 23.8 18929 
1995/09/15 23.3 23.3 19.8 20.3 5888 
1995/09/22 20.9 22.5 20.6 21.6 2888 
1995/09/29 22 22.8 20.4 21 4843 
1995/10/06 21 24.1 20.9 23.4 6085 
1995/10/13 23.8 24.9 23.1 24.4 7480 
1995/10/20 24.9 26.7 23.8 24.3 7744 
1995/10/27 24.7 26.4 24.3 24.6 3963 
1995/11/03 24.6 25.1 24.1 25.1 1485 
1995/11/10 25.1 26.2 24.5 26 1876 
1995/11/17 25.7 26.8 25 26.8 3045 
1995/11/24 27 28.2 25.9 27 4541 
1995/12/01 27.3 29.2 26.8 29.1 9894 
1995/12/08 29.7 30.3 28.5 29.9 4147 
1995/12/15 29.9 31 28.5 29 7151 
1995/12/22 29.5 29.5 26.6 27.6 5256 
1995/12/29 27.4 29.2 27.4 28.8 3354 
1996/01/05 28.9 29.2 24.8 26.3 1716 
1996/01/12 26.4 28.7 26.1 28.2 5443 
1996/01/19 28.2 28.7 27.3 27.7 5894 
1996/01/26 27.7 28 25.6 26 1812 
1996/02/02 25.8 26 24 24.6 4129 
1996/02/09 24.6 26.5 23.1 25.9 4976 
1996/02/16 26 27.4 26 26.8 4522 
1996/02/23 26.8 27.2 26.5 26.6 483 
1996/03/01 26.5 27 25.4 26.3 2149 
1996/03/08 26.5 27.3 25.4 26.6 3265 
1996/03/15 26.2 27.6 25.6 27.3 2970 
1996/03/22 27.2 27.5 26.5 27.3 2616 
1996/03/29 27.7 29.5 27.4 28.9 7582 
1996/04/05 29.1 29.7 28.8 29.5 5524 
1996/04/12 29.5 34.6 29.3 34.6 10618 
1996/04/19 36.2 37 31.8 32.9 10738 
1996/04/26 32.5 35.6 32.2 35.1 6081 
1996/05/03 36.1 36.5 34 35.3 5003 
1996/05/10 35.3 40.8 34.8 40.8 23527 
1996/05/17 41.3 41.5 38.1 38.8 15885 
1996/05/24 39.1 43 36.6 41.7 16529 
1996/05/31 41.4 44.8 41 44.1 16579 
1996/06/07 44.2 44.5 41.7 42.9 10341 
1996/06/14 42.3 42.9 39 39.4 12996 
1996/06/21 39.8 41.8 39.5 40.7 5071 
1996/06/28 40.9 42.8 40.8 41.3 8351 
1996/07/05 41.3 41.6 40 41.2 2325 
1996/07/12 41.4 42.4 36.7 37.5 5504 
1996/07/19 38 39 29.5 34.1 10347 
1996/07/26 34 36.3 33.7 34.6 26610 
1996/08/02 34.6 35.6 34 34.2 5917 
1996/08/09 34.2 36.3 34 35.5 11626 
1996/08/16 35.8 36 34.8 36 5366 
1996/08/23 36.2 37.5 35.1 37.1 18835 
1996/08/30 37.5 40.4 37.2 40.1 13298 
1996/09/06 40.5 42.1 39 40.7 13992 
1996/09/13 40.9 42.1 40 40.6 10109 
1996/09/20 40.9 41.5 40 40.8 6012 
1996/09/27 41 41 39.5 40 3548 
1996/10/04 40.1 43.8 39.6 43.5 7192 
1996/10/11 43.6 45 42.4 42.7 10468 
1996/10/18 43 44 41.5 41.5 7184 
1996/10/25 41.5 44.5 41.5 44.3 5353 
1996/11/01 44.6 45 41.8 43.7 4941 
1996/11/08 43.6 45.7 43.4 43.6 6800 
1996/11/15 43.6 44 42.7 42.9 1699 
1996/11/22 43.3 45.4 42.9 44.2 6346 
1996/11/29 44 44.8 43.3 44.2 2266 
1996/12/06 44.2 47.5 44.2 45.8 8713 
1996/12/13 46 47.3 44.9 45.1 4887 
1996/12/20 45.2 52 44.8 52 14802 
1996/12/27 52 53.5 50 51 9755 
1997/01/03 51 51.5 49.5 49.7 2670 
1997/01/10 49.8 52.5 49.7 51.5 5211 
1997/01/17 51.5 52.5 50.5 52 5580 
1997/01/24 52 58 51.5 54 15720 
1997/01/31 55 55.5 52.5 54.5 4131 
1997/02/07 54.5 54.5 53 53.5 675 
1997/02/14 53.5 59 53.5 58 10680 
1997/02/21 58.5 73.5 55.5 69.5 21958 
1997/02/28 70 76 66 69 13129 
1997/03/07 68 87.5 67 85 10248 
1997/03/14 85 89 76.5 77.5 13911 
1997/03/21 78 82 73.5 75.5 8332 
1997/03/28 75.5 81.5 69 79.5 11914 
1997/04/04 79.5 85 74 85 3853 
1997/04/11 88 88 77.5 80 7853 
1997/04/18 80.5 81.5 72 73.5 2925 
1997/04/25 74 81 74 78.5 2940 
1997/05/02 79.5 81 75.5 75.5 3043 
1997/05/09 75.5 77.5 71 72 3146 
1997/05/16 72.5 78 67 76.5 3483 
1997/05/23 76 76.5 73 76 1051 
1997/05/30 74.5 76 73 75 1628 
1997/06/06 76 76 63.5 63.5 4819 
1997/06/13 62 67 61.5 66 4022 
1997/06/20 67 73 60 61 11610 
1997/06/27 61.5 70 60 70 11685 
1997/07/04 70 72.5 66 69.5 9878 
1997/07/11 70.5 71.5 64 65 7188 
1997/07/18 67 67.5 60 65 7988 
1997/07/25 68 69.5 55.5 56 5685 
1997/08/01 56 68 56 64 6942 
1997/08/08 65 70 64 67 7306 
1997/08/15 71.5 71.5 66 67 8656 
1997/08/22 67.5 71 66 70 3789 
1997/08/29 70.5 74.5 67 69.5 5554 
1997/09/05 69.5 76 65 74 6147 
1997/09/12 75 75.5 68 69.5 2853 
1997/09/19 71.5 72.5 69 69.5 2864 
1997/09/26 70 72.5 69.5 71.5 2800 
1997/10/03 71 71.5 65.5 69 5048 
1997/10/10 69 69 57 60.5 5359 
1997/10/17 62 62.5 50 52 6804 
1997/10/24 52.5 53.5 45.1 46.3 7130 
1997/10/31 45.9 45.9 38.1 40.9 3654 
1997/11/07 40 54.5 39.2 48.3 15692 
1997/11/14 48.3 53 45.2 47 4532 
1997/11/21 48 50 47.1 48.2 6650 
1997/11/28 48.5 49.4 47.8 48.6 5783 
1997/12/05 46 58 45.2 57 15532 
1997/12/12 57 58.5 52 58 9610 
1997/12/19 58 61 56 57.5 12769 
1997/12/26 56.5 58.5 54.5 58.5 6422 
1998/01/02 58.5 60 57 58.5 4271 
1998/01/09 58.5 58.5 51.5 52 2779 
1998/01/16 49.9 54 48.4 52.5 4453 
1998/01/23 52.5 55 48.7 54 5464 
1998/02/06 55.5 63 54.5 62 11785 
1998/02/13 63 66 60 61.5 6781 
1998/02/20 61.5 65 60 62.5 5611 
1998/02/27 63 69.5 62.5 68 13315 
1998/03/06 68.5 69 61.5 65.5 7916 
1998/03/13 65.5 73.5 65.5 68.5 18096 
1998/03/20 69 69.5 62.5 63 6758 
1998/03/27 63 66 62 64.5 4196 
1998/04/03 65 65 60 62.5 7735 
1998/04/10 63 64 60.5 62 2702 
1998/04/17 62 62 58 60 3172 
1998/04/24 60.5 63 59.5 61.5 2596 
1998/05/01 61 61.5 57.5 57.5 3439 
1998/05/08 57.5 58 53.5 53.5 3194 
1998/05/15 53.5 56 52 52.5 2262 
1998/05/22 52.5 59 52.5 56.5 3556 
1998/05/29 57.5 59 56 56.5 4605 
1998/06/05 56 56.5 47 51 3484 
1998/06/12 54 54 48.6 49 3396 
1998/06/19 48 53 48 52 8310 
1998/06/26 52.5 54 51.5 53.5 4971 
1998/07/03 54 54.5 44.7 45.6 6833 
1998/07/10 46.6 48.5 45 45.2 4725 
1998/07/17 42.1 45.9 42.1 45 5542 
1998/07/24 45.5 46.6 45 45 4895 
1998/07/31 45.3 45.9 40.4 41.3 4919 
1998/08/07 42.5 42.5 40 41.1 1916 
1998/08/14 41 43 38.8 42.5 3199 
1998/08/21 41.7 42.5 39.5 40.3 2000 
1998/08/28 39.2 39.5 37.5 38.4 5209 
1998/09/04 38.2 38.5 31.4 33.6 4970 
1998/09/11 34.7 36 32.4 33.9 7509 
1998/09/18 34.5 35.9 33.7 35.4 18729 
1998/09/25 36 36 32.4 33 9471 
1998/10/02 32.7 33.2 29.9 30.9 5679 
1998/10/09 30.7 33.4 30.3 32.2 7379 
1998/10/16 32.4 32.7 31.2 31.3 4293 
1998/10/23 31.5 37.4 31.4 37.4 28489 
1998/10/30 37.3 38.5 34 34.3 24403 
1998/11/06 34 35 29.6 32.2 19324 
1998/11/13 32.2 33.4 30 32 8725 
1998/11/20 32.4 38.1 32.1 35 33954 
1998/11/27 35 35.9 32.8 33 12715 
1998/12/04 33 33.2 30.6 32.5 10271 
1998/12/11 33.9 34 30.7 31.6 8058 
1998/12/18 32 32.8 27.8 28.6 9591 
1998/12/25 28.5 31.9 27.8 31.7 16394 
1999/01/01 31.5 32.6 29 31 18920 
1999/01/08 31 34.1 30.5 32.8 35054 
1999/01/15 33.5 33.5 29.2 31.6 24847 
1999/01/22 31.6 31.7 28.6 28.7 9340 
1999/01/29 28.5 28.6 25 25.1 17598 
1999/02/05 25 25 18.7 20 17552 
1999/02/12 21.4 24.3 21.4 24.3 14489 
1999/02/19 26 26 26 26 2353 
1999/02/26 27.8 27.8 23 24.3 31525 
1999/03/05 24.2 27.2 23.5 26.1 51742 
1999/03/12 26.4 26.4 25 25.4 14558 
1999/03/19 25.8 27.7 25.6 26.8 36852 
1999/03/26 27 27.9 26.3 27.6 25068 
1999/04/02 28.1 28.8 26.4 28.2 36812 
1999/04/09 28.4 29.4 27.4 27.5 14089 
1999/04/16 27.2 29.1 26.9 28.4 25648 
1999/04/23 28.6 32.7 28.4 31.8 49670 
1999/04/30 32.1 34.3 30.5 32 28178 
1999/05/07 31.9 33.4 30.7 32 20357 
1999/05/14 32 32.2 30.5 31.5 14984 
1999/05/21 31.5 31.5 29.5 31 15570 
1999/05/28 31.4 31.4 22.6 22.8 19496 
1999/06/04 22.8 24 21.8 22.8 10469 
1999/06/11 23 23.4 22 22.5 9886 
1999/06/18 22.3 23.4 21 21.1 7181 
1999/06/25 21.1 22.9 20.5 22.8 16174 
1999/07/02 23.4 25.3 22.5 24.6 12484 
1999/07/09 25 26.3 22.8 24.7 24144 
1999/07/16 24.6 24.6 18.8 19.7 17090 
1999/07/23 19.7 23 18.5 22.7 26100 
1999/07/30 22.4 22.8 21 21.9 16379 
1999/08/06 21.5 21.9 18.6 19.4 9408 
1999/08/13 20 20.5 19.2 19.8 7275 
1999/08/20 19.9 22.7 19.9 22.3 21886 
1999/08/27 23 23 21.5 21.8 10061 
1999/09/03 22 22.2 20 20 13540 
1999/09/10 20 21.3 19.5 21 7066 
1999/09/17 21.6 22.5 20.7 20.7 9242 
1999/09/24 20.8 21 20.5 20.7 500 
1999/10/01 20 20.5 18.7 20.3 5521 
1999/10/08 20.1 21.8 19.7 20.1 3604 
1999/10/15 20.1 20.8 19.4 19.7 4450 
1999/10/22 19.5 20.2 19.3 19.6 1947 
1999/10/29 19.9 19.9 19 19 3127 
1999/11/05 19 19.4 16.5 16.8 7635 
1999/11/12 16.8 18 16.6 17.4 3976 
1999/11/19 17.8 17.8 15.6 15.7 7041 
1999/11/26 15.8 17.7 15.2 15.2 8451 
1999/12/03 16.2 17.1 15.6 16.5 7889 
1999/12/10 16 16.8 15.6 15.8 3511 
1999/12/17 16 16.2 14.7 15.1 3437 
1999/12/24 14.9 15.3 14.3 15 3638 
1999/12/31 15.2 15.3 14.8 15 1825 
2000/01/07 15.2 17.4 14.65 17.1 9110 
2000/01/14 17.3 17.9 16.6 17.6 15703 
2000/01/21 17.7 18.6 17 17.2 10293 
2000/01/28 17.2 20.9 17 19.5 18528 
2000/02/04 19.5 20.5 19.4 20 6434 
2000/02/11 20.8 23.8 20.2 22.9 22251 
2000/02/18 23 23.3 21 23.2 22168 
2000/02/25 24.8 25.9 20.6 20.6 26009 
2000/03/03 20.6 21 19.2 19.4 17937 
2000/03/10 19.7 20 19 19 7156 
2000/03/17 19.4 19.4 16.7 17.9 9194 
2000/03/24 17.3 19.4 16.7 18.6 13095 
2000/03/31 18.2 20.7 18.2 19.9 15706 
2000/04/07 20.5 22.5 20.1 20.7 12673 
2000/04/14 20.7 23.5 20.7 21.3 25405 
2000/04/21 21.8 23.4 21.1 22.1 20388 
2000/04/28 22.2 22.2 18.6 20.5 13896 
2000/05/05 20.9 21.9 19.9 21.5 12417 
2000/05/12 21.5 21.6 19.9 20.9 7154 
2000/05/19 21.1 22.3 20.5 20.8 16236 
2000/05/26 21.5 22 20.8 21.3 11729 
2000/06/02 21.8 22.2 21 21 12122 
2000/06/09 21.1 21.4 16.8 16.8 12843 
2000/06/16 15.7 16.5 15.7 16.3 5982 
2000/06/23 16.5 16.7 16 16 4248 
2000/06/30 16.3 16.3 14.8 14.9 3347 
2000/07/07 15 15.8 14.85 15.2 3890 
2000/07/14 15.4 15.5 14.55 15.2 3874 
2000/07/21 15.5 15.9 15.1 15.7 5229 
2000/07/28 15.9 16.4 14.7 15.9 9325 
2000/08/04 16.4 17.9 16.4 17.2 48812 
2000/08/11 17.3 17.4 16.1 16.5 19355 
2000/08/18 16.6 16.8 15.3 15.6 10716 
2000/08/25 15.7 15.7 14.7 14.9 5096 
2000/09/01 14.95 15.2 13.4 14.2 9344 
2000/09/08 14.45 14.85 13.7 14.05 4294 
2000/09/15 14 14 12.1 12.1 3089 
2000/09/22 12.1 13.55 10.7 12.3 8238 
2000/09/29 12.5 12.75 10.75 10.85 5062 
2000/10/06 10.85 11.75 10.45 11.2 6553 
2000/10/13 11.1 11.1 9.2 9.85 3822 
2000/10/20 10.45 10.45 8.6 9.05 7433 
2000/10/27 9 9.1 8.5 8.5 5015 
2000/11/03 8.25 8.25 7.5 7.6 4896 
2000/11/10 7.7 8.25 7.1 8.1 4670 
2000/11/17 7.7 7.9 6 6.2 9767 
2000/11/24 6.15 6.3 5.6 6.3 13578 
2000/12/01 6.7 7.15 6.25 7.1 10170 
2000/12/08 7.05 7.05 6.4 6.6 6990 
2000/12/15 6.65 7.3 6.5 6.6 6648 
2000/12/22 6.4 6.5 6.05 6.35 4526 
2000/12/29 6.25 6.35 6 6.35 3449 
2001/01/05 6.35 7 6.1 6.85 4387 
2001/01/12 6.95 8.65 6.85 8.1 15124 
2001/01/19 7.7 8.95 7.6 8.95 9547 
2001/02/02 9.2 10.55 9.15 10.55 21025 
2001/02/09 11.25 11.8 9.8 10.75 18662 
2001/02/16 11 11.95 10.5 11.7 25364 
2001/02/23 11.2 13 10.55 11.6 29562 
2001/03/02 11.6 12 10.6 10.8 12312 
2001/03/09 10.95 12.15 10.9 11.95 15395 
2001/03/16 12.1 12.6 11.5 12.3 14534 
2001/03/23 12.2 12.3 11.6 11.7 6255 
2001/03/30 11.9 12.25 11.45 11.5 13482 
2001/04/06 11.5 11.5 10.3 11.15 6098 
2001/04/13 11.1 11.35 10.5 11.3 10616 
2001/04/20 11.55 11.55 7.65 7.7 12954 
2001/04/27 7.5 8.1 7.5 7.85 3929 
2001/05/04 7.75 8.1 7.45 7.45 4028 
2001/05/11 7.45 7.5 6.5 6.65 3665 
2001/05/18 6.6 7.75 6.5 7.35 3787 
2001/05/25 7.15 7.15 6.65 6.75 5482 
2001/06/01 6.8 6.8 6.2 6.3 2266 
2001/06/08 6.2 6.45 6.05 6.25 3269 
2001/06/15 6.25 6.35 6 6.2 4174 
2001/06/22 6.1 6.35 6.1 6.35 2375 
2001/06/29 6.4 6.4 6.2 6.4 2436 
2001/07/06 6.35 6.35 5.4 5.95 5439 
2001/07/13 5.7 6.15 5.7 6.1 8468 
2001/07/20 6.2 6.2 4.7 4.92 4000 
2001/07/27 4.92 5 4.53 5 2859 
2001/08/03 5.1 5.1 4.65 4.74 2616 
2001/08/10 4.8 4.98 4.65 4.94 4646 
2001/08/17 4.95 5.9 4.91 5.9 14563 
2001/08/24 5.5 5.8 4.98 5 12041 
2001/08/31 5 5.95 4.96 5.4 16196 
2001/09/07 5.4 5.5 4.96 4.98 6474 
2001/09/14 4.91 4.98 4.12 4.12 3380 
2001/09/21 3.98 4.07 3.86 3.86 2285 
2001/09/28 3.81 4.15 3.81 4.15 3318 
2001/10/05 4.15 4.15 3.88 4 2161 
2001/10/12 4 4 3.75 3.87 3075 
2001/10/19 3.9 3.91 3.63 3.75 3888 
2001/10/26 3.75 4.03 3.7 3.85 6266 
2001/11/02 3.85 3.87 3.7 3.82 2410 
2001/11/09 3.89 3.9 3.75 3.78 2206 
2001/11/16 3.75 3.9 3.73 3.84 2456 
2001/11/23 3.88 4.15 3.84 3.95 6113 
2001/11/30 3.97 4 3.76 3.78 2650 
2001/12/07 3.85 4.53 3.85 4.53 7931 
2001/12/14 4.83 5.3 4.6 5.1 17710 
2001/12/21 5.25 5.8 4.38 4.39 21809 
2001/12/28 4.35 4.69 4.29 4.53 8886 
2002/01/04 4.63 5.7 4.6 5.3 16248 
2002/01/11 5.3 6.2 5.3 6.2 34777 
2002/01/18 6.6 6.6 5.7 6.2 37555 
2002/01/25 6.3 6.3 5.8 6 16707 
2002/02/01 6 6.2 5.5 5.85 17589 
2002/02/08 5.85 6 5.55 5.75 6587 
2002/02/22 5.8 5.95 5.25 5.25 12450 
2002/03/01 5.35 5.5 5 5.5 7815 
2002/03/08 5.85 6.25 5.7 6 28164 
2002/03/15 6.1 6.7 5.9 6 38286 
2002/03/22 6.1 6.65 6.1 6.4 29953 
2002/03/29 6.5 7.75 6.4 6.4 62599 
2002/04/05 6.3 7.85 6.15 7.85 41480 
2002/04/12 8.35 8.9 7.3 8.1 45192 
2002/04/19 8.4 10.7 8.3 10.7 84251 
2002/04/26 11.15 12.15 10.65 10.85 90814 
2002/05/03 10.3 11.1 8.55 9.15 33573 
2002/05/10 9.15 9.2 8.1 8.2 39887 
2002/05/17 8.1 9.1 8 8.3 34530 
2002/05/24 8.3 8.3 6.75 7.55 33329 
2002/05/31 7.4 8.25 7.3 8.1 24345 
2002/06/07 8.05 8.05 7.05 7.35 25887 
2002/06/14 7.55 9 7.45 8.7 43504 
2002/06/21 8.7 9.2 7.75 8 45213 
2002/06/28 8.1 8.55 7.25 7.45 24490 
2002/07/05 7.6 8.15 7.05 7.65 20575 
2002/07/12 7.85 7.9 7.2 7.55 14225 
2002/07/19 7.45 8.45 7.35 8 48145 
2002/07/26 7.85 8 7.45 7.45 16833 
2002/08/02 7.7 7.9 7.25 7.4 14650 
2002/08/09 6.9 7.1 6.2 6.7 12365 
2002/08/16 7.05 7.05 6.5 6.6 12267 
2002/08/23 6.6 6.7 6.4 6.45 5382 
2002/08/30 6.35 6.4 5.45 5.65 10726 
2002/09/06 5.6 5.6 4.59 4.72 11147 
2002/09/13 4.81 5.3 4.8 4.9 12238 
2002/09/20 4.9 5 4.6 4.78 6207 
2002/09/27 4.78 4.88 4 4.15 8061 
2002/10/04 4 4.25 3.86 4 7616 
2002/10/11 3.98 4 3.8 3.86 4083 
2002/10/18 3.8 4.62 3.8 4.6 11210 
2002/10/25 4.65 4.92 4.46 4.65 11194 
2002/11/01 4.7 4.88 4.32 4.5 9304 
2002/11/08 4.52 4.76 4.2 4.75 11510 
2002/11/15 4.85 5.25 4.78 5.2 21154 
2002/11/22 5.2 5.5 4.8 4.96 15957 
2002/11/29 4.96 5.2 4.85 4.95 7694 
2002/12/06 4.95 5.2 4.85 4.95 13973 
2002/12/13 5.05 5.9 5 5.45 65156 
2002/12/20 5.35 5.8 5.15 5.25 46346 
2002/12/27 5.2 5.45 4.78 5.05 17034 
2003/01/03 5.05 5.3 4.81 5.15 10012 
2003/01/10 5.25 6.2 5.15 5.85 58117 
2003/01/17 6 6.7 5.9 6.05 73621 
2003/01/24 5.95 7 5.9 7 51617 
2003/01/31 7.45 7.45 6.75 6.95 40087 
2003/02/07 6.95 7.3 6.5 6.6 30150 
2003/02/14 6.6 6.75 5.25 5.35 34134 
2003/02/21 5.6 5.85 5.1 5.3 27064 
2003/02/28 5.4 5.45 5.05 5.25 7774 
2003/03/07 5.35 5.55 5 5 14005 
2003/03/14 5 5.1 4.48 5.1 12575 
2003/03/21 5.1 5.2 4.8 4.98 10031 
2003/03/28 5.05 5.45 4.87 5.3 16900 
2003/04/04 5.2 5.35 4.85 5.25 8257 
2003/04/11 5.25 6 5.2 5.85 36893 
2003/04/18 5.85 5.85 5.4 5.55 14528 
2003/04/25 5.6 5.65 4.85 4.86 11266 
2003/05/02 4.84 4.9 4.29 4.64 7720 
2003/05/09 4.64 4.83 4.45 4.58 4376 
2003/05/16 4.55 4.73 4.5 4.55 4615 
2003/05/23 4.55 4.55 4.05 4.35 5032 
2003/05/30 4.63 4.95 4.55 4.76 10094 
2003/06/06 4.85 5.3 4.82 5.15 10945 
2003/06/13 5.15 5.45 5.1 5.2 13825 
2003/06/20 5.25 5.75 5.15 5.35 74171 
2003/06/27 5.35 6.2 5.3 6.2 59491 
2003/07/04 6.5 7.3 6.4 7.05 111942 
2003/07/11 7.2 9.1 7.05 8.55 135957 
2003/07/18 8.65 10.9 8.65 10.55 119851 
2003/07/25 10.55 11 10 11 85968 
2003/08/01 11.7 11.8 9.6 10.15 70738 
2003/08/08 10.15 10.3 8.25 9.1 67848 
2003/08/15 9.05 10.1 8.5 10.1 77285 
2003/08/22 10.6 12.2 10.6 11.8 145667 
2003/08/29 12.2 13 11.25 12.15 135666 
2003/09/05 12.45 12.75 11.3 11.6 54531 
2003/09/12 11.6 12.1 11 11.25 38594 
2003/09/19 11.4 13.2 11.3 12.85 116224 
2003/09/26 12.85 13.2 11.8 11.85 86250 
2003/10/03 11.85 12.4 11.05 12.4 65983 
2003/10/10 12.55 12.9 11.9 12.2 104269 
2003/10/17 12.3 12.65 11.7 11.8 71952 
2003/10/24 11.8 12.05 11.3 11.3 42763 
2003/10/31 11.4 11.6 11.1 11.35 42943 
2003/11/07 11.4 11.75 10.55 10.6 80489 
2003/11/14 10.6 10.6 9.5 9.5 41596 
2003/11/21 9.5 9.65 8.65 8.8 36668 
2003/11/28 8.85 9.85 8.8 9.15 50347 
2003/12/05 9.2 9.6 9.05 9.25 25231 
2003/12/12 9.25 9.25 8.95 9.15 14184 
2003/12/19 9.2 9.9 9.05 9.35 47131 
2003/12/26 9.4 10.05 9.3 9.8 40294 
2004/01/02 10 10.35 9.6 10.25 41105 
2004/01/09 10.4 12.8 10.25 12.1 160372 
2004/01/16 11.9 13 11.5 12.3 123186 
2004/01/30 12.75 14.45 12.6 13.95 144891 
2004/02/06 13.9 14.3 12.6 13.45 96561 
2004/02/13 13.8 15.1 13.3 14.05 189774 
2004/02/20 14 15.3 13.6 14.4 137503 
2004/02/27 14.6 15.6 13.8 14.05 102417 
2004/03/05 14.1 15.8 14.1 14.7 125452 
2004/03/12 15.2 17.1 14.8 16.4 214143 
2004/03/19 16.7 17.3 13.95 15.1 122548 
2004/03/26 14.05 14.05 10.65 10.85 60891 
2004/04/02 11.6 13.4 11.55 13.4 70935 
2004/04/09 13.35 13.9 12.9 13.15 67298 
2004/04/16 13.4 14.8 13.3 13.7 61423 
2004/04/23 13.9 14 12.3 12.65 28620 
2004/04/30 12.7 13.25 10.85 10.9 40764 
2004/05/07 10.9 11.5 9.7 10.55 34209 
2004/05/14 10.4 11.15 9.6 10.85 34134 
2004/05/21 10.85 11.15 9.5 11.15 26262 
2004/05/28 11.45 12.5 11.15 12.2 69294 
2004/06/04 13.05 13.05 11.2 12 58302 
2004/06/11 12.15 12.65 11.8 11.8 46249 
2004/06/18 11.8 11.8 10.05 10.2 30413 
2004/06/25 10.5 11.55 9.9 11.5 39910 
2004/07/02 11.5 12.45 11.05 12.2 64317 
2004/07/09 12.2 12.6 11.95 12.35 72786 
2004/07/16 12.45 13 10.6 10.7 62402 
2004/07/23 10.7 11.3 10.5 11.05 50745 
2004/07/30 10.9 11.1 10.4 10.8 40073 
2004/08/06 10.7 11 9.6 10.2 37911 
2004/08/13 10.05 10.35 9.65 9.75 21093 
2004/08/20 9.75 9.9 8.4 9 46635 
2004/08/27 9 9.5 8.95 9.35 26197 
2004/09/03 9.5 10.8 9.5 10.15 57168 
2004/09/10 10.15 11.2 10 10.8 46068 
2004/09/17 10.8 11.05 10.15 10.15 32586 
2004/09/24 10.2 11.1 10.2 10.75 30917 
2004/10/01 10.9 11.45 10.25 10.75 37948 
2004/10/08 10.95 12.15 10.75 11.2 59433 
2004/10/15 11.3 12.7 11.2 11.7 82057 
2004/10/22 11.85 12.45 11.2 11.6 59682 
2004/10/29 11.5 11.9 10.35 10.4 29849 
2004/11/05 10.4 10.95 10.1 10.9 24099 
2004/11/12 10.95 10.95 10.45 10.6 14312 
2004/11/19 10.6 10.8 10.2 10.55 17828 
2004/11/26 10.45 10.75 10.25 10.3 13190 
2004/12/03 10.25 10.3 9.7 10 16937 
2004/12/10 10 10.15 9.8 9.9 10520 
2004/12/17 10.1 11.3 10.1 11 43828 
2004/12/24 10.6 11.55 10.5 11.1 41575 
2004/12/31 11.3 11.7 10.9 11.2 37166 
2005/01/07 11.3 11.7 11.2 11.2 40876 
2005/01/14 11.2 11.25 10.05 10.75 18266 
2005/01/21 10.9 11 10.3 10.3 11704 
2005/01/28 10.4 10.4 9.9 10.05 9911 
2005/02/04 10.05 10.5 10.05 10.05 8232 
2005/02/18 10.2 10.3 9.8 9.9 9880 
2005/02/25 9.9 10.25 9.85 10.05 12691 
2005/03/04 10.2 10.8 10.1 10.1 21850 
2005/03/11 10.15 10.55 9.8 9.85 14385 
2005/03/18 9.85 10.2 9 9.1 17105 
2005/03/25 9.2 9.65 9.15 9.45 11812 
2005/04/01 9.6 9.6 8.09 8.2 17026 
2005/04/08 8.2 8.4 7.86 8.03 8044 
2005/04/15 8.03 8.09 7 7.36 18605 
2005/04/22 7 8.3 6.5 8.17 28049 
2005/04/29 8.17 8.62 8.08 8.35 25559 
2005/05/06 8.58 8.65 8.15 8.15 13266 
2005/05/13 8.15 8.15 7.5 7.66 10585 
2005/05/20 7.68 8.3 7.61 8.02 9911 
2005/05/27 8.09 8.09 7.54 7.61 6673 
2005/06/03 7.63 8.2 7.45 8.2 12036 
2005/06/10 8.3 9.2 8.3 8.61 41523 
2005/06/17 8.69 9.43 8.21 9.39 54881 
2005/06/24 9.42 9.58 8.89 9.02 26221 
2005/07/01 9 9.65 8.5 8.63 15001 
2005/07/08 8.65 9.32 8.48 8.82 30575 
2005/07/15 8.91 9.65 8.85 9.13 26051 
2005/07/22 9.3 9.3 8.61 9.03 21216 
2005/07/29 9.1 9.7 9.1 9.47 36834 
2005/08/05 9.7 9.7 9.13 9.14 10181 
2005/08/12 9.13 9.45 8.95 9.37 9892 
2005/08/19 9.37 9.43 8.98 9.1 6942 
2005/08/26 9.1 9.22 8.66 8.9 5862 
2005/09/02 8.86 9.02 8.42 8.59 5823 
2005/09/09 8.5 8.92 8.44 8.65 5520 
2005/09/16 8.72 8.72 8.3 8.3 2366 
2005/09/23 8.33 8.65 8.15 8.55 3466 
2005/09/30 8.55 8.9 8.42 8.89 3968 
2005/10/07 8.8 8.84 8.33 8.42 5952 
2005/10/14 8.45 8.98 8.31 8.8 32979 
2005/10/21 8.8 8.81 7.53 8.04 15513 
2005/10/28 8.14 8.14 7.73 7.94 5528 
2005/11/04 7.96 8.14 7.83 7.94 4498 
2005/11/11 7.95 8.1 7.45 8.06 5883 
2005/11/18 8.06 8.3 7.9 7.98 4760 
2005/11/25 8.03 8.25 7.94 7.94 3784 
2005/12/02 8 8.39 7.9 8.15 6775 
2005/12/09 8.38 9.04 8.21 8.34 27407 
2005/12/16 8.47 8.54 7.89 8.2 11033 
2005/12/23 8.33 8.54 8.25 8.36 11468 
2005/12/30 8.58 8.88 8.27 8.35 21552 
2006/01/06 8.05 8.77 7.83 8.41 47162 
2006/01/13 8.49 8.86 8.24 8.26 34900 
2006/01/20 8.23 8.38 7.75 7.75 10350 
2006/01/27 7.6 7.7 7.25 7.37 5592 
2006/02/03 7.3 7.45 7.21 7.27 2345 
2006/02/10 7.25 8.16 7.17 7.82 39058 
2006/02/17 7.95 7.97 7.4 7.56 10543 
2006/02/24 7.56 7.58 7.16 7.27 7084 
2006/03/03 7.2 7.7 7.16 7.4 7728 
2006/03/10 7.4 7.45 7.16 7.2 4337 
2006/03/17 7.3 7.3 6.77 6.79 6578 
2006/03/24 6.85 6.85 6.3 6.43 7039 
2006/03/31 6.45 6.5 6.35 6.41 4594 
2006/04/07 6.43 7.05 6.43 6.8 8021 
2006/04/14 6.8 7.69 6.71 7.3 14006 
2006/04/21 7.45 7.8 7.3 7.49 17104 
2006/04/28 7.49 8.5 7.49 7.8 66234 
2006/05/05 7.82 9.33 7.82 9.33 45863 
2006/05/12 9.76 11.45 9.68 10.65 125741 
2006/05/19 11 11.75 9.5 10 67412 
2006/05/26 10 10.8 9 10.8 37676 
2006/06/02 11 11.05 9.76 10.35 45538 
2006/06/09 10.45 10.45 8.4 8.82 33429 
2006/06/16 8.81 9.74 8.7 9.74 28451 
2006/06/23 9.7 10 8.8 9.23 21626 
2006/06/30 9.48 10.4 9.2 9.8 35021 
2006/07/07 9.91 11.2 9.91 10.3 87789 
2006/07/14 10.25 11.7 10.05 10.55 74744 
2006/07/21 10.5 10.6 9.8 10.15 40892 
2006/07/28 10.1 10.9 10 10.7 51088 
2006/08/04 10.9 10.9 10.2 10.2 35060 
2006/08/11 10.15 10.4 9.9 9.95 17946 
2006/08/18 10 10.8 9.85 10.3 31761 
2006/08/25 10.4 10.4 9.25 9.28 19780 
2006/09/01 9.28 9.65 8.76 9.28 15076 
2006/09/08 9.3 9.75 8.93 9.05 15859 
2006/09/15 9.1 9.26 8.36 8.6 10903 
2006/09/22 8.9 9.75 8.8 9.43 20821 
2006/09/29 9.43 9.96 9.43 9.67 30203 
2006/10/06 9.82 10.15 9.67 9.8 25647 
2006/10/13 9.76 10.9 9.75 10.9 35155 
2006/10/20 11.3 12.4 10.3 11.6 99935 
2006/10/27 11.8 12.85 11.5 11.5 132390 
2006/11/03 11.5 12.1 11.45 11.95 44989 
2006/11/10 11.4 14.35 11.4 14.35 169495 
2006/11/17 14.35 15.7 14.05 14.7 137857 
2006/11/24 14.6 14.85 13.9 14.5 64813 
2006/12/01 14.7 15.85 14.55 15.4 80093 
2006/12/08 15.5 18.5 15.2 18.5 152712 
2006/12/15 18.65 19.1 16.05 17.05 92933 
2006/12/22 17.4 19.3 17 17.4 106108 
2006/12/29 17.6 18.25 16.1 16.65 68273 
2007/01/05 16.55 16.85 15.05 15.5 33483 
2007/01/12 15.3 16 13.9 14 42215 
2007/01/19 14.15 15.5 14 14.75 34626 
2007/01/26 14.8 14.9 14.1 14.5 14724 
2007/02/02 14.6 15.5 14.35 14.35 34857 
2007/02/09 14.4 15.45 14.3 15.1 44568 
2007/02/16 15.2 16.25 15 16.2 43941 
2007/03/02 17 17.25 15.7 15.9 56712 
2007/03/09 15.3 16 14.3 15.55 31758 
2007/03/16 15.6 16.6 15.3 15.55 34810 
2007/03/23 15.75 16.1 15.3 15.6 26618 
2007/03/30 15.8 16.05 15.3 15.35 33949 
2007/04/06 15.35 15.4 14.8 15.1 15795 
2007/04/13 15.1 15.95 14.95 15.7 24070 
2007/04/20 15.95 15.95 15 15.2 21281 
2007/04/27 15.3 15.95 15.25 15.65 43028 
2007/05/04 15.7 15.95 14.4 15.65 52367 
2007/05/11 15.8 15.8 14.85 15 20589 
2007/05/18 15.1 15.2 14.65 14.85 7177 
2007/05/25 14.85 15.4 14.75 14.9 35351 
2007/06/01 15 15.2 14.7 14.75 11594 
2007/06/08 14.75 14.8 13.95 14.1 13789 
2007/06/15 14.1 14.65 14.05 14.5 14721 
2007/06/22 14.6 15.1 14.4 14.65 19400 
2007/06/29 14.85 15.4 14.6 14.7 46923 
2007/07/06 14.9 16.3 14.8 15.8 79228 
2007/07/13 16 16.25 15.5 15.55 70140 
2007/07/20 15.85 18.5 15.7 17.15 102026 
2007/07/27 17.15 18.6 16 16.15 70354 
2007/08/03 16 16.8 14.7 15.55 36102 
2007/08/10 15 16 15 15.2 13524 
2007/08/17 15.3 15.9 13.3 13.35 26235 
2007/08/24 13.9 14.5 13.5 14 8335 
2007/08/31 14.3 14.3 13.7 14.1 5539 
2007/09/07 14.2 14.25 13.7 14 5583 
2007/09/14 13.7 14.7 13.7 14.7 6842 
2007/09/21 14.8 15.55 14.6 15.1 16449 
2007/09/28 15.3 15.3 14.6 14.85 7130 
2007/10/05 14.9 16.9 14.8 15.9 23336 
2007/10/12 15.8 15.9 15 15.1 6166 
2007/10/19 15.1 15.25 14.5 14.6 6581 
2007/10/26 14.25 14.65 14 14.45 5502 
2007/11/02 14.5 15.4 14.15 14.15 11152 
2007/11/09 14.2 14.5 13.2 13.8 6722 
2007/11/16 13.2 14.15 12.7 13.4 7112 
2007/11/23 13.4 13.85 13.1 13.3 3754 
2007/11/30 13.55 13.55 13 13.4 4391 
2007/12/07 13.5 13.85 13.4 13.5 3303 
2007/12/14 13.5 13.7 11.75 11.8 6373 
2007/12/21 11.5 11.55 9.8 10 13292 
2007/12/28 10.25 11.5 10.1 11.45 9950 
2008/01/04 11.6 12.3 11.25 12.3 11355 
2008/01/11 11.9 12.2 11.45 11.5 12775 
2008/01/18 12.2 14.6 11.85 14.4 41227 
2008/01/25 14.9 15.4 13.05 14.35 66000 
2008/02/01 14.2 15 13.05 15 17053 
2008/02/15 15 16.2 14.95 15.6 34852 
2008/02/22 15.7 16.95 15.6 16.95 21195 
2008/02/29 17 17.7 16 16.9 40616 
2008/03/07 16.4 18 16.3 16.45 65100 
2008/03/14 16.35 17 15 15.95 23273 
2008/03/21 15.8 16.6 15.6 16 27956 
2008/03/28 17.1 19.4 16.75 18.8 132188 
2008/04/04 19.2 20.3 18.5 20.1 76585 
2008/04/11 20.9 27.15 20.5 26 131849 
2008/04/18 26.45 28.75 26.2 27.3 144489 
2008/04/25 27.3 27.3 24 24.55 97788 
2008/05/02 24.3 25.7 23.95 24.3 47960 
2008/05/09 24.5 24.7 21.85 23.3 56195 
2008/05/16 23.9 26.7 23.7 25.6 59626 
2008/05/23 25.8 26.2 22.9 24.2 47840 
2008/05/30 24.2 25.6 22.7 22.7 52949 
2008/06/06 22.5 24.6 21.15 23.55 46384 
2008/06/13 22.7 23.55 17.95 18.5 35105 
2008/06/20 18.9 20.45 17.9 18.45 53461 
2008/06/27 17.85 18.15 15.75 15.75 29179 
2008/07/04 15.75 15.75 13.3 14.9 59697 
2008/07/11 14.7 16.1 14 15.85 68598 
2008/07/18 15.9 16.75 14.05 14.4 59497 
2008/07/25 14.7 17.1 14.4 16.55 57973 
2008/08/01 15.85 16 13.4 13.55 29165 
2008/08/08 13.45 14.55 12.5 14.2 34938 
2008/08/15 14.6 14.85 13.25 13.9 22801 
2008/08/22 13.75 14.4 13.2 14 24724 
2008/08/29 13.9 14.7 13.7 14.05 20484 
2008/09/05 14.05 14.1 10.6 10.6 18781 
2008/09/12 11.15 12.2 10.5 10.7 22440 
2008/09/19 10.5 10.6 7.6 8.3 28060 
2008/09/26 8.4 9.64 8.05 8.05 52234 
2008/10/03 7.49 7.74 6.93 7.5 15332 
2008/10/10 7.21 7.39 5.81 6.35 22091 
2008/10/17 6.13 7.12 6.13 6.4 27031 
2008/10/24 6.23 6.89 6.04 6.04 23636 
2008/10/31 5.62 6 5.21 6 25646 
2008/11/07 6.42 7.34 6.36 7.3 51601 
2008/11/14 7.4 7.81 6.49 6.51 31959 
2008/11/21 6.48 6.9 5.56 6.33 18292 
2008/11/28 6.35 7.54 6.25 6.95 33997 
2008/12/05 6.95 7.32 6.4 6.46 18887 
2008/12/12 6.59 7.55 6.58 6.9 38381 
2008/12/19 7.19 8.22 7.03 7.9 63984 
2008/12/26 8 8.1 6.71 7.11 23656 
2009/01/02 7.19 7.55 7.01 7.26 7596 
2009/01/09 7.49 7.95 7.02 7.18 29079 
2009/01/16 7.3 7.65 6.85 6.87 13705 
2009/01/23 6.93 6.94 6.38 6.6 3816 
2009/02/06 6.74 7.04 6.62 6.81 4862 
2009/02/13 6.93 6.93 6.67 6.81 6226 
2009/02/20 7.28 7.38 6.85 6.85 21967 
2009/02/27 6.75 7.1 6.7 6.84 8091 
2009/03/06 6.8 7.32 6.73 7.08 14349 
2009/03/13 7.15 7.89 7.15 7.7 21673 
2009/03/20 7.93 9.3 7.81 9.02 60942 
2009/03/27 9.15 10.2 8.8 9.99 67085 
2009/04/03 10 11.3 9 10.8 75119 
2009/04/10 10.8 11.35 10.25 11.2 66577 
2009/04/17 11.4 13.15 11.2 11.9 78494 
2009/04/24 11.45 13 11.1 12.25 53283 
2009/05/01 12.25 12.35 10.2 12.1 36108 
2009/05/08 12.9 16.55 12.9 16.05 85558 
2009/05/15 15.6 18.2 15.6 17.65 94421 
2009/05/22 18.6 21.4 18.6 21.4 92930 
2009/05/29 22.4 24.4 20.4 22.4 78277 
2009/06/05 22.3 22.65 18.85 20.8 82257 
2009/06/12 20.8 21.1 16.75 18.9 84489 
2009/06/19 18.3 19.8 17.3 19.7 69197 
2009/06/26 19.7 20.9 19 20.2 94636 
2009/07/03 20.4 21.85 18.6 21.85 95051 
2009/07/10 22 23.35 21.6 22.05 77098 
2009/07/17 21.8 21.9 19.3 21.6 53249 
2009/07/24 21.9 22.6 21.15 21.15 52459 
2009/07/31 21 21.15 19.7 20.45 67214 
2009/08/07 20.45 20.8 17.5 17.85 36022 
2009/08/14 17.85 18.8 17.8 18.3 28543 
2009/08/21 18.25 18.35 15.05 15.2 22815 
2009/08/28 15.3 16.15 14.4 14.9 21660 
2009/09/04 14.95 19 14.95 18.4 72885 
2009/09/11 18.65 20.6 18.45 19.85 64825 
2009/09/18 19.85 22.55 19.55 22.35 109413 
2009/09/25 22.4 23.35 21.1 22 71433 
2009/10/02 21.7 24.4 21.3 24.05 105828 
2009/10/09 24.5 28.7 24.5 27.9 134194 
2009/10/16 28 29.75 27.6 28.2 77878 
2009/10/23 28.4 29.5 27.9 28.35 61164 
2009/10/30 28.5 28.8 24.3 24.9 41784 
2009/11/06 23.85 25.55 23.35 24.2 85915 
2009/11/13 24.5 26.25 23.7 25.6 72395 
2009/11/20 25.8 27.25 25.2 26.25 82828 
2009/11/27 26.5 26.8 24.65 24.8 39114 
2009/12/04 25.05 26.9 24.6 25.95 52660 
2009/12/11 26.5 28.65 26.1 27.7 83377 
2009/12/18 28 28.4 26.3 27.1 36777 
2009/12/25 27.1 27.5 26.15 26.6 42292 
2010/01/01 26.2 27.9 26.2 27 63572 
2010/01/08 27.2 32.15 27.2 31.5 168417 
2010/01/15 31.9 33.15 30.5 31.5 66523 
2010/01/22 31.1 32.3 28.35 29.45 37628 
2010/01/29 29 29.45 25.9 26.4 55379 
2010/02/05 26.45 26.65 20.35 20.55 78982 
2010/02/12 20.45 23.9 20.45 23.15 46727 
2010/02/26 23.65 24.35 22.55 23.4 47898 
2010/03/05 23.65 25.45 23.5 24.7 58399 
2010/03/12 25 25.2 23.45 23.5 35085 
2010/03/19 23.2 25.2 22.4 24.6 44920 
2010/03/26 24.6 25.3 23.9 24.6 41437 
2010/04/02 24.7 25.85 24.35 25.25 52115 
2010/04/09 25.6 27.55 25.3 27.1 59753 
2010/04/16 27.5 28.15 26.2 27.4 69377 
2010/04/23 26.8 27.25 24.45 24.55 43173 
2010/04/30 24.8 25.1 23 24 21995 
2010/05/07 24.3 24.6 21.2 23 20174 
2010/05/14 23 24.2 22.8 23.7 22233 
2010/05/21 23.5 23.55 20.7 20.9 18387 
2010/05/28 21.2 22.05 20.3 21.05 28745 
2010/06/04 21.1 22.15 20.95 21.5 25715 
2010/06/11 20.65 23.5 20.5 23.3 35926 
2010/06/18 23.25 23.7 22.9 23.1 17623 
2010/06/25 23.3 24.6 22.1 22.25 44680 
2010/07/02 22.25 22.45 21.4 21.85 12441 
2010/07/09 21.9 23.1 21.7 22.6 19811 
2010/07/16 22.7 22.95 22 22.7 19228 
2010/07/23 22.7 23.15 22.05 23.15 39230 
2010/07/30 23.45 24.15 22.8 23.2 46768 
2010/08/06 23.5 24.95 23.25 23.5 30892 
2010/08/13 23.7 23.95 22.4 23.6 19628 
2010/08/20 23.4 25.95 23.2 25.85 81751 
2010/08/27 26.2 28.2 25.55 27.85 133199 
2010/09/03 28.2 28.5 25.8 26.8 121129 
2010/09/10 26.8 27.8 25.6 25.6 63480 
2010/09/17 25.95 28.45 25.9 27.6 65635 
2010/09/24 27.6 28.75 26.8 27.9 71281 
2010/10/01 28.15 28.4 27.1 27.55 64375 
2010/10/08 27.95 30.3 27.8 28.3 120427 
2010/10/15 28.4 28.5 26.8 27 35676 
2010/10/22 27 27.3 25.95 26.35 19432 
2010/10/29 26.5 27.7 26.3 27 21105 
2010/11/05 27.1 30.2 26.8 29.8 82280 
2010/11/12 30.2 30.9 28.5 28.7 52446 
2010/11/19 28.35 29.2 27.2 28.65 33002 
2010/11/26 29.4 30 28.2 28.2 31220 
2010/12/03 29.4 32.85 29 31.6 90529 
2010/12/10 32 33.8 30.55 31.35 55274 
2010/12/17 30.55 35 30.55 33.2 62955 
2010/12/24 33.2 33.55 32.3 33.2 22814 
2010/12/31 33.2 33.55 31.7 33.3 28156 
2011/01/07 33.7 34.25 30.9 31.25 34481 
2011/01/14 31 31.7 30 30.4 17615 
2011/01/21 30 30.4 28.5 29.1 22079 
2011/01/28 29.3 29.3 27.8 28 13033 
2011/02/11 28 28.3 26.7 26.85 18844 
2011/02/18 27 28.05 26.45 27.9 20143 
2011/02/25 27.85 27.95 22.75 23 56771 
2011/03/04 22.9 23.9 22.6 22.9 33309 
2011/03/11 23 24 22.3 23.15 45293 
2011/03/18 22.8 22.85 20.1 22.2 58208 
2011/03/25 22.2 23 21.6 22.25 17991 
2011/04/01 21.8 22.2 20.8 21.85 20317 
2011/04/08 22.1 23.2 21.7 22.8 16518 
2011/04/15 23.1 23.4 22.7 22.9 20857 
2011/04/22 23.1 23.25 21.6 22.4 14454 
2011/04/29 22.5 23.8 22.4 22.6 35896 
2011/05/06 22.6 24.5 22.15 24.5 24627 
2011/05/13 24.8 25.4 23.55 23.9 66452 
2011/05/20 23.75 24.15 22.8 23 18649 
2011/05/27 22.9 25.9 22.8 25.1 52065 
2011/06/03 25.4 26.75 24.95 25.05 35523 
2011/06/10 25.25 25.45 24.4 24.4 13405 
2011/06/17 24.3 25.05 24.2 25 15741 
2011/06/24 25.25 25.8 24.5 25.15 23948 
2011/07/01 25 25.8 24.9 25.5 20066 
2011/07/08 25.9 29.55 25.8 28.4 96395 
2011/07/15 28.9 28.9 27 28.6 34526 
2011/07/22 28.6 31.35 28.3 30.65 50986 
2011/07/29 30.5 30.6 28 28 33539 
2011/08/05 28.5 30.15 25.45 25.45 40227 
2011/08/12 23.85 25.75 22.05 24.55 48557 
2011/08/19 24.7 24.75 21.15 21.15 37192 
2011/08/26 20.75 21.4 17.15 17.8 56982 
2011/09/02 17.8 19.7 17.5 19.2 33213 
2011/09/09 18.65 19 17.8 18.4 23476 
2011/09/16 18 18.5 17 18.3 13405 
2011/09/23 18.2 19.05 17.8 18.45 20401 
2011/09/30 18.55 20.9 17.5 20.35 51248 
2011/10/07 20 20.5 18.6 19.25 19838 
2011/10/14 19.7 21.1 19.5 19.95 19670 
2011/10/21 20.4 20.7 19.25 19.7 13592 
2011/10/28 20 21 20 20.1 31744 
2011/11/04 20.2 20.4 19.55 20.3 11596 
2011/11/11 20.5 20.65 18.3 18.7 12153 
2011/11/18 19 19.15 17.35 17.4 9427 
2011/11/25 17 17.1 13.7 14.4 34793 
2011/12/02 14.6 15.25 14.1 15.15 15768 
2011/12/09 15.2 15.35 13.85 14.15 9449 
2011/12/16 14.35 14.4 13.25 13.3 14209 
2011/12/23 13 13.65 11.75 13.65 25028 
2011/12/30 13.9 15 13.85 14.5 38287 
2012/01/06 14.6 15.65 13.9 15.4 48917 
2012/01/13 15.4 15.9 14.9 15 24712 
2012/01/20 16 17.5 15.5 17.05 47388 
2012/02/03 17.5 19 17.1 18.3 64475 
2012/02/10 18.25 19.75 17.7 19.2 40457 
2012/02/17 19.6 20.75 19.35 19.8 54918 
2012/02/24 20.2 21.85 19.9 21.1 41222 
2012/03/02 21.45 21.95 21.1 21.55 23139 
2012/03/09 21.6 21.6 19.6 20.55 21974 
2012/03/16 20.35 20.6 20 20.2 12108 
2012/03/23 20.25 20.3 19.75 19.9 11587 
2012/03/30 20.1 21.85 19.35 20.4 42022 
2012/04/06 20.4 20.9 17.6 18.8 17610 
2012/04/13 18 19 17.65 19 17552 
2012/04/20 19.1 19.85 17.8 18 19268 
2012/04/27 17.8 18.5 17.6 18.05 9385 
2012/05/04 18.05 19.45 17.7 19.15 11487 
2012/05/11 19 19.3 18.25 18.3 7671 
2012/05/18 18.4 18.4 17.25 17.3 7294 
2012/05/25 17 18.2 17 17.05 7172 
2012/06/01 16.8 18.15 16.75 17.45 9304 
2012/06/08 16.8 17.5 16.25 16.9 10198 
2012/06/15 17.25 17.6 16.45 16.45 9879 
2012/06/22 17.5 17.7 17.1 17.6 9281 
2012/06/29 17.5 17.95 17.4 17.85 6445 
2012/07/06 18 18.5 17.65 17.7 9391 
2012/07/13 17.55 17.9 17.2 17.2 3593 
2012/07/20 17.2 17.7 16.95 17.35 4338 
2012/07/27 17.3 17.3 15.6 16.3 8555 
2012/08/03 16.7 17.55 16.6 17.45 6535 
2012/08/10 17.8 18.9 17.6 18.65 16496 
2012/08/17 18.7 21.2 18.5 20.4 34505 
2012/08/24 20.3 20.4 19.4 19.6 24750 
2012/08/31 19.75 19.8 19.1 19.7 18391 
2012/09/07 19.7 20.7 19.7 20.45 22971 
2012/09/14 20.7 21.55 20.4 20.6 28937 
2012/09/21 20.7 21.1 20.5 21.05 14214 
2012/09/28 21.2 21.8 20.55 20.75 13763 
2012/10/05 20.75 21.3 19.2 19.75 11949 
2012/10/12 19.9 19.9 19.2 19.4 6362 
2012/10/19 19.4 20.1 19.15 19.9 9912 
2012/10/26 19.65 20.2 18.05 18.3 7227 
2012/11/02 18.3 19.5 18.2 19 7698 
2012/11/09 19.1 19.4 18.5 19.15 5075 
2012/11/16 19.2 19.55 18.3 18.7 4646 
2012/11/23 18.7 19 18.25 18.8 3855 
2012/11/30 18.95 19.3 18.8 19.2 3912 
2012/12/07 19.35 20.35 19.1 19.7 14069 
2012/12/14 19.7 21.2 19.5 20.75 29729 
2012/12/21 21.05 21.25 19.7 19.8 11837 
2012/12/28 20 22.3 20 21.2 37846 
2013/01/04 21.5 22.3 21.2 22.2 16380 
2013/01/11 22.6 25.6 22.4 24.35 71637 
2013/01/18 24.35 25.7 23.6 25.4 51905 
2013/01/25 25.4 25.65 23.8 23.85 24423 
2013/02/01 23.85 24.65 23.2 24.45 21526 
2013/02/08 24.6 25.15 24.55 24.6 14791 
2013/02/22 25 26.9 24.6 25.5 43804 
2013/03/01 25.6 26 24.9 25.4 18049 
2013/03/08 25.8 26.55 25.25 26.15 20491 
2013/03/15 26.2 26.45 25.45 25.45 11711 
2013/03/22 25.45 25.9 24.8 25.7 16889 
2013/03/29 25.95 27.9 25.6 27.5 30683 
2013/04/05 28 31.3 28 31 33060 
2013/04/12 29.6 31.15 29 29.9 28530 
2013/04/19 29.6 30.4 28.3 30 26465 
2013/04/26 30.3 32.95 29.35 31.45 53354 
2013/05/03 31.45 32.85 30.75 32.25 22080 
2013/05/10 32.35 33.7 32.2 33.25 24328 
2013/05/17 33.25 33.9 31.7 32.9 23931 
2013/05/24 32.9 33.8 32.35 32.8 23496 
2013/05/31 32.6 33.75 32.6 33.3 18192 
2013/06/07 32.9 38.95 32.7 37.2 47938 
2013/06/14 37.5 38.8 35.75 36.4 24970 
2013/06/21 36.4 39.75 36.2 39.3 28352 
2013/06/28 38.9 39.05 34.2 38 24450 
2013/07/05 38.1 38.7 36.6 36.6 13573 
2013/07/12 36.6 42.3 36.2 42.3 29887 
2013/07/19 42.3 45.35 40.7 43.5 38681 
2013/07/26 43 50 42.8 46.55 35537 
2013/08/02 46 47.95 43.85 47.25 32113 
2013/08/09 47.5 48.3 41.7 43.4 31484 
2013/08/16 42.2 45.15 40.8 44.9 27125 
2013/08/23 44.9 45.35 39.3 41.15 30246 
2013/08/30 41.25 41.5 37.5 39.8 26003 
2013/09/06 39.8 40.9 39.05 39.2 16538 
2013/09/13 39.2 39.75 38.1 38.2 11887 
2013/09/20 38.2 42.05 38.2 40.8 13229 
2013/09/27 41 41.35 35.75 35.75 29838 
2013/10/04 35.25 38.7 34.8 38.45 29081 
2013/10/11 39 39.3 37.5 37.8 10516 
2013/10/18 37.4 38.9 37.1 38.5 15236 
2013/10/25 38.5 38.7 36.3 36.8 11019 
2013/11/01 36.55 37.45 33.7 33.7 12415 
2013/11/08 33.25 34.8 32.4 34.05 20658 
2013/11/15 34.5 38 33.2 38 22039 
2013/11/22 38.2 40.7 38.05 38.85 26978 
2013/11/29 39.8 40.3 38 39.9 14705 
2013/12/06 39.9 40.3 37.15 37.85 13435 
2013/12/13 38 39 35.5 35.75 15608 
2013/12/20 35.9 36.2 34.45 35.15 15038 
2013/12/27 35.45 35.45 33.9 34.4 7373 
2014/01/03 34.4 34.45 32.25 32.65 8802 
2014/01/10 32 32.1 29.5 30.45 43168 
2014/01/17 30.8 31.15 29.3 29.7 24718 
2014/01/24 29.85 32.45 29.85 31 28253 
2014/01/31 30.5 31.45 30.5 30.8 3707 
2014/02/07 30.6 34.95 30.6 34.15 30904 
2014/02/14 34.95 37.2 34.65 35 34236 
2014/02/21 35.2 35.45 34.2 34.5 12150 
2014/02/28 34.4 34.7 32.3 33.15 17670 
2014/03/07 33.1 33.85 32.35 32.35 9335 
2014/03/14 33 34 32.8 33.05 9550 
2014/03/21 33.6 33.6 30.95 31.85 11792 
2014/03/28 31.5 33.3 30.95 31.5 13493 
2014/04/04 31.5 32.7 31.35 32.1 4778 
2014/04/11 32.1 34.4 32.05 33.15 18350 
2014/04/18 33.6 34.15 33.15 33.25 8955 
2014/04/25 33 33.1 30.6 30.7 19453 
2014/05/02 30 31.55 30 30.85 4627 
2014/05/09 31 31.8 30.85 31.3 5058 
2014/05/16 31.3 32.15 30.8 31.85 6148 
2014/05/23 32.1 32.25 31.25 31.3 5516 
2014/05/30 31.65 32 31.35 31.9 4746 
2014/06/06 31.9 31.95 30.6 30.6 5644 
2014/06/13 30.5 30.6 28.55 28.75 13487 
2014/06/20 28.8 29.25 28.1 28.15 10017 
2014/06/27 28.2 29 28.05 28.5 8542 
2014/07/04 28.5 28.7 27.3 28.15 10712 
2014/07/11 28.5 28.5 27.6 27.65 9200 
2014/07/18 27.65 28.7 26.5 28.25 17958 
2014/07/25 28.4 28.55 27.55 27.6 5385 
2014/08/01 27.6 30.25 27.4 29.75 19111 
2014/08/08 29.8 30.2 28.3 28.8 9765 
2014/08/15 28.9 29.35 28 28.35 6362 
2014/08/22 28.45 29.3 27.75 29 7943 
2014/08/29 29 29.15 27.95 28.25 7233 
2014/09/05 28.5 28.55 28 28.25 3297 
2014/09/12 28.35 29.25 28 28.25 6927 
2014/09/19 28.45 28.7 27.45 27.9 8601 
2014/09/26 28 28 27.05 27.2 4647 
2014/10/03 27.2 27.5 26.2 26.75 5537 
2014/10/10 26.85 26.9 26.15 26.2 2635 
2014/10/17 25.8 25.8 21.9 23.1 24698 
2014/10/24 23.7 26.15 22.9 25.45 22478 
2014/10/31 25.5 26.7 24.9 26.2 13125 
2014/11/07 26.2 27.7 25.9 26.9 18623 
2014/11/14 27.25 27.25 25.35 25.7 11633 
2014/11/21 25.5 25.7 24.65 25.35 8393 
2014/11/28 25.95 28.3 25.8 27.8 22740 
2014/12/05 26.6 30.6 26.6 30.2 55043 
2014/12/12 29.9 30 27.3 27.55 27721 
2014/12/19 27.1 28.8 26.8 27.55 22367 
2014/12/26 27.6 28.8 27.5 28.3 15978 
2015/01/02 28.3 28.45 27.45 27.7 8855 
2015/01/09 27.6 27.6 26.8 27.45 11524 
2015/01/16 27.9 29.2 27.85 28 25191 
2015/01/23 28.25 28.4 27.25 27.85 13115 
2015/01/30 27.8 28.8 27.6 28.25 9742 
2015/02/06 28.6 28.6 27.7 27.8 5918 
2015/02/13 28.1 30.05 27.9 29.95 33348 
2015/02/27 30.2 32.2 29.35 31.7 42832 
2015/03/06 32 32.1 30.45 30.85 29828 
2015/03/13 30.7 30.7 29.35 29.7 24964 
2015/03/20 29.5 29.75 28.8 29.6 17571 
2015/03/27 29.7 29.9 28.15 28.3 20749 
2015/04/03 28.3 28.75 27.8 28.1 11421 
2015/04/10 28.2 28.9 27.8 28.25 11306 
2015/04/17 28.15 28.4 27.7 27.9 10802 
2015/04/24 27.85 27.85 26.55 27.1 15038 
2015/05/01 27.1 27.9 27 27.7 11121 
2015/05/08 27.8 27.8 26.9 26.9 9882 
2015/05/15 27 27.15 25.05 25.5 12663 
2015/05/22 25.5 25.65 24.1 24.65 12144 
2015/05/29 24.6 24.6 23.1 23.7 13089 
2015/06/05 23.9 23.9 22.4 22.7 10380 
2015/06/12 22.7 22.85 20.25 22 18646 
2015/06/19 21.9 21.9 21.3 21.45 7722 
2015/06/26 21.6 22.15 21.4 21.5 6718 
2015/07/03 21.1 21.65 20.7 21.25 5837 
2015/07/10 21.05 21.25 19.95 20.35 5897 
2015/07/17 20.55 20.9 20.3 20.5 6692 
2015/07/24 20.65 20.65 19.25 19.5 8744 
2015/07/31 19.3 19.45 18 18.55 9463 
2015/08/07 18.5 18.55 17.8 18.15 18333 
2015/08/14 18.15 18.3 16.45 17.75 30079 
2015/08/21 18 18 15.05 15.3 12359 
2015/08/28 14.4 14.5 12.85 14 25684 
2015/09/04 14.1 15.9 13.95 15.7 12199 
2015/09/11 15.5 17.4 15.45 16.75 13102 
2015/09/18 16.75 17.65 16.55 17.6 8089 
2015/09/25 17.4 17.8 16.75 17.2 10807 
2015/10/02 16.9 17.4 16.8 17.4 3437 
2015/10/09 17.4 17.65 17.15 17.15 5319 
2015/10/16 17 18.1 17 17.6 6680 
2015/10/23 17.7 18.9 17.55 18.5 7860 
2015/10/30 18.6 18.75 18 18.3 7154 
2015/11/06 18.3 18.3 17.55 17.55 5470 
2015/11/13 17.45 17.55 16.95 16.95 4715 
2015/11/20 16.75 16.95 16.5 16.65 7239 
2015/11/27 16.6 16.65 15.75 16 5007 
2015/12/04 15.95 16.25 15.45 16.15 4730 
2015/12/11 16.3 16.35 14.65 14.65 6678 
2015/12/18 14.6 16 14.25 15.65 7364 
2015/12/25 15.55 15.85 15.3 15.6 3063 
2016/01/01 15.65 16.9 15.35 16.45 10502 
2016/01/08 16.55 16.55 14.5 14.95 7695 
2016/01/15 14.15 14.75 13.35 13.75 7256 
2016/01/22 13.5 14.15 13.2 13.5 5883 
2016/01/29 13.6 14.85 13.35 14.5 5503 
2016/02/05 14.6 14.95 14.25 14.3 3248 
2016/02/19 14.2 15 14.15 15 3439 
2016/02/26 15 15.1 14.6 14.8 4330 
2016/03/04 14.8 17.1 14.75 16.95 19485 
2016/03/11 17.1 17.85 16.75 16.85 12938 
2016/03/18 17.1 17.1 15.9 16.7 7483 
2016/03/25 16.7 18.9 16.45 18.2 23221 
2016/04/01 18.4 18.45 16 16.4 16820 
2016/04/08 16.4 16.4 15.8 15.9 3441 
2016/04/15 16 17.05 15.8 16.75 7980 
2016/04/22 16.75 17.15 16.25 16.4 5938 
2016/04/29 16.4 16.6 15.95 16 3789 
2016/05/06 16 16 15.4 15.6 3106 
2016/05/13 15.8 15.8 14.9 15.05 2995 
2016/05/20 15 15.45 14.7 15.35 2600 
2016/05/27 15.2 15.75 15.2 15.7 2891 
2016/06/03 15.8 17.15 15.4 16.65 16772 
2016/06/10 16.7 16.95 16.25 16.45 9740 
2016/06/17 16.25 16.6 16.05 16.4 5160 
2016/06/24 16.5 16.85 16.2 16.4 6801 
2016/07/01 16.2 18.1 16.1 17.45 20044 
2016/07/08 17.5 17.75 17.05 17.2 6166 
2016/07/15 17.6 17.65 16.95 17 6878 
2016/07/22 17 17.1 16.5 16.85 7785 
2016/07/29 16.95 17.3 16.7 17.15 14600 
2016/08/05 16.15 16.3 15.8 15.9 10958 
2016/08/12 15.95 16.2 15.85 16 3492 
2016/08/19 16.1 16.1 15.5 15.9 3812 
2016/08/26 15.8 15.95 15.4 15.85 3460 
2016/09/02 15.95 16 15.5 15.5 3102 
2016/09/09 15.7 16.1 15.5 15.8 5182 
2016/09/16 15.8 15.9 15.5 15.7 2417 
2016/09/23 15.7 16 15.55 15.9 3250 
2016/09/30 15.9 16 15.75 15.75 1216 
2016/10/07 16 16 15.7 15.75 2803 
2016/10/14 15.9 15.9 15.55 15.55 2192 
2016/10/21 15.55 15.7 15.5 15.5 3028 
2016/10/28 15.6 16.05 15.5 15.6 6704 
2016/11/04 15.6 15.65 15.2 15.2 2300 
2016/11/11 15.3 15.35 14.8 14.9 2457 
2016/11/18 15.1 16.8 15.05 16.6 23776 
2016/11/25 16.85 16.9 16.3 16.8 10505 
2016/12/02 17.25 20.4 17.25 19.55 86211 
2016/12/09 19.8 20.55 19.4 20.5 36577 
2016/12/16 20.5 20.55 18.95 19.75 25809 
2016/12/23 20.45 21.45 19.5 19.7 40515 
2016/12/30 19.85 20 19.3 19.55 10618 
2017/01/06 19.6 20.3 19.4 19.8 7641 
2017/01/13 19.9 20.05 19.1 19.25 7340 
2017/01/20 19.1 19.55 18.5 19.15 8459 
2017/01/27 19.05 19.7 19.05 19.5 3111 
2017/02/03 19.7 20.5 19.5 20.45 6144 
2017/02/10 21.1 23.7 20.8 22.6 55142 
2017/02/17 22.75 24.3 22.65 23.05 27131 
2017/02/24 23.2 23.4 22.5 23.35 11607 
2017/03/03 23.8 24.2 22.8 23.1 15362 
2017/03/10 23.1 23.25 21.6 21.9 12339 
2017/03/17 21.95 23.65 21.9 23 13867 
2017/03/24 23.05 23.65 22.5 22.9 16883 
2017/03/31 23.15 23.15 21.5 21.85 10595 
2017/04/07 21.95 22 20.95 21.25 4745 
2017/04/14 20.1 20.45 19.1 19.1 13075 
2017/04/21 19.15 19.15 18.35 18.8 2955 
2017/04/28 18.85 18.9 18.7 18.7 1030 
2017/05/05 19.15 19.15 18.8 18.85 1134 
2017/05/12 19.1 19.15 18 18.15 8929 
2017/05/19 18.3 18.45 17.5 18.3 11830 
2017/05/26 18.3 18.7 18.15 18.4 7514 
2017/06/02 18.45 18.6 18.05 18.4 3942 
2017/06/09 18.4 18.85 18.35 18.7 4022 
2017/06/16 18.4 18.55 18.05 18.1 2175 
2017/06/23 18.7 20.95 18.7 20.4 47572 
2017/06/30 20.5 21.1 20.1 20.35 13605 
2017/07/07 20.35 20.45 20.15 20.35 1335 
2017/07/14 20.4 20.5 20.1 20.25 4595 
2017/07/21 20.35 20.6 20.15 20.5 8938 
2017/07/28 19 19.1 18.9 19.1 683 
2017/08/04 18.4 18.4 18.1 18.2 6967 
2017/08/11 18.2 18.25 18 18.05 2599 
2017/08/18 17.7 17.75 17.3 17.35 2185 
2017/08/25 18.25 18.25 18.1 18.1 491 
2017/09/01 18.3 18.9 18.3 18.6 3011 
2017/09/08 18.35 18.4 18.2 18.25 649 
2017/09/15 18.2 18.25 18.05 18.1 688 
2017/09/22 18.1 18.15 17.95 18.05 1233 
2017/09/29 17.6 17.6 17.25 17.45 4667 
2017/10/06 17.95 18.35 17.85 18.1 3039 
2017/10/13 17.95 18.15 17.8 18.15 698 
2017/10/20 18.2 18.75 18.15 18.75 4707 
2017/10/27 18.5 19.1 18.2 18.85 9730 
2017/11/03 19.15 19.75 18.8 19.65 14416 
2017/11/10 19.6 19.7 18.9 19.2 6717 
2017/11/17 19 19.1 18.6 18.6 2263 
2017/11/24 18.95 19.1 18.7 18.9 1050 
2017/12/01 19.15 19.8 19 19.3 7493 
2017/12/08 18.95 19.4 18.65 19 10788 
2017/12/15 19 19.15 18.6 18.8 3919 
2017/12/22 18.9 19.2 18.8 19 4344 
2017/12/29 19.1 20.8 18.95 20.4 22181 
2018/01/05 20.7 22.2 20.65 22.05 30579 
2018/01/12 22.15 23 21.25 22.8 22084 
2018/01/19 23.25 24.25 22.35 23.2 45757 
2018/01/26 23.5 23.6 22.5 22.75 14674 
2018/02/02 22.95 22.95 21.5 21.9 11313 
2018/02/09 21.35 22.4 19.8 20.6 14534 
2018/02/16 20.7 20.8 20.4 20.4 1474 
2018/02/23 20.85 21.25 20.8 21.15 3841 
2018/03/02 21.2 21.7 20.85 21.05 6631 
2018/03/09 21.1 21.15 20.15 21.1 7382 
2018/03/16 21.05 22.25 20.85 20.9 12049 
2018/03/23 21.05 21.9 20.9 21.05 9136 
2018/03/30 21.05 21.35 20.5 20.75 9205 
2018/04/06 20.6 21.15 20.6 20.7 2189 
2018/04/13 20.7 21.35 20.6 20.7 7291 
2018/04/20 20.65 20.65 19.3 19.4 13000 
2018/04/27 19.6 19.75 18.75 19 5000 
2018/05/04 19 19.5 18.85 18.85 3538 
2018/05/11 18.9 20.05 18.45 19.8 12462 
2018/05/18 19.8 20.8 19.65 20.8 9257 
2018/05/25 21.05 22.2 20.95 22 14727 
2018/06/01 22 22.25 20.7 22.1 14534 
2018/06/08 21.9 23.6 21.85 22.75 17976 
2018/06/15 22.6 22.9 21.9 22.5 15632 
2018/06/22 22.5 23.05 22.2 22.8 8522 
2018/06/29 22.8 22.9 21.9 22.1 7372 
2018/07/06 22.1 22.3 20.85 21.5 15473 
2018/07/13 21.55 21.85 21.25 21.55 8064 
2018/07/20 21.65 21.7 20.75 20.85 8404 
2018/07/27 20.9 22.5 20.9 22.5 14943 
2018/08/03 22.5 22.7 22.15 22.35 7340 
2018/08/10 22.3 22.45 22.15 22.15 3337 
2018/08/17 22.05 22.05 20.4 20.55 12344 
2018/08/24 20.55 21.35 20.45 21.25 3577 
2018/08/31 21.25 22.7 21.1 22.1 8196 
2018/09/07 22.2 23 21.25 21.6 15922 
2018/09/14 21.5 22.6 20.9 22.25 10681 
2018/09/21 22.25 22.5 21.45 21.75 6207 
2018/09/28 21.75 22.15 21.55 21.75 2785 
2018/10/05 21.75 23.6 21.65 22.65 21022 
2018/10/12 22.6 23.05 20.2 20.8 17214 
2018/10/19 20.8 20.9 18.6 19.1 31910 
2018/10/26 19.1 19.2 16.35 16.8 36205 
2018/11/02 17 17.4 16.5 17.25 8114 
2018/11/09 17.05 17.95 16.45 17.15 10060 
2018/11/16 17.05 17.55 16.5 17.35 7863 
2018/11/23 17.45 18.4 17.4 17.75 10029 
2018/11/30 18.15 19.6 17.9 19.4 17016 
2018/12/07 19.55 19.9 18.65 19.6 18199 
2018/12/14 19.2 20.6 19.1 20.15 10537 
2018/12/21 20.15 21.2 19.9 20.25 11259 
2018/12/28 20.35 20.55 19.85 20.45 3783 
2019/01/04 20.85 21.35 20.75 21.35 4130 
2019/01/11 21.6 21.65 20.2 20.4 11441 
2019/01/18 20.4 20.7 19.75 20.2 4423 
2019/01/25 20.25 20.45 19.95 20.35 2469 
2019/02/01 20.7 20.85 20.3 20.65 4036 
2019/02/15 20.95 20.95 19.4 19.65 10315 
2019/02/22 19.65 19.75 18.95 19.15 11456 
2019/03/01 19.15 19.5 19 19.25 4307 
2019/03/08 19.3 19.8 19.2 19.3 5356 
2019/03/15 19.25 19.5 19.05 19.05 3899 
2019/03/22 19.1 19.7 18.9 19.6 6008 
2019/03/29 19.6 20.25 19.4 20.1 4255 
2019/04/05 20.25 20.6 19.95 20.1 6198 
2019/04/12 20.35 20.6 19.95 20.2 5378 
2019/04/19 20.25 20.25 19.75 20.05 4112 
2019/04/26 20.1 21.6 20.1 21 9846 
2019/05/03 21.1 21.6 20.8 21.5 4382 
2019/05/10 21.1 22.2 20.8 21.5 14693 
2019/05/17 21.8 23.2 21.4 21.45 32187 
2019/05/24 21.4 25.15 20.85 24.75 42990 
2019/05/31 25 28.95 24.9 28.25 86133 
2019/06/07 28 29.5 27.85 29.15 30129 
2019/06/14 29.1 29.95 27.9 29.15 46785 
2019/06/21 28.75 29.75 27.5 28.55 29667 
2019/06/28 28.5 31.5 28.1 28.1 51970 
2019/07/05 28.25 28.65 26.15 26.3 29969 
2019/07/12 26.1 27.7 25.5 26.8 34288 
2019/07/19 26.85 27.35 25.55 27 27149 
2019/07/26 26.9 26.95 25.8 26 13727 
2019/08/02 26.2 26.65 24.85 26.25 19301 
2019/08/09 27.1 28.8 26.55 28.65 49723 
2019/08/16 28.95 30.25 27.6 29.25 44613 
2019/08/23 29.3 31.5 29.3 30.65 29479 
2019/08/30 30.15 31 28.75 29.4 21316 
2019/09/06 29.7 30.3 28.4 28.6 19361 
2019/09/13 28.5 29 28.15 28.65 8408 
2019/09/20 28.7 29.95 28.7 28.95 14248 
2019/09/27 29 29.1 27.05 27.45 13867 
2019/10/04 27.7 28.7 26.9 28.35 9536 
2019/10/11 28.4 28.75 28.25 28.75 4640 
2019/10/18 28.8 30.55 28.5 30.15 31022 
2019/10/25 30.2 30.3 29.2 29.5 10316 
2019/11/01 29.7 32.75 29.4 31.2 37322 
2019/11/08 31.2 32.85 30 30.65 24855 
2019/11/15 30.8 31.2 29.35 29.75 10625 
2019/11/22 29.85 30.25 29.3 29.55 7708 
2019/11/29 29.75 32.45 29.6 30.95 21107 
2019/12/06 31.65 33.45 31.15 32.4 36853 
2019/12/13 32.7 33.35 31.2 31.7 18455 
2019/12/20 32 32.5 31.25 31.25 9687 
2019/12/27 31.5 32 31.05 31.4 5754 
2020/01/03 31.5 32.3 31.4 31.55 5591 
2020/01/10 31.55 32.3 31 32.1 10143 
2020/01/17 32 32 31.2 31.4 6265 
2020/01/24 31.4 31.45 31.15 31.2 1122 
2020/01/31 29.3 29.5 27.45 28.2 7373 
2020/02/07 27.05 28.05 26.1 27.2 12337 
2020/02/14 27.1 27.95 26.95 27.5 6942 
2020/02/21 27.55 27.8 27 27.05 6002 
2020/02/28 27 27 25.5 26.2 11414 
2020/03/06 25.65 26.25 24.75 25.85 14970 
2020/03/13 25.7 25.75 20.9 21.65 18279 
2020/03/20 21.85 21.95 17.6 19.4 22208 
2020/03/27 18.9 22.3 18.5 21.8 10777 
2020/04/03 21.5 23.8 21.2 22.8 5418 
2020/04/10 22.8 24.4 22 24.1 7461 
2020/04/17 24.5 25.6 24 25 13232 
