2011/07/13 9.65 10.05 9.65 9.81 401 0 0 0 0 0 0 0 0 0 
2011/07/14 9.81 9.94 9.7 9.73 392 0 0 0 0 0 0 0 0 0 
2011/07/15 9.73 10.3 9.73 10 651 0 0 0 0 0 0 0 0 0 
2011/07/18 10.05 10.3 10 10.2 855 0 0 0 0 0 0 0 0 0 
2011/07/19 10.2 10.2 9.96 10.1 237 0 0 0 0 0 0 0 0 0 
2011/07/20 10.15 10.2 10.05 10.05 457 0 0 0 0 0 0 0 0 0 
2011/07/21 10.05 10.25 10.05 10.05 336 0 0 0 0 0 0 0 0 0 
2011/07/22 10.2 10.4 10.05 10.2 757 0 0 0 0 0 0 0 0 0 
2011/07/25 10.25 10.25 10 10.05 170 0 0 0 0 0 0 0 0 0 
2011/07/26 10.05 10.2 10 10.1 344 0 0 0 0 0 0 0 0 0 
2011/07/27 10.05 10.2 10 10.1 379 0 0 0 0 0 0 0 0 0 
2011/07/28 10.1 10.15 10 10.05 279 0 0 0 0 0 0 0 0 0 
2011/07/29 10 10.15 9.93 9.98 293 0 0 0 0 0 0 0 0 0 
2011/08/01 9.99 10.25 9.98 10.05 338 0 0 0 0 0 0 0 0 0 
2011/08/02 10.15 10.15 9.99 10 283 0 0 0 0 0 0 0 0 0 
2011/08/03 9.95 10.05 9.95 9.96 310 0 0 0 0 0 0 0 0 0 
2011/08/04 10.1 10.35 10 10 777 0 0 0 0 0 0 0 0 0 
2011/08/05 9.95 9.95 9.3 9.3 688 0 0 0 0 0 0 0 0 0 
2011/08/08 9.2 9.2 8.65 8.65 776 0 0 0 0 0 0 0 0 0 
2011/08/09 8.05 8.7 8.05 8.63 1015 0 0 0 0 0 0 0 0 0 
2011/08/10 8.88 9.15 8.8 9.09 723 0 0 0 0 0 0 0 0 0 
2011/08/11 8.8 8.99 8.6 8.85 334 0 0 0 0 0 0 0 0 0 
2011/08/12 9.01 9.1 8.9 8.91 453 0 0 0 0 0 0 0 0 0 
2011/08/15 9 9.06 8.95 9.03 288 0 0 0 0 0 0 0 0 0 
2011/08/16 9.21 9.21 9.1 9.15 292 0 0 0 0 0 0 0 0 0 
2011/08/17 9.2 9.75 9.2 9.38 246 0 0 0 0 0 0 0 0 0 
2011/08/18 9.38 9.4 9.14 9.15 166 0 0 0 0 0 0 0 0 0 
2011/08/19 8.7 9.02 8.7 8.88 294 0 0 0 0 0 0 0 0 0 
2011/08/22 8.9 9.05 8.9 8.95 297 0 0 0 0 0 0 0 0 0 
2011/08/23 9 9.15 8.96 9.15 291 0 0 0 0 0 0 0 0 0 
2011/08/24 9.16 9.2 9 9.01 374 0 0 0 0 0 0 0 0 0 
2011/08/25 9.2 9.2 9.03 9.03 282 0 0 0 0 0 0 0 0 0 
2011/08/26 9.03 9.17 8.98 9.06 311 0 0 0 0 0 0 0 0 0 
2011/08/29 9.1 9.48 9.1 9.35 334 0 0 0 0 0 0 0 0 0 
2011/08/30 9.35 9.4 9.06 9.23 457 0 0 0 0 0 0 0 0 0 
2011/08/31 9.25 9.33 9.12 9.25 312 0 0 0 0 0 0 0 0 0 
2011/09/01 9.28 9.47 9.25 9.35 629 0 0 0 0 0 0 0 0 0 
2011/09/02 9.35 9.35 9.23 9.35 262 0 0 0 0 0 0 0 0 0 
2011/09/05 9.21 9.25 9.17 9.19 157 0 0 0 0 0 0 0 0 0 
2011/09/06 9.18 9.3 9.11 9.3 259 0 0 0 0 0 0 0 0 0 
2011/09/07 9.3 9.3 9.2 9.27 141 0 0 0 0 0 0 0 0 0 
2011/09/08 9.29 9.29 9.01 9.23 301 0 0 0 0 0 0 0 0 0 
2011/09/09 9.18 9.19 9.13 9.18 61 0 0 0 0 0 0 0 0 0 
2011/09/13 9.1 9.1 9.02 9.03 142 0 0 0 0 0 0 0 0 0 
2011/09/14 9.08 9.15 8.8 8.85 270 0 0 0 0 0 0 0 0 0 
2011/09/15 8.48 8.49 8.32 8.33 231 0 0 0 0 0 0 0 0 0 
2011/09/16 8.39 8.56 8.39 8.46 132 0 0 0 0 0 0 0 0 0 
2011/09/19 8.5 8.5 8.34 8.34 76 0 0 0 0 0 0 0 0 0 
2011/09/20 8.34 8.47 8.3 8.4 96 0 0 0 0 0 0 0 0 0 
2011/09/21 8.4 8.45 8.33 8.34 127 0 0 0 0 0 0 0 0 0 
2011/09/22 8.34 8.38 8.22 8.24 149 0 0 0 0 0 0 0 0 0 
2011/09/23 7.67 7.9 7.67 7.8 230 0 0 0 0 0 0 0 0 0 
2011/09/26 7.7 7.93 7.52 7.52 446 0 0 0 0 0 0 0 0 0 
2011/09/27 7.7 7.79 7.7 7.7 224 0 0 0 0 0 0 0 0 0 
2011/09/28 7.8 7.8 7.7 7.77 76 0 0 0 0 0 0 0 0 0 
2011/09/29 7.42 7.74 7.42 7.7 213 0 0 0 0 0 0 0 0 0 
2011/09/30 7.73 7.73 7.7 7.7 44 0 0 0 0 0 0 0 0 0 
2011/10/03 7.61 7.62 7.45 7.46 141 0 0 0 0 0 0 0 0 0 
2011/10/04 7.48 7.74 7.48 7.6 108 0 0 0 0 0 0 0 0 0 
2011/10/05 7.6 7.8 7.6 7.6 164 0 0 0 0 0 0 0 0 0 
2011/10/06 7.78 7.8 7.7 7.75 220 0 0 0 0 0 0 0 0 0 
2011/10/07 7.8 7.87 7.8 7.87 266 0 0 0 0 0 0 0 0 0 
2011/10/11 8 8.2 8 8.19 216 0 0 0 0 0 0 0 0 0 
2011/10/12 8.15 8.4 8.15 8.38 316 0 0 0 0 0 0 0 0 0 
2011/10/13 8.4 8.49 8.4 8.4 203 0 0 0 0 0 0 0 0 0 
2011/10/14 8.38 8.38 8.25 8.27 40 0 0 0 0 0 0 0 0 0 
2011/10/17 8.27 8.34 8.22 8.27 53 0 0 0 0 0 0 0 0 0 
2011/10/18 8.27 8.3 8.16 8.27 75 0 0 0 0 0 0 0 0 0 
2011/10/19 8.3 8.34 8.2 8.28 105 0 0 0 0 0 0 0 0 0 
2011/10/20 8.21 8.32 8.2 8.28 83 0 0 0 0 0 0 0 0 0 
2011/10/21 8.22 8.22 8.2 8.2 18 0 0 0 0 0 0 0 0 0 
2011/10/24 8.3 8.69 8.3 8.53 227 0 0 0 0 0 0 0 0 0 
2011/10/25 8.53 8.65 8.5 8.54 104 0 0 0 0 0 0 0 0 0 
2011/10/26 8.54 8.55 8.48 8.55 56 0 0 0 0 0 0 0 0 0 
2011/10/27 8.5 8.73 8.5 8.62 193 0 0 0 0 0 0 0 0 0 
2011/10/28 8.99 8.99 8.7 8.86 220 0 0 0 0 0 0 0 0 0 
2011/10/31 8.95 9.08 8.86 9 441 0 0 0 0 0 0 0 0 0 
2011/11/01 8.88 9 8.88 9 117 0 0 0 0 0 0 0 0 0 
2011/11/02 8.88 9 8.78 9 209 0 0 0 0 0 0 0 0 0 
2011/11/03 9 9 8.8 8.8 201 0 0 0 0 0 0 0 0 0 
2011/11/04 8.92 9 8.83 8.95 256 0 0 0 0 0 0 0 0 0 
2011/11/07 9 9.03 8.88 8.88 71 0 0 0 0 0 0 0 0 0 
2011/11/08 8.91 8.99 8.82 8.82 57 0 0 0 0 0 0 0 0 0 
2011/11/09 8.82 8.94 8.82 8.85 105 0 0 0 0 0 0 0 0 0 
2011/11/10 8.78 8.78 8.42 8.57 198 0 0 0 0 0 0 0 0 0 
2011/11/11 8.61 8.61 8.5 8.54 161 0 0 0 0 0 0 0 0 0 
2011/11/14 8.64 8.78 8.6 8.62 301 0 0 0 0 0 0 0 0 0 
2011/11/15 8.7 8.7 8.6 8.67 34 0 0 0 0 0 0 0 0 0 
2011/11/16 8.67 8.7 8.5 8.63 76 0 0 0 0 0 0 0 0 0 
2011/11/17 8.43 8.62 8.3 8.46 127 0 0 0 0 0 0 0 0 0 
2011/11/18 8.25 8.37 8.12 8.15 205 0 0 0 0 0 0 0 0 0 
2011/11/21 8.25 8.35 7.88 7.89 172 0 0 0 0 0 0 0 0 0 
2011/11/22 7.61 7.85 7.6 7.72 128 0 0 0 0 0 0 0 0 0 
2011/11/23 7.7 7.8 7.5 7.5 191 0 0 0 0 0 0 0 0 0 
2011/11/24 7.4 7.6 7.4 7.53 109 0 0 0 0 0 0 0 0 0 
2011/11/25 7.7 7.7 7.52 7.55 203 0 0 0 0 0 0 0 0 0 
2011/11/28 7.65 7.69 7.58 7.69 21 0 0 0 0 0 0 0 0 0 
2011/11/29 7.85 7.85 7.77 7.85 30 0 0 0 0 0 0 0 0 0 
2011/11/30 7.75 7.8 7.63 7.73 50 0 0 0 0 0 0 0 0 0 
2011/12/01 7.8 7.99 7.77 7.78 167 0 0 0 0 0 0 0 0 0 
2011/12/02 7.78 7.82 7.72 7.82 57 0 0 0 0 0 0 0 0 0 
2011/12/05 7.99 7.99 7.81 7.89 88 0 0 0 0 0 0 0 0 0 
2011/12/06 7.68 7.82 7.68 7.82 71 0 0 0 0 0 0 0 0 0 
2011/12/07 7.84 7.89 7.74 7.85 31 0 0 0 0 0 0 0 0 0 
2011/12/08 7.75 7.8 7.66 7.78 34 0 0 0 0 0 0 0 0 0 
2011/12/09 7.7 7.73 7.51 7.73 43 0 0 0 0 0 0 0 0 0 
2011/12/12 7.73 7.85 7.62 7.76 32 0 0 0 0 0 0 0 0 0 
2011/12/13 7.65 7.7 7.5 7.68 31 0 0 0 0 0 0 0 0 0 
2011/12/14 7.65 7.65 7.4 7.43 174 0 0 0 0 0 0 0 0 0 
2011/12/15 7.42 7.52 7.4 7.41 25 0 0 0 0 0 0 0 0 0 
2011/12/16 7.3 7.38 7.26 7.3 271 0 0 0 0 0 0 0 0 0 
2011/12/19 7.35 7.35 7.06 7.19 145 0 0 0 0 0 0 0 0 0 
2011/12/20 7.16 7.19 7 7 133 0 0 0 0 0 0 0 0 0 
2011/12/21 7.14 7.25 7.14 7.25 254 0 0 0 0 0 0 0 0 0 
2011/12/22 7.24 7.24 7.11 7.12 79 0 0 0 0 0 0 0 0 0 
2011/12/23 7.12 7.33 7.12 7.33 163 0 0 0 0 0 0 0 0 0 
2011/12/26 7.33 7.33 7.23 7.28 38 0 0 0 0 0 0 0 0 0 
2011/12/27 7.32 7.32 7.03 7.05 193 0 0 0 0 0 0 0 0 0 
2011/12/28 7.1 7.12 7.05 7.1 65 0 0 0 0 0 0 0 0 0 
2011/12/29 7.15 7.15 7.07 7.07 45 0 0 0 0 0 0 0 0 0 
2011/12/30 7.15 7.18 7.08 7.09 154 0 0 0 0 0 0 0 0 0 
2012/01/02 7.16 7.35 7.11 7.13 252 0 0 0 0 0 0 0 0 0 
2012/01/03 7.24 7.28 7.19 7.22 194 0 0 0 0 0 0 0 0 0 
2012/01/04 7.34 7.37 7.01 7.01 142 0 0 0 0 0 0 0 0 0 
2012/01/05 7.15 7.41 7.15 7.36 590 0 0 0 0 0 0 0 0 0 
2012/01/06 7.36 7.36 7.16 7.16 191 0 0 0 0 0 0 0 0 0 
2012/01/09 7.25 7.25 7.16 7.17 64 0 0 0 0 0 0 0 0 0 
2012/01/10 7.17 7.32 7.13 7.17 134 0 0 0 0 0 0 0 0 0 
2012/01/11 7.2 7.23 7.2 7.2 62 0 0 0 0 0 0 0 0 0 
2012/01/12 7.2 7.2 7.12 7.18 67 0 0 0 0 0 0 0 0 0 
2012/01/13 7.18 7.18 7.05 7.05 129 0 0 0 0 0 0 0 0 0 
2012/01/16 7.15 7.15 7.04 7.04 195 0 0 0 0 0 0 0 0 0 
2012/01/17 7.1 7.14 7.07 7.14 41 0 0 0 0 0 0 0 0 0 
2012/01/18 7.19 7.19 7.1 7.11 106 0 0 0 0 0 0 0 0 0 
2012/01/30 7.15 7.26 7.15 7.24 280 0 0 0 0 0 0 0 0 0 
2012/01/31 7.25 7.37 7.25 7.32 222 0 0 0 0 0 0 0 0 0 
2012/02/01 7.33 7.65 7.32 7.57 389 0 0 0 0 0 0 0 0 0 
2012/02/02 7.58 7.7 7.57 7.63 339 0 0 0 0 0 0 0 0 0 
2012/02/03 7.7 7.7 7.6 7.64 243 0 0 0 0 0 0 0 0 0 
2012/02/04 7.77 7.89 7.68 7.84 522 0 0 0 0 0 0 0 0 0 
2012/02/06 7.88 7.88 7.75 7.78 357 0 0 0 0 0 0 0 0 0 
2012/02/07 7.78 7.79 7.62 7.77 384 0 0 0 0 0 0 0 0 0 
2012/02/08 7.78 7.88 7.76 7.81 646 0 0 0 0 0 0 0 0 0 
2012/02/09 7.82 7.98 7.82 7.84 580 0 0 0 0 0 0 0 0 0 
2012/02/10 7.86 7.98 7.85 7.9 274 0 0 0 0 0 0 0 0 0 
2012/02/13 7.9 8.05 7.9 8 301 0 0 0 0 0 0 0 0 0 
2012/02/14 8.04 8.07 7.92 7.92 329 0 0 0 0 0 0 0 0 0 
2012/02/15 7.98 8.24 7.96 8.21 858 0 0 0 0 0 0 0 0 0 
2012/02/16 8.19 8.22 7.92 7.94 462 0 0 0 0 0 0 0 0 0 
2012/02/17 7.94 8.15 7.94 7.98 632 0 0 0 0 0 0 0 0 0 
2012/02/20 7.98 8.14 7.98 8.12 315 0 0 0 0 0 0 0 0 0 
2012/02/21 8.14 8.14 8.05 8.13 215 0 0 0 0 0 0 0 0 0 
2012/02/22 8.1 8.18 8.06 8.12 340 0 0 0 0 0 0 0 0 0 
2012/02/23 7.95 8.12 7.94 8 292 0 0 0 0 0 0 0 0 0 
2012/02/24 8 8.06 7.94 8 93 0 0 0 0 0 0 0 0 0 
2012/02/29 8.09 8.09 7.96 7.99 140 0 0 0 0 0 0 0 0 0 
2012/03/01 8 8.05 7.95 7.98 149 0 0 0 0 0 0 0 0 0 
2012/03/02 8 8.03 7.95 8 403 0 0 0 0 0 0 0 0 0 
2012/03/03 8.02 8.11 8 8.08 391 0 0 0 0 0 0 0 0 0 
2012/03/05 8.08 8.1 7.99 8 246 0 0 0 0 0 0 0 0 0 
2012/03/06 8.03 8.05 7.93 7.93 262 0 0 0 0 0 0 0 0 0 
2012/03/07 7.88 8.2 7.87 8.02 786 0 0 0 0 0 0 0 0 0 
2012/03/08 8.15 8.16 8.05 8.05 363 0 0 0 0 0 0 0 0 0 
2012/03/09 8.1 8.13 8.04 8.08 169 0 0 0 0 0 0 0 0 0 
2012/03/12 8.1 8.1 7.98 7.98 229 0 0 0 0 0 0 0 0 0 
2012/03/13 7.94 8.02 7.9 7.98 167 0 0 0 0 0 0 0 0 0 
2012/03/14 8 8.11 8 8.05 248 0 0 0 0 0 0 0 0 0 
2012/03/15 8.11 8.11 8 8.01 149 0 0 0 0 0 0 0 0 0 
2012/03/16 8 8.08 7.98 8.05 60 0 0 0 0 0 0 0 0 0 
2012/03/19 8.05 8.18 8.01 8.17 307 0 0 0 0 0 0 0 0 0 
2012/03/20 8.2 8.25 8.1 8.11 513 0 0 0 0 0 0 0 0 0 
2012/03/21 8.18 8.18 8.03 8.1 183 0 0 0 0 0 0 0 0 0 
2012/03/22 8.09 8.13 8.05 8.1 199 0 0 0 0 0 0 0 0 0 
2012/03/23 8.13 8.13 8.04 8.08 151 0 0 0 0 0 0 0 0 0 
2012/03/26 8.2 8.2 8.06 8.11 157 0 0 0 0 0 0 0 0 0 
2012/03/27 8.18 8.18 8.06 8.06 163 0 0 0 0 0 0 0 0 0 
2012/03/28 8.06 8.13 8.06 8.07 55 0 0 0 0 0 0 0 0 0 
2012/03/29 8.02 8.04 7.7 7.88 447 0 0 0 0 0 0 0 0 0 
2012/03/30 7.72 8 7.72 7.94 87 0 0 0 0 0 0 0 0 0 
2012/04/02 7.72 8.06 7.72 7.93 37 0 0 0 0 0 0 0 0 0 
2012/04/03 7.96 7.96 7.63 7.7 196 0 0 0 0 0 0 0 0 0 
2012/04/05 7.6 7.6 7.4 7.57 159 0 0 0 0 0 0 0 0 0 
2012/04/06 7.56 7.73 7.56 7.65 132 0 0 0 0 0 0 0 0 0 
2012/04/09 7.63 7.63 7.5 7.58 108 0 0 0 0 0 0 0 0 0 
2012/04/10 7.58 7.7 7.58 7.64 67 0 0 0 0 0 0 0 0 0 
2012/04/11 7.63 7.63 7.5 7.61 339 0 0 0 0 0 0 0 0 0 
2012/04/12 7.56 7.69 7.56 7.61 122 0 0 0 0 0 0 0 0 0 
2012/04/13 7.61 7.71 7.61 7.7 186 0 0 0 0 0 0 0 0 0 
2012/04/16 7.62 7.63 7.56 7.56 104 0 0 0 0 0 0 0 0 0 
2012/04/17 7.65 7.73 7.53 7.56 91 0 0 0 0 0 0 0 0 0 
2012/04/18 7.6 7.6 7.53 7.58 51 0 0 0 0 0 0 0 0 0 
2012/04/19 7.56 7.64 7.53 7.64 127 0 0 0 0 0 0 0 0 0 
2012/04/20 7.57 7.62 7.55 7.59 71 0 0 0 0 0 0 0 0 0 
2012/04/23 7.46 7.54 7.46 7.5 34 0 0 0 0 0 0 0 0 0 
2012/04/24 7.49 7.64 7.48 7.53 70 0 0 0 0 0 0 0 0 0 
2012/04/25 7.53 7.62 7.53 7.54 29 0 0 0 0 0 0 0 0 0 
2012/04/26 7.54 7.6 7.51 7.6 47 0 0 0 0 0 0 0 0 0 
2012/04/27 7.64 7.64 7.51 7.6 80 0 0 0 0 0 0 0 0 0 
2012/04/30 7.62 7.62 7.48 7.51 95 0 0 0 0 0 0 0 0 0 
2012/05/02 7.34 7.54 7.34 7.49 248 0 0 0 0 0 0 0 0 0 
2012/05/03 7.38 7.49 7.38 7.45 98 0 0 0 0 0 0 0 0 0 
2012/05/04 7.49 7.56 7.49 7.52 63 0 0 0 0 0 0 0 0 0 
2012/05/07 7.5 7.55 7.46 7.52 68 0 0 0 0 0 0 0 0 0 
2012/05/08 7.48 7.53 7.47 7.52 52 0 0 0 0 0 0 0 0 0 
2012/05/09 7.39 7.49 7.39 7.46 38 0 0 0 0 0 0 0 0 0 
2012/05/10 7.58 7.58 7.47 7.52 61 0 0 0 0 0 0 0 0 0 
2012/05/11 7.41 7.53 7.41 7.44 88 0 0 0 0 0 0 0 0 0 
2012/05/14 7.44 7.52 7.3 7.36 69 0 0 0 0 0 0 0 0 0 
2012/05/15 7.25 7.38 7.25 7.34 52 0 0 0 0 0 0 0 0 0 
2012/05/16 7.3 7.36 7.25 7.26 148 0 0 0 0 0 0 0 0 0 
2012/05/17 7.39 7.39 7.27 7.31 16 0 0 0 0 0 0 0 0 0 
2012/05/18 7.27 7.29 7.21 7.21 191 0 0 0 0 0 0 0 0 0 
2012/05/21 7.22 7.29 7.08 7.2 54 0 0 0 0 0 0 0 0 0 
2012/05/22 7.25 7.38 7.25 7.33 96 0 0 0 0 0 0 0 0 0 
2012/05/23 7.35 7.35 7.11 7.26 35 0 0 0 0 0 0 0 0 0 
2012/05/24 7.2 7.57 7.1 7.38 257 0 0 0 0 0 0 0 0 0 
2012/05/25 7.3 7.61 7.3 7.38 193 0 0 0 0 0 0 0 0 0 
2012/05/28 7.28 7.47 7.28 7.46 77 0 0 0 0 0 0 0 0 0 
2012/05/29 7.46 7.54 7.41 7.46 52 0 0 0 0 0 0 0 0 0 
2012/05/30 7.54 7.71 7.31 7.48 86 0 0 0 0 0 0 0 0 0 
2012/05/31 7.48 7.5 7.28 7.32 56 0 0 0 0 0 0 0 0 0 
2012/06/01 7.35 7.37 7.33 7.33 14 0 0 0 0 0 0 0 0 0 
2012/06/04 7.25 7.31 7.02 7.19 46 0 0 0 0 0 0 0 0 0 
2012/06/05 7.1 7.2 7.1 7.18 124 0 0 0 0 0 0 0 0 0 
2012/06/06 7.15 7.17 7.1 7.16 24 0 0 0 0 0 0 0 0 0 
2012/06/07 7.17 7.24 7.11 7.11 101 0 0 0 0 0 0 0 0 0 
2012/06/08 7.03 7.3 7.03 7.2 60 0 0 0 0 0 0 0 0 0 
2012/06/11 7.35 7.39 7.18 7.29 20 0 0 0 0 0 0 0 0 0 
2012/06/12 7.38 7.5 7.2 7.2 12 0 0 0 0 0 0 0 0 0 
2012/06/13 7.37 7.48 7.18 7.22 21 0 0 0 0 0 0 0 0 0 
2012/06/14 7.25 7.28 7.12 7.12 18 0 0 0 0 0 0 0 0 0 
2012/06/15 7.21 7.23 7.18 7.18 9 0 0 0 0 0 0 0 0 0 
2012/06/18 7.25 7.29 7.18 7.18 60 0 0 0 0 0 0 0 0 0 
2012/06/19 7.25 7.25 7.2 7.25 8 0 0 0 0 0 0 0 0 0 
2012/06/20 7.25 7.32 7.25 7.32 22 0 0 0 0 0 0 0 0 0 
2012/06/21 7.32 7.36 7.25 7.32 31 0 0 0 0 0 0 0 0 0 
2012/06/22 7.27 7.33 7.2 7.24 70 0 0 0 0 0 0 0 0 0 
2012/06/25 7.24 7.32 7.21 7.25 43 0 0 0 0 0 0 0 0 0 
2012/06/26 7.24 7.31 7.24 7.3 15 0 0 0 0 0 0 0 0 0 
2012/06/27 7.31 7.34 7.28 7.32 32 0 0 0 0 0 0 0 0 0 
2012/06/28 7.32 7.35 7.25 7.35 84 0 0 0 0 0 0 0 0 0 
2012/06/29 7.39 7.39 7.27 7.29 164 0 0 0 0 0 0 0 0 0 
2012/07/02 7.3 7.37 7.3 7.3 60 0 0 0 0 0 0 0 0 0 
2012/07/03 7.39 7.49 7.33 7.33 49 0 0 0 0 0 0 0 0 0 
2012/07/04 7.33 7.42 7.33 7.4 94 0 0 0 0 0 0 0 0 0 
2012/07/05 7.4 7.47 7.4 7.4 190 0 0 0 0 0 0 0 0 0 
2012/07/06 7.4 7.53 7.4 7.48 213 0 0 0 0 0 0 0 0 0 
2012/07/09 7.46 7.46 7.42 7.42 65 0 0 0 0 0 0 0 0 0 
2012/07/10 7.5 7.5 7.4 7.4 147 0 0 0 0 0 0 0 0 0 
2012/07/11 7.42 7.45 7.37 7.42 357 0 0 0 0 0 0 0 0 0 
2012/07/12 6.93 6.93 6.68 6.68 223 0 0 0 0 0 0 0 0 0 
2012/07/13 6.67 6.68 6.54 6.55 131 0 0 0 0 0 0 0 0 0 
2012/07/16 6.5 6.66 6.5 6.53 229 0 0 0 0 0 0 0 0 0 
2012/07/17 6.56 6.62 6.53 6.59 72 0 0 0 0 0 0 0 0 0 
2012/07/18 6.6 6.6 6.59 6.6 62 0 0 0 0 0 0 0 0 0 
2012/07/19 6.6 6.65 6.55 6.65 73 0 0 0 0 0 0 0 0 0 
2012/07/20 6.59 6.71 6.59 6.71 53 0 0 0 0 0 0 0 0 0 
2012/07/23 6.65 6.69 6.55 6.67 45 0 0 0 0 0 0 0 0 0 
2012/07/24 6.6 6.7 6.59 6.7 67 0 0 0 0 0 0 0 0 0 
2012/07/25 6.7 6.74 6.7 6.72 57 0 0 0 0 0 0 0 0 0 
2012/07/26 6.73 6.77 6.7 6.72 123 0 0 0 0 0 0 0 0 0 
2012/07/27 6.72 6.76 6.7 6.7 27 0 0 0 0 0 0 0 0 0 
2012/07/30 6.71 6.75 6.67 6.72 20 0 0 0 0 0 0 0 0 0 
2012/07/31 6.76 6.78 6.73 6.78 18 0 0 0 0 0 0 0 0 0 
2012/08/01 6.7 6.82 6.7 6.79 52 0 0 0 0 0 0 0 0 0 
2012/08/03 6.78 6.79 6.67 6.78 54 0 0 0 0 0 0 0 0 0 
2012/08/06 6.78 6.8 6.77 6.79 20 0 0 0 0 0 0 0 0 0 
2012/08/07 6.75 6.82 6.75 6.8 134 0 0 0 0 0 0 0 0 0 
2012/08/08 6.8 6.9 6.8 6.86 195 0 0 0 0 0 0 0 0 0 
2012/08/09 6.95 6.98 6.86 6.98 155 0 0 0 0 0 0 0 0 0 
2012/08/10 7 7.02 6.9 6.99 195 0 0 0 0 0 0 0 0 0 
2012/08/13 6.97 7.07 6.97 7.03 92 0 0 0 0 0 0 0 0 0 
2012/08/14 7.03 7.05 7.01 7.01 96 0 0 0 0 0 0 0 0 0 
2012/08/15 7.01 7.04 6.96 7.02 52 0 0 0 0 0 0 0 0 0 
2012/08/16 7.01 7.08 6.99 7.04 135 0 0 0 0 0 0 0 0 0 
2012/08/17 7.04 7.05 7 7.02 129 0 0 0 0 0 0 0 0 0 
2012/08/20 7.02 7.03 6.98 6.98 69 0 0 0 0 0 0 0 0 0 
2012/08/21 7 7.01 6.99 7.01 29 0 0 0 0 0 0 0 0 0 
2012/08/22 7.01 7.02 7.01 7.01 40 0 0 0 0 0 0 0 0 0 
2012/08/23 7 7.01 6.98 6.98 27 0 0 0 0 0 0 0 0 0 
2012/08/24 6.95 7.03 6.95 6.98 69 0 0 0 0 0 0 0 0 0 
2012/08/27 7 7.02 6.95 6.95 20 0 0 0 0 0 0 0 0 0 
2012/08/28 7 7.04 6.96 7.01 28 0 0 0 0 0 0 0 0 0 
2012/08/29 6.86 7 6.86 7 12 0 0 0 0 0 0 0 0 0 
2012/08/30 6.73 6.96 6.73 6.95 20 0 0 0 0 0 0 0 0 0 
2012/08/31 6.99 6.99 6.95 6.96 12 0 0 0 0 0 0 0 0 0 
2012/09/03 6.97 6.99 6.88 6.92 47 0 0 0 0 0 0 0 0 0 
2012/09/04 6.95 7.02 6.88 7.02 125 0 0 0 0 0 0 0 0 0 
2012/09/05 7 7.03 6.88 6.96 23 0 0 0 0 0 0 0 0 0 
2012/09/06 6.99 7 6.9 6.98 63 0 0 0 0 0 0 0 0 0 
2012/09/07 7.01 7.04 6.99 7 18 0 0 0 0 0 0 0 0 0 
2012/09/10 7 7.09 7 7.01 93 0 0 0 0 0 0 0 0 0 
2012/09/11 7.02 7.02 6.85 6.89 61 0 0 0 0 0 0 0 0 0 
2012/09/12 6.76 6.9 6.76 6.9 46 0 0 0 0 0 0 0 0 0 
2012/09/13 6.92 6.94 6.85 6.94 45 0 0 0 0 0 0 0 0 0 
2012/09/14 6.95 6.98 6.91 6.93 162 0 0 0 0 0 0 0 0 0 
2012/09/17 6.99 7.12 6.97 7.12 240 0 0 0 0 0 0 0 0 0 
2012/09/18 7.12 7.12 7.04 7.08 28 0 0 0 0 0 0 0 0 0 
2012/09/19 7.08 7.11 7.06 7.08 89 0 0 0 0 0 0 0 0 0 
2012/09/20 7.1 7.1 7 7.06 80 0 0 0 0 0 0 0 0 0 
2012/09/21 7.01 7.23 7.01 7.19 183 0 0 0 0 0 0 0 0 0 
2012/09/24 7.21 7.6 7.19 7.6 1004 0 0 0 0 0 0 0 0 0 
2012/09/25 8 8.13 7.8 7.8 3026 0 0 0 0 0 0 0 0 0 
2012/09/26 8.06 8.27 8 8.08 2184 0 0 0 0 0 0 0 0 0 
2012/09/27 8.36 8.64 8.3 8.64 4592 0 0 0 0 0 0 0 0 0 
2012/09/28 8.64 8.64 8.19 8.2 1494 0 0 0 0 0 0 0 0 0 
2012/10/01 8.22 8.43 8.14 8.14 474 0 0 0 0 0 0 0 0 0 
2012/10/02 8.14 8.26 8.01 8.01 494 0 0 0 0 0 0 0 0 0 
2012/10/03 8.01 8.03 7.7 7.7 674 0 0 0 0 0 0 0 0 0 
2012/10/04 7.65 7.76 7.63 7.68 323 0 0 0 0 0 0 0 0 0 
2012/10/05 7.68 7.82 7.68 7.7 242 0 0 0 0 0 0 0 0 0 
2012/10/08 7.7 7.72 7.42 7.42 335 0 0 0 0 0 0 0 0 0 
2012/10/09 7.25 7.45 7.2 7.23 475 0 0 0 0 0 0 0 0 0 
2012/10/11 7.2 7.22 7.1 7.1 111 0 0 0 0 0 0 0 0 0 
2012/10/12 7.1 7.21 7.1 7.18 103 0 0 0 0 0 0 0 0 0 
2012/10/15 7.2 7.2 7 7 175 0 0 0 0 0 0 0 0 0 
2012/10/16 7.09 7.17 7.09 7.1 107 0 0 0 0 0 0 0 0 0 
2012/10/17 7.12 7.18 7.1 7.13 133 0 0 0 0 0 0 0 0 0 
2012/10/18 7.18 7.18 7.05 7.11 115 0 0 0 0 0 0 0 0 0 
2012/10/19 7.11 7.11 7 7.03 132 0 0 0 0 0 0 0 0 0 
2012/10/22 6.9 7.05 6.9 7.04 153 0 0 0 0 0 0 0 0 0 
2012/10/23 7.04 7.08 7 7.02 107 0 0 0 0 0 0 0 0 0 
2012/10/24 6.92 7 6.9 6.97 173 0 0 0 0 0 0 0 0 0 
2012/10/25 7 7 6.94 6.94 123 0 0 0 0 0 0 0 0 0 
2012/10/26 6.94 6.94 6.72 6.74 216 0 0 0 0 0 0 0 0 0 
2012/10/29 6.74 6.8 6.51 6.57 180 0 0 0 0 0 0 0 0 0 
2012/10/30 6.61 6.66 6.61 6.66 143 0 0 0 0 0 0 0 0 0 
2012/10/31 6.66 6.66 6.56 6.56 90 0 0 0 0 0 0 0 0 0 
2012/11/01 6.56 6.6 6.5 6.6 74 0 0 0 0 0 0 0 0 0 
2012/11/02 6.6 6.83 6.6 6.81 289 0 0 0 0 0 0 0 0 0 
2012/11/05 6.79 6.79 6.67 6.75 146 0 0 0 0 0 0 0 0 0 
2012/11/06 6.75 6.75 6.65 6.75 55 0 0 0 0 0 0 0 0 0 
2012/11/07 6.75 6.84 6.72 6.84 63 0 0 0 0 0 0 0 0 0 
2012/11/08 6.72 6.75 6.7 6.7 86 0 0 0 0 0 0 0 0 0 
2012/11/09 6.61 6.84 6.6 6.77 226 0 0 0 0 0 0 0 0 0 
2012/11/12 6.77 6.82 6.72 6.77 101 0 0 0 0 0 0 0 0 0 
2012/11/13 6.66 6.68 6.63 6.66 88 0 0 0 0 0 0 0 0 0 
2012/11/14 6.65 6.75 6.61 6.75 77 0 0 0 0 0 0 0 0 0 
2012/11/15 6.65 6.74 6.65 6.74 36 0 0 0 0 0 0 0 0 0 
2012/11/16 6.65 6.74 6.64 6.69 43 0 0 0 0 0 0 0 0 0 
2012/11/19 6.66 6.66 6.64 6.64 59 0 0 0 0 0 0 0 0 0 
2012/11/20 6.66 6.7 6.6 6.7 160 0 0 0 0 0 0 0 0 0 
2012/11/21 6.71 6.71 6.6 6.6 31 0 0 0 0 0 0 0 0 0 
2012/11/22 6.55 6.62 6.55 6.6 53 0 0 0 0 0 0 0 0 0 
2012/11/23 6.61 6.7 6.61 6.66 54 0 0 0 0 0 0 0 0 0 
2012/11/26 6.7 6.76 6.69 6.69 117 0 0 0 0 0 0 0 0 0 
2012/11/27 6.69 7 6.69 6.9 287 0 0 0 0 0 0 0 0 0 
2012/11/28 6.89 7.38 6.81 7.35 1854 0 0 0 0 0 0 0 0 0 
2012/11/29 7.35 7.44 7.25 7.29 186 0 0 0 0 0 0 0 0 0 
2012/11/30 7.24 7.39 7.23 7.23 192 0 0 0 0 0 0 0 0 0 
2012/12/03 7.15 7.36 7.15 7.28 229 0 0 0 0 0 0 0 0 0 
2012/12/04 7.2 7.28 7.2 7.24 35 0 0 0 0 0 0 0 0 0 
2012/12/05 7.2 7.74 7.2 7.46 556 0 0 0 0 0 0 0 0 0 
2012/12/06 7.45 7.66 7.35 7.39 268 0 0 0 0 0 0 0 0 0 
2012/12/07 7.4 7.5 7.34 7.4 51 0 0 0 0 0 0 0 0 0 
2012/12/10 7.39 7.47 7.35 7.37 34 0 0 0 0 0 0 0 0 0 
2012/12/11 7.3 7.35 7.23 7.26 56 0 0 0 0 0 0 0 0 0 
2012/12/12 7.19 7.32 7.16 7.18 194 0 0 0 0 0 0 0 0 0 
2012/12/13 7.2 7.28 7.15 7.18 131 0 0 0 0 0 0 0 0 0 
2012/12/14 7.18 7.19 7.15 7.18 40 0 0 0 0 0 0 0 0 0 
2012/12/17 7.15 7.26 7.14 7.17 126 0 0 0 0 0 0 0 0 0 
2012/12/18 7.23 7.67 7.18 7.58 917 0 0 0 0 0 0 0 0 0 
2012/12/19 7.34 7.53 7.28 7.42 169 0 0 0 0 0 0 0 0 0 
2012/12/20 7.31 7.41 7.3 7.3 119 0 0 0 0 0 0 0 0 0 
2012/12/21 7.16 7.27 7.16 7.25 102 0 0 0 0 0 0 0 0 0 
2012/12/22 7.22 7.26 7.2 7.26 31 0 0 0 0 0 0 0 0 0 
2012/12/24 7.35 7.35 7.27 7.28 43 0 0 0 0 0 0 0 0 0 
2012/12/25 7.37 7.37 7.22 7.33 124 0 0 0 0 0 0 0 0 0 
2012/12/26 7.37 7.45 7.3 7.33 208 0 0 0 0 0 0 0 0 0 
2012/12/27 7.33 7.35 7.23 7.32 54 0 0 0 0 0 0 0 0 0 
2012/12/28 7.31 7.33 7.29 7.32 119 0 0 0 0 0 0 0 0 0 
2013/01/02 7.32 7.47 7.32 7.35 56 0 0 0 0 0 0 0 0 0 
2013/01/03 7.35 7.54 7.35 7.36 147 0 0 0 0 0 0 0 0 0 
2013/01/04 7.37 7.44 7.31 7.44 77 0 0 0 0 0 0 0 0 0 
2013/01/07 7.4 7.43 7.37 7.38 33 0 0 0 0 0 0 0 0 0 
2013/01/08 7.43 7.45 7.32 7.32 195 0 0 0 0 0 0 0 0 0 
2013/01/09 7.32 7.43 7.32 7.38 61 0 0 0 0 0 0 0 0 0 
2013/01/10 7.48 7.53 7.38 7.48 363 0 0 0 0 0 0 0 0 0 
2013/01/11 7.5 7.58 7.29 7.33 156 0 0 0 0 0 0 0 0 0 
2013/01/14 7.27 7.35 7.24 7.26 138 0 0 0 0 0 0 0 0 0 
2013/01/15 7.28 7.31 7.25 7.28 141 0 0 0 0 0 0 0 0 0 
2013/01/16 7.29 7.3 7.2 7.23 138 0 0 0 0 0 0 0 0 0 
2013/01/17 7.24 7.43 7.21 7.21 351 0 0 0 0 0 0 0 0 0 
2013/01/18 7.3 7.36 7.27 7.32 95 0 0 0 0 0 0 0 0 0 
2013/01/21 7.33 7.36 7.23 7.25 45 0 0 0 0 0 0 0 0 0 
2013/01/22 7.25 7.29 7.24 7.29 45 0 0 0 0 0 0 0 0 0 
2013/01/23 7.27 7.3 7.24 7.27 32 0 0 0 0 0 0 0 0 0 
2013/01/24 7.25 7.29 7.21 7.21 25 0 0 0 0 0 0 0 0 0 
2013/01/25 7.38 7.38 7.2 7.25 33 0 0 0 0 0 0 0 0 0 
2013/01/28 7.25 7.25 7.16 7.16 67 0 0 0 0 0 0 0 0 0 
2013/01/29 7.16 7.17 7.15 7.17 295 0 0 0 0 0 0 0 0 0 
2013/01/30 7.17 7.24 7.13 7.16 115 0 0 0 0 0 0 0 0 0 
2013/01/31 7.19 7.19 7.11 7.16 46 0 0 0 0 0 0 0 0 0 
2013/02/01 7.13 7.16 7.06 7.06 149 0 0 0 0 0 0 0 0 0 
2013/02/04 7.12 7.15 7.05 7.06 301 0 0 0 0 0 0 0 0 0 
2013/02/05 7.07 7.09 6.92 7.01 156 0 0 0 0 0 0 0 0 0 
2013/02/06 7.1 7.14 7.03 7.03 70 0 0 0 0 0 0 0 0 0 
2013/02/18 7.2 7.2 7.05 7.09 193 0 0 0 0 0 0 0 0 0 
2013/02/19 7.16 7.16 7.07 7.09 41 0 0 0 0 0 0 0 0 0 
2013/02/20 7.2 7.2 7.1 7.15 32 0 0 0 0 0 0 0 0 0 
2013/02/21 7.11 7.14 7.05 7.09 112 0 0 0 0 0 0 0 0 0 
2013/02/22 7.07 7.11 7.07 7.09 77 0 0 0 0 0 0 0 0 0 
2013/02/23 7.1 7.38 7.1 7.22 142 0 0 0 0 0 0 0 0 0 
2013/02/25 7.21 7.35 7.17 7.25 102 0 0 0 0 0 0 0 0 0 
2013/02/26 7.18 7.2 7.13 7.15 50 0 0 0 0 0 0 0 0 0 
2013/02/27 7.09 7.12 7.09 7.11 128 0 0 0 0 0 0 0 0 0 
2013/03/01 7.05 7.6 7.05 7.43 1354 0 0 0 0 0 0 0 0 0 
2013/03/04 7.26 7.54 7.26 7.32 185 0 0 0 0 0 0 0 0 0 
2013/03/05 7.32 7.65 7.24 7.42 212 0 0 0 0 0 0 0 0 0 
2013/03/06 7.48 7.6 7.33 7.42 124 0 0 0 0 0 0 0 0 0 
2013/03/07 7.41 7.41 7.3 7.33 93 0 0 0 0 0 0 0 0 0 
2013/03/08 7.38 7.38 7.31 7.35 82 0 0 0 0 0 0 0 0 0 
2013/03/11 7.35 7.49 7.32 7.32 601 0 0 0 0 0 0 0 0 0 
2013/03/12 7.38 7.38 7.21 7.22 468 0 0 0 0 0 0 0 0 0 
2013/03/13 7.32 7.32 7.22 7.22 95 0 0 0 0 0 0 0 0 0 
2013/03/14 7.22 7.36 7.17 7.17 175 0 0 0 0 0 0 0 0 0 
2013/03/15 7.25 7.25 7.18 7.21 234 0 0 0 0 0 0 0 0 0 
2013/03/18 7.21 7.22 7.15 7.15 127 0 0 0 0 0 0 0 0 0 
2013/03/19 7.2 7.2 7.17 7.17 99 0 0 0 0 0 0 0 0 0 
2013/03/20 7.17 7.3 7.15 7.24 90 0 0 0 0 0 0 0 0 0 
2013/03/21 7.25 7.25 7.14 7.17 139 0 0 0 0 0 0 0 0 0 
2013/03/22 7.2 7.2 7.14 7.15 39 0 0 0 0 0 0 0 0 0 
2013/03/25 7.19 7.22 7.15 7.19 67 0 0 0 0 0 0 0 0 0 
2013/03/26 7.17 7.18 7.15 7.16 210 0 0 0 0 0 0 0 0 0 
2013/03/27 7.11 7.23 7.1 7.12 287 0 0 0 0 0 0 0 0 0 
2013/03/28 7.15 7.24 7.1 7.11 202 0 0 0 0 0 0 0 0 0 
2013/03/29 7.11 7.18 7.11 7.16 45 0 0 0 0 0 0 0 0 0 
2013/04/01 7.16 7.19 7.11 7.13 83 0 0 0 0 0 0 0 0 0 
2013/04/02 7.13 7.18 7.1 7.13 67 0 0 0 0 0 0 0 0 0 
2013/04/03 7.13 7.15 7.09 7.15 58 0 0 0 0 0 0 0 0 0 
2013/04/08 7.13 7.13 6.98 7.02 313 0 0 0 0 0 0 0 0 0 
2013/04/09 7.08 7.11 6.99 7.01 144 0 0 0 0 0 0 0 0 0 
2013/04/10 7.01 7.05 7 7.05 71 0 0 0 0 0 0 0 0 0 
2013/04/11 7 7.11 7 7.11 124 0 0 0 0 0 0 0 0 0 
2013/04/12 7.04 7.14 7.04 7.09 9 0 0 0 0 0 0 0 0 0 
2013/04/15 7.11 7.13 7.03 7.08 22 0 0 0 0 0 0 0 0 0 
2013/04/16 7 7.07 6.99 7.05 31 0 0 0 0 0 0 0 0 0 
2013/04/17 7 7.1 7 7.09 27 0 0 0 0 0 0 0 0 0 
2013/04/18 7.05 7.1 7.02 7.02 92 0 0 0 0 0 0 0 0 0 
2013/04/19 7.03 7.1 7.02 7.09 80 0 0 0 0 0 0 0 0 0 
2013/04/22 7.12 7.12 7.1 7.12 10 0 0 0 0 0 0 0 0 0 
2013/04/23 7.1 7.1 7.02 7.09 30 0 0 0 0 0 0 0 0 0 
2013/04/24 7.1 7.19 7.07 7.1 206 0 0 0 0 0 0 0 0 0 
2013/04/25 7.09 7.13 7.06 7.06 395 0 0 0 0 0 0 0 0 0 
2013/04/26 7.07 7.15 7.05 7.08 98 0 0 0 0 0 0 0 0 0 
2013/04/29 7.07 7.08 7.06 7.08 73 0 0 0 0 0 0 0 0 0 
2013/04/30 7.07 7.09 7.04 7.07 94 0 0 0 0 0 0 0 0 0 
2013/05/02 7.04 7.05 7.01 7.05 65 0 0 0 0 0 0 0 0 0 
2013/05/03 7.05 7.06 7.01 7.04 125 0 0 0 0 0 0 0 0 0 
2013/05/06 7.04 7.12 7.03 7.06 39 0 0 0 0 0 0 0 0 0 
2013/05/07 7.06 7.11 7.03 7.1 38 0 0 0 0 0 0 0 0 0 
2013/05/08 7.1 7.11 7.01 7.01 325 0 0 0 0 0 0 0 0 0 
2013/05/09 7.03 7.07 7.02 7.05 87 0 0 0 0 0 0 0 0 0 
2013/05/10 7.04 7.09 7 7.05 250 0 0 0 0 0 0 0 0 0 
2013/05/13 7.04 7.07 7 7.07 113 0 0 0 0 0 0 0 0 0 
2013/05/14 7.05 7.08 7.03 7.08 166 0 0 0 0 0 0 0 0 0 
2013/05/15 7.08 7.1 7.04 7.09 61 0 0 0 0 0 0 0 0 0 
2013/05/16 7.1 7.15 7.06 7.1 272 0 0 0 0 0 0 0 0 0 
2013/05/17 7.11 7.17 7.11 7.16 185 0 0 0 0 0 0 0 0 0 
2013/05/20 7.16 7.18 7.12 7.15 250 0 0 0 0 0 0 0 0 0 
2013/05/21 7.17 7.23 7.15 7.21 342 0 0 0 0 0 0 0 0 0 
2013/05/22 7.23 7.29 7.21 7.28 810 0 0 0 0 0 0 0 0 0 
2013/05/23 7.24 7.36 7.21 7.21 511 0 0 0 0 0 0 0 0 0 
2013/05/24 7.21 7.23 7.18 7.19 141 0 0 0 0 0 0 0 0 0 
2013/05/27 7.19 7.2 7.13 7.19 40 0 0 0 0 0 0 0 0 0 
2013/05/28 7.17 7.19 7.17 7.19 36 0 0 0 0 0 0 0 0 0 
2013/05/29 7.25 7.25 7.19 7.22 90 0 0 0 0 0 0 0 0 0 
2013/05/30 7.2 7.23 7.2 7.2 72 0 0 0 0 0 0 0 0 0 
2013/05/31 7.21 7.43 7.21 7.38 771 0 0 0 0 0 0 0 0 0 
2013/06/03 7.34 7.39 7.3 7.36 569 0 0 0 0 0 0 0 0 0 
2013/06/04 7.4 7.4 7.31 7.35 164 0 0 0 0 0 0 0 0 0 
2013/06/05 7.33 7.35 7.24 7.28 250 0 0 0 0 0 0 0 0 0 
2013/06/06 7.28 7.43 7.26 7.37 475 0 0 0 0 0 0 0 0 0 
2013/06/07 7.38 7.54 7.31 7.35 855 0 0 0 0 0 0 0 0 0 
2013/06/10 7.35 7.48 7.34 7.35 329 0 0 0 0 0 0 0 0 0 
2013/06/11 7.42 7.42 7.3 7.31 141 0 0 0 0 0 0 0 0 0 
2013/06/13 7.3 7.3 7.18 7.22 160 0 0 0 0 0 0 0 0 0 
2013/06/14 7.2 7.22 7.14 7.16 156 0 0 0 0 0 0 0 0 0 
2013/06/17 7.16 7.23 7.16 7.18 50 0 0 0 0 0 0 0 0 0 
2013/06/18 7.28 7.28 7.15 7.21 60 0 0 0 0 0 0 0 0 0 
2013/06/19 7.23 7.23 7.16 7.17 34 0 0 0 0 0 0 0 0 0 
2013/06/20 7.12 7.15 7.08 7.09 124 0 0 0 0 0 0 0 0 0 
2013/06/21 7.06 7.06 7.02 7.06 139 0 0 0 0 0 0 0 0 0 
2013/06/24 7.1 7.14 7.1 7.14 30 0 0 0 0 0 0 0 0 0 
2013/06/25 7.1 7.15 7.05 7.1 22 0 0 0 0 0 0 0 0 0 
2013/06/26 7.1 7.15 7.1 7.11 44 0 0 0 0 0 0 0 0 0 
2013/06/27 7.14 7.14 7.11 7.14 37 0 0 0 0 0 0 0 0 0 
2013/06/28 7.16 7.19 7.13 7.17 18 0 0 0 0 0 0 0 0 0 
2013/07/01 7.14 7.16 7.12 7.16 72 0 0 0 0 0 0 0 0 0 
2013/07/02 7.2 7.2 7.12 7.12 34 0 0 0 0 0 0 0 0 0 
2013/07/03 7.12 7.12 7.06 7.07 27 0 0 0 0 0 0 0 0 0 
2013/07/04 7.08 7.17 7.08 7.12 37 0 0 0 0 0 0 0 0 0 
2013/07/05 7.1 7.18 7.1 7.12 79 0 0 0 0 0 0 0 0 0 
2013/07/08 7.18 7.27 7.11 7.11 25 0 0 0 0 0 0 0 0 0 
2013/07/09 7.11 7.16 7.08 7.16 35 0 0 0 0 0 0 0 0 0 
2013/07/10 7.18 7.2 7.17 7.17 13 0 0 0 0 0 0 0 0 0 
2013/07/11 7.2 7.23 7.18 7.2 109 0 0 0 0 0 0 0 0 0 
2013/07/12 7.21 7.24 7.17 7.24 129 0 0 0 0 0 0 0 0 0 
2013/07/15 7.36 7.36 7.25 7.32 58 0 0 0 0 0 0 0 0 0 
2013/07/16 7.34 7.34 7.29 7.33 128 0 0 0 0 0 0 0 0 0 
2013/07/17 7.32 7.35 7.29 7.34 146 0 0 0 0 0 0 0 0 0 
2013/07/18 7.35 7.35 7.29 7.29 75 0 0 0 0 0 0 0 0 0 
2013/07/19 7.29 7.3 7.28 7.28 141 0 0 0 0 0 0 0 0 0 
2013/07/22 7.08 7.13 7.08 7.09 114 0 0 0 0 0 0 0 0 0 
2013/07/23 7.12 7.18 7.12 7.14 135 0 0 0 0 0 0 0 0 0 
2013/07/24 7.2 7.22 7.14 7.15 46 0 0 0 0 0 0 0 0 0 
2013/07/25 7.16 7.19 7.16 7.18 80 0 0 0 0 0 0 0 0 0 
2013/07/26 7.18 7.23 7.16 7.19 99 0 0 0 0 0 0 0 0 0 
2013/07/29 7.19 7.27 7.18 7.19 152 0 0 0 0 0 0 0 0 0 
2013/07/30 7.24 7.24 7.18 7.19 100 0 0 0 0 0 0 0 0 0 
2013/07/31 7.18 7.18 7.14 7.15 45 0 0 0 0 0 0 0 0 0 
2013/08/01 7.15 7.23 7.15 7.23 80 0 0 0 0 0 0 0 0 0 
2013/08/02 7.25 7.39 7.19 7.23 181 0 0 0 0 0 0 0 0 0 
2013/08/05 7.23 7.31 7.23 7.29 146 0 0 0 0 0 0 0 0 0 
2013/08/06 7.27 7.3 7.23 7.27 66 0 0 0 0 0 0 0 0 0 
2013/08/07 7.2 7.26 7.16 7.24 46 0 0 0 0 0 0 0 0 0 
2013/08/08 7.19 7.28 7.19 7.27 47 0 0 0 0 0 0 0 0 0 
2013/08/09 7.22 7.29 7.18 7.18 43 0 0 0 0 0 0 0 0 0 
2013/08/12 7.2 7.21 7.15 7.15 36 0 0 0 0 0 0 0 0 0 
2013/08/13 7.2 7.24 7.2 7.24 70 0 0 0 0 0 0 0 0 0 
2013/08/14 7.24 7.24 7.18 7.22 44 0 0 0 0 0 0 0 0 0 
2013/08/15 7.23 7.23 7.18 7.18 45 0 0 0 0 0 0 0 0 0 
2013/08/16 7.2 7.3 7.18 7.18 106 0 0 0 0 0 0 0 0 0 
2013/08/19 7.23 7.25 7.2 7.25 3 0 0 0 0 0 0 0 0 0 
2013/08/20 7.23 7.23 7.16 7.16 72 0 0 0 0 0 0 0 0 0 
2013/08/22 7.11 7.21 7.11 7.17 72 0 0 0 0 0 0 0 0 0 
2013/08/23 7.15 7.26 7.15 7.23 101 0 0 0 0 0 0 0 0 0 
2013/08/26 7.27 7.27 7.2 7.25 13 0 0 0 0 0 0 0 0 0 
2013/08/27 7.25 7.25 7.17 7.22 10 0 0 0 0 0 0 0 0 0 
2013/08/28 7.16 7.21 7.15 7.16 28 0 0 0 0 0 0 0 0 0 
2013/08/29 7.17 7.2 7.15 7.16 20 0 0 0 0 0 0 0 0 0 
2013/08/30 7.24 7.24 7.17 7.22 17 0 0 0 0 0 0 0 0 0 
2013/09/02 7.2 7.29 7.2 7.28 62 0 0 0 0 0 0 0 0 0 
2013/09/03 7.25 7.41 7.25 7.38 409 0 0 0 0 0 0 0 0 0 
2013/09/04 7.38 7.38 7.32 7.37 63 0 0 0 0 0 0 0 0 0 
2013/09/05 7.37 7.4 7.35 7.38 49 0 0 0 0 0 0 0 0 0 
2013/09/06 7.38 7.45 7.35 7.38 67 0 0 0 0 0 0 0 0 0 
2013/09/09 7.38 7.38 7.35 7.35 9 0 0 0 0 0 0 0 0 0 
2013/09/10 7.41 7.41 7.26 7.35 32 0 0 0 0 0 0 0 0 0 
2013/09/11 7.4 7.4 7.12 7.27 72 0 0 0 0 0 0 0 0 0 
2013/09/12 7.26 7.36 7.21 7.36 80 0 0 0 0 0 0 0 0 0 
2013/09/13 7.22 7.34 7.22 7.34 36 0 0 0 0 0 0 0 0 0 
2013/09/14 7.26 7.41 7.26 7.34 40 0 0 0 0 0 0 0 0 0 
2013/09/16 7.36 7.36 7.27 7.32 36 0 0 0 0 0 0 0 0 0 
2013/09/17 7.27 7.34 7.27 7.32 52 0 0 0 0 0 0 0 0 0 
2013/09/18 7.32 7.34 7.29 7.32 104 0 0 0 0 0 0 0 0 0 
2013/09/23 7.3 7.37 7.27 7.27 40 0 0 0 0 0 0 0 0 0 
2013/09/24 7.26 7.37 7.25 7.33 35 0 0 0 0 0 0 0 0 0 
2013/09/25 7.35 7.44 7.35 7.38 217 0 0 0 0 0 0 0 0 0 
2013/09/26 7.38 7.42 7.37 7.4 161 0 0 0 0 0 0 0 0 0 
2013/09/27 7.4 7.54 7.4 7.49 546 0 0 0 0 0 0 0 0 0 
2013/09/30 7.5 7.64 7.42 7.52 577 0 0 0 0 0 0 0 0 0 
2013/10/01 7.49 7.53 7.49 7.52 256 0 0 0 0 0 0 0 0 0 
2013/10/02 7.59 7.65 7.49 7.65 402 0 0 0 0 0 0 0 0 0 
2013/10/03 7.66 7.97 7.65 7.88 689 0 0 0 0 0 0 0 0 0 
2013/10/04 7.84 7.94 7.82 7.82 321 0 0 0 0 0 0 0 0 0 
2013/10/07 7.9 8.12 7.88 8.07 685 0 0 0 0 0 0 0 0 0 
2013/10/08 8.06 8.12 7.94 7.97 461 0 0 0 0 0 0 0 0 0 
2013/10/09 7.97 8.09 7.82 7.88 318 0 0 0 0 0 0 0 0 0 
2013/10/11 7.95 8.05 7.88 7.89 408 0 0 0 0 0 0 0 0 0 
2013/10/14 7.89 7.96 7.73 7.78 106 0 0 0 0 0 0 0 0 0 
2013/10/15 7.78 7.96 7.78 7.91 376 0 0 0 0 0 0 0 0 0 
2013/10/16 7.98 7.98 7.84 7.92 276 0 0 0 0 0 0 0 0 0 
2013/10/17 7.92 8.07 7.9 7.99 291 0 0 0 0 0 0 0 0 0 
2013/10/18 8 8.04 7.86 7.98 304 0 0 0 0 0 0 0 0 0 
2013/10/21 7.86 8 7.86 7.94 47 0 0 0 0 0 0 0 0 0 
2013/10/22 7.94 7.94 7.8 7.86 202 0 0 0 0 0 0 0 0 0 
2013/10/23 7.84 7.88 7.78 7.78 53 0 0 0 0 0 0 0 0 0 
2013/10/24 7.72 7.96 7.72 7.86 157 0 0 0 0 0 0 0 0 0 
2013/10/25 7.85 7.85 7.66 7.7 211 0 0 0 0 0 0 0 0 0 
2013/10/28 7.7 7.78 7.7 7.74 159 0 0 0 0 0 0 0 0 0 
2013/10/29 7.7 7.82 7.7 7.76 130 0 0 0 0 0 0 0 0 0 
2013/10/30 7.76 7.81 7.72 7.78 199 0 0 0 0 0 0 0 0 0 
2013/10/31 7.72 7.87 7.7 7.7 215 0 0 0 0 0 0 0 0 0 
2013/11/01 7.65 7.68 7.63 7.67 44 0 0 0 0 0 0 0 0 0 
2013/11/04 7.66 7.67 7.57 7.63 129 0 0 0 0 0 0 0 0 0 
2013/11/05 7.63 7.63 7.52 7.59 53 0 0 0 0 0 0 0 0 0 
2013/11/06 7.5 7.54 7.41 7.54 44 0 0 0 0 0 0 0 0 0 
2013/11/07 7.54 7.56 7.49 7.55 96 0 0 0 0 0 0 0 0 0 
2013/11/08 7.53 7.54 7.47 7.48 63 0 0 0 0 0 0 0 0 0 
2013/11/11 7.5 7.57 7.45 7.49 59 0 0 0 0 0 0 0 0 0 
2013/11/12 7.5 7.61 7.46 7.61 19 0 0 0 0 0 0 0 0 0 
2013/11/13 7.6 7.6 7.46 7.52 87 0 0 0 0 0 0 0 0 0 
2013/11/14 7.5 7.55 7.5 7.55 74 0 0 0 0 0 0 0 0 0 
2013/11/15 7.68 7.68 7.5 7.58 211 0 0 0 0 0 0 0 0 0 
2013/11/18 7.54 7.56 7.45 7.53 161 0 0 0 0 0 0 0 0 0 
2013/11/19 7.53 7.55 7.53 7.55 6 0 0 0 0 0 0 0 0 0 
2013/11/20 7.49 7.7 7.49 7.64 392 0 0 0 0 0 0 0 0 0 
2013/11/21 7.58 7.63 7.5 7.52 203 0 0 0 0 0 0 0 0 0 
2013/11/22 7.6 7.6 7.57 7.57 68 0 0 0 0 0 0 0 0 0 
2013/11/25 7.57 7.69 7.54 7.67 353 0 0 0 0 0 0 0 0 0 
2013/11/26 7.67 7.72 7.6 7.65 227 0 0 0 0 0 0 0 0 0 
2013/11/27 7.66 7.68 7.62 7.68 258 0 0 0 0 0 0 0 0 0 
2013/11/28 7.68 7.88 7.68 7.74 469 0 0 0 0 0 0 0 0 0 
2013/11/29 7.75 7.76 7.72 7.76 144 0 0 0 0 0 0 0 0 0 
2013/12/02 7.75 7.75 7.68 7.69 71 0 0 0 0 0 0 0 0 0 
2013/12/03 7.69 7.69 7.63 7.68 40 0 0 0 0 0 0 0 0 0 
2013/12/04 7.67 7.72 7.65 7.67 188 0 0 0 0 0 0 0 0 0 
2013/12/05 7.67 7.74 7.67 7.67 45 0 0 0 0 0 0 0 0 0 
2013/12/06 7.68 7.7 7.65 7.67 95 0 0 0 0 0 0 0 0 0 
2013/12/09 7.72 7.72 7.62 7.69 83 0 0 0 0 0 0 0 0 0 
2013/12/10 7.62 7.73 7.62 7.73 89 0 0 0 0 0 0 0 0 0 
2013/12/11 7.72 7.73 7.61 7.63 185 0 0 0 0 0 0 0 0 0 
2013/12/12 7.61 7.61 7.5 7.55 185 0 0 0 0 0 0 0 0 0 
2013/12/13 7.55 7.6 7.53 7.53 56 0 0 0 0 0 0 0 0 0 
2013/12/16 7.54 7.54 7.48 7.49 116 0 0 0 0 0 0 0 0 0 
2013/12/17 7.5 7.62 7.48 7.59 131 0 0 0 0 0 0 0 0 0 
2013/12/18 7.59 7.67 7.59 7.62 213 0 0 0 0 0 0 0 0 0 
2013/12/19 7.68 7.68 7.62 7.66 233 0 0 0 0 0 0 0 0 0 
2013/12/20 7.68 7.75 7.67 7.7 299 0 0 0 0 0 0 0 0 0 
2013/12/23 7.77 7.82 7.72 7.75 368 0 0 0 0 0 0 0 0 0 
2013/12/24 7.79 7.98 7.79 7.95 574 0 0 0 0 0 0 0 0 0 
2013/12/25 7.98 8.39 7.98 8.29 982 0 0 0 0 0 0 0 0 0 
2013/12/26 8.33 8.68 8.29 8.6 1791 0 0 0 0 0 0 0 0 0 
2013/12/27 8.66 8.66 8.4 8.46 581 0 0 0 0 0 0 0 0 0 
2013/12/30 8.46 8.46 8.3 8.33 276 0 0 0 0 0 0 0 0 0 
2013/12/31 8.3 8.4 8.28 8.33 358 0 0 0 0 0 0 0 0 0 
2014/01/02 8.33 8.48 8.32 8.37 392 0 0 0 0 0 0 0 0 0 
2014/01/03 8.2 8.34 8.2 8.3 510 0 0 0 0 0 0 0 0 0 
2014/01/06 8.28 8.35 8.22 8.26 182 0 0 0 0 0 0 0 0 0 
2014/01/07 8.23 8.35 8.23 8.25 407 0 0 0 0 0 0 0 0 0 
2014/01/08 8.28 8.3 8.22 8.26 306 0 0 0 0 0 0 0 0 0 
2014/01/09 8.23 8.24 8.13 8.13 281 0 0 0 0 0 0 0 0 0 
2014/01/10 8.18 8.25 8.16 8.22 168 0 0 0 0 0 0 0 0 0 
2014/01/13 8.28 8.28 8.2 8.23 114 0 0 0 0 0 0 0 0 0 
2014/01/14 8.22 8.25 8.2 8.22 120 0 0 0 0 0 0 0 0 0 
2014/01/15 8.26 8.27 8.22 8.24 140 0 0 0 0 0 0 0 0 0 
2014/01/16 8.26 8.29 8.24 8.24 106 0 0 0 0 0 0 0 0 0 
2014/01/17 8.2 8.22 8.16 8.16 307 0 0 0 0 0 0 0 0 0 
2014/01/20 8.16 8.22 8.16 8.22 34 0 0 0 0 0 0 0 0 0 
2014/01/21 8.17 8.24 8.17 8.17 36 0 0 0 0 0 0 0 0 0 
2014/01/22 8.2 8.21 8.16 8.16 44 0 0 0 0 0 0 0 0 0 
2014/01/23 8.16 8.19 8.05 8.13 100 0 0 0 0 0 0 0 0 0 
2014/01/24 8.08 8.35 8.08 8.23 233 0 0 0 0 0 0 0 0 0 
2014/01/27 8.17 8.26 8.13 8.14 75 0 0 0 0 0 0 0 0 0 
2014/02/05 8.11 8.11 8.03 8.05 79 0 0 0 0 0 0 0 0 0 
2014/02/06 8.06 8.13 8.02 8.13 96 0 0 0 0 0 0 0 0 0 
2014/02/07 8.2 8.27 8.15 8.16 179 0 0 0 0 0 0 0 0 0 
2014/02/10 8.2 8.22 8.16 8.16 27 0 0 0 0 0 0 0 0 0 
2014/02/11 8.18 8.21 8.12 8.12 90 0 0 0 0 0 0 0 0 0 
2014/02/12 8.15 8.2 8.04 8.09 204 0 0 0 0 0 0 0 0 0 
2014/02/13 8.1 8.15 8.1 8.13 93 0 0 0 0 0 0 0 0 0 
2014/02/14 8.18 8.2 8.16 8.16 137 0 0 0 0 0 0 0 0 0 
2014/02/17 8.2 8.2 8.15 8.2 176 0 0 0 0 0 0 0 0 0 
2014/02/18 8.19 8.27 8.15 8.26 78 0 0 0 0 0 0 0 0 0 
2014/02/19 8.25 8.27 8.17 8.27 102 0 0 0 0 0 0 0 0 0 
2014/02/20 8.2 8.3 8.19 8.26 86 0 0 0 0 0 0 0 0 0 
2014/02/21 8.25 8.34 8.25 8.32 87 0 0 0 0 0 0 0 0 0 
2014/02/24 8.35 8.35 8.24 8.3 30 0 0 0 0 0 0 0 0 0 
2014/02/25 8.3 8.31 8.24 8.3 125 0 0 0 0 0 0 0 0 0 
2014/02/26 8.29 8.3 8.23 8.26 83 0 0 0 0 0 0 0 0 0 
2014/02/27 8.27 8.33 8.24 8.27 65 0 0 0 0 0 0 0 0 0 
2014/03/03 8.25 8.3 8.18 8.29 173 0 0 0 0 0 0 0 0 0 
2014/03/04 8.25 8.28 8.18 8.27 134 0 0 0 0 0 0 0 0 0 
2014/03/05 8.28 8.34 8.24 8.29 28 0 0 0 0 0 0 0 0 0 
2014/03/06 8.26 8.3 8.24 8.24 22 0 0 0 0 0 0 0 0 0 
2014/03/07 8.23 8.28 8.21 8.26 63 0 0 0 0 0 0 0 0 0 
2014/03/10 8.22 8.26 8.16 8.16 139 0 0 0 0 0 0 0 0 0 
2014/03/11 8.13 8.2 8.13 8.13 111 0 0 0 0 0 0 0 0 0 
2014/03/12 8.13 8.19 8.13 8.15 43 0 0 0 0 0 0 0 0 0 
2014/03/13 8.15 8.24 8.14 8.2 94 0 0 0 0 0 0 0 0 0 
2014/03/14 8.15 8.18 8.12 8.17 18 0 0 0 0 0 0 0 0 0 
2014/03/17 8.21 8.22 8.15 8.2 42 0 0 0 0 0 0 0 0 0 
2014/03/18 8.2 8.22 8.14 8.19 69 0 0 0 0 0 0 0 0 0 
2014/03/19 8.19 8.22 8.15 8.18 107 0 0 0 0 0 0 0 0 0 
2014/03/20 8.19 8.23 8.14 8.14 184 0 0 0 0 0 0 0 0 0 
2014/03/21 8.14 8.14 8.09 8.09 134 0 0 0 0 0 0 0 0 0 
2014/03/24 7.98 8.05 7.98 8.03 85 0 0 0 0 0 0 0 0 0 
2014/03/25 8.03 8.13 8.03 8.12 103 0 0 0 0 0 0 0 0 0 
2014/03/26 8 8.15 8 8.12 40 0 0 0 0 0 0 0 0 0 
2014/03/27 8.12 8.19 8.12 8.19 72 0 0 0 0 0 0 0 0 0 
2014/03/28 8.16 8.24 8.08 8.08 226 0 0 0 0 0 0 0 0 0 
2014/03/31 8.18 8.2 8.07 8.16 242 0 0 0 0 0 0 0 0 0 
2014/04/01 8.17 8.2 8.15 8.18 120 0 0 0 0 0 0 0 0 0 
2014/04/02 8.23 8.23 8.16 8.2 48 0 0 0 0 0 0 0 0 0 
2014/04/03 8.22 8.22 8.13 8.19 79 0 0 0 0 0 0 0 0 0 
2014/04/07 8.16 8.18 8.13 8.18 65 0 0 0 0 0 0 0 0 0 
2014/04/08 8.17 8.32 8.09 8.2 195 0 0 0 0 0 0 0 0 0 
2014/04/09 8.2 8.32 8.2 8.31 201 0 0 0 0 0 0 0 0 0 
2014/04/10 8.38 8.38 8.22 8.29 132 0 0 0 0 0 0 0 0 0 
2014/04/11 8.26 8.31 8.23 8.25 37 0 0 0 0 0 0 0 0 0 
2014/04/14 8.25 8.25 8.21 8.24 52 0 0 0 0 0 0 0 0 0 
2014/04/15 8.26 8.3 8.25 8.3 44 0 0 0 0 0 0 0 0 0 
2014/04/16 8.3 8.3 8.24 8.3 46 0 0 0 0 0 0 0 0 0 
2014/04/17 8.22 8.3 8.22 8.29 67 0 0 0 0 0 0 0 0 0 
2014/04/18 8.29 8.34 8.23 8.23 63 0 0 0 0 0 0 0 0 0 
2014/04/21 8.23 8.32 8.23 8.28 68 0 0 0 0 0 0 0 0 0 
2014/04/22 8.32 8.32 8.28 8.32 61 0 0 0 0 0 0 0 0 0 
2014/04/23 8.35 8.35 8.3 8.32 88 0 0 0 0 0 0 0 0 0 
2014/04/24 8.24 8.3 8.18 8.25 198 0 0 0 0 0 0 0 0 0 
2014/04/25 8.24 8.25 8.01 8.09 210 0 0 0 0 0 0 0 0 0 
2014/04/28 7.92 8.08 7.88 8.07 63 0 0 0 0 0 0 0 0 0 
2014/04/29 8.14 8.15 8.07 8.15 52 0 0 0 0 0 0 0 0 0 
2014/04/30 8.19 8.19 8 8.09 146 0 0 0 0 0 0 0 0 0 
2014/05/02 8.07 8.11 8.06 8.11 10 0 0 0 0 0 0 0 0 0 
2014/05/05 8.21 8.22 8.1 8.18 139 0 0 0 0 0 0 0 0 0 
2014/05/06 8.1 8.15 8.1 8.15 77 0 0 0 0 0 0 0 0 0 
2014/05/07 8.08 8.11 8 8.04 299 0 0 0 0 0 0 0 0 0 
2014/05/08 8.08 8.14 8.04 8.1 29 0 0 0 0 0 0 0 0 0 
2014/05/09 8.1 8.1 7.97 8.04 264 0 0 0 0 0 0 0 0 0 
2014/05/12 8 8 7.94 7.99 122 0 0 0 0 0 0 0 0 0 
2014/05/13 7.96 8.05 7.95 7.95 49 0 0 0 0 0 0 0 0 0 
2014/05/14 7.95 7.99 7.94 7.99 21 0 0 0 0 0 0 0 0 0 
2014/05/15 7.93 8.05 7.93 7.99 49 0 0 0 0 0 0 0 0 0 
2014/05/16 7.96 8 7.95 7.99 26 0 0 0 0 0 0 0 0 0 
2014/05/19 7.99 7.99 7.91 7.96 55 0 0 0 0 0 0 0 0 0 
2014/05/20 7.95 8 7.95 7.97 19 0 0 0 0 0 0 0 0 0 
2014/05/21 7.97 7.99 7.95 7.95 97 0 0 0 0 0 0 0 0 0 
2014/05/22 8 8.01 7.96 7.99 51 0 0 0 0 0 0 0 0 0 
2014/05/23 7.96 8.05 7.96 8.04 25 0 0 0 0 0 0 0 0 0 
2014/05/26 8.04 8.05 8.01 8.05 52 0 0 0 0 0 0 0 0 0 
2014/05/27 8.02 8.07 8.02 8.05 70 0 0 0 0 0 0 0 0 0 
2014/05/28 8.05 8.08 8.05 8.07 34 0 0 0 0 0 0 0 0 0 
2014/05/29 8.07 8.08 8.02 8.02 41 0 0 0 0 0 0 0 0 0 
2014/05/30 8.08 8.08 7.99 8.07 65 0 0 0 0 0 0 0 0 0 
2014/06/03 8.03 8.06 8.03 8.03 4 0 0 0 0 0 0 0 0 0 
2014/06/04 8.04 8.08 8.03 8.08 17 0 0 0 0 0 0 0 0 0 
2014/06/05 8.03 8.09 8.03 8.04 21 0 0 0 0 0 0 0 0 0 
2014/06/06 8.06 8.06 7.96 8 107 0 0 0 0 0 0 0 0 0 
2014/06/09 7.98 8.06 7.98 8.06 16 0 0 0 0 0 0 0 0 0 
2014/06/10 8.06 8.06 8.04 8.04 14 0 0 0 0 0 0 0 0 0 
2014/06/11 8.03 8.1 8.01 8.03 43 0 0 0 0 0 0 0 0 0 
2014/06/12 8.02 8.07 8.02 8.02 15 0 0 0 0 0 0 0 0 0 
2014/06/13 8.05 8.08 8.05 8.08 30 0 0 0 0 0 0 0 0 0 
2014/06/16 8.09 8.09 8.01 8.07 39 0 0 0 0 0 0 0 0 0 
2014/06/17 8.06 8.06 8.01 8.04 13 0 0 0 0 0 0 0 0 0 
2014/06/18 8.06 8.1 8 8.04 89 0 0 0 0 0 0 0 0 0 
2014/06/19 8.04 8.12 8.04 8.09 33 0 0 0 0 0 0 0 0 0 
2014/06/20 8.1 8.11 8.1 8.11 8 0 0 0 0 0 0 0 0 0 
2014/06/23 8.11 8.12 8.05 8.05 35 0 0 0 0 0 0 0 0 0 
2014/06/24 8.12 8.12 8.07 8.1 21 0 0 0 0 0 0 0 0 0 
2014/06/25 8.12 8.12 8.07 8.07 4 0 0 0 0 0 0 0 0 0 
2014/06/26 8.05 8.12 8.02 8.12 157 0 0 0 0 0 0 0 0 0 
2014/06/27 8.1 8.1 8.06 8.1 68 0 0 0 0 0 0 0 0 0 
2014/06/30 8.09 8.12 8.06 8.12 27 0 0 0 0 0 0 0 0 0 
2014/07/01 8.11 8.11 8.1 8.1 15 0 0 0 0 0 0 0 0 0 
2014/07/02 8.06 8.29 8.06 8.13 347 0 0 0 0 0 0 0 0 0 
2014/07/03 8.13 8.28 8.13 8.2 88 0 0 0 0 0 0 0 0 0 
2014/07/04 8.27 8.27 8.1 8.12 117 0 0 0 0 0 0 0 0 0 
2014/07/07 8.14 8.15 8.13 8.14 58 0 0 0 0 0 0 0 0 0 
2014/07/08 8.11 8.18 8.07 8.18 48 0 0 0 0 0 0 0 0 0 
2014/07/09 8.11 8.15 8.1 8.15 27 0 0 0 0 0 0 0 0 0 
2014/07/10 8.11 8.16 8.1 8.11 128 0 0 0 0 0 0 0 0 0 
2014/07/11 8.09 8.09 8.01 8.04 187 0 0 0 0 0 0 0 0 0 
2014/07/14 8.01 8.14 8.01 8.05 122 0 0 0 0 0 0 0 0 0 
2014/07/15 8.06 8.13 8.05 8.09 146 0 0 0 0 0 0 0 0 0 
2014/07/16 8.09 8.16 8.05 8.05 103 0 0 0 0 0 0 0 0 0 
2014/07/17 8.13 8.13 8.04 8.13 37 0 0 0 0 0 0 0 0 0 
2014/07/18 8.08 8.17 8.08 8.16 145 0 0 0 0 0 0 0 0 0 
2014/07/21 8.2 8.2 8.12 8.18 83 0 0 0 0 0 0 0 0 0 
2014/07/22 8.17 8.21 8.15 8.18 107 0 0 0 0 0 0 0 0 0 
2014/07/24 8.18 8.2 8.1 8.2 342 0 0 0 0 0 0 0 0 0 
2014/07/25 8.2 8.2 8.16 8.18 265 0 0 0 0 0 0 0 0 0 
2014/07/28 8.18 8.37 8.18 8.25 513 0 0 0 0 0 0 0 0 0 
2014/07/29 8.35 8.35 8.21 8.26 604 0 0 0 0 0 0 0 0 0 
2014/07/30 8.26 8.37 8.26 8.34 250 0 0 0 0 0 0 0 0 0 
2014/07/31 8.3 8.31 8.26 8.29 78 0 0 0 0 0 0 0 0 0 
2014/08/01 8.23 8.31 8.22 8.28 47 0 0 0 0 0 0 0 0 0 
2014/08/04 8.28 8.3 8.22 8.29 161 0 0 0 0 0 0 0 0 0 
2014/08/05 8.29 8.29 8.18 8.27 124 0 0 0 0 0 0 0 0 0 
2014/08/06 8.25 8.25 8.08 8.09 167 0 0 0 0 0 0 0 0 0 
2014/08/07 8.22 8.24 8.15 8.22 213 0 0 0 0 0 0 0 0 0 
2014/08/08 8.16 8.23 8.15 8.23 103 0 0 0 0 0 0 0 0 0 
2014/08/11 8.29 8.29 8.23 8.25 109 0 0 0 0 0 0 0 0 0 
2014/08/12 8.25 8.28 8.22 8.25 42 0 0 0 0 0 0 0 0 0 
2014/08/13 8.25 8.3 8.25 8.28 126 0 0 0 0 0 0 0 0 0 
2014/08/14 8.33 8.33 8.19 8.25 102 0 0 0 0 0 0 0 0 0 
2014/08/15 8.35 8.35 8.22 8.25 209 0 0 0 0 0 0 0 0 0 
2014/08/18 8.25 8.27 8.16 8.18 71 0 0 0 0 0 0 0 0 0 
2014/08/19 8.25 8.28 8.19 8.24 225 0 0 0 0 0 0 0 0 0 
2014/08/20 8.2 8.23 8.15 8.23 63 0 0 0 0 0 0 0 0 0 
2014/08/21 8.2 8.21 8.19 8.2 47 0 0 0 0 0 0 0 0 0 
2014/08/22 8.2 8.26 8.2 8.26 351 0 0 0 0 0 0 0 0 0 
2014/08/25 8.3 8.32 8.26 8.29 228 0 0 0 0 0 0 0 0 0 
2014/08/26 8.3 8.33 8.2 8.25 140 0 0 0 0 0 0 0 0 0 
2014/08/27 8.27 8.35 8.26 8.33 215 0 0 0 0 0 0 0 0 0 
2014/08/28 8.08 8.08 8.03 8.07 160 0 0 0 0 0 0 0 0 0 
2014/08/29 8.04 8.08 7.99 8.08 114 0 0 0 0 0 0 0 0 0 
2014/09/01 8.08 8.09 8.04 8.05 125 0 0 0 0 0 0 0 0 0 
2014/09/02 8.05 8.05 8.03 8.03 46 0 0 0 0 0 0 0 0 0 
2014/09/03 8.05 8.08 7.9 7.9 180 0 0 0 0 0 0 0 0 0 
2014/09/04 7.97 8.12 7.97 8.08 234 0 0 0 0 0 0 0 0 0 
2014/09/05 8.08 8.11 8.03 8.05 11 0 0 0 0 0 0 0 0 0 
2014/09/09 8.05 8.08 8.04 8.04 62 0 0 0 0 0 0 0 0 0 
2014/09/10 8.03 8.05 8 8.05 173 0 0 0 0 0 0 0 0 0 
2014/09/11 8.09 8.1 8.05 8.05 84 0 0 0 0 0 0 0 0 0 
2014/09/12 8.03 8.05 8 8.02 152 0 0 0 0 0 0 0 0 0 
2014/09/15 8.01 8.05 8.01 8.02 20 0 0 0 0 0 0 0 0 0 
2014/09/16 8.02 8.02 7.9 7.98 62 0 0 0 0 0 0 0 0 0 
2014/09/17 7.98 8.03 7.93 7.97 87 0 0 0 0 0 0 0 0 0 
2014/09/18 7.95 8.14 7.95 8.08 151 0 0 0 0 0 0 0 0 0 
2014/09/19 8.07 8.09 8.03 8.08 34 0 0 0 0 0 0 0 0 0 
2014/09/22 8.06 8.06 7.95 8.02 59 0 0 0 0 0 0 0 0 0 
2014/09/23 8 8.06 7.97 8.02 504 0 0 0 0 0 0 0 0 0 
2014/09/24 8.05 8.09 8.04 8.05 78 0 0 0 0 0 0 0 0 0 
2014/09/25 8.08 8.08 8.01 8.05 21 0 0 0 0 0 0 0 0 0 
2014/09/26 8.04 8.04 8.01 8.04 7 0 0 0 0 0 0 0 0 0 
2014/09/29 8 8.03 7.9 7.96 126 0 0 0 0 0 0 0 0 0 
2014/09/30 7.91 8.12 7.85 8.07 215 0 0 0 0 0 0 0 0 0 
2014/10/01 8.07 8.07 8.07 8.07 5 0 0 0 0 0 0 0 0 0 
2014/10/02 8.06 8.06 8.03 8.03 39 0 0 0 0 0 0 0 0 0 
2014/10/03 8 8.05 8 8.05 38 0 0 0 0 0 0 0 0 0 
2014/10/06 8 8.06 8 8.04 11 0 0 0 0 0 0 0 0 0 
2014/10/07 7.98 8.07 7.98 7.98 46 0 0 0 0 0 0 0 0 0 
2014/10/08 7.94 7.98 7.9 7.9 108 0 0 0 0 0 0 0 0 0 
2014/10/09 7.91 7.98 7.91 7.96 12 0 0 0 0 0 0 0 0 0 
2014/10/13 7.96 7.96 7.78 7.83 35 0 0 0 0 0 0 0 0 0 
2014/10/14 7.78 7.81 7.78 7.81 103 0 0 0 0 0 0 0 0 0 
2014/10/15 7.83 7.96 7.83 7.92 10 0 0 0 0 0 0 0 0 0 
2014/10/16 7.78 7.8 7.72 7.78 81 0 0 0 0 0 0 0 0 0 
2014/10/17 7.72 7.79 7.45 7.62 110 0 0 0 0 0 0 0 0 0 
2014/10/20 7.77 7.77 7.55 7.56 106 0 0 0 0 0 0 0 0 0 
2014/10/21 7.53 7.61 7.5 7.6 44 0 0 0 0 0 0 0 0 0 
2014/10/22 7.63 7.63 7.53 7.6 38 0 0 0 0 0 0 0 0 0 
2014/10/23 7.55 7.59 7.51 7.57 63 0 0 0 0 0 0 0 0 0 
2014/10/24 7.53 7.58 7.46 7.49 93 0 0 0 0 0 0 0 0 0 
2014/10/27 7.51 7.51 7.35 7.35 132 0 0 0 0 0 0 0 0 0 
2014/10/28 7.43 7.45 7.42 7.45 19 0 0 0 0 0 0 0 0 0 
2014/10/29 7.48 7.59 7.48 7.56 22 0 0 0 0 0 0 0 0 0 
2014/10/30 7.6 7.6 7.51 7.6 25 0 0 0 0 0 0 0 0 0 
2014/10/31 7.65 7.65 7.55 7.63 78 0 0 0 0 0 0 0 0 0 
2014/11/03 7.61 7.74 7.61 7.74 48 0 0 0 0 0 0 0 0 0 
2014/11/04 7.65 7.72 7.65 7.71 37 0 0 0 0 0 0 0 0 0 
2014/11/05 7.73 7.75 7.69 7.69 13 0 0 0 0 0 0 0 0 0 
2014/11/06 7.7 7.7 7.68 7.68 2 0 0 0 0 0 0 0 0 0 
2014/11/07 7.69 7.77 7.69 7.76 84 0 0 0 0 0 0 0 0 0 
2014/11/10 7.76 7.77 7.71 7.77 45 0 0 0 0 0 0 0 0 0 
2014/11/11 7.65 7.75 7.65 7.75 11 0 0 0 0 0 0 0 0 0 
2014/11/12 7.74 7.74 7.67 7.67 2 0 0 0 0 0 0 0 0 0 
2014/11/13 7.72 7.72 7.64 7.64 19 0 0 0 0 0 0 0 0 0 
2014/11/14 7.74 7.75 7.61 7.75 141 0 0 0 0 0 0 0 0 0 
2014/11/17 7.72 7.88 7.72 7.75 63 0 0 0 0 0 0 0 0 0 
2014/11/18 7.79 7.79 7.66 7.68 45 0 0 0 0 0 0 0 0 0 
2014/11/19 7.73 7.73 7.68 7.69 29 0 0 0 0 0 0 0 0 0 
2014/11/20 7.74 7.75 7.69 7.69 136 0 0 0 0 0 0 0 0 0 
2014/11/21 7.7 7.7 7.65 7.66 48 0 0 0 0 0 0 0 0 0 
2014/11/24 7.67 7.71 7.67 7.7 13 0 0 0 0 0 0 0 0 0 
2014/11/25 7.73 7.73 7.6 7.62 106 0 0 0 0 0 0 0 0 0 
2014/11/26 7.65 7.7 7.65 7.7 7 0 0 0 0 0 0 0 0 0 
2014/11/27 7.7 7.7 7.66 7.66 33 0 0 0 0 0 0 0 0 0 
2014/11/28 7.71 7.71 7.69 7.69 6 0 0 0 0 0 0 0 0 0 
2014/12/01 7.5 7.63 7.5 7.61 91 0 0 0 0 0 0 0 0 0 
2014/12/02 7.73 7.73 7.57 7.59 35 0 0 0 0 0 0 0 0 0 
2014/12/03 7.59 7.7 7.59 7.68 89 0 0 0 0 0 0 0 0 0 
2014/12/04 7.73 7.75 7.67 7.75 66 0 0 0 0 0 0 0 0 0 
2014/12/05 7.75 7.84 7.75 7.84 68 0 0 0 0 0 0 0 0 0 
2014/12/08 7.81 7.88 7.81 7.83 19 0 0 0 0 0 0 0 0 0 
2014/12/09 7.86 7.86 7.77 7.78 18 0 0 0 0 0 0 0 0 0 
2014/12/10 7.88 7.88 7.86 7.87 18 0 0 0 0 0 0 0 0 0 
2014/12/11 7.85 7.85 7.73 7.83 57 0 0 0 0 0 0 0 0 0 
2014/12/12 7.83 7.87 7.81 7.87 18 0 0 0 0 0 0 0 0 0 
2014/12/15 7.77 7.86 7.74 7.85 33 0 0 0 0 0 0 0 0 0 
2014/12/16 7.8 7.89 7.8 7.88 61 0 0 0 0 0 0 0 0 0 
2014/12/17 7.85 7.85 7.72 7.77 30 0 0 0 0 0 0 0 0 0 
2014/12/18 7.83 7.98 7.83 7.91 58 0 0 0 0 0 0 0 0 0 
2014/12/19 7.82 7.94 7.82 7.91 32 0 0 0 0 0 0 0 0 0 
2014/12/22 7.88 7.95 7.83 7.92 31 0 0 0 0 0 0 0 0 0 
2014/12/23 7.98 8.04 7.95 8 62 0 0 0 0 0 0 0 0 0 
2014/12/24 8.05 8.14 8 8.1 137 0 0 0 0 0 0 0 0 0 
2014/12/25 8.1 8.11 8.07 8.1 52 0 0 0 0 0 0 0 0 0 
2014/12/26 8.05 8.09 7.97 7.99 209 0 0 0 0 0 0 0 0 0 
2014/12/27 7.95 8.12 7.95 8.12 88 0 0 0 0 0 0 0 0 0 
2014/12/29 8.14 8.14 8.09 8.09 75 0 0 0 0 0 0 0 0 0 
2014/12/30 8.1 8.1 8.02 8.09 64 0 0 0 0 0 0 0 0 0 
2014/12/31 8.03 8.08 7.78 8 874 0 0 0 0 0 0 0 0 0 
2015/01/05 7.93 7.99 7.92 7.98 33 0 0 0 0 0 0 0 0 0 
2015/01/06 7.97 7.97 7.82 7.89 134 0 0 0 0 0 0 0 0 0 
2015/01/07 7.89 8.15 7.89 8.03 213 0 0 0 0 0 0 0 0 0 
2015/01/08 8.11 8.12 8.01 8.06 206 0 0 0 0 0 0 0 0 0 
2015/01/09 8.05 8.07 8.02 8.07 180 0 0 0 0 0 0 0 0 0 
2015/01/12 8.05 8.06 8 8.03 111 0 0 0 0 0 0 0 0 0 
2015/01/13 8.03 8.08 8.03 8.07 70 0 0 0 0 0 0 0 0 0 
2015/01/14 8.09 8.09 8.02 8.07 87 0 0 0 0 0 0 0 0 0 
2015/01/15 8.13 8.13 8.02 8.07 84 0 0 0 0 0 0 0 0 0 
2015/01/16 8.06 8.08 8.05 8.08 243 0 0 0 0 0 0 0 0 0 
2015/01/19 8.11 8.18 8.09 8.1 135 0 0 0 0 0 0 0 0 0 
2015/01/20 8.1 8.17 8.09 8.11 196 0 0 0 0 0 0 0 0 0 
2015/01/21 8.11 8.24 8.11 8.15 84 0 0 0 0 0 0 0 0 0 
2015/01/22 8.12 8.18 8.12 8.15 56 0 0 0 0 0 0 0 0 0 
2015/01/23 8.18 8.18 8.13 8.16 135 0 0 0 0 0 0 0 0 0 
2015/01/26 8.15 8.15 8.09 8.1 95 0 0 0 0 0 0 0 0 0 
2015/01/27 8.19 8.22 8.1 8.18 179 0 0 0 0 0 0 0 0 0 
2015/01/28 8.17 8.25 8.17 8.21 187 0 0 0 0 0 0 0 0 0 
2015/01/29 8.16 8.24 8.14 8.2 75 0 0 0 0 0 0 0 0 0 
2015/01/30 8.17 8.23 8.17 8.22 89 0 0 0 0 0 0 0 0 0 
2015/02/02 8.2 8.2 8.19 8.19 6 0 0 0 0 0 0 0 0 0 
2015/02/03 8.17 8.17 8.14 8.16 118 0 0 0 0 0 0 0 0 0 
2015/02/04 8.15 8.23 8.15 8.18 90 0 0 0 0 0 0 0 0 0 
2015/02/05 8.2 8.2 8.16 8.19 61 0 0 0 0 0 0 0 0 0 
2015/02/06 8.2 8.24 8.18 8.2 43 0 0 0 0 0 0 0 0 0 
2015/02/09 8.2 8.23 8.17 8.22 96 0 0 0 0 0 0 0 0 0 
2015/02/10 8.22 8.25 8.16 8.24 84 0 0 0 0 0 0 0 0 0 
2015/02/11 8.24 8.24 8.18 8.22 56 0 0 0 0 0 0 0 0 0 
2015/02/12 8.19 8.19 8.16 8.18 79 0 0 0 0 0 0 0 0 0 
2015/02/13 8.2 8.2 8.18 8.18 49 0 0 0 0 0 0 0 0 0 
2015/02/24 8.2 8.33 8.18 8.19 99 0 0 0 0 0 0 0 0 0 
2015/02/25 8.27 8.27 8.2 8.26 84 0 0 0 0 0 0 0 0 0 
2015/02/26 8.23 8.32 8.23 8.32 76 0 0 0 0 0 0 0 0 0 
2015/03/02 8.31 8.44 8.27 8.4 207 0 0 0 0 0 0 0 0 0 
2015/03/03 8.4 8.63 8.4 8.56 662 0 0 0 0 0 0 0 0 0 
2015/03/04 8.6 8.79 8.6 8.67 437 0 0 0 0 0 0 0 0 0 
2015/03/05 8.7 8.98 8.7 8.88 687 0 0 0 0 0 0 0 0 0 
2015/03/06 8.88 9.2 8.88 9.2 1131 0 0 0 0 0 0 0 0 0 
2015/03/09 9.2 9.27 9.11 9.17 400 0 0 0 0 0 0 0 0 0 
2015/03/10 9.17 9.17 9.03 9.04 218 0 0 0 0 0 0 0 0 0 
2015/03/11 8.98 9.02 8.79 8.85 351 0 0 0 0 0 0 0 0 0 
2015/03/12 8.84 9.15 8.8 9.05 317 0 0 0 0 0 0 0 0 0 
2015/03/13 9.05 9.1 8.96 8.96 223 0 0 0 0 0 0 0 0 0 
2015/03/16 8.95 9.05 8.85 8.9 97 0 0 0 0 0 0 0 0 0 
2015/03/17 8.94 8.99 8.87 8.9 159 0 0 0 0 0 0 0 0 0 
2015/03/18 8.99 9.09 8.96 8.97 293 0 0 0 0 0 0 0 0 0 
2015/03/19 8.98 9.12 8.98 8.98 468 0 0 0 0 0 0 0 0 0 
2015/03/20 8.99 9.04 8.99 8.99 195 0 0 0 0 0 0 0 0 0 
2015/03/23 9.08 9.08 8.99 8.99 323 0 0 0 0 0 0 0 0 0 
2015/03/24 9 9.03 8.85 8.86 186 0 0 0 0 0 0 0 0 0 
2015/03/25 8.89 8.9 8.7 8.8 406 0 0 0 0 0 0 0 0 0 
2015/03/26 8.71 8.8 8.7 8.78 91 0 0 0 0 0 0 0 0 0 
2015/03/27 8.8 8.85 8.7 8.82 144 0 0 0 0 0 0 0 0 0 
2015/03/30 8.82 8.85 8.77 8.84 50 0 0 0 0 0 0 0 0 0 
2015/03/31 8.85 8.93 8.71 8.91 71 0 0 0 0 0 0 0 0 0 
2015/04/01 8.82 9 8.8 8.95 154 0 0 0 0 0 0 0 0 0 
2015/04/02 8.95 9.04 8.92 9.04 121 0 0 0 0 0 0 0 0 0 
2015/04/07 9 9.2 8.98 9.1 544 0 0 0 0 0 0 0 0 0 
2015/04/08 9.73 9.73 9.73 9.73 640 0 0 0 0 0 0 0 0 0 
2015/04/09 10.4 10.4 10.4 10.4 940 0 0 0 0 0 0 0 0 0 
2015/04/10 11.1 11.1 10.4 10.75 7987 0 0 0 0 0 0 0 0 0 
2015/04/13 10.8 11.45 10.75 11.1 4047 0 0 0 0 0 0 0 0 0 
2015/04/14 11.1 11.85 10.8 11.85 4850 0 0 0 0 0 0 0 0 0 
2015/04/15 12.15 12.6 12.05 12.3 7184 0 0 0 0 0 0 0 0 0 
2015/04/16 12.8 12.85 12.35 12.4 3215 0 0 0 0 0 0 0 0 0 
2015/04/17 12.6 12.75 12.05 12.3 2072 0 0 0 0 0 0 0 0 0 
2015/04/20 12.2 12.2 11.6 11.6 2166 0 0 0 0 0 0 0 0 0 
2015/04/21 11.8 12.05 11.3 11.6 2723 0 0 0 0 0 0 0 0 0 
2015/04/22 11.8 12.2 11.2 12.2 1961 0 0 0 0 0 0 0 0 0 
2015/04/23 12.3 13.05 12.25 13.05 4893 0 0 0 0 0 0 0 0 0 
2015/04/24 13.5 13.95 13.2 13.25 12964 0 0 0 0 0 0 0 0 0 
2015/04/27 13.25 14.15 12.8 14.15 6620 0 0 0 0 0 0 0 0 0 
2015/04/28 14.4 14.85 14.15 14.35 8957 0 0 0 0 0 0 0 0 0 
2015/04/29 14.35 14.55 13.75 13.9 6642 0 0 0 0 0 0 0 0 0 
2015/04/30 14 14.55 13.9 13.9 3976 0 0 0 0 0 0 0 0 0 
2015/05/04 13.9 13.9 12.95 12.95 4087 0 0 0 0 0 0 0 0 0 
2015/05/05 12.95 13.35 12.4 12.75 3646 0 0 0 0 0 0 0 0 0 
2015/05/06 12.65 12.9 12.4 12.6 2089 0 0 0 0 0 0 0 0 0 
2015/05/07 12.4 12.9 11.75 11.75 4076 0 0 0 0 0 0 0 0 0 
2015/05/08 12.05 12.05 11.2 11.3 2623 0 0 0 0 0 0 0 0 0 
2015/05/11 11.6 11.6 10.55 10.55 3923 0 0 0 0 0 0 0 0 0 
2015/05/12 10.4 11.25 10.4 11.25 3500 0 0 0 0 0 0 0 0 0 
2015/05/13 11.25 11.5 11.05 11.2 2648 0 0 0 0 0 0 0 0 0 
2015/05/14 11.4 11.4 10.85 11.1 1201 0 0 0 0 0 0 0 0 0 
2015/05/15 11.1 11.2 10.65 10.75 1258 0 0 0 0 0 0 0 0 0 
2015/05/18 10.9 11.5 10.9 11.5 2432 0 0 0 0 0 0 0 0 0 
2015/05/19 11.75 12.3 11.65 11.8 7141 0 0 0 0 0 0 0 0 0 
2015/05/20 11.8 12.6 11.8 12.6 5605 0 0 0 0 0 0 0 0 0 
2015/05/21 12.6 13.15 12.3 12.8 6254 0 0 0 0 0 0 0 0 0 
2015/05/22 12.9 13 12.2 12.35 3610 0 0 0 0 0 0 0 0 0 
2015/05/25 12.35 12.65 12 12.1 1891 0 0 0 0 0 0 0 0 0 
2015/05/26 12.15 12.25 11.5 11.8 2477 0 0 0 0 0 0 0 0 0 
2015/05/27 11.7 11.8 11.4 11.5 1463 0 0 0 0 0 0 0 0 0 
2015/05/28 11.7 12.3 11.5 12.2 3129 0 0 0 0 0 0 0 0 0 
2015/05/29 12.2 12.45 11.55 11.7 3048 0 0 0 0 0 0 0 0 0 
2015/06/01 11.95 12.2 11.7 12.15 2076 0 0 0 0 0 0 0 0 0 
2015/06/02 12.2 12.95 12.2 12.35 4022 0 0 0 0 0 0 0 0 0 
2015/06/03 12.35 12.5 12 12 1758 0 0 0 0 0 0 0 0 0 
2015/06/04 12 12.3 11.5 11.5 1632 0 0 0 0 0 0 0 0 0 
2015/06/05 11.7 11.75 10.75 11.05 2164 0 0 0 0 0 0 0 0 0 
2015/06/08 11.35 11.6 11 11.55 1611 0 0 0 0 0 0 0 0 0 
2015/06/09 11.5 11.75 10.8 10.95 1636 0 0 0 0 0 0 0 0 0 
2015/06/10 11.3 11.45 11.15 11.15 1894 0 0 0 0 0 0 0 0 0 
2015/06/11 11.25 11.3 10.95 11.2 994 0 0 0 0 0 0 0 0 0 
2015/06/12 11.2 12.25 11.2 12.15 3697 0 0 0 0 0 0 0 0 0 
2015/06/15 12.3 13.15 12.25 12.85 7216 0 0 0 0 0 0 0 0 0 
2015/06/16 12.85 13.05 12.6 12.95 6820 0 0 0 0 0 0 0 0 0 
2015/06/17 13 13.25 12.6 12.7 5137 0 0 0 0 0 0 0 0 0 
2015/06/18 12.8 12.85 12.1 12.2 2241 0 0 0 0 0 0 0 0 0 
2015/06/22 12.45 13.4 12.4 13.4 6052 0 0 0 0 0 0 0 0 0 
2015/06/23 13.85 14.35 13.6 13.75 10959 0 0 0 0 0 0 0 0 0 
2015/06/24 13.8 14.2 13.5 14 4655 0 0 0 0 0 0 0 0 0 
2015/06/25 14.2 14.2 13.3 13.55 3899 0 0 0 0 0 0 0 0 0 
2015/06/26 13.55 13.75 13.3 13.3 1735 0 0 0 0 0 0 0 0 0 
2015/06/29 13 13.2 12.5 12.65 2244 0 0 0 0 0 0 0 0 0 
2015/06/30 12.65 12.8 12.05 12.35 2731 0 0 0 0 0 0 0 0 0 
2015/07/01 12.5 13.3 12.5 13.1 3075 0 0 0 0 0 0 0 0 0 
2015/07/02 13.15 13.25 12.75 12.75 1212 0 0 0 0 0 0 0 0 0 
2015/07/03 12.6 13.1 12.5 12.5 1838 0 0 0 0 0 0 0 0 0 
2015/07/06 12.35 12.85 12.2 12.2 1916 0 0 0 0 0 0 0 0 0 
2015/07/07 12.4 12.8 12.1 12.25 1753 0 0 0 0 0 0 0 0 0 
2015/07/08 12.25 12.35 11.1 11.35 2848 0 0 0 0 0 0 0 0 0 
2015/07/09 11.1 12 10.65 11.8 3290 0 0 0 0 0 0 0 0 0 
2015/07/13 12.2 12.5 11.9 12.3 3297 0 0 0 0 0 0 0 0 0 
2015/07/14 12.2 12.4 11.95 12 1617 0 0 0 0 0 0 0 0 0 
2015/07/15 12.1 12.15 11.55 11.65 1007 0 0 0 0 0 0 0 0 0 
2015/07/16 11.7 11.8 11.55 11.6 791 0 0 0 0 0 0 0 0 0 
2015/07/17 11.6 12.1 11.6 11.6 1390 0 0 0 0 0 0 0 0 0 
2015/07/20 11.7 11.85 11.4 11.55 974 0 0 0 0 0 0 0 0 0 
2015/07/21 11.6 11.6 11.1 11.1 988 0 0 0 0 0 0 0 0 0 
2015/07/22 11.1 11.2 10.9 10.9 769 0 0 0 0 0 0 0 0 0 
2015/07/23 10.9 11.2 10.8 11.1 725 0 0 0 0 0 0 0 0 0 
2015/07/24 11.1 11.2 10.9 10.9 414 0 0 0 0 0 0 0 0 0 
2015/07/27 10.9 11.3 10.85 11.05 1016 0 0 0 0 0 0 0 0 0 
2015/07/28 11.05 11.1 10.5 10.85 1233 0 0 0 0 0 0 0 0 0 
2015/07/29 11 11.05 10.75 10.9 657 0 0 0 0 0 0 0 0 0 
2015/07/30 11.05 11.35 10.9 11.1 1054 0 0 0 0 0 0 0 0 0 
2015/07/31 11.2 11.2 10.9 10.95 438 0 0 0 0 0 0 0 0 0 
2015/08/03 10.9 10.95 10.6 10.6 593 0 0 0 0 0 0 0 0 0 
2015/08/04 10.65 10.85 9.54 9.54 3423 0 0 0 0 0 0 0 0 0 
2015/08/05 9.54 9.78 9.41 9.78 887 0 0 0 0 0 0 0 0 0 
2015/08/06 9.78 9.9 9.6 9.6 554 0 0 0 0 0 0 0 0 0 
2015/08/07 9.46 10.2 9.46 10.2 1121 0 0 0 0 0 0 0 0 0 
2015/08/10 10.25 11.2 10 11.2 2608 0 0 0 0 0 0 0 0 0 
2015/08/11 11.3 11.4 10.6 10.7 1330 0 0 0 0 0 0 0 0 0 
2015/08/12 10.6 10.8 10.4 10.7 645 0 0 0 0 0 0 0 0 0 
2015/08/13 10.9 10.9 10.55 10.65 836 0 0 0 0 0 0 0 0 0 
2015/08/14 10.65 11.1 10.6 10.9 1152 0 0 0 0 0 0 0 0 0 
2015/08/17 11 11.35 11 11.2 1208 0 0 0 0 0 0 0 0 0 
2015/08/18 11.15 11.2 10.85 11.15 947 0 0 0 0 0 0 0 0 0 
2015/08/19 11.2 11.2 10.65 10.9 1044 0 0 0 0 0 0 0 0 0 
2015/08/20 10.8 11.05 10.7 10.85 703 0 0 0 0 0 0 0 0 0 
2015/08/21 10.55 10.65 10.1 10.2 1135 0 0 0 0 0 0 0 0 0 
2015/08/24 9.12 9.38 8.82 8.82 1740 0 0 0 0 0 0 0 0 0 
2015/08/25 8.03 9.22 8.03 9.05 1394 0 0 0 0 0 0 0 0 0 
2015/08/26 8.76 9.6 8.76 9.6 930 0 0 0 0 0 0 0 0 0 
2015/08/27 9.6 9.9 9.6 9.8 710 0 0 0 0 0 0 0 0 0 
2015/08/28 9.81 10.05 9.81 9.9 519 0 0 0 0 0 0 0 0 0 
2015/08/31 9.95 10.1 9.81 9.83 409 0 0 0 0 0 0 0 0 0 
2015/09/01 9.86 10.25 9.86 10.05 1224 0 0 0 0 0 0 0 0 0 
2015/09/02 10 10.15 9.92 10 476 0 0 0 0 0 0 0 0 0 
2015/09/03 10.15 10.4 10.1 10.15 852 0 0 0 0 0 0 0 0 0 
2015/09/04 10.2 10.2 9.9 9.9 535 0 0 0 0 0 0 0 0 0 
2015/09/07 9.87 10.3 9.85 10.15 1220 0 0 0 0 0 0 0 0 0 
2015/09/08 10.15 10.3 10 10.05 765 0 0 0 0 0 0 0 0 0 
2015/09/09 10.25 10.25 10.1 10.1 634 0 0 0 0 0 0 0 0 0 
2015/09/10 10.1 10.5 10.1 10.3 879 0 0 0 0 0 0 0 0 0 
2015/09/11 10.35 10.35 10.15 10.2 512 0 0 0 0 0 0 0 0 0 
2015/09/14 10.35 10.6 10.25 10.25 997 0 0 0 0 0 0 0 0 0 
2015/09/15 10.35 10.65 10.25 10.4 724 0 0 0 0 0 0 0 0 0 
2015/09/16 10.5 10.55 10.35 10.4 490 0 0 0 0 0 0 0 0 0 
2015/09/17 10.5 10.55 10.35 10.4 526 0 0 0 0 0 0 0 0 0 
2015/09/18 10.45 10.95 10.45 10.75 1540 0 0 0 0 0 0 0 0 0 
2015/09/21 10.6 11.15 10.35 11.15 1476 0 0 0 0 0 0 0 0 0 
2015/09/22 11.1 11.4 11 11.2 1834 0 0 0 0 0 0 0 0 0 
2015/09/23 10.95 11 10.65 10.65 1112 0 0 0 0 0 0 0 0 0 
2015/09/24 10.65 10.9 10.35 10.4 942 0 0 0 0 0 0 0 0 0 
2015/09/25 10.4 10.55 10.4 10.55 391 0 0 0 0 0 0 0 0 0 
2015/09/30 10.3 10.8 10.25 10.75 449 0 0 0 0 0 0 0 0 0 
2015/10/01 10.85 11.4 10.85 11.05 1542 0 0 0 0 0 0 0 0 0 
2015/10/02 11 11.15 10.85 10.9 488 0 0 0 0 0 0 0 0 0 
2015/10/05 11.15 11.4 11.1 11.2 1151 0 0 0 0 0 0 0 0 0 
2015/10/06 11.4 11.45 11.05 11.1 789 0 0 0 0 0 0 0 0 0 
2015/10/07 11.1 11.15 11.05 11.15 350 0 0 0 0 0 0 0 0 0 
2015/10/08 11.25 11.25 10.6 10.65 1224 0 0 0 0 0 0 0 0 0 
2015/10/12 10.6 10.65 10.45 10.55 559 0 0 0 0 0 0 0 0 0 
2015/10/13 10.6 10.65 10.55 10.55 210 0 0 0 0 0 0 0 0 0 
2015/10/14 10.55 10.65 10.5 10.55 167 0 0 0 0 0 0 0 0 0 
2015/10/15 10.6 10.75 10.4 10.4 311 0 0 0 0 0 0 0 0 0 
2015/10/16 10.55 10.65 10.4 10.4 268 0 0 0 0 0 0 0 0 0 
2015/10/19 10.45 10.8 10.4 10.5 1379 0 0 0 0 0 0 0 0 0 
2015/10/20 10.6 10.7 10.5 10.65 590 0 0 0 0 0 0 0 0 0 
2015/10/21 10.7 10.75 10.55 10.65 229 0 0 0 0 0 0 0 0 0 
2015/10/22 10.65 10.65 10.4 10.45 466 0 0 0 0 0 0 0 0 0 
2015/10/23 10.6 10.6 10.35 10.35 415 0 0 0 0 0 0 0 0 0 
2015/10/26 10.4 10.55 10.3 10.35 245 0 0 0 0 0 0 0 0 0 
2015/10/27 10.35 10.35 10.2 10.25 359 0 0 0 0 0 0 0 0 0 
2015/10/28 10.2 10.25 10.1 10.1 446 0 0 0 0 0 0 0 0 0 
2015/10/29 10.15 10.25 10.1 10.1 417 0 0 0 0 0 0 0 0 0 
2015/10/30 10.05 10.2 9.96 10.1 389 0 0 0 0 0 0 0 0 0 
2015/11/02 10 10.3 10 10.1 277 0 0 0 0 0 0 0 0 0 
2015/11/03 10.25 10.25 10.1 10.15 345 0 0 0 0 0 0 0 0 0 
2015/11/04 10.2 10.4 10.2 10.25 588 0 0 0 0 0 0 0 0 0 
2015/11/05 10.3 10.3 10.2 10.25 219 0 0 0 0 0 0 0 0 0 
2015/11/06 10.25 10.3 10.15 10.25 291 0 0 0 0 0 0 0 0 0 
2015/11/09 10.2 10.2 9.94 10 375 0 0 0 0 0 0 0 0 0 
2015/11/10 9.96 10 9.86 9.95 319 0 0 0 0 0 0 0 0 0 
2015/11/11 9.95 9.95 9.75 9.76 388 0 0 0 0 0 0 0 0 0 
2015/11/12 9.8 9.8 9.46 9.65 326 0 0 0 0 0 0 0 0 0 
2015/11/13 9.51 10.05 9.45 9.51 295 0 0 0 0 0 0 0 0 0 
2015/11/16 9.41 9.67 9.28 9.67 513 0 0 0 0 0 0 0 0 0 
2015/11/17 9.67 9.79 9.6 9.6 260 0 0 0 0 0 0 0 0 0 
2015/11/18 9.6 9.74 9.41 9.43 322 0 0 0 0 0 0 0 0 0 
2015/11/19 9.45 9.63 9.45 9.53 238 0 0 0 0 0 0 0 0 0 
2015/11/20 9.56 9.65 9.56 9.6 128 0 0 0 0 0 0 0 0 0 
2015/11/23 9.64 9.67 9.53 9.56 77 0 0 0 0 0 0 0 0 0 
2015/11/24 9.65 9.65 9.31 9.31 304 0 0 0 0 0 0 0 0 0 
2015/11/25 9.48 9.48 9.05 9.1 396 0 0 0 0 0 0 0 0 0 
2015/11/26 9.1 9.26 9.1 9.2 197 0 0 0 0 0 0 0 0 0 
2015/11/27 9.37 9.37 9.1 9.1 163 0 0 0 0 0 0 0 0 0 
2015/11/30 9.09 9.17 9.01 9.14 118 0 0 0 0 0 0 0 0 0 
2015/12/01 9.17 9.62 9.05 9.46 160 0 0 0 0 0 0 0 0 0 
2015/12/02 9.46 9.48 9.25 9.25 207 0 0 0 0 0 0 0 0 0 
2015/12/03 9.26 9.29 9.18 9.24 141 0 0 0 0 0 0 0 0 0 
2015/12/04 9.18 9.36 9.08 9.3 113 0 0 0 0 0 0 0 0 0 
2015/12/07 9.31 9.33 9.16 9.22 117 0 0 0 0 0 0 0 0 0 
2015/12/08 9.21 9.21 9.06 9.15 154 0 0 0 0 0 0 0 0 0 
2015/12/09 9.09 9.16 8.91 8.98 307 0 0 0 0 0 0 0 0 0 
2015/12/10 8.9 9 8.81 8.98 271 0 0 0 0 0 0 0 0 0 
2015/12/11 8.99 9.06 8.82 8.87 229 0 0 0 0 0 0 0 0 0 
2015/12/14 8.8 8.94 8.72 8.83 204 0 0 0 0 0 0 0 0 0 
2015/12/15 8.83 8.88 8.74 8.8 125 0 0 0 0 0 0 0 0 0 
2015/12/16 8.82 9.02 8.75 8.98 325 0 0 0 0 0 0 0 0 0 
2015/12/17 9 9.12 8.92 8.92 434 0 0 0 0 0 0 0 0 0 
2015/12/18 8.96 9.09 8.9 9.05 87 0 0 0 0 0 0 0 0 0 
2015/12/21 8.95 9.05 8.92 9 193 0 0 0 0 0 0 0 0 0 
2015/12/22 9 9.06 8.95 8.97 54 0 0 0 0 0 0 0 0 0 
2015/12/23 9.19 9.19 8.99 8.99 92 0 0 0 0 0 0 0 0 0 
2015/12/24 9.02 9.08 8.97 8.97 108 0 0 0 0 0 0 0 0 0 
2015/12/25 8.91 9.03 8.88 8.98 95 0 0 0 0 0 0 0 0 0 
2015/12/28 8.93 9 8.92 8.99 39 0 0 0 0 0 0 0 0 0 
2015/12/29 8.93 9 8.93 8.95 83 0 0 0 0 0 0 0 0 0 
2015/12/30 9 9.27 9 9.24 403 0 0 0 0 0 0 0 0 0 
2015/12/31 9.33 9.35 9.26 9.35 327 0 0 0 0 0 0 0 0 0 
2016/01/04 9.39 9.5 9.24 9.24 225 0 0 0 0 0 0 0 0 0 
2016/01/05 9.16 9.16 9.05 9.06 141 0 0 0 0 0 0 0 0 0 
2016/01/06 9.1 9.13 8.91 8.94 172 0 0 0 0 0 0 0 0 0 
2016/01/07 8.61 8.78 8.52 8.63 470 0 0 0 0 0 0 0 0 0 
2016/01/08 8.51 8.82 8.51 8.74 169 0 0 0 0 0 0 0 0 0 
2016/01/11 8.67 8.72 8.52 8.63 154 0 0 0 0 0 0 0 0 0 
2016/01/12 8.64 8.64 8.49 8.49 272 0 0 0 0 0 0 0 0 0 
2016/01/13 8.62 8.65 8.51 8.51 164 0 0 0 0 0 0 0 0 0 
2016/01/14 8.3 8.57 8.3 8.42 143 0 0 0 0 0 0 0 0 0 
2016/01/15 8.57 8.59 8.43 8.5 166 0 0 0 0 0 0 0 0 0 
2016/01/18 8.49 8.85 8.37 8.66 181 0 0 0 0 0 0 0 0 0 
2016/01/19 8.68 8.75 8.61 8.65 125 0 0 0 0 0 0 0 0 0 
2016/01/20 8.65 9 8.65 8.66 340 0 0 0 0 0 0 0 0 0 
2016/01/21 8.74 8.74 8.54 8.54 124 0 0 0 0 0 0 0 0 0 
2016/01/22 8.56 8.63 8.46 8.6 143 0 0 0 0 0 0 0 0 0 
2016/01/25 8.74 8.88 8.71 8.71 161 0 0 0 0 0 0 0 0 0 
2016/01/26 8.71 8.71 8.44 8.55 458 0 0 0 0 0 0 0 0 0 
2016/01/27 8.57 8.68 8.57 8.57 276 0 0 0 0 0 0 0 0 0 
2016/01/28 8.56 8.64 8.55 8.56 111 0 0 0 0 0 0 0 0 0 
2016/01/29 8.65 8.82 8.58 8.75 207 0 0 0 0 0 0 0 0 0 
2016/01/30 8.88 8.88 8.76 8.78 246 0 0 0 0 0 0 0 0 0 
2016/02/01 8.83 9.07 8.83 8.93 340 0 0 0 0 0 0 0 0 0 
2016/02/02 8.87 8.97 8.86 8.89 48 0 0 0 0 0 0 0 0 0 
2016/02/03 8.85 8.85 8.75 8.75 98 0 0 0 0 0 0 0 0 0 
2016/02/15 8.56 8.67 8.52 8.6 203 0 0 0 0 0 0 0 0 0 
2016/02/16 8.63 8.67 8.55 8.65 307 0 0 0 0 0 0 0 0 0 
2016/02/17 8.68 8.71 8.59 8.6 291 0 0 0 0 0 0 0 0 0 
2016/02/18 8.68 8.71 8.63 8.66 249 0 0 0 0 0 0 0 0 0 
2016/02/19 8.7 8.75 8.65 8.7 164 0 0 0 0 0 0 0 0 0 
2016/02/22 8.87 8.87 8.66 8.66 82 8257 3 194 0 9 203 0 23.54 0.04 
2016/02/23 8.67 8.77 8.67 8.69 103 8229 3 203 0 8 211 0 23.46 0.04 
2016/02/24 8.71 8.79 8.7 8.75 121 8227 3 203 0 8 211 0 23.45 0.04 
2016/02/25 8.76 8.8 8.72 8.72 181 8286 3 188 0 8 196 0 23.62 0.04 
2016/02/26 8.79 9.35 8.79 9.25 1812 8161 16 235 0 8 243 429 23.27 0.2 
2016/03/01 9.29 9.37 9.21 9.27 423 8074 5 243 0 5 248 8 23.02 0.06 
2016/03/02 9.27 9.39 9.2 9.21 331 8036 5 210 0 0 210 1 22.91 0.06 
2016/03/03 9.27 9.35 9.22 9.25 240 8089 2 213 0 0 213 2 23.06 0.02 
2016/03/04 9.2 9.3 9.2 9.2 198 8086 2 181 0 2 183 0 23.05 0.02 
2016/03/07 9.25 9.29 9.15 9.2 299 8186 2 160 0 6 166 10 23.34 0.02 
2016/03/08 9.2 9.23 9.15 9.2 225 8271 2 156 0 3 159 1 23.58 0.02 
2016/03/09 9.16 9.2 9.14 9.16 113 8272 2 155 0 3 158 15 23.58 0.02 
2016/03/10 9.17 9.22 9.16 9.19 208 8336 2 154 0 0 154 8 23.76 0.02 
2016/03/11 9.17 9.24 9.16 9.24 266 8352 2 152 0 0 152 0 23.81 0.02 
2016/03/14 9.32 9.34 9.26 9.31 296 8407 2 152 0 0 152 0 23.97 0.02 
2016/03/15 9.39 9.39 9.14 9.15 361 8367 2 151 0 0 151 0 23.85 0.02 
2016/03/16 9.18 9.5 9.18 9.36 409 8350 2 265 0 2 267 2 23.8 0.02 
2016/03/17 9.55 9.7 9.45 9.5 899 8282 2 257 0 1 258 19 23.61 0.02 
2016/03/18 9.52 9.74 9.5 9.51 396 8281 2 213 0 1 214 18 23.61 0.02 
2016/03/21 9.56 9.56 9.44 9.46 278 8247 2 203 0 4 207 0 23.51 0.02 
2016/03/22 9.55 9.57 9.43 9.45 196 8307 2 205 0 4 209 1 23.68 0.02 
2016/03/23 9.45 9.68 9.45 9.51 567 8200 2 197 0 3 200 16 23.38 0.02 
2016/03/24 9.55 9.55 9.46 9.46 153 8124 2 189 0 3 192 0 23.16 0.02 
2016/03/25 9.46 9.53 9.45 9.46 193 8117 2 187 0 3 190 0 23.14 0.02 
2016/03/28 9.53 9.53 9.41 9.43 142 8073 2 174 0 4 178 0 23.02 0.02 
2016/03/29 9.4 9.4 9.2 9.21 205 8103 2 159 0 4 163 0 23.1 0.02 
2016/03/30 9.24 9.29 9.21 9.22 87 8091 2 155 0 4 159 5 23.07 0.02 
2016/03/31 9.26 9.31 9.23 9.27 81 8062 2 155 0 5 160 0 22.98 0.02 
2016/04/01 9.22 9.28 9.22 9.23 57 8065 2 153 0 8 161 0 22.99 0.02 
2016/04/06 9.21 9.35 9.1 9.17 150 8125 2 128 0 2 130 1 23.16 0.02 
2016/04/07 9.18 9.28 9.18 9.2 127 8131 2 123 0 2 125 0 23.18 0.02 
2016/04/08 9.15 9.34 9.15 9.25 139 8121 2 161 0 3 164 0 23.15 0.02 
2016/04/11 9.19 9.34 9.19 9.24 214 8090 0 199 0 19 218 0 23.06 0 
2016/04/12 9.22 9.23 9.17 9.17 234 8134 0 198 0 19 217 2 23.19 0 
2016/04/13 9.25 9.25 9.13 9.17 156 8197 0 184 0 19 203 0 23.37 0 
2016/04/14 9.25 9.25 9.17 9.17 59 8209 0 184 0 19 203 0 23.4 0 
2016/04/15 9.14 9.23 9.13 9.23 60 8214 0 187 0 19 206 0 23.42 0 
2016/04/18 9.2 9.2 9.14 9.16 66 8221 0 171 0 19 190 0 23.44 0 
2016/04/19 9.16 9.23 9.02 9.06 161 8120 0 166 0 20 186 0 23.15 0 
2016/04/20 9.14 9.14 9.01 9.01 194 8071 0 181 0 20 201 8 23.01 0 
2016/04/21 9.03 9.03 8.9 8.93 166 8011 0 162 0 20 182 2 22.84 0 
2016/04/22 8.91 8.98 8.81 8.85 204 7930 0 164 0 20 184 0 22.61 0 
2016/04/25 8.87 8.87 8.79 8.79 82 7918 0 157 0 20 177 0 22.57 0 
2016/04/26 8.81 8.86 8.75 8.82 35 7917 0 170 0 20 190 0 22.57 0 
2016/04/27 8.75 8.8 8.66 8.71 186 7917 0 169 0 12 181 10 22.57 0 
2016/04/28 8.71 8.78 8.68 8.69 144 7903 0 164 0 6 170 0 22.53 0 
2016/04/29 8.7 8.7 8.65 8.67 54 7902 0 165 0 0 165 0 22.53 0 
2016/05/03 8.67 8.72 8.61 8.64 45 7887 0 180 0 0 180 0 22.48 0 
2016/05/04 8.62 8.64 8.57 8.58 96 7878 0 125 0 0 125 0 22.46 0 
2016/05/05 8.57 8.6 8.52 8.6 60 7850 0 137 0 2 139 2 22.38 0 
2016/05/06 8.6 8.6 8.57 8.57 37 7860 0 135 0 2 137 0 22.41 0 
2016/05/09 8.6 8.89 8.6 8.74 54 7886 0 133 0 0 133 0 22.48 0 
2016/05/10 8.68 8.82 8.68 8.69 39 7870 0 133 0 0 133 0 22.44 0 
2016/05/11 8.69 8.7 8.56 8.57 58 7850 0 116 0 0 116 0 22.38 0 
2016/05/12 8.51 8.64 8.42 8.42 154 7889 0 116 0 1 117 0 22.49 0 
2016/05/13 8.4 8.43 8.16 8.23 245 7834 0 105 0 1 106 2 22.33 0 
2016/05/16 8.18 8.23 8.18 8.19 82 7812 0 105 0 3 108 0 22.27 0 
2016/05/17 8.22 8.27 8.16 8.27 105 7799 0 104 0 3 107 4 22.23 0 
2016/05/18 8.2 8.25 8.16 8.19 66 7770 0 107 0 2 109 1 22.15 0 
2016/05/19 8.2 8.23 8.16 8.16 72 7744 0 98 0 3 101 1 22.08 0 
2016/05/20 8.17 8.23 8.17 8.19 99 7726 0 98 0 3 101 0 22.03 0 
2016/05/23 8.27 8.32 8.21 8.32 77 7707 0 120 0 3 123 2 21.97 0 
2016/05/24 8.32 8.32 8.21 8.29 27 7722 0 118 0 3 121 0 22.01 0 
2016/05/25 8.39 8.39 8.35 8.36 32 7719 0 118 0 3 121 0 22.01 0 
2016/05/26 8.37 8.39 8.32 8.39 97 7710 0 115 0 3 118 1 21.98 0 
2016/05/27 8.36 8.45 8.34 8.45 54 7707 0 139 0 3 142 0 21.97 0 
2016/05/30 8.45 8.5 8.36 8.43 56 7701 0 139 0 3 142 0 21.95 0 
2016/05/31 8.5 8.53 8.44 8.48 63 7708 0 139 0 3 142 0 21.97 0 
2016/06/01 8.48 8.53 8.45 8.53 112 7721 0 153 0 3 156 0 22.01 0 
2016/06/02 8.53 8.54 8.43 8.49 64 7732 0 154 0 3 157 0 22.04 0 
2016/06/03 8.45 8.61 8.45 8.59 139 7751 0 227 0 3 230 0 22.1 0 
2016/06/04 8.54 8.57 8.54 8.56 39 7752 0 227 0 3 230 0 22.1 0 
2016/06/06 8.56 8.57 8.28 8.41 97 7759 0 197 0 3 200 34 22.12 0 
2016/06/07 8.41 8.52 8.41 8.45 87 7756 0 229 0 8 237 0 22.11 0 
2016/06/08 8.48 8.48 8.42 8.43 50 7754 0 206 0 8 214 0 22.11 0 
2016/06/13 8.43 8.46 8.42 8.42 57 7744 0 199 0 8 207 1 22.08 0 
2016/06/14 8.42 8.47 8.38 8.39 25 7747 0 202 0 11 213 0 22.09 0 
2016/06/15 8.49 8.53 8.46 8.46 39 7731 0 203 0 12 215 0 22.04 0 
2016/06/16 8.4 8.5 8.4 8.48 45 7742 0 202 0 12 214 0 22.07 0 
2016/06/17 8.52 8.59 8.49 8.49 116 7739 0 197 0 14 211 0 22.06 0 
2016/06/20 8.56 8.56 8.54 8.55 44 7712 0 196 0 21 217 0 21.99 0 
2016/06/21 8.55 8.56 8.5 8.56 89 7675 0 196 0 21 217 0 21.88 0 
2016/06/22 8.57 8.68 8.54 8.61 172 7614 0 200 0 21 221 0 21.71 0 
2016/06/23 8.67 8.72 8.62 8.72 86 7598 0 200 0 21 221 0 21.66 0 
2016/06/24 8.7 8.72 8.49 8.69 207 7538 0 164 0 21 185 0 21.49 0 
2016/06/27 8.65 8.68 8.61 8.67 34 7542 0 157 0 21 178 0 21.5 0 
2016/06/28 8.65 8.7 8.45 8.67 87 7534 0 148 0 21 169 7 21.48 0 
2016/06/29 8.67 8.74 8.67 8.72 96 7564 0 149 0 21 170 0 21.56 0 
2016/06/30 8.75 8.75 8.65 8.71 85 7532 0 137 0 18 155 0 21.47 0 
2016/07/01 8.7 8.8 8.67 8.73 235 7531 0 140 0 18 158 0 21.47 0 
2016/07/04 8.71 8.83 8.71 8.78 43 7533 0 151 0 18 169 0 21.48 0 
2016/07/05 8.87 8.88 8.8 8.88 194 7519 0 142 0 14 156 10 21.44 0 
2016/07/06 8.95 8.95 8.8 8.88 157 7507 0 116 0 14 130 0 21.4 0 
2016/07/07 8.94 9.41 8.94 9.3 1148 7579 0 157 0 14 171 71 21.61 0 
2016/07/11 9.3 9.37 9.14 9.16 307 7452 0 157 0 14 171 2 21.24 0 
2016/07/12 9.18 9.27 9.15 9.15 178 7445 0 157 0 13 170 0 21.22 0 
2016/07/13 9.16 9.25 9.15 9.16 298 7486 0 157 0 13 170 0 21.34 0 
2016/07/14 9.18 9.26 9.18 9.21 339 7514 0 177 0 13 190 0 21.42 0 
2016/07/15 9.32 9.33 9.16 9.2 887 7587 0 117 0 14 131 0 21.63 0 
2016/07/18 8.71 8.75 8.5 8.6 195 7590 0 107 0 13 120 6 21.64 0 
2016/07/19 8.6 8.64 8.6 8.6 122 7578 0 107 0 18 125 1 21.6 0 
2016/07/20 8.57 8.63 8.55 8.63 124 7568 0 107 0 21 128 0 21.58 0 
2016/07/21 8.63 8.64 8.56 8.64 59 7564 0 108 0 30 138 0 21.56 0 
2016/07/22 8.66 8.74 8.64 8.64 54 7544 0 105 0 30 135 0 21.51 0 
2016/07/25 8.65 8.71 8.62 8.62 69 7535 0 100 0 30 130 0 21.48 0 
2016/07/26 8.62 8.65 8.57 8.65 126 7491 0 100 0 30 130 0 21.36 0 
2016/07/27 8.62 8.65 8.58 8.62 84 7480 0 100 0 31 131 0 21.32 0 
2016/07/28 8.65 9.24 8.65 9.15 2429 7151 9 189 0 30 219 323 20.39 0.13 
2016/07/29 9.18 9.18 9.02 9.05 350 7099 0 177 0 30 207 15 20.24 0 
2016/08/01 9.05 9.14 8.98 9 185 7110 0 173 0 30 203 0 20.27 0 
2016/08/02 9.1 9.24 8.96 9.23 404 7127 0 171 0 30 201 7 20.32 0 
2016/08/03 9.19 9.29 9.1 9.11 334 7122 0 155 0 29 184 6 20.3 0 
2016/08/04 9.15 9.27 9.06 9.18 293 7130 0 133 0 24 157 0 20.33 0 
2016/08/05 9.2 9.25 9.15 9.15 247 7180 0 117 0 24 141 0 20.47 0 
2016/08/08 9.25 9.25 9.17 9.17 96 7175 0 133 0 25 158 0 20.45 0 
2016/08/09 9.11 9.21 9.1 9.13 221 7176 0 137 0 27 164 8 20.46 0 
2016/08/10 9.11 9.15 9.05 9.08 163 7198 0 138 0 27 165 3 20.52 0 
2016/08/11 9.1 9.15 9.02 9.1 31 7200 0 139 0 27 166 0 20.53 0 
2016/08/12 9.15 9.15 9.03 9.09 128 7206 0 122 0 27 149 0 20.54 0 
2016/08/15 9.05 9.1 8.95 9.09 183 7232 0 122 0 26 148 5 20.62 0 
2016/08/16 9.09 9.09 8.9 9.02 116 7244 0 122 0 27 149 2 20.65 0 
2016/08/17 8.94 9.05 8.9 9.05 138 7240 0 138 0 26 164 12 20.64 0 
2016/08/18 9 9.03 8.9 8.95 98 7259 0 137 0 26 163 6 20.69 0 
2016/08/19 8.86 9.05 8.86 9 347 7257 0 133 0 24 157 11 20.69 0 
2016/08/22 8.93 9.09 8.93 8.98 45 7252 0 124 0 24 148 0 20.67 0 
2016/08/23 8.94 9.03 8.94 9 96 7251 0 128 0 24 152 0 20.67 0 
2016/08/24 8.9 9.01 8.9 8.91 41 7244 0 126 0 24 150 0 20.65 0 
2016/08/25 8.91 9.07 8.87 8.91 92 7247 0 129 0 25 154 1 20.66 0 
2016/08/26 8.99 8.99 8.91 8.99 56 7244 0 132 0 25 157 0 20.65 0 
2016/08/29 8.89 9.04 8.89 8.98 17 7243 0 139 0 23 162 1 20.65 0 
2016/08/30 8.98 8.99 8.91 8.99 30 7237 0 138 0 23 161 0 20.63 0 
2016/08/31 9.04 9.05 8.92 9.05 85 7241 0 138 0 21 159 0 20.64 0 
2016/09/01 8.96 9.05 8.88 8.88 139 7239 0 138 0 20 158 7 20.64 0 
2016/09/02 9 9 8.82 8.87 48 7245 0 140 0 21 161 0 20.65 0 
2016/09/05 8.82 8.92 8.8 8.81 27 7241 0 142 0 21 163 2 20.64 0 
2016/09/06 8.92 8.97 8.81 8.81 158 7146 0 139 0 18 157 1 20.37 0 
2016/09/07 8.98 8.98 8.82 8.82 40 7149 0 135 0 19 154 0 20.38 0 
2016/09/08 8.71 8.79 8.71 8.72 112 7117 0 135 0 19 154 5 20.29 0 
2016/09/09 8.7 8.74 8.68 8.69 88 7112 0 141 0 19 160 0 20.28 0 
2016/09/10 8.65 8.74 8.61 8.73 74 7114 0 141 0 18 159 2 20.28 0 
2016/09/12 8.63 8.7 8.62 8.62 33 7116 0 141 0 18 159 5 20.29 0 
2016/09/13 8.62 8.69 8.51 8.51 76 7121 0 127 0 18 145 2 20.3 0 
2016/09/14 8.59 8.59 8.51 8.53 11 7122 0 127 0 18 145 0 20.3 0 
2016/09/19 8.63 8.64 8.51 8.59 29 7114 0 126 0 20 146 0 20.28 0 
2016/09/20 8.6 8.63 8.56 8.6 31 7123 0 119 0 19 138 0 20.31 0 
2016/09/21 8.63 8.89 8.58 8.8 112 7096 1 206 0 19 225 1 20.23 0.01 
2016/09/22 8.8 8.8 8.74 8.74 9 7096 0 206 0 19 225 0 20.23 0 
2016/09/23 8.74 8.8 8.68 8.69 40 7111 0 179 0 20 199 1 20.27 0 
2016/09/26 8.74 8.74 8.67 8.7 79 7102 0 174 0 20 194 0 20.25 0 
2016/09/29 8.68 8.7 8.61 8.63 101 7091 0 174 0 20 194 0 20.22 0 
2016/09/30 8.61 8.73 8.6 8.69 34 7091 0 174 0 19 193 0 20.22 0 
2016/10/03 8.69 8.69 8.64 8.65 15 7095 0 169 0 19 188 0 20.23 0 
2016/10/04 8.65 8.65 8.58 8.64 28 7093 0 158 0 19 177 0 20.22 0 
2016/10/05 8.64 8.69 8.56 8.58 28 7095 0 159 0 19 178 3 20.23 0 
2016/10/06 8.55 8.66 8.55 8.6 114 7098 0 159 0 19 178 0 20.24 0 
2016/10/07 8.57 8.68 8.57 8.67 123 7183 0 157 0 13 170 2 20.48 0 
2016/10/11 8.6 8.6 8.45 8.55 79 7190 0 153 0 13 166 0 20.5 0 
2016/10/12 8.63 8.63 8.45 8.46 13 7189 0 153 0 14 167 0 20.49 0 
2016/10/13 8.46 8.46 8.39 8.39 29 7194 0 153 0 14 167 1 20.51 0 
2016/10/14 8.28 8.38 8.21 8.21 178 7109 0 153 0 13 166 6 20.27 0 
2016/10/17 8.29 8.3 8.2 8.25 19 7106 0 153 0 13 166 0 20.26 0 
2016/10/18 8.14 8.46 8.14 8.34 274 7211 0 145 0 13 158 5 20.56 0 
2016/10/19 8.27 8.42 8.27 8.34 48 7204 0 145 0 10 155 0 20.54 0 
2016/10/20 8.27 8.42 8.25 8.41 102 7233 0 142 0 0 142 0 20.62 0 
2016/10/21 8.43 8.43 8.3 8.31 129 7290 0 133 0 0 133 32 20.78 0 
2016/10/24 8.41 8.42 8.31 8.32 73 7323 0 133 0 0 133 0 20.88 0 
2016/10/25 8.32 8.37 8.3 8.31 35 7317 0 133 0 0 133 0 20.86 0 
2016/10/26 8.3 8.37 8.3 8.37 31 7274 0 133 0 0 133 0 20.74 0 
2016/10/27 8.31 8.31 8.2 8.2 219 7264 0 132 0 0 132 4 20.71 0 
2016/10/28 8.2 8.27 8.2 8.27 81 7220 0 129 0 0 129 0 20.58 0 
2016/10/31 8.27 8.29 8.22 8.27 7 7219 1 130 0 0 130 0 20.58 0.01 
2016/11/01 8.2 8.2 8.18 8.18 62 7168 0 130 0 0 130 0 20.44 0 
2016/11/02 8.18 8.26 8.18 8.22 80 7179 0 131 0 17 148 0 20.47 0 
2016/11/03 8.14 8.23 8.12 8.12 89 7119 0 132 0 21 153 2 20.3 0 
2016/11/04 8.1 8.17 8.1 8.12 49 7113 0 133 0 21 154 0 20.28 0 
2016/11/07 8.12 8.16 8.12 8.13 42 7079 0 133 0 25 158 0 20.18 0 
2016/11/08 8.18 8.18 8.09 8.16 149 7084 0 132 0 25 157 2 20.2 0 
2016/11/09 8.23 8.23 7.92 7.92 185 7064 0 126 0 1 127 0 20.14 0 
2016/11/10 7.94 8.03 7.94 8 80 7063 0 128 0 0 128 0 20.14 0 
2016/11/11 8.02 8.15 7.95 7.97 45 7059 0 126 0 0 126 2 20.12 0 
2016/11/14 7.92 7.92 7.82 7.9 127 7028 0 128 0 0 128 0 20.04 0 
2016/11/15 7.82 8.01 7.82 7.93 55 7018 0 122 0 0 122 1 20.01 0 
2016/11/16 8.02 8.15 8 8.1 83 7036 0 121 0 0 121 0 20.06 0 
2016/11/17 8.17 8.17 8.05 8.05 69 7009 0 118 0 1 119 0 19.98 0 
2016/11/18 8.16 8.34 8.16 8.22 339 6956 0 122 0 0 122 56 19.83 0 
2016/11/21 8.22 8.23 8.16 8.23 64 6963 0 122 0 2 124 0 19.85 0 
2016/11/22 8.29 8.34 8.23 8.27 51 6946 0 119 0 2 121 0 19.8 0 
2016/11/23 8.28 8.3 8.17 8.24 95 6975 0 117 0 2 119 9 19.88 0 
2016/11/24 8.19 8.23 8.17 8.18 65 6911 0 118 0 2 120 0 19.7 0 
2016/11/25 8.15 8.29 8.13 8.26 156 6894 0 120 0 2 122 0 19.65 0 
2016/11/28 8.28 8.45 8.28 8.36 164 6891 0 120 0 2 122 6 19.65 0 
2016/11/29 8.35 8.35 8.22 8.28 65 6907 0 120 0 2 122 0 19.69 0 
2016/11/30 8.29 8.34 8.26 8.28 49 6899 0 119 0 2 121 0 19.67 0 
2016/12/01 8.28 8.58 8.28 8.42 236 6995 0 117 0 2 119 3 19.94 0 
2016/12/02 8.44 8.71 8.44 8.55 228 6993 0 117 0 2 119 22 19.94 0 
2016/12/05 8.55 8.55 8.39 8.44 58 6958 0 117 0 3 120 1 19.84 0 
2016/12/06 8.5 8.51 8.41 8.49 108 6938 0 124 0 5 129 1 19.78 0 
2016/12/07 8.52 8.53 8.38 8.43 140 6957 0 123 0 15 138 2 19.83 0 
2016/12/08 8.5 8.68 8.42 8.61 162 7027 1 135 0 15 150 11 20.03 0.01 
2016/12/09 8.54 8.6 8.48 8.56 64 6987 0 134 0 15 149 1 19.92 0 
2016/12/12 8.68 8.68 8.48 8.62 134 6926 0 134 0 23 157 14 19.75 0 
2016/12/13 8.52 8.58 8.51 8.52 26 6926 0 134 0 23 157 0 19.75 0 
2016/12/14 8.55 8.73 8.55 8.65 175 6952 0 128 0 23 151 4 19.82 0 
2016/12/15 8.55 8.59 8.52 8.53 60 6941 0 125 0 23 148 7 19.79 0 
2016/12/16 8.53 8.59 8.48 8.48 101 6917 0 125 0 30 155 0 19.72 0 
2016/12/19 8.45 8.53 8.41 8.48 125 6917 0 124 0 31 155 0 19.72 0 
2016/12/20 8.48 8.54 8.46 8.54 79 6926 0 124 0 35 159 0 19.75 0 
2016/12/21 8.5 8.54 8.43 8.5 108 6892 0 122 0 35 157 2 19.65 0 
2016/12/22 8.43 8.59 8.41 8.49 53 6861 0 122 0 36 158 3 19.56 0 
2016/12/23 8.43 8.47 8.38 8.38 114 6815 0 122 0 36 158 0 19.43 0 
2016/12/26 8.37 8.38 8.31 8.31 56 6698 0 122 0 36 158 0 19.1 0 
2016/12/27 8.3 8.4 8.22 8.4 79 6663 0 122 0 37 159 2 19 0 
2016/12/28 8.33 8.57 8.31 8.57 53 6677 0 122 0 37 159 4 19.04 0 
2016/12/29 8.5 8.51 8.4 8.51 54 6675 0 122 0 37 159 7 19.03 0 
2016/12/30 8.48 8.54 8.47 8.52 94 6686 0 122 0 37 159 4 19.06 0 
2017/01/03 8.5 8.5 8.41 8.46 29 6670 0 122 0 37 159 0 19.02 0 
2017/01/04 8.38 8.5 8.38 8.5 99 6635 0 119 0 37 156 1 18.92 0 
2017/01/05 8.49 8.49 8.43 8.48 17 6622 0 120 0 37 157 0 18.88 0 
2017/01/06 8.55 8.55 8.4 8.47 39 6621 0 120 0 37 157 1 18.88 0 
2017/01/09 8.41 8.42 8.37 8.38 50 6649 0 120 0 37 157 4 18.96 0 
2017/01/10 8.38 8.38 8.26 8.38 56 6613 0 115 0 38 153 8 18.85 0 
2017/01/11 8.36 8.43 8.36 8.39 151 6591 0 115 0 37 152 0 18.79 0 
2017/01/12 8.42 8.52 8.42 8.48 148 6558 0 115 0 37 152 1 18.7 0 
2017/01/13 8.43 8.47 8.4 8.45 120 6555 0 115 0 37 152 0 18.69 0 
2017/01/16 8.41 8.41 8.35 8.41 25 6552 0 115 0 37 152 0 18.68 0 
2017/01/17 8.35 8.46 8.31 8.42 83 6510 2 115 0 37 152 6 18.56 0.03 
2017/01/18 8.42 8.57 8.35 8.47 221 6518 0 180 0 35 215 16 18.58 0 
2017/01/19 8.56 8.56 8.41 8.49 39 6502 0 178 0 34 212 0 18.54 0 
2017/01/20 8.51 8.53 8.42 8.43 119 6473 0 184 0 34 218 4 18.45 0 
2017/01/23 8.43 8.5 8.42 8.45 83 6420 0 184 0 34 218 0 18.3 0 
2017/01/24 8.44 8.52 8.44 8.5 314 6313 0 184 0 34 218 3 18 0 
2017/02/02 8.58 8.62 8.55 8.57 471 6068 0 184 0 34 218 0 17.3 0 
2017/02/03 8.62 8.68 8.58 8.61 256 6093 0 153 0 34 187 5 17.37 0 
2017/02/06 8.68 8.76 8.68 8.74 286 6085 0 154 0 34 188 2 17.35 0 
2017/02/07 8.78 8.78 8.73 8.74 175 6079 0 173 0 34 207 0 17.33 0 
2017/02/08 8.8 8.87 8.77 8.83 358 6214 0 188 0 34 222 3 17.72 0 
2017/02/09 8.85 8.99 8.76 8.76 363 6244 0 177 0 33 210 6 17.8 0 
2017/02/10 8.85 8.85 8.74 8.74 225 6220 0 173 0 33 206 3 17.73 0 
2017/02/13 8.76 8.76 8.71 8.73 66 6236 0 173 0 33 206 0 17.78 0 
2017/02/14 8.75 8.79 8.72 8.75 198 6278 0 173 0 33 206 0 17.9 0 
2017/02/15 8.76 8.81 8.75 8.79 152 6283 0 191 0 33 224 0 17.91 0 
2017/02/16 8.74 8.8 8.71 8.71 194 6273 0 190 0 33 223 3 17.88 0 
2017/02/17 8.7 8.81 8.7 8.71 192 6361 0 192 0 33 225 1 18.13 0 
2017/02/18 8.77 8.77 8.69 8.7 47 6368 0 192 0 33 225 0 18.15 0 
2017/02/20 8.7 8.75 8.6 8.68 146 6319 0 191 0 33 224 0 18.01 0 
2017/02/21 8.68 8.68 8.62 8.66 130 6294 0 191 0 33 224 2 17.94 0 
2017/02/22 8.67 8.76 8.65 8.72 210 6374 0 191 0 33 224 0 18.17 0 
2017/02/23 8.7 8.71 8.66 8.67 90 6386 0 189 0 33 222 0 18.21 0 
2017/02/24 8.7 8.7 8.6 8.63 131 6339 0 188 0 33 221 0 18.07 0 
2017/03/01 8.64 8.69 8.61 8.69 31 6326 0 188 0 33 221 0 18.03 0 
2017/03/02 8.69 8.69 8.65 8.65 37 6335 0 184 0 33 217 0 18.06 0 
2017/03/03 8.64 8.68 8.6 8.63 48 6339 0 183 0 33 216 0 18.07 0 
2017/03/06 8.7 8.89 8.69 8.77 605 6273 0 164 0 33 197 34 17.88 0 
2017/03/07 8.77 8.94 8.77 8.84 221 6223 0 156 0 33 189 1 17.74 0 
2017/03/08 8.9 8.9 8.77 8.78 241 6194 0 156 0 33 189 6 17.66 0 
2017/03/09 8.78 8.79 8.71 8.73 90 6196 0 155 0 33 188 0 17.66 0 
2017/03/10 8.73 8.73 8.65 8.65 57 6193 0 155 0 33 188 0 17.66 0 
2017/03/13 8.66 8.78 8.66 8.71 31 6193 0 155 0 33 188 0 17.66 0 
2017/03/14 8.71 8.74 8.63 8.66 95 6211 0 157 0 33 190 0 17.71 0 
2017/03/15 8.66 8.68 8.61 8.67 131 6244 0 157 0 33 190 1 17.8 0 
2017/03/16 8.74 8.74 8.66 8.67 66 6224 0 163 0 35 198 0 17.74 0 
2017/03/17 8.69 8.73 8.68 8.68 98 6206 0 166 0 35 201 0 17.69 0 
2017/03/20 8.68 8.75 8.66 8.72 66 6202 0 168 0 35 203 0 17.68 0 
2017/03/21 8.72 8.72 8.67 8.7 47 6182 0 168 0 35 203 0 17.62 0 
2017/03/22 8.66 8.69 8.61 8.62 79 6184 0 161 0 35 196 0 17.63 0 
2017/03/23 8.71 8.71 8.64 8.7 95 6170 0 159 0 35 194 0 17.59 0 
2017/03/24 8.79 8.79 8.66 8.68 139 6121 0 157 0 35 192 2 17.45 0 
2017/03/27 8.68 8.73 8.61 8.61 97 6109 0 163 0 35 198 0 17.42 0 
2017/03/28 8.63 8.69 8.55 8.55 86 6087 0 167 0 35 202 0 17.35 0 
2017/03/29 8.55 8.59 8.45 8.47 172 6088 0 167 0 35 202 0 17.36 0 
2017/03/30 8.45 8.49 8.42 8.46 105 6086 0 164 0 35 199 0 17.35 0 
2017/03/31 8.46 8.49 8.44 8.46 116 6087 0 170 0 35 205 0 17.35 0 
2017/04/05 8.46 8.47 8.41 8.42 103 6122 0 170 0 35 205 0 17.45 0 
2017/04/06 8.42 8.44 8.4 8.44 129 6075 0 170 0 36 206 0 17.32 0 
2017/04/07 8.44 8.5 8.43 8.48 51 6083 0 172 0 36 208 0 17.34 0 
2017/04/10 8.55 8.55 8.48 8.5 112 6084 0 161 0 36 197 0 17.34 0 
2017/04/11 8.5 8.5 8.45 8.5 164 6058 0 141 0 36 177 0 17.27 0 
2017/04/12 8.5 8.56 8.47 8.5 258 5988 0 141 0 36 177 0 17.07 0 
2017/04/13 8.44 8.49 8.44 8.48 6 5990 0 141 0 36 177 0 17.08 0 
2017/04/14 8.5 8.5 8.39 8.39 191 5909 0 141 0 36 177 0 16.85 0 
2017/04/17 8.42 8.5 8.42 8.44 246 5864 0 141 0 36 177 0 16.72 0 
2017/04/18 8.5 8.54 8.48 8.5 165 5868 0 145 0 36 181 0 16.73 0 
2017/04/19 8.52 8.58 8.45 8.5 112 5862 0 141 0 36 177 0 16.71 0 
2017/04/20 8.5 8.51 8.46 8.48 141 5842 0 141 0 36 177 0 16.65 0 
2017/04/21 8.46 8.55 8.46 8.5 7 5841 0 141 0 36 177 0 16.65 0 
2017/04/24 8.5 8.57 8.5 8.51 57 5818 0 141 0 36 177 0 16.59 0 
2017/04/25 8.55 8.55 8.5 8.51 35 5809 0 141 0 36 177 0 16.56 0 
2017/04/26 8.5 8.57 8.5 8.51 63 5792 0 142 0 36 178 0 16.51 0 
2017/04/27 8.57 8.57 8.5 8.5 32 5791 0 142 0 36 178 0 16.51 0 
2017/04/28 8.55 8.55 8.48 8.5 96 5789 0 142 0 36 178 0 16.5 0 
2017/05/02 8.54 8.54 8.5 8.5 57 5784 0 142 0 36 178 0 16.49 0 
2017/05/03 8.54 8.54 8.5 8.52 52 5774 0 142 0 36 178 0 16.46 0 
2017/05/04 8.53 8.54 8.53 8.54 75 5773 0 142 0 36 178 0 16.46 0 
2017/05/05 8.57 8.57 8.34 8.54 29 5779 0 138 0 36 174 0 16.48 0 
2017/05/08 8.44 8.51 8.44 8.5 27 5774 0 139 0 36 175 0 16.46 0 
2017/05/09 8.56 8.56 8.45 8.54 146 5792 0 139 0 36 175 0 16.51 0 
2017/05/10 8.57 8.57 8.43 8.46 32 5792 0 138 0 36 174 2 16.51 0 
2017/05/11 8.55 8.55 8.43 8.43 116 5793 0 138 0 36 174 0 16.52 0 
2017/05/12 8.4 8.41 8.36 8.37 122 5797 0 138 0 36 174 0 16.53 0 
2017/05/15 8.53 8.53 8.29 8.29 126 5821 0 138 0 37 175 0 16.59 0 
2017/05/16 8.3 8.4 8.3 8.37 54 5848 0 139 0 37 176 0 16.67 0 
2017/05/17 8.37 8.37 8.31 8.37 32 5851 0 139 0 37 176 0 16.68 0 
2017/05/18 8.33 8.33 8.31 8.31 7 5855 0 138 0 37 175 0 16.69 0 
2017/05/19 8.4 8.4 8.29 8.29 71 5867 0 138 0 38 176 0 16.73 0 
2017/05/22 8.3 8.3 8.28 8.29 37 5868 0 138 0 38 176 0 16.73 0 
2017/05/23 8.26 8.36 8.26 8.26 46 5856 0 138 0 37 175 0 16.69 0 
2017/05/24 8.36 8.39 8.27 8.39 55 5850 0 138 0 36 174 0 16.68 0 
2017/05/25 8.39 8.59 8.34 8.59 88 5843 0 122 0 36 158 0 16.66 0 
2017/05/26 8.46 8.6 8.4 8.6 202 5829 0 102 0 36 138 4 16.62 0 
2017/05/31 8.49 8.56 8.42 8.44 51 5808 0 102 0 36 138 0 16.56 0 
2017/06/01 8.44 8.44 8.4 8.4 41 5822 0 102 0 36 138 0 16.6 0 
2017/06/02 8.4 8.45 8.37 8.45 36 5829 0 102 0 36 138 0 16.62 0 
2017/06/03 8.35 8.44 8.35 8.44 124 5833 0 102 0 36 138 0 16.63 0 
2017/06/05 8.48 8.48 8.42 8.42 6 5833 0 102 0 36 138 0 16.63 0 
2017/06/06 8.42 8.54 8.41 8.47 61 5827 0 93 0 36 129 0 16.61 0 
2017/06/07 8.45 8.52 8.45 8.48 23 5817 0 93 0 36 129 0 16.58 0 
2017/06/08 8.43 8.46 8.4 8.41 21 5820 0 93 0 37 130 0 16.59 0 
2017/06/09 8.41 8.41 8.37 8.37 61 5831 0 92 0 37 129 0 16.62 0 
2017/06/12 8.37 8.49 8.37 8.41 56 5849 0 92 0 36 128 0 16.67 0 
2017/06/13 8.39 8.4 8.39 8.39 21 5850 0 92 0 36 128 0 16.68 0 
2017/06/14 8.44 8.44 8.35 8.39 49 5829 0 92 0 36 128 0 16.62 0 
2017/06/15 8.39 8.39 8.35 8.35 24 5837 0 92 0 36 128 0 16.64 0 
2017/06/16 8.35 8.35 8.32 8.32 64 5817 0 92 0 40 132 0 16.58 0 
2017/06/19 8.34 8.38 8.34 8.35 52 5813 0 92 0 41 133 0 16.57 0 
2017/06/20 8.38 8.39 8.3 8.35 84 5839 0 92 0 44 136 0 16.65 0 
2017/06/21 8.37 8.37 8.3 8.36 36 5839 0 96 0 45 141 0 16.65 0 
2017/06/22 8.33 8.37 8.31 8.37 47 5831 0 96 0 45 141 0 16.62 0 
2017/06/23 8.4 8.41 8.37 8.37 86 5851 0 96 0 45 141 0 16.68 0 
2017/06/26 8.41 8.42 8.38 8.38 61 5847 0 96 0 56 152 0 16.67 0 
2017/06/27 8.35 8.39 8.35 8.39 62 5846 0 114 0 56 170 0 16.67 0 
2017/06/28 8.42 8.42 8.39 8.39 92 5850 0 129 0 56 185 0 16.68 0 
2017/06/29 8.4 8.45 8.4 8.42 133 5920 0 131 0 56 187 0 16.88 0 
2017/06/30 8.41 8.45 8.41 8.45 102 5928 0 131 0 49 180 0 16.9 0 
2017/07/03 8.46 8.5 8.45 8.46 174 5930 0 105 0 49 154 0 16.91 0 
2017/07/04 8.24 8.27 8.18 8.18 143 5890 0 105 0 49 154 0 16.79 0 
2017/07/05 8.18 8.22 8.18 8.2 142 5853 0 101 0 49 150 0 16.69 0 
2017/07/06 8.21 8.22 8.21 8.21 41 5825 0 101 0 49 150 0 16.61 0 
2017/07/07 8.21 8.23 8.2 8.21 80 5826 0 101 0 49 150 0 16.61 0 
2017/07/10 8.21 8.21 8.2 8.2 85 5826 0 101 0 49 150 0 16.61 0 
2017/07/11 8.18 8.21 8.16 8.2 155 5808 0 101 0 52 153 0 16.56 0 
2017/07/12 8.22 8.24 8.2 8.21 120 5818 0 101 0 48 149 0 16.59 0 
2017/07/13 8.2 8.24 8.2 8.24 103 5834 0 101 0 48 149 0 16.63 0 
2017/07/14 8.22 8.26 8.22 8.22 109 5832 0 101 0 49 150 0 16.63 0 
2017/07/17 8.26 8.26 8.23 8.23 78 5829 0 101 0 49 150 0 16.62 0 
2017/07/18 8.24 8.25 8.22 8.24 36 5821 0 101 0 49 150 0 16.59 0 
2017/07/19 8.23 8.24 8.21 8.24 20 5817 0 101 0 49 150 0 16.58 0 
2017/07/20 8.2 8.22 8.2 8.21 21 5815 0 101 0 49 150 0 16.58 0 
2017/07/21 8.21 8.22 8.16 8.22 114 5745 0 101 0 49 150 0 16.38 0 
2017/07/24 8.12 8.21 8.12 8.21 96 5738 0 101 0 49 150 0 16.36 0 
2017/07/25 8.21 8.21 8.2 8.2 82 5738 0 101 0 49 150 0 16.36 0 
2017/07/26 8.23 8.23 8.19 8.19 67 5738 0 101 0 49 150 0 16.36 0 
2017/07/27 8.2 8.22 8.2 8.22 97 5723 0 101 0 49 150 0 16.32 0 
2017/07/28 8.21 8.21 8.2 8.21 43 5714 0 101 0 49 150 0 16.29 0 
2017/07/31 8.21 8.22 8.2 8.21 88 5713 0 101 0 49 150 0 16.29 0 
2017/08/01 8.2 8.28 8.2 8.28 142 5752 0 112 0 49 161 0 16.4 0 
2017/08/02 8.28 8.28 8.2 8.22 61 5768 0 110 0 46 156 0 16.44 0 
2017/08/03 8.22 8.23 8.18 8.23 73 5769 0 110 0 46 156 0 16.45 0 
2017/08/04 8.23 8.23 8.2 8.23 22 5767 0 110 0 46 156 0 16.44 0 
2017/08/07 8.23 8.25 8.23 8.23 27 5759 0 134 0 46 180 0 16.42 0 
2017/08/08 8.23 8.24 8.23 8.23 139 5756 0 239 0 46 285 0 16.41 0 
2017/08/09 8.23 8.24 8.23 8.23 167 5784 0 373 0 36 409 0 16.49 0 
2017/08/10 8.24 8.34 8.2 8.21 68 5747 0 399 0 36 435 0 16.38 0 
2017/08/11 8.18 8.27 8.18 8.23 90 5713 0 444 0 36 480 0 16.29 0 
2017/08/14 8.27 8.27 8.23 8.23 52 5702 0 492 0 36 528 0 16.26 0 
2017/08/15 8.23 8.23 8.2 8.2 114 5694 0 566 0 36 602 0 16.23 0 
2017/08/16 8.25 8.25 8.2 8.2 58 5698 0 566 0 36 602 0 16.24 0 
2017/08/17 8.26 8.26 8.2 8.21 108 5679 0 566 0 36 602 0 16.19 0 
2017/08/18 8.19 8.22 8.19 8.21 117 5682 0 566 0 36 602 0 16.2 0 
2017/08/21 8.21 8.21 8.19 8.21 128 5685 0 566 0 36 602 0 16.21 0 
2017/08/22 8.2 8.45 8.19 8.24 511 5677 0 716 0 36 752 5 16.18 0 
2017/08/23 8.25 8.25 8.21 8.25 71 5688 0 707 0 36 743 0 16.22 0 
2017/08/24 8.25 8.25 8.23 8.25 34 5688 0 707 0 36 743 0 16.22 0 
2017/08/25 8.24 8.54 8.22 8.3 726 5700 0 857 0 36 893 0 16.25 0 
2017/08/28 8.35 8.41 8.32 8.4 183 5709 0 856 0 36 892 0 16.28 0 
2017/08/29 8.4 8.4 8.33 8.39 41 5716 0 850 0 36 886 0 16.3 0 
2017/08/30 8.39 8.39 8.32 8.39 46 5715 0 839 0 36 875 0 16.29 0 
2017/08/31 8.34 8.35 8.32 8.35 49 5725 0 834 0 36 870 0 16.32 0 
2017/09/01 8.35 8.58 8.25 8.45 1062 5822 0 912 0 36 948 25 16.6 0 
2017/09/04 8.44 8.58 8.44 8.52 238 5889 0 944 0 36 980 0 16.79 0 
2017/09/05 8.55 8.56 8.46 8.55 168 5876 0 984 0 36 1020 0 16.75 0 
2017/09/06 8.5 8.8 8.5 8.58 319 5868 0 953 0 36 989 0 16.73 0 
2017/09/07 8.6 8.64 8.56 8.64 194 5930 0 886 0 36 922 0 16.91 0 
2017/09/08 8.65 8.75 8.64 8.64 150 5930 0 878 0 36 914 0 16.91 0 
2017/09/11 8.64 8.64 8.5 8.59 176 5963 0 874 0 36 910 0 17 0 
2017/09/12 8.5 8.59 8.45 8.45 55 5976 0 857 0 36 893 0 17.04 0 
2017/09/13 8.45 8.6 8.45 8.51 79 5977 0 849 0 36 885 0 17.04 0 
2017/09/14 8.5 8.51 8.41 8.5 49 5982 0 843 0 36 879 0 17.05 0 
2017/09/15 8.5 8.68 8.41 8.58 86 5966 0 843 0 36 879 0 17.01 0 
2017/09/18 8.57 8.71 8.52 8.71 211 5947 0 831 0 36 867 2 16.95 0 
2017/09/19 8.69 8.69 8.55 8.59 129 5937 0 796 0 37 833 0 16.93 0 
2017/09/20 8.59 8.62 8.56 8.57 20 5932 0 794 0 37 831 0 16.91 0 
2017/09/21 8.57 8.6 8.5 8.54 198 5940 0 793 0 37 830 0 16.93 0 
2017/09/22 8.49 8.61 8.45 8.54 42 5935 0 788 0 36 824 0 16.92 0 
2017/09/25 8.46 8.66 8.33 8.56 981 5906 2 1017 0 37 1054 4 16.84 0.03 
2017/09/26 8.45 8.53 8.4 8.4 87 5914 0 980 0 37 1017 0 16.86 0 
2017/09/27 8.49 8.49 8.36 8.45 27 5918 0 975 0 37 1012 0 16.87 0 
2017/09/28 8.45 8.48 8.39 8.39 70 5960 0 935 0 37 972 0 16.99 0 
2017/09/29 8.39 8.49 8.36 8.47 29 5963 0 927 0 36 963 0 17 0 
2017/09/30 8.48 8.5 8.39 8.39 33 5966 0 927 0 36 963 0 17.01 0 
2017/10/02 8.39 8.57 8.39 8.45 88 5967 0 926 0 36 962 0 17.01 0 
2017/10/03 8.43 8.48 8.38 8.38 32 5969 0 905 0 36 941 0 17.02 0 
2017/10/05 8.4 8.42 8.33 8.4 136 5962 1 851 0 37 888 0 17 0.02 
2017/10/06 8.4 8.57 8.4 8.54 155 5987 1 805 0 36 841 0 17.07 0.02 
2017/10/11 8.53 8.57 8.42 8.42 178 5927 1 775 0 36 811 0 16.9 0.02 
2017/10/12 8.45 8.47 8.38 8.47 197 5915 1 733 0 36 769 0 16.86 0.02 
2017/10/13 8.42 8.48 8.4 8.4 32 5917 1 733 0 36 769 0 16.87 0.02 
2017/10/16 8.4 8.4 8.37 8.37 63 5912 1 733 0 36 769 0 16.85 0.02 
2017/10/17 8.39 8.49 8.39 8.41 136 5856 1 738 0 36 774 0 16.69 0.02 
2017/10/18 8.49 8.71 8.48 8.58 381 5956 1 726 0 36 762 2 16.98 0.02 
2017/10/19 8.58 8.6 8.5 8.57 207 5908 1 681 0 37 718 0 16.84 0.02 
2017/10/20 8.57 8.61 8.5 8.58 142 5851 1 664 0 37 701 0 16.68 0.02 
2017/10/23 8.57 8.57 8.42 8.51 83 5873 1 661 0 37 698 0 16.74 0.02 
2017/10/24 8.52 8.61 8.5 8.54 129 5870 1 657 0 37 694 1 16.73 0.02 
2017/10/25 8.54 8.54 8.49 8.49 26 5869 1 652 0 37 689 0 16.73 0.02 
2017/10/26 8.46 8.5 8.46 8.49 24 5867 1 652 0 37 689 0 16.73 0.02 
2017/10/27 8.45 8.48 8.41 8.43 66 5854 1 652 0 37 689 0 16.69 0.02 
2017/10/30 8.45 8.49 8.4 8.43 58 5835 1 652 0 37 689 0 16.63 0.02 
2017/10/31 8.4 8.5 8.4 8.49 27 5831 1 652 0 37 689 0 16.62 0.02 
2017/11/01 8.49 8.53 8.45 8.52 36 5816 1 640 0 37 677 0 16.58 0.02 
2017/11/02 8.5 8.5 8.45 8.45 89 5800 1 640 0 37 677 0 16.54 0.02 
2017/11/03 8.46 8.52 8.4 8.42 71 5749 1 633 0 37 670 1 16.39 0.02 
2017/11/06 8.4 8.46 8.36 8.4 130 5681 1 633 0 37 670 0 16.2 0.02 
2017/11/07 8.4 8.42 8.35 8.38 75 5694 1 632 0 37 669 0 16.23 0.02 
2017/11/08 8.46 8.46 8.36 8.38 28 5714 1 632 0 37 669 0 16.29 0.02 
2017/11/09 8.38 8.44 8.38 8.38 129 5696 1 632 0 37 669 0 16.24 0.02 
2017/11/10 8.37 8.47 8.36 8.38 90 5692 1 633 0 37 670 0 16.23 0.02 
2017/11/13 8.39 8.48 8.38 8.44 77 5689 1 632 0 36 668 0 16.22 0.02 
2017/11/14 8.53 8.53 8.38 8.38 95 5685 1 632 0 36 668 0 16.21 0.02 
2017/11/15 8.38 8.45 8.38 8.43 135 5677 1 635 0 36 671 0 16.18 0.02 
2017/11/16 8.36 8.39 8.32 8.39 147 5677 1 635 0 36 671 0 16.18 0.02 
2017/11/17 8.39 8.39 8.33 8.33 18 5678 1 634 0 36 670 0 16.19 0.02 
2017/11/20 8.39 8.39 8.3 8.36 115 5667 1 634 0 37 671 0 16.16 0.02 
2017/11/21 8.37 8.45 8.32 8.33 123 5672 1 634 0 37 671 0 16.17 0.02 
2017/11/22 8.32 8.36 8.29 8.29 93 5668 1 642 0 37 679 0 16.16 0.02 
2017/11/23 8.32 8.38 8.28 8.36 77 5666 1 642 0 37 679 0 16.15 0.02 
2017/11/24 8.36 8.36 8.32 8.32 20 5609 1 642 0 37 679 0 15.99 0.02 
2017/11/27 8.37 8.48 8.37 8.41 74 5599 1 638 0 36 674 0 15.96 0.02 
2017/11/28 8.41 8.45 8.3 8.42 166 5599 1 638 0 36 674 0 15.96 0.02 
2017/11/29 8.34 8.38 8.34 8.35 13 5599 1 638 0 36 674 0 15.96 0.02 
2017/11/30 8.34 8.34 8.3 8.3 79 5575 1 638 0 36 674 0 15.89 0.02 
2017/12/01 8.3 8.35 8.28 8.29 111 5535 1 636 0 36 672 0 15.78 0.02 
2017/12/04 8.34 8.36 8.29 8.32 50 5535 1 619 0 36 655 0 15.78 0.02 
2017/12/05 8.32 8.4 8.3 8.31 100 5504 1 614 0 36 650 0 15.69 0.02 
2017/12/06 8.37 8.38 8.3 8.35 42 5493 1 623 0 36 659 0 15.66 0.02 
2017/12/07 8.39 8.44 8.36 8.4 96 5487 1 628 0 36 664 0 15.64 0.02 
2017/12/08 8.37 8.4 8.31 8.31 84 5462 1 670 0 36 706 0 15.57 0.02 
2017/12/11 8.35 8.42 8.3 8.36 58 5462 1 670 0 36 706 0 15.57 0.02 
2017/12/12 8.39 8.39 8.3 8.33 77 5462 1 659 0 36 695 0 15.57 0.02 
2017/12/13 8.28 8.37 8.28 8.28 48 5431 1 659 0 36 695 0 15.48 0.02 
2017/12/14 8.29 8.43 8.29 8.38 113 5430 1 659 0 36 695 0 15.48 0.02 
2017/12/15 8.4 8.54 8.38 8.49 222 5376 1 658 0 36 694 0 15.33 0.02 
2017/12/18 8.43 8.49 8.39 8.47 24 5380 1 658 0 36 694 0 15.34 0.02 
2017/12/19 8.44 8.55 8.37 8.4 67 5370 1 647 0 36 683 0 15.31 0.02 
2017/12/20 8.41 8.49 8.4 8.45 72 5340 1 647 0 36 683 0 15.22 0.02 
2017/12/21 8.46 8.6 8.44 8.52 29 5337 1 647 0 36 683 0 15.22 0.02 
2017/12/22 8.52 8.52 8.45 8.48 21 5338 1 646 0 36 682 0 15.22 0.02 
2017/12/25 8.48 8.49 8.48 8.49 38 5306 1 646 0 36 682 0 15.13 0.02 
2017/12/26 8.49 8.49 8.38 8.45 27 5312 1 645 0 36 681 0 15.14 0.02 
2017/12/27 8.42 8.5 8.42 8.5 66 5312 1 647 0 36 683 0 15.14 0.02 
2017/12/28 8.55 8.59 8.51 8.55 91 5311 1 647 0 36 683 0 15.14 0.02 
2017/12/29 8.58 8.6 8.48 8.48 258 5312 1 597 0 36 633 0 15.14 0.02 
2018/01/02 8.48 8.48 8.45 8.46 29 5308 1 592 0 36 628 0 15.13 0.02 
2018/01/03 8.45 8.57 8.45 8.53 45 5307 1 592 0 36 628 0 15.13 0.02 
2018/01/04 8.53 8.65 8.5 8.58 82 5295 1 591 0 36 627 0 15.1 0.02 
2018/01/05 8.58 8.58 8.45 8.5 63 5291 1 586 0 36 622 0 15.08 0.02 
2018/01/08 8.5 8.6 8.47 8.47 151 5294 1 611 0 36 647 0 15.09 0.02 
2018/01/09 8.47 8.49 8.4 8.43 38 5294 1 585 0 36 621 0 15.09 0.02 
2018/01/10 8.48 8.64 8.44 8.59 947 5394 1 757 0 36 793 8 15.38 0.02 
2018/01/11 8.62 8.62 8.5 8.62 426 5394 1 741 0 36 777 0 15.38 0.02 
2018/01/12 8.64 8.64 8.56 8.57 386 5234 1 735 0 36 771 0 14.92 0.02 
2018/01/15 8.58 8.61 8.57 8.59 106 5236 1 735 0 36 771 0 14.93 0.02 
2018/01/16 8.61 8.66 8.56 8.66 160 5234 1 742 0 36 778 0 14.92 0.02 
2018/01/17 8.66 8.66 8.55 8.59 84 5194 1 764 0 36 800 0 14.81 0.02 
2018/01/18 8.6 8.6 8.5 8.52 113 5169 1 766 0 37 803 0 14.74 0.02 
2018/01/19 8.55 8.55 8.5 8.51 45 5147 1 766 0 37 803 0 14.67 0.02 
2018/01/22 8.51 8.58 8.5 8.5 80 5150 1 766 0 37 803 0 14.68 0.02 
2018/01/23 8.5 8.59 8.45 8.51 198 5140 1 770 0 37 807 0 14.65 0.02 
2018/01/24 8.54 8.62 8.47 8.54 117 5129 1 770 0 36 806 2 14.62 0.02 
2018/01/25 8.54 8.6 8.48 8.5 86 5114 1 771 0 36 807 0 14.58 0.02 
2018/01/26 8.53 8.58 8.47 8.47 119 5063 1 771 0 36 807 0 14.43 0.02 
2018/01/29 8.5 8.52 8.41 8.42 121 5024 1 772 0 36 808 0 14.32 0.02 
2018/01/30 8.5 8.5 8.38 8.38 89 4982 1 770 0 36 806 0 14.2 0.02 
2018/01/31 8.35 8.42 8.35 8.41 73 4919 1 770 0 36 806 0 14.02 0.02 
2018/02/01 8.32 8.39 8.32 8.33 253 4871 1 770 0 36 806 0 13.89 0.02 
2018/02/02 8.32 8.41 8.31 8.34 58 4864 1 771 0 36 807 0 13.87 0.02 
2018/02/05 8.29 8.3 8.23 8.3 67 4855 1 771 0 36 807 0 13.84 0.02 
2018/02/06 8.29 8.29 7.91 8.01 316 4721 1 751 0 36 787 0 13.46 0.02 
2018/02/07 8.02 8.29 8.02 8.13 156 4690 3 745 0 36 781 1 13.37 0.06 
2018/02/08 8.09 8.2 8.05 8.2 92 4667 1 745 0 36 781 0 13.31 0.02 
2018/02/09 8 8.19 8 8.19 130 4572 1 745 0 36 781 1 13.03 0.02 
2018/02/12 8.2 8.3 8.13 8.21 67 4507 1 742 0 36 778 0 12.85 0.02 
2018/02/21 8.27 8.28 8.23 8.23 181 4370 1 742 0 36 778 0 12.46 0.02 
2018/02/22 8.3 8.34 8.2 8.28 118 4320 1 742 0 36 778 0 12.32 0.02 
2018/02/23 8.29 8.3 8.23 8.3 130 4247 1 709 0 36 745 0 12.11 0.02 
2018/02/26 8.3 8.4 8.26 8.38 205 4361 1 709 0 36 745 0 12.43 0.02 
2018/02/27 8.33 8.36 8.3 8.36 28 4295 1 709 0 36 745 0 12.24 0.02 
2018/03/01 8.29 8.34 8.29 8.34 32 4214 1 709 0 36 745 0 12.01 0.02 
2018/03/02 8.36 8.36 8.25 8.33 43 4193 1 697 0 36 733 0 11.95 0.02 
2018/03/05 8.35 8.36 8.27 8.3 46 4165 1 696 0 36 732 0 11.87 0.02 
2018/03/06 8.34 8.36 8.23 8.32 84 4143 1 695 0 36 731 0 11.81 0.02 
2018/03/07 8.35 8.43 8.33 8.38 134 4059 1 692 0 36 728 0 11.57 0.02 
2018/03/08 8.48 8.48 8.34 8.34 35 4049 1 691 0 36 727 0 11.54 0.02 
2018/03/09 8.44 8.44 8.35 8.35 36 4039 1 691 0 36 727 0 11.51 0.02 
2018/03/12 8.35 8.42 8.32 8.35 67 4048 1 690 0 36 726 0 11.54 0.02 
2018/03/13 8.42 8.42 8.3 8.35 37 4038 1 700 0 36 736 0 11.51 0.02 
2018/03/14 8.28 8.28 8.28 8.28 5 4038 1 700 0 36 736 0 11.51 0.02 
2018/03/15 8.28 8.36 8.28 8.29 46 4050 1 700 0 36 736 0 11.55 0.02 
2018/03/16 8.29 8.35 8.29 8.3 54 4044 1 700 0 36 736 0 11.53 0.02 
2018/03/19 8.3 8.35 8.29 8.29 19 4036 1 699 0 36 735 0 11.51 0.02 
2018/03/20 8.28 8.33 8.23 8.3 43 4040 1 698 0 36 734 0 11.52 0.02 
2018/03/21 8.33 8.33 8.2 8.21 112 3988 1 698 0 36 734 0 11.37 0.03 
2018/03/22 8.22 8.48 8.2 8.3 208 3963 1 694 0 36 730 0 11.3 0.03 
2018/03/23 8.25 8.38 8.22 8.29 156 3943 1 689 0 36 725 0 11.24 0.03 
2018/03/26 8.29 8.45 8.29 8.29 101 3983 0 689 0 36 725 1 11.36 0 
2018/03/27 8.37 8.57 8.35 8.42 219 3978 2 687 0 36 723 0 11.34 0.05 
2018/03/28 8.4 8.51 8.34 8.42 26 3976 0 687 0 36 723 0 11.34 0 
2018/03/29 8.51 8.51 8.31 8.33 49 3958 0 687 0 36 723 0 11.28 0 
2018/03/30 8.31 8.35 8.29 8.29 64 3939 0 688 0 36 724 0 11.23 0 
2018/03/31 8.29 8.34 8.29 8.29 35 3943 0 688 0 36 724 0 11.24 0 
2018/04/02 8.34 8.35 8.3 8.3 56 3941 0 688 0 36 724 0 11.24 0 
2018/04/03 8.26 8.31 8.23 8.31 15 3945 0 688 0 36 724 0 11.25 0 
2018/04/09 8.33 8.42 8.33 8.41 87 3946 0 688 0 36 724 0 11.25 0 
2018/04/10 8.46 8.46 8.39 8.39 185 3905 0 672 0 36 708 0 11.13 0 
2018/04/11 8.39 8.45 8.39 8.45 51 3903 0 672 0 36 708 0 11.13 0 
2018/04/12 8.42 8.42 8.35 8.4 65 3893 0 672 0 36 708 0 11.1 0 
2018/04/13 8.47 8.5 8.33 8.38 82 3911 0 667 0 36 703 0 11.15 0 
2018/04/16 8.41 8.47 8.39 8.39 22 3913 0 667 0 36 703 0 11.16 0 
2018/04/17 8.41 8.41 8.3 8.3 18 3909 0 667 0 36 703 0 11.14 0 
2018/04/18 8.33 8.39 8.28 8.3 21 3908 0 667 0 36 703 0 11.14 0 
2018/04/19 8.3 8.47 8.3 8.47 71 3900 0 667 0 36 703 0 11.12 0 
2018/04/20 8.5 8.5 8.37 8.45 50 3877 0 666 0 36 702 1 11.05 0 
2018/04/23 8.47 8.47 8.26 8.28 169 3916 0 658 0 36 694 0 11.16 0 
2018/04/24 8.3 8.34 8.2 8.29 158 3903 0 653 0 37 690 0 11.13 0 
2018/04/25 8.3 8.39 8.28 8.36 102 3884 0 653 0 36 689 0 11.07 0 
2018/04/26 8.33 8.44 8.29 8.37 97 3888 0 648 0 36 684 0 11.08 0 
2018/04/27 8.31 8.35 8.31 8.35 3 3888 0 648 0 36 684 0 11.08 0 
2018/04/30 8.35 8.36 8.35 8.36 18 3888 0 648 0 36 684 0 11.08 0 
2018/05/02 8.4 8.4 8.35 8.35 10 3887 0 648 0 36 684 0 11.08 0 
2018/05/03 8.39 8.4 8.3 8.3 7 3890 0 648 0 36 684 0 11.09 0 
2018/05/04 8.33 8.39 8.31 8.37 28 3890 0 645 0 36 681 0 11.09 0 
2018/05/07 8.28 8.36 8.28 8.35 22 3886 0 645 0 36 681 0 11.08 0 
2018/05/08 8.36 8.43 8.33 8.4 129 3837 0 646 0 36 682 0 10.94 0 
2018/05/09 8.3 8.41 8.3 8.31 10 3837 0 646 0 36 682 0 10.94 0 
2018/05/10 8.3 8.44 8.23 8.44 446 3787 0 646 0 36 682 0 10.8 0 
2018/05/11 8.45 8.48 8.31 8.4 87 3822 0 646 0 36 682 10 10.9 0 
2018/05/14 8.4 8.47 8.31 8.43 44 3828 0 646 0 36 682 0 10.91 0 
2018/05/15 8.43 8.62 8.43 8.5 334 3832 0 644 0 36 680 0 10.92 0 
2018/05/16 8.55 8.55 8.26 8.3 99 3831 0 597 0 36 633 0 10.92 0 
2018/05/17 8.39 8.49 8.34 8.48 117 3814 0 596 0 36 632 0 10.87 0 
2018/05/18 8.41 8.5 8.4 8.48 68 3813 0 596 0 36 632 0 10.87 0 
2018/05/21 8.45 8.52 8.38 8.48 75 3812 0 593 0 36 629 0 10.87 0 
2018/05/22 8.43 8.46 8.35 8.45 30 3817 0 593 0 37 630 0 10.88 0 
2018/05/23 8.41 8.51 8.34 8.49 58 3817 0 593 0 37 630 0 10.88 0 
2018/05/24 8.38 8.44 8.3 8.43 36 3818 0 593 0 37 630 0 10.88 0 
2018/05/25 8.33 8.41 8.3 8.34 37 3820 0 595 0 37 632 0 10.89 0 
2018/05/28 8.41 8.41 8.39 8.39 57 3821 0 595 0 37 632 0 10.89 0 
2018/05/29 8.39 8.41 8.32 8.33 64 3821 0 594 0 37 631 0 10.89 0 
2018/05/30 8.28 8.32 8.27 8.27 18 3811 0 594 0 38 632 0 10.86 0 
2018/05/31 8.3 8.44 8.27 8.35 76 3819 0 594 0 38 632 0 10.89 0 
2018/06/01 8.3 8.33 8.25 8.31 73 3819 0 593 0 38 631 0 10.89 0 
2018/06/04 8.34 8.34 8.25 8.26 70 3814 0 592 0 38 630 0 10.87 0 
2018/06/05 8.26 8.32 8.21 8.22 162 3819 0 592 0 38 630 0 10.89 0 
2018/06/06 8.23 8.28 8.2 8.23 74 3818 0 592 0 38 630 0 10.88 0 
2018/06/07 8.27 8.27 8.17 8.24 205 3822 0 592 0 39 631 0 10.9 0 
2018/06/08 8.24 8.26 8.17 8.23 155 3849 0 592 0 40 632 0 10.97 0 
2018/06/11 8.24 8.24 8.17 8.18 118 3805 0 592 0 40 632 0 10.85 0 
2018/06/12 8.2 8.24 8.15 8.21 412 3725 0 592 0 40 632 0 10.62 0 
2018/06/13 8.23 8.25 8.19 8.24 153 3641 0 592 0 40 632 0 10.38 0 
2018/06/14 8.27 8.27 8.24 8.24 6 3641 0 592 0 40 632 0 10.38 0 
2018/06/15 8.28 8.28 8.15 8.2 7 3641 0 592 0 39 631 0 10.38 0 
2018/06/19 8.25 8.26 8.18 8.23 13 3641 0 592 0 39 631 0 10.38 0 
2018/06/20 8.15 8.23 8.15 8.16 50 3638 0 595 0 38 633 0 10.37 0 
2018/06/21 8.24 8.24 8.16 8.22 20 3638 0 595 0 37 632 0 10.37 0 
2018/06/22 8.23 8.25 8.19 8.24 46 3639 0 598 0 37 635 0 10.37 0 
2018/06/25 8.15 8.25 8.15 8.15 37 3639 0 598 0 37 635 0 10.37 0 
2018/06/26 8.12 8.18 8.12 8.16 51 3637 0 611 0 38 649 0 10.37 0 
2018/06/27 8.12 8.18 8.11 8.15 65 3617 0 611 0 38 649 0 10.31 0 
2018/06/28 8.15 8.24 8.11 8.21 65 3611 0 624 0 37 661 0 10.29 0 
2018/06/29 8.17 8.23 8.12 8.12 20 3615 0 624 0 40 664 0 10.31 0 
2018/07/02 8.12 8.22 8.12 8.13 50 3622 0 621 0 41 662 0 10.33 0 
2018/07/03 8.11 8.25 8.11 8.25 232 3571 0 621 0 40 661 0 10.18 0 
2018/07/04 8.22 8.22 8.19 8.22 60 3570 0 622 0 40 662 0 10.18 0 
2018/07/05 8.16 8.16 8.13 8.16 57 3570 0 622 0 40 662 0 10.18 0 
2018/07/06 8.11 8.11 7.98 8 300 3565 0 627 0 41 668 0 10.16 0 
2018/07/09 8.02 8.11 8 8.09 274 3583 0 632 0 39 671 0 10.21 0 
2018/07/10 8.04 8.09 8.04 8.09 15 3583 0 635 0 39 674 0 10.21 0 
2018/07/11 8.11 8.11 8.01 8.06 98 3589 0 633 0 39 672 0 10.23 0 
2018/07/12 8.1 8.1 8.06 8.06 114 3586 0 633 0 39 672 0 10.22 0 
2018/07/13 8.1 8.1 8.06 8.06 7 3590 0 633 0 39 672 0 10.23 0 
2018/07/16 8.1 8.1 8.06 8.1 115 3589 0 633 0 39 672 0 10.23 0 
2018/07/17 8.08 8.08 8 8.07 89 3594 0 633 0 39 672 0 10.25 0 
2018/07/18 8.12 8.12 8.05 8.12 36 3594 0 643 0 39 682 0 10.25 0 
2018/07/19 8.13 8.13 8.04 8.05 30 3594 0 643 0 39 682 0 10.25 0 
2018/07/20 8.04 8.07 8.02 8.07 24 3579 0 643 0 39 682 0 10.2 0 
2018/07/23 8.09 8.09 8.03 8.08 3 3578 0 643 0 39 682 0 10.2 0 
2018/07/24 8.08 8.08 8.06 8.08 10 3573 0 643 0 39 682 0 10.19 0 
2018/07/25 8.05 8.13 8.05 8.13 7 3572 0 643 0 39 682 0 10.18 0 
2018/07/26 8.1 8.1 8.07 8.07 12 3580 0 636 0 39 675 0 10.21 0 
2018/07/27 8.07 8.14 8.07 8.1 8 3580 0 637 0 39 676 0 10.21 0 
2018/07/30 8.09 8.09 8.07 8.07 20 3580 0 636 0 39 675 0 10.21 0 
