2013/12/25 42 52.5 42 51.9 6705 0 0 0 0 0 0 0 0 0 
2013/12/26 48 50 46 47.15 3386 0 0 0 0 0 0 0 0 0 
2013/12/27 47.45 47.6 44.4 45.7 2547 0 0 0 0 0 0 0 0 0 
2013/12/30 46 47.05 45.05 45.95 1851 0 0 0 0 0 0 0 0 0 
2013/12/31 46.5 46.55 45.2 45.25 1063 0 0 0 0 0 0 0 0 0 
2014/01/02 45.25 45.95 44.55 44.7 932 0 0 0 0 0 0 0 0 0 
2014/01/03 44.5 44.9 42.9 43 1167 0 0 0 0 0 0 0 0 0 
2014/01/06 43 43.55 40.05 40.05 1260 0 0 0 0 0 0 0 0 0 
2014/01/07 41.5 42.85 40.9 42.85 627 0 0 0 0 0 0 0 0 0 
2014/01/08 43.95 45 43.6 44 1855 0 0 0 0 0 0 0 0 0 
2014/01/09 42.6 43.7 41.75 41.75 619 0 0 0 0 0 0 0 0 0 
2014/01/10 42.55 42.9 41.5 41.8 399 0 0 0 0 0 0 0 0 0 
2014/01/13 42.4 44.7 41.8 43.95 1309 0 0 0 0 0 0 0 0 0 
2014/01/14 43.3 43.3 42 42.5 689 0 0 0 0 0 0 0 0 0 
2014/01/15 42.5 42.8 42 42.2 351 0 0 0 0 0 0 0 0 0 
2014/01/16 42.2 42.55 41 41.15 422 0 0 0 0 0 0 0 0 0 
2014/01/17 41.15 41.45 40.7 40.8 357 0 0 0 0 0 0 0 0 0 
2014/01/20 41.4 41.4 40.05 40.55 362 0 0 0 0 0 0 0 0 0 
2014/01/21 40.6 40.95 40.05 40.1 279 0 0 0 0 0 0 0 0 0 
2014/01/22 40.1 40.6 40 40.2 255 0 0 0 0 0 0 0 0 0 
2014/01/23 40.6 40.6 40 40.2 242 0 0 0 0 0 0 0 0 0 
2014/01/24 40.2 40.2 38.35 39 348 0 0 0 0 0 0 0 0 0 
2014/01/27 38.6 38.6 38 38.1 209 0 0 0 0 0 0 0 0 0 
2014/02/05 37.8 39.6 37.5 38.7 275 0 0 0 0 0 0 0 0 0 
2014/02/06 38.8 39 38.55 38.6 114 0 0 0 0 0 0 0 0 0 
2014/02/07 39.5 39.7 38.9 39.55 170 0 0 0 0 0 0 0 0 0 
2014/02/10 39.9 40 39.3 39.3 156 0 0 0 0 0 0 0 0 0 
2014/02/11 39.3 39.3 38.3 39.1 170 0 0 0 0 0 0 0 0 0 
2014/02/12 39.2 39.2 38.5 38.6 183 0 0 0 0 0 0 0 0 0 
2014/02/13 38.6 41 38.5 40.1 424 0 0 0 0 0 0 0 0 0 
2014/02/14 40.4 40.4 39.15 39.15 236 0 0 0 0 0 0 0 0 0 
2014/02/17 39.3 39.5 38.7 39 119 0 0 0 0 0 0 0 0 0 
2014/02/18 38.8 39.5 38.8 39.2 130 0 0 0 0 0 0 0 0 0 
2014/02/19 39.4 41.9 39.4 41.9 952 0 0 0 0 0 0 0 0 0 
2014/02/20 43.1 43.5 42.05 42.7 1479 0 0 0 0 0 0 0 0 0 
2014/02/21 42.85 43.1 41.55 42.3 642 0 0 0 0 0 0 0 0 0 
2014/02/24 42.8 42.8 42.2 42.7 587 0 0 0 0 0 0 0 0 0 
2014/02/25 43 45.5 42.8 45 1519 0 0 0 0 0 0 0 0 0 
2014/02/26 45 45.9 44.15 45.15 1185 0 0 0 0 0 0 0 0 0 
2014/02/27 45.15 46.3 44.55 44.55 1337 0 0 0 0 0 0 0 0 0 
2014/03/03 44.4 44.4 43.5 43.6 516 0 0 0 0 0 0 0 0 0 
2014/03/04 43.25 45.5 43.25 44.5 1042 0 0 0 0 0 0 0 0 0 
2014/03/05 45.3 45.6 45.05 45.15 969 0 0 0 0 0 0 0 0 0 
2014/03/06 45.8 47.5 45.5 46.8 2009 0 0 0 0 0 0 0 0 0 
2014/03/07 47 47.4 45 45.6 1336 0 0 0 0 0 0 0 0 0 
2014/03/10 45.8 48.2 45.3 47.35 1489 0 0 0 0 0 0 0 0 0 
2014/03/11 48.3 48.3 47.3 47.8 860 0 0 0 0 0 0 0 0 0 
2014/03/12 47.7 48 46.6 47.4 583 0 0 0 0 0 0 0 0 0 
2014/03/13 47.7 49.3 47.4 48.3 1025 0 0 0 0 0 0 0 0 0 
2014/03/14 48 49.05 47.5 47.9 645 0 0 0 0 0 0 0 0 0 
2014/03/17 48.2 48.5 47.05 47.3 516 0 0 0 0 0 0 0 0 0 
2014/03/18 48 48 46.75 46.8 492 0 0 0 0 0 0 0 0 0 
2014/03/19 46.8 47 45.6 45.95 385 0 0 0 0 0 0 0 0 0 
2014/03/20 44.5 45.95 44.5 45.4 221 0 0 0 0 0 0 0 0 0 
2014/03/21 45.5 45.8 44 44.5 226 0 0 0 0 0 0 0 0 0 
2014/03/24 44 44.2 43 43.6 393 0 0 0 0 0 0 0 0 0 
2014/03/25 43.5 46 43.5 46 382 0 0 0 0 0 0 0 0 0 
2014/03/26 47.3 47.3 45.35 45.6 159 0 0 0 0 0 0 0 0 0 
2014/03/27 45.7 45.7 44.8 45.25 253 0 0 0 0 0 0 0 0 0 
2014/03/28 45.25 45.7 44.3 44.8 252 0 0 0 0 0 0 0 0 0 
2014/03/31 45 45.6 44.35 44.5 209 0 0 0 0 0 0 0 0 0 
2014/04/01 44.45 45.2 44.4 44.7 191 0 0 0 0 0 0 0 0 0 
2014/04/02 45.2 45.2 44.5 44.95 176 0 0 0 0 0 0 0 0 0 
2014/04/03 45.1 45.3 44.5 44.9 384 0 0 0 0 0 0 0 0 0 
2014/04/07 44.9 44.9 44.55 44.65 125 0 0 0 0 0 0 0 0 0 
2014/04/08 44.9 44.9 44.6 44.7 119 0 0 0 0 0 0 0 0 0 
2014/04/09 44.7 47 44.7 46.1 449 0 0 0 0 0 0 0 0 0 
2014/04/10 46.5 47.1 45.5 45.5 379 0 0 0 0 0 0 0 0 0 
2014/04/11 45.2 45.85 44.75 45.05 279 0 0 0 0 0 0 0 0 0 
2014/04/14 45.05 45.05 44.1 44.35 179 0 0 0 0 0 0 0 0 0 
2014/04/15 44.65 44.65 44.2 44.35 144 0 0 0 0 0 0 0 0 0 
2014/04/16 45 45 44.35 44.6 115 0 0 0 0 0 0 0 0 0 
2014/04/17 45 45 44.5 44.6 99 0 0 0 0 0 0 0 0 0 
2014/04/18 44.8 46 44.7 45.4 271 0 0 0 0 0 0 0 0 0 
2014/04/21 45.5 45.5 45 45.05 72 0 0 0 0 0 0 0 0 0 
2014/04/22 46 46 45.3 45.5 143 0 0 0 0 0 0 0 0 0 
2014/04/23 46 46 45 45.1 189 0 0 0 0 0 0 0 0 0 
2014/04/24 45 45.1 44.5 44.95 284 0 0 0 0 0 0 0 0 0 
2014/04/25 44.2 44.4 41.85 42.3 587 0 0 0 0 0 0 0 0 0 
2014/04/28 39.5 41.3 39.4 40.85 298 0 0 0 0 0 0 0 0 0 
2014/04/29 40.85 42.2 40.75 41.65 89 0 0 0 0 0 0 0 0 0 
2014/04/30 41.65 41.7 39.9 40.35 182 0 0 0 0 0 0 0 0 0 
2014/05/02 40.35 42 40.35 42 208 0 0 0 0 0 0 0 0 0 
2014/05/05 42.5 43.8 42.5 43.4 237 0 0 0 0 0 0 0 0 0 
2014/05/06 43.9 44.9 43.4 44.85 299 0 0 0 0 0 0 0 0 0 
2014/05/07 45.1 45.3 44.1 44.3 195 0 0 0 0 0 0 0 0 0 
2014/05/08 44.75 44.85 44.25 44.4 250 0 0 0 0 0 0 0 0 0 
2014/05/09 44.4 44.4 43.05 43.05 111 0 0 0 0 0 0 0 0 0 
2014/05/12 43.05 43.95 43.05 43.5 113 0 0 0 0 0 0 0 0 0 
2014/05/13 44.9 44.9 43.3 43.7 90 0 0 0 0 0 0 0 0 0 
2014/05/14 43.85 44 43.35 43.5 85 0 0 0 0 0 0 0 0 0 
2014/05/15 43.4 44.7 43.3 43.75 154 0 0 0 0 0 0 0 0 0 
2014/05/16 43.75 44.95 43.75 44.9 204 0 0 0 0 0 0 0 0 0 
2014/05/19 44.75 45.3 44.55 45.2 220 0 0 0 0 0 0 0 0 0 
2014/05/20 45.6 47 45.2 47 1107 0 0 0 0 0 0 0 0 0 
2014/05/21 50 50.2 49 50.2 2655 0 0 0 0 0 0 0 0 0 
2014/05/22 50.9 53.7 50.2 53.7 3214 0 0 0 0 0 0 0 0 0 
2014/05/23 53.5 57.3 51.5 55.8 3224 0 0 0 0 0 0 0 0 0 
2014/05/26 55.4 57.2 54.5 55.3 1745 0 0 0 0 0 0 0 0 0 
2014/05/27 55.5 57.4 55 56 1318 0 0 0 0 0 0 0 0 0 
2014/05/28 56 56.8 53.7 53.9 1483 0 0 0 0 0 0 0 0 0 
2014/05/29 53.6 55 53.4 54.1 720 0 0 0 0 0 0 0 0 0 
2014/05/30 54.5 54.9 52.5 52.8 832 0 0 0 0 0 0 0 0 0 
2014/06/03 53.5 53.5 50.3 51.5 849 0 0 0 0 0 0 0 0 0 
2014/06/04 51.5 53.8 51.2 52.8 808 0 0 0 0 0 0 0 0 0 
2014/06/05 52.8 52.8 51.4 52 437 0 0 0 0 0 0 0 0 0 
2014/06/06 52.4 55.5 51.5 55.3 1123 0 0 0 0 0 0 0 0 0 
2014/06/09 55.4 55.4 53.1 53.3 656 0 0 0 0 0 0 0 0 0 
2014/06/10 53.3 53.5 51.6 52.8 445 0 0 0 0 0 0 0 0 0 
2014/06/11 52.6 52.8 51.8 52 328 0 0 0 0 0 0 0 0 0 
2014/06/12 51.6 53.6 51.6 51.8 596 0 0 0 0 0 0 0 0 0 
2014/06/13 51.6 52.5 51.5 51.7 239 0 0 0 0 0 0 0 0 0 
2014/06/16 51.7 52.6 51.5 51.6 186 0 0 0 0 0 0 0 0 0 
2014/06/17 52 52.1 50.6 50.6 447 0 0 0 0 0 0 0 0 0 
2014/06/18 50.5 51 50 50.1 421 0 0 0 0 0 0 0 0 0 
2014/06/19 50.2 51.5 50.2 50.4 304 0 0 0 0 0 0 0 0 0 
2014/06/20 50.5 52.8 50.5 52 812 0 0 0 0 0 0 0 0 0 
2014/06/23 52.7 52.7 49.8 50 558 0 0 0 0 0 0 0 0 0 
2014/06/24 50.5 53.5 50.3 53.5 1095 0 0 0 0 0 0 0 0 0 
2014/06/25 53.5 56.8 52.6 55.6 1952 0 0 0 0 0 0 0 0 0 
2014/06/26 55.5 56.2 54.6 55.8 987 0 0 0 0 0 0 0 0 0 
2014/06/27 55.8 56.6 53.8 53.8 741 0 0 0 0 0 0 0 0 0 
2014/06/30 53.2 54.3 52.5 52.9 385 0 0 0 0 0 0 0 0 0 
2014/07/01 52.9 53 52.1 52.8 255 0 0 0 0 0 0 0 0 0 
2014/07/02 52.8 54.8 51.6 52.2 523 0 0 0 0 0 0 0 0 0 
2014/07/03 53 53.2 52 52 288 0 0 0 0 0 0 0 0 0 
2014/07/04 52 53 51.9 53 305 0 0 0 0 0 0 0 0 0 
2014/07/07 53.1 56.7 53 56.7 1508 0 0 0 0 0 0 0 0 0 
2014/07/08 58.5 60.6 58.5 60.6 1415 0 0 0 0 0 0 0 0 0 
2014/07/09 64.8 64.8 64.8 64.8 1260 0 0 0 0 0 0 0 0 0 
2014/07/10 68.2 68.2 62.3 64 5239 0 0 0 0 0 0 0 0 0 
2014/07/11 64 67.5 60.1 62 4599 0 0 0 0 0 0 0 0 0 
2014/07/14 62.2 63.5 60.5 62 1136 0 0 0 0 0 0 0 0 0 
2014/07/15 62.7 64.9 62.3 64 1867 0 0 0 0 0 0 0 0 0 
2014/07/16 63.8 63.8 61.9 62 881 0 0 0 0 0 0 0 0 0 
2014/07/17 61.7 63.2 60.5 62 544 0 0 0 0 0 0 0 0 0 
2014/07/18 60.9 63.5 60.8 61.2 745 0 0 0 0 0 0 0 0 0 
2014/07/21 61.5 61.8 60.6 60.6 354 0 0 0 0 0 0 0 0 0 
2014/07/22 60.6 63.9 60.6 62.6 1101 0 0 0 0 0 0 0 0 0 
2014/07/24 62.6 63.2 61.6 61.7 561 0 0 0 0 0 0 0 0 0 
2014/07/25 62.1 62.1 60.9 61 355 0 0 0 0 0 0 0 0 0 
2014/07/28 60.7 62.3 60.7 61 401 0 0 0 0 0 0 0 0 0 
2014/07/29 61 61.6 58.1 59.3 738 0 0 0 0 0 0 0 0 0 
2014/07/30 59.3 59.3 56.8 58.3 706 0 0 0 0 0 0 0 0 0 
2014/07/31 58.1 60 57.5 59.2 363 0 0 0 0 0 0 0 0 0 
2014/08/01 56.6 59.8 56.6 59.8 274 0 0 0 0 0 0 0 0 0 
2014/08/04 59.6 60 58.3 59.3 237 0 0 0 0 0 0 0 0 0 
2014/08/05 59.9 59.9 58 58.2 242 0 0 0 0 0 0 0 0 0 
2014/08/06 58 58.4 56.3 57.3 501 0 0 0 0 0 0 0 0 0 
2014/08/07 57.3 58.5 57 57 142 0 0 0 0 0 0 0 0 0 
2014/08/08 57 57 53.2 54.7 512 0 0 0 0 0 0 0 0 0 
2014/08/11 54.7 55.9 54.7 55.8 148 0 0 0 0 0 0 0 0 0 
2014/08/12 55.7 56.5 55.2 55.2 102 0 0 0 0 0 0 0 0 0 
2014/08/13 55.7 59 55.7 59 688 0 0 0 0 0 0 0 0 0 
2014/08/14 60.9 60.9 57.1 57.2 845 0 0 0 0 0 0 0 0 0 
2014/08/15 57.2 57.9 57 57.6 184 0 0 0 0 0 0 0 0 0 
2014/08/18 59.2 59.2 57.3 57.9 383 0 0 0 0 0 0 0 0 0 
2014/08/19 59.7 59.7 58.1 58.2 439 0 0 0 0 0 0 0 0 0 
2014/08/20 58 58 55 55.9 400 0 0 0 0 0 0 0 0 0 
2014/08/21 55.5 55.5 54 54.8 249 0 0 0 0 0 0 0 0 0 
2014/08/22 54.8 56.1 54.8 55.8 183 0 0 0 0 0 0 0 0 0 
2014/08/25 57 58.9 56.4 58.8 324 0 0 0 0 0 0 0 0 0 
2014/08/26 58.8 60.9 58.1 60.6 1134 0 0 0 0 0 0 0 0 0 
2014/08/27 58 58.1 56.6 57 893 0 0 0 0 0 0 0 0 0 
2014/08/28 57 57.3 56.3 57.2 143 0 0 0 0 0 0 0 0 0 
2014/08/29 57.3 57.4 56.8 57.4 117 0 0 0 0 0 0 0 0 0 
2014/09/01 57.6 58.5 57.4 58.5 522 0 0 0 0 0 0 0 0 0 
2014/09/02 58.6 58.6 57.6 57.6 276 0 0 0 0 0 0 0 0 0 
2014/09/03 57.6 61.6 57.6 61.6 1583 0 0 0 0 0 0 0 0 0 
2014/09/04 62.1 62.6 59.8 59.8 1340 0 0 0 0 0 0 0 0 0 
2014/09/05 59.9 61.1 59.3 60.3 865 0 0 0 0 0 0 0 0 0 
2014/09/09 61 61 59.4 59.4 333 0 0 0 0 0 0 0 0 0 
2014/09/10 59 59.3 57 57.5 557 0 0 0 0 0 0 0 0 0 
2014/09/11 57.2 57.4 56.5 57 347 0 0 0 0 0 0 0 0 0 
2014/09/12 57 57.7 55.5 56.3 312 0 0 0 0 0 0 0 0 0 
2014/09/15 56.1 57.2 56 56.4 128 0 0 0 0 0 0 0 0 0 
2014/09/16 57.1 57.1 56 56.3 166 0 0 0 0 0 0 0 0 0 
2014/09/17 57 59.4 57 57.5 682 0 0 0 0 0 0 0 0 0 
2014/09/18 58 60.3 57.7 59.3 1133 0 0 0 0 0 0 0 0 0 
2014/09/19 59.9 59.9 58.2 59.2 340 0 0 0 0 0 0 0 0 0 
2014/09/22 58.9 59.7 58.1 59.4 346 0 0 0 0 0 0 0 0 0 
2014/09/23 59.4 62.7 59.3 61.1 2294 0 0 0 0 0 0 0 0 0 
2014/09/24 61.1 61.5 59 59.4 814 0 0 0 0 0 0 0 0 0 
2014/09/25 60.1 60.1 56.5 57.5 610 0 0 0 0 0 0 0 0 0 
2014/09/26 56.1 58 56.1 57.9 355 0 0 0 0 0 0 0 0 0 
2014/09/29 56.1 58.2 56.1 58 299 0 0 0 0 0 0 0 0 0 
2014/09/30 58 58.7 56.5 58.2 465 0 0 0 0 0 0 0 0 0 
2014/10/01 58.2 62.2 58.2 61.3 2723 0 0 0 0 0 0 0 0 0 
2014/10/02 61.1 65.5 60.5 64.5 4349 0 0 0 0 0 0 0 0 0 
2014/10/03 65.5 68 64.3 66 3076 0 0 0 0 0 0 0 0 0 
2014/10/06 66.7 70.6 65.5 70.6 3287 0 0 0 0 0 0 0 0 0 
2014/10/07 71.2 75.5 67.6 68.5 5578 0 0 0 0 0 0 0 0 0 
2014/10/08 69 73 68.6 70.7 4334 0 0 0 0 0 0 0 0 0 
2014/10/09 73 73.5 68.6 70 2697 0 0 0 0 0 0 0 0 0 
2014/10/13 67.1 69.3 66.5 67.1 1610 0 0 0 0 0 0 0 0 0 
2014/10/14 67.3 71.7 67.3 71.7 3451 0 0 0 0 0 0 0 0 0 
2014/10/15 72 75 70.9 73.2 4868 0 0 0 0 0 0 0 0 0 
2014/10/16 72.8 74.5 70.6 71.6 2883 0 0 0 0 0 0 0 0 0 
2014/10/17 71.6 72.9 66.7 67 3590 0 0 0 0 0 0 0 0 0 
2014/10/20 69 69 67.1 68.5 1848 0 0 0 0 0 0 0 0 0 
2014/10/21 68.5 69.5 66.5 68.1 1600 0 0 0 0 0 0 0 0 0 
2014/10/22 68.5 71.3 68.1 68.3 2178 0 0 0 0 0 0 0 0 0 
2014/10/23 68 68.3 66.6 66.6 1257 0 0 0 0 0 0 0 0 0 
2014/10/24 67.2 67.2 62 62.4 2617 0 0 0 0 0 0 0 0 0 
2014/10/27 62.8 63.5 59.9 60.7 1548 0 0 0 0 0 0 0 0 0 
2014/10/28 61.6 63.1 61.5 63 1066 0 0 0 0 0 0 0 0 0 
2014/10/29 64.2 65.6 63.8 64.1 1414 0 0 0 0 0 0 0 0 0 
2014/10/30 63.8 64 63 63.3 610 0 0 0 0 0 0 0 0 0 
2014/10/31 64 66.2 63.5 65.5 1247 0 0 0 0 0 0 0 0 0 
2014/11/03 65.5 66.7 64.7 64.7 935 0 0 0 0 0 0 0 0 0 
2014/11/04 64.7 65.5 64.5 64.8 419 0 0 0 0 0 0 0 0 0 
2014/11/05 64.8 65.5 64.7 64.7 335 0 0 0 0 0 0 0 0 0 
2014/11/06 65 65 61.7 62 798 0 0 0 0 0 0 0 0 0 
2014/11/07 62 63.6 62 62.9 410 0 0 0 0 0 0 0 0 0 
2014/11/10 63.9 64.6 63.1 63.1 436 0 0 0 0 0 0 0 0 0 
2014/11/11 64.1 64.1 63.1 63.2 247 0 0 0 0 0 0 0 0 0 
2014/11/12 63.2 63.9 62.5 62.9 341 0 0 0 0 0 0 0 0 0 
2014/11/13 62.9 63.7 62.9 63.5 252 0 0 0 0 0 0 0 0 0 
2014/11/14 64.1 64.2 63 63.3 191 0 0 0 0 0 0 0 0 0 
2014/11/17 63.5 63.5 60.5 60.6 527 0 0 0 0 0 0 0 0 0 
2014/11/18 60.6 61.7 59.8 60.3 552 0 0 0 0 0 0 0 0 0 
2014/11/19 61.2 61.8 60.5 61 269 0 0 0 0 0 0 0 0 0 
2014/11/20 61 64.8 61 63 922 0 0 0 0 0 0 0 0 0 
2014/11/21 63.6 63.6 62 62 407 0 0 0 0 0 0 0 0 0 
2014/11/24 62.3 63.9 62.1 62.5 275 0 0 0 0 0 0 0 0 0 
2014/11/25 62.8 65.5 62.8 64 1144 0 0 0 0 0 0 0 0 0 
2014/11/26 64 65.9 64 64.5 921 0 0 0 0 0 0 0 0 0 
2014/11/27 64.9 65.3 64 64 557 0 0 0 0 0 0 0 0 0 
2014/11/28 65 65 63.5 63.6 309 0 0 0 0 0 0 0 0 0 
2014/12/01 61.3 63.7 61.3 63 317 0 0 0 0 0 0 0 0 0 
2014/12/02 63 63.5 62.1 62.5 402 0 0 0 0 0 0 0 0 0 
2014/12/03 62.9 66.8 62.9 66.8 2119 0 0 0 0 0 0 0 0 0 
2014/12/04 67.6 68.6 65.5 65.5 1866 0 0 0 0 0 0 0 0 0 
2014/12/05 65 66.3 65 65.1 577 0 0 0 0 0 0 0 0 0 
2014/12/08 65.8 66.4 65.1 65.2 533 0 0 0 0 0 0 0 0 0 
2014/12/09 65.4 65.5 63.5 63.5 627 0 0 0 0 0 0 0 0 0 
2014/12/10 63.7 63.7 62.4 62.4 556 0 0 0 0 0 0 0 0 0 
2014/12/11 62.4 63.5 62 62.2 452 0 0 0 0 0 0 0 0 0 
2014/12/12 62.2 63.8 62.2 63.8 273 0 0 0 0 0 0 0 0 0 
2014/12/15 63.1 65.2 62.8 65.1 518 0 0 0 0 0 0 0 0 0 
2014/12/16 64.9 65.4 63.6 63.6 524 0 0 0 0 0 0 0 0 0 
2014/12/17 63.6 64 62.6 63 258 0 0 0 0 0 0 0 0 0 
2014/12/18 64.4 64.4 62.6 62.6 257 0 0 0 0 0 0 0 0 0 
2014/12/19 63.4 63.5 60.9 61.4 446 0 0 0 0 0 0 0 0 0 
2014/12/22 61.6 62.6 61.6 62.3 134 0 0 0 0 0 0 0 0 0 
2014/12/23 62.8 62.8 62 62.6 111 0 0 0 0 0 0 0 0 0 
2014/12/24 62.8 65.5 62.8 64.1 752 0 0 0 0 0 0 0 0 0 
2014/12/25 64.3 64.5 63.2 63.4 198 0 0 0 0 0 0 0 0 0 
2014/12/26 63.9 63.9 62.8 63.3 199 0 0 0 0 0 0 0 0 0 
2014/12/27 63.7 63.8 63.1 63.1 113 0 0 0 0 0 0 0 0 0 
2014/12/29 63.5 63.5 62.8 62.9 227 0 0 0 0 0 0 0 0 0 
2014/12/30 63 63.4 62.2 62.7 130 0 0 0 0 0 0 0 0 0 
2014/12/31 62.8 62.8 62.1 62.5 163 0 0 0 0 0 0 0 0 0 
2015/01/05 62.5 62.5 61.6 61.7 402 0 0 0 0 0 0 0 0 0 
2015/01/06 61.7 62.6 61.7 61.9 459 0 0 0 0 0 0 0 0 0 
2015/01/07 62.2 62.9 61.9 62.1 258 0 0 0 0 0 0 0 0 0 
2015/01/08 62.8 62.8 61.9 62.3 295 0 0 0 0 0 0 0 0 0 
2015/01/09 62.5 62.5 61.5 61.8 359 0 0 0 0 0 0 0 0 0 
2015/01/12 61.5 62.3 61.2 61.3 232 0 0 0 0 0 0 0 0 0 
2015/01/13 61.3 64 61.3 63.2 1404 0 0 0 0 0 0 0 0 0 
2015/01/14 63.2 64.1 62.7 62.8 742 0 0 0 0 0 0 0 0 0 
2015/01/15 62.9 63.4 62.5 62.8 213 0 0 0 0 0 0 0 0 0 
2015/01/16 62.8 63.1 61.6 61.7 302 0 0 0 0 0 0 0 0 0 
2015/01/19 61.7 62.5 61.2 61.2 269 0 0 0 0 0 0 0 0 0 
2015/01/20 61.2 61.9 61.1 61.9 92 0 0 0 0 0 0 0 0 0 
2015/01/21 62.5 63.3 62.1 62.3 262 0 0 0 0 0 0 0 0 0 
2015/01/22 63 63 61.9 62.2 183 0 0 0 0 0 0 0 0 0 
2015/01/23 62.7 62.7 61.7 62.1 284 0 0 0 0 0 0 0 0 0 
2015/01/26 62.1 62.5 61.6 61.7 324 0 0 0 0 0 0 0 0 0 
2015/01/27 61.8 62.7 61.3 61.5 444 0 0 0 0 0 0 0 0 0 
2015/01/28 61 62.1 61 61.5 177 0 0 0 0 0 0 0 0 0 
2015/01/29 61.9 61.9 61.2 61.3 173 0 0 0 0 0 0 0 0 0 
2015/01/30 61.5 62 61.5 61.7 153 0 0 0 0 0 0 0 0 0 
2015/02/02 61.7 62 61.3 61.6 97 0 0 0 0 0 0 0 0 0 
2015/02/03 62 62 61.5 61.5 84 0 0 0 0 0 0 0 0 0 
2015/02/04 61.7 62.2 61.5 61.5 123 0 0 0 0 0 0 0 0 0 
2015/02/05 61.9 62.7 61.9 62.1 350 0 0 0 0 0 0 0 0 0 
2015/02/06 62.5 62.5 61.1 61.3 194 0 0 0 0 0 0 0 0 0 
2015/02/09 62 62.1 61.3 61.3 170 0 0 0 0 0 0 0 0 0 
2015/02/10 61.3 61.3 60.1 60.9 262 0 0 0 0 0 0 0 0 0 
2015/02/11 60.5 61 60.2 60.2 99 0 0 0 0 0 0 0 0 0 
2015/02/12 60.9 60.9 60.4 60.7 100 0 0 0 0 0 0 0 0 0 
2015/02/13 60.8 60.9 60.3 60.9 153 0 0 0 0 0 0 0 0 0 
2015/02/24 61.1 61.3 60.3 60.6 127 0 0 0 0 0 0 0 0 0 
2015/02/25 61.2 62.6 61 62.3 506 0 0 0 0 0 0 0 0 0 
2015/02/26 62.4 62.5 61.9 62 153 0 0 0 0 0 0 0 0 0 
2015/03/02 62 62.3 61.3 61.3 97 0 0 0 0 0 0 0 0 0 
2015/03/03 61.3 61.5 57.8 58.3 775 0 0 0 0 0 0 0 0 0 
2015/03/04 58 58.3 55.6 58.3 770 0 0 0 0 0 0 0 0 0 
2015/03/05 57.9 58.5 57.4 57.9 321 0 0 0 0 0 0 0 0 0 
2015/03/06 57.9 58.1 57.6 57.8 196 0 0 0 0 0 0 0 0 0 
2015/03/09 57.7 59.4 57.1 58.7 362 0 0 0 0 0 0 0 0 0 
2015/03/10 58.1 59 57.9 58 167 0 0 0 0 0 0 0 0 0 
2015/03/11 57.5 58.1 57.5 57.6 101 0 0 0 0 0 0 0 0 0 
2015/03/12 57.5 58.3 57.1 57.1 171 0 0 0 0 0 0 0 0 0 
2015/03/13 57.3 57.8 57 57 144 0 0 0 0 0 0 0 0 0 
2015/03/16 56.9 57.5 56.5 56.6 151 0 0 0 0 0 0 0 0 0 
2015/03/17 57.2 57.2 56.1 56.3 182 0 0 0 0 0 0 0 0 0 
2015/03/18 56.3 56.6 56 56.1 93 0 0 0 0 0 0 0 0 0 
2015/03/19 56.3 56.5 56.2 56.3 141 0 0 0 0 0 0 0 0 0 
2015/03/20 56.3 58.4 56.3 58.2 409 0 0 0 0 0 0 0 0 0 
2015/03/23 59.2 59.2 58.3 58.3 349 0 0 0 0 0 0 0 0 0 
2015/03/24 59 59.1 58.2 58.6 109 0 0 0 0 0 0 0 0 0 
2015/03/25 58.6 59.2 58 58 137 0 0 0 0 0 0 0 0 0 
2015/03/26 57.4 58 57 58 78 0 0 0 0 0 0 0 0 0 
2015/03/27 57.5 57.6 56.7 57.3 133 0 0 0 0 0 0 0 0 0 
2015/03/30 56.9 56.9 56 56.2 172 0 0 0 0 0 0 0 0 0 
2015/03/31 56.5 56.5 55.8 55.8 143 0 0 0 0 0 0 0 0 0 
2015/04/01 55.8 56.4 55.2 56 98 0 0 0 0 0 0 0 0 0 
2015/04/02 56 56.3 56 56 101 0 0 0 0 0 0 0 0 0 
2015/04/07 56.3 59.9 56.3 59.9 820 0 0 0 0 0 0 0 0 0 
2015/04/08 60 61.3 58.5 58.6 749 0 0 0 0 0 0 0 0 0 
2015/04/09 58.6 60 58.6 58.9 369 0 0 0 0 0 0 0 0 0 
2015/04/10 59 59.2 57.7 57.7 180 0 0 0 0 0 0 0 0 0 
2015/04/13 58.7 58.7 57.2 57.5 143 0 0 0 0 0 0 0 0 0 
2015/04/14 57.7 58 57.2 57.3 111 0 0 0 0 0 0 0 0 0 
2015/04/15 57.8 57.9 57 57 109 0 0 0 0 0 0 0 0 0 
2015/04/16 56.8 57.5 56.1 56.2 228 0 0 0 0 0 0 0 0 0 
2015/04/17 56.8 58.2 56.4 57.5 190 0 0 0 0 0 0 0 0 0 
2015/04/20 57.2 57.9 56.8 57.2 102 0 0 0 0 0 0 0 0 0 
2015/04/21 57.3 57.3 55.7 56.7 242 0 0 0 0 0 0 0 0 0 
2015/04/22 56.7 56.7 55.8 56 154 0 0 0 0 0 0 0 0 0 
2015/04/23 56.6 57.2 56 56.5 133 0 0 0 0 0 0 0 0 0 
2015/04/24 57.4 57.4 56.2 56.6 137 0 0 0 0 0 0 0 0 0 
2015/04/27 57.3 57.3 56 56.8 112 0 0 0 0 0 0 0 0 0 
2015/04/28 57 57 56 56.2 131 0 0 0 0 0 0 0 0 0 
2015/04/29 56.2 56.9 56 56.3 85 0 0 0 0 0 0 0 0 0 
2015/04/30 56.8 56.9 56.3 56.6 80 0 0 0 0 0 0 0 0 0 
2015/05/04 57 57 56 56 76 0 0 0 0 0 0 0 0 0 
2015/05/05 56.2 56.7 56 56.1 71 0 0 0 0 0 0 0 0 0 
2015/05/06 56 56.5 56 56.1 113 0 0 0 0 0 0 0 0 0 
2015/05/07 56.3 57.1 55.5 56 304 0 0 0 0 0 0 0 0 0 
2015/05/08 55.8 55.8 52.1 52.2 721 0 0 0 0 0 0 0 0 0 
2015/05/11 52.9 53 49.6 50 405 0 0 0 0 0 0 0 0 0 
2015/05/12 50.1 50.6 48.6 50.5 233 0 0 0 0 0 0 0 0 0 
2015/05/13 50.5 51.7 50.5 51.3 95 0 0 0 0 0 0 0 0 0 
2015/05/14 51.3 51.3 50.6 50.7 55 0 0 0 0 0 0 0 0 0 
2015/05/15 50.2 51.2 49.7 50.1 137 0 0 0 0 0 0 0 0 0 
2015/05/18 50.1 50.8 49.9 49.9 94 0 0 0 0 0 0 0 0 0 
2015/05/19 50.4 50.6 49.3 49.4 166 0 0 0 0 0 0 0 0 0 
2015/05/20 49.95 50 49.45 50 76 0 0 0 0 0 0 0 0 0 
2015/05/21 49.9 50.3 49.7 49.95 82 0 0 0 0 0 0 0 0 0 
2015/05/22 50.2 50.2 49.7 49.7 82 0 0 0 0 0 0 0 0 0 
2015/05/25 49.7 50.1 49.55 49.7 87 0 0 0 0 0 0 0 0 0 
2015/05/26 50.5 50.5 49.75 49.75 63 0 0 0 0 0 0 0 0 0 
2015/05/27 49.75 53.2 49.75 53.2 512 0 0 0 0 0 0 0 0 0 
2015/05/28 53.7 55.5 52.9 52.9 375 0 0 0 0 0 0 0 0 0 
2015/05/29 52.9 52.9 51.9 52.3 79 0 0 0 0 0 0 0 0 0 
2015/06/01 52.1 52.3 51.9 52.1 40 0 0 0 0 0 0 0 0 0 
2015/06/02 52.1 52.6 51.5 51.6 100 0 0 0 0 0 0 0 0 0 
2015/06/03 51.6 51.6 48 49.5 160 0 0 0 0 0 0 0 0 0 
2015/06/04 48.5 49.4 48.5 48.5 159 0 0 0 0 0 0 0 0 0 
2015/06/05 48.6 49.1 47.4 47.8 159 0 0 0 0 0 0 0 0 0 
2015/06/08 49 49 47 47.95 92 0 0 0 0 0 0 0 0 0 
2015/06/09 47.95 48.2 46.5 46.5 210 0 0 0 0 0 0 0 0 0 
2015/06/10 47.3 47.6 46.85 47 90 0 0 0 0 0 0 0 0 0 
2015/06/11 47.8 47.8 46.55 46.6 89 0 0 0 0 0 0 0 0 0 
2015/06/12 46.55 46.6 45.6 46.2 140 0 0 0 0 0 0 0 0 0 
2015/06/15 46.3 47 46.3 46.9 75 0 0 0 0 0 0 0 0 0 
2015/06/16 46.9 46.9 46.55 46.55 71 0 0 0 0 0 0 0 0 0 
2015/06/17 46.55 46.85 46.05 46.7 187 0 0 0 0 0 0 0 0 0 
2015/06/18 46.7 46.7 46.45 46.6 47 0 0 0 0 0 0 0 0 0 
2015/06/22 46.6 47.4 46.6 46.75 88 0 0 0 0 0 0 0 0 0 
2015/06/23 51 51.4 49.3 51.4 515 0 0 0 0 0 0 0 0 0 
2015/06/24 52 53 50.4 50.4 559 0 0 0 0 0 0 0 0 0 
2015/06/25 50.4 51.4 50.2 50.3 142 0 0 0 0 0 0 0 0 0 
2015/06/26 50.5 50.7 49.55 49.9 82 0 0 0 0 0 0 0 0 0 
2015/06/29 49.7 49.7 48.2 48.3 138 0 0 0 0 0 0 0 0 0 
2015/06/30 47.5 48.3 47.35 47.95 61 0 0 0 0 0 0 0 0 0 
2015/07/01 48 48.65 48 48.5 34 0 0 0 0 0 0 0 0 0 
2015/07/02 49.8 50.9 49.3 49.3 155 0 0 0 0 0 0 0 0 0 
2015/07/03 49.3 49.5 48.5 49.5 54 0 0 0 0 0 0 0 0 0 
2015/07/06 48.8 49.35 48.35 48.35 65 0 0 0 0 0 0 0 0 0 
2015/07/07 48.5 49 48.5 48.55 46 0 0 0 0 0 0 0 0 0 
2015/07/08 47.6 47.6 46.1 46.5 135 0 0 0 0 0 0 0 0 0 
2015/07/09 45.5 46.75 44.3 45.5 113 0 0 0 0 0 0 0 0 0 
2015/07/13 46.05 46.65 46.05 46.3 67 0 0 0 0 0 0 0 0 0 
2015/07/14 46.7 46.7 46 46.05 59 0 0 0 0 0 0 0 0 0 
2015/07/15 46 46.1 45.85 45.85 51 0 0 0 0 0 0 0 0 0 
2015/07/16 45.9 46.1 45.85 46.1 32 0 0 0 0 0 0 0 0 0 
2015/07/17 46.3 46.3 45.85 46 37 0 0 0 0 0 0 0 0 0 
2015/07/20 46.1 46.1 45.1 45.75 33 0 0 0 0 0 0 0 0 0 
2015/07/21 46.1 46.1 45.15 45.15 50 0 0 0 0 0 0 0 0 0 
2015/07/22 45.8 45.8 44.1 44.1 87 0 0 0 0 0 0 0 0 0 
2015/07/23 44.1 44.2 40.95 42 287 0 0 0 0 0 0 0 0 0 
2015/07/24 40.3 41.4 40.3 40.95 149 0 0 0 0 0 0 0 0 0 
2015/07/27 40.5 41.4 38.2 39.35 345 0 0 0 0 0 0 0 0 0 
2015/07/28 36.9 39.7 36.9 39.35 266 0 0 0 0 0 0 0 0 0 
2015/07/29 39.35 40 39 39.3 85 0 0 0 0 0 0 0 0 0 
2015/07/30 39 40.55 39 40.55 69 0 0 0 0 0 0 0 0 0 
2015/07/31 40.3 40.4 40.05 40.4 75 0 0 0 0 0 0 0 0 0 
2015/08/03 40 40 39.6 40 50 0 0 0 0 0 0 0 0 0 
2015/08/04 40.3 40.3 37 38.1 162 0 0 0 0 0 0 0 0 0 
2015/08/05 38.1 39.7 38.1 39 100 0 0 0 0 0 0 0 0 0 
2015/08/06 39.5 39.5 38.25 38.7 84 0 0 0 0 0 0 0 0 0 
2015/08/07 38.6 40.45 38.25 39.55 108 0 0 0 0 0 0 0 0 0 
2015/08/10 38.5 42.5 38.45 42 96 0 0 0 0 0 0 0 0 0 
2015/08/11 42 42.1 40.2 41.05 100 0 0 0 0 0 0 0 0 0 
2015/08/12 41.9 41.9 39.5 40.15 50 0 0 0 0 0 0 0 0 0 
2015/08/13 41.2 41.2 40.4 40.7 29 0 0 0 0 0 0 0 0 0 
2015/08/14 42.25 42.25 40.85 41.5 75 0 0 0 0 0 0 0 0 0 
2015/08/17 42.3 42.5 41.3 42.45 97 0 0 0 0 0 0 0 0 0 
2015/08/18 42.9 43 41.8 42.55 124 0 0 0 0 0 0 0 0 0 
2015/08/19 42.9 43 41.5 41.7 73 0 0 0 0 0 0 0 0 0 
2015/08/20 42.6 42.6 40.9 41.4 98 0 0 0 0 0 0 0 0 0 
2015/08/21 41.35 41.35 39.5 39.55 101 0 0 0 0 0 0 0 0 0 
2015/08/24 39 39.5 35.6 35.7 334 0 0 0 0 0 0 0 0 0 
2015/08/25 33 36.5 32.5 36 216 0 0 0 0 0 0 0 0 0 
2015/08/26 36.5 36.5 35.35 35.95 71 0 0 0 0 0 0 0 0 0 
2015/08/27 36.75 37.85 35.8 37.45 180 0 0 0 0 0 0 0 0 0 
2015/08/28 37.9 38.65 37.4 38.3 199 0 0 0 0 0 0 0 0 0 
2015/08/31 38.3 41 38.3 40.85 267 0 0 0 0 0 0 0 0 0 
2015/09/01 38.1 39 38.1 38.5 123 0 0 0 0 0 0 0 0 0 
2015/09/02 38.2 38.9 37.8 38.5 100 0 0 0 0 0 0 0 0 0 
2015/09/03 39 39 38.25 38.6 82 0 0 0 0 0 0 0 0 0 
2015/09/04 38.6 38.7 37.1 37.8 143 0 0 0 0 0 0 0 0 0 
2015/09/07 37 37.4 36.8 37.4 68 0 0 0 0 0 0 0 0 0 
2015/09/08 37.4 37.4 36.3 37 53 0 0 0 0 0 0 0 0 0 
2015/09/09 38.3 39.5 37.5 38.95 175 0 0 0 0 0 0 0 0 0 
2015/09/10 39.1 40.5 38.65 40.2 186 0 0 0 0 0 0 0 0 0 
2015/09/11 40.8 42 40.5 41.6 227 0 0 0 0 0 0 0 0 0 
2015/09/14 42.2 42.4 40.5 42.4 186 0 0 0 0 0 0 0 0 0 
2015/09/15 41.9 42.4 41.25 41.25 68 0 0 0 0 0 0 0 0 0 
2015/09/16 41.35 41.6 40.6 40.7 99 0 0 0 0 0 0 0 0 0 
2015/09/17 41.4 41.4 40.3 40.85 53 0 0 0 0 0 0 0 0 0 
2015/09/18 40.55 41.2 40.55 41 31 0 0 0 0 0 0 0 0 0 
2015/09/21 40.1 41 39.9 40.15 31 0 0 0 0 0 0 0 0 0 
2015/09/22 40.3 40.6 40.2 40.35 14 0 0 0 0 0 0 0 0 0 
2015/09/23 40.3 40.3 39.3 39.35 68 0 0 0 0 0 0 0 0 0 
2015/09/24 39.4 39.85 38.5 38.5 45 0 0 0 0 0 0 0 0 0 
2015/09/25 39 39.4 38.2 38.8 14 0 0 0 0 0 0 0 0 0 
2015/09/30 38.75 41 38.75 40.65 119 0 0 0 0 0 0 0 0 0 
2015/10/01 41.3 44.7 41.05 44.7 996 0 0 0 0 0 0 0 0 0 
2015/10/02 44.9 48.9 44.85 48.45 1454 0 0 0 0 0 0 0 0 0 
2015/10/05 48.9 51.9 48.05 49.7 1442 0 0 0 0 0 0 0 0 0 
2015/10/06 50 50.4 47 48.7 640 0 0 0 0 0 0 0 0 0 
2015/10/07 48.6 49.3 48.1 49.3 432 0 0 0 0 0 0 0 0 0 
2015/10/08 49 49.2 44.65 45.3 468 0 0 0 0 0 0 0 0 0 
2015/10/12 45.3 45.9 44.3 45.1 229 0 0 0 0 0 0 0 0 0 
2015/10/13 45.3 46.7 45.3 46.45 238 0 0 0 0 0 0 0 0 0 
2015/10/14 46 46.4 45.6 45.75 92 0 0 0 0 0 0 0 0 0 
2015/10/15 45.8 46.35 45.5 45.85 103 0 0 0 0 0 0 0 0 0 
2015/10/16 45.85 46.15 45.5 45.55 102 0 0 0 0 0 0 0 0 0 
2015/10/19 45.55 46.1 45.55 45.9 52 0 0 0 0 0 0 0 0 0 
2015/10/20 45.9 47.1 45.9 46.8 206 0 0 0 0 0 0 0 0 0 
2015/10/21 47.05 47.75 45.9 45.9 228 0 0 0 0 0 0 0 0 0 
2015/10/22 46.3 46.7 45.6 45.6 81 0 0 0 0 0 0 0 0 0 
2015/10/23 45.85 46.1 45.3 45.5 110 0 0 0 0 0 0 0 0 0 
2015/10/26 45.9 46.5 45.5 45.75 84 0 0 0 0 0 0 0 0 0 
2015/10/27 45.75 46 45.6 46 72 0 0 0 0 0 0 0 0 0 
2015/10/28 46 46.1 44.15 45.2 158 0 0 0 0 0 0 0 0 0 
2015/10/29 45.2 45.2 44.1 44.15 157 0 0 0 0 0 0 0 0 0 
2015/10/30 44.05 44.15 42.85 43.8 83 0 0 0 0 0 0 0 0 0 
2015/11/02 43.45 45.15 43.2 44.15 103 0 0 0 0 0 0 0 0 0 
2015/11/03 44.4 44.8 44.05 44.05 80 0 0 0 0 0 0 0 0 0 
2015/11/04 44.65 44.75 44.2 44.6 75 0 0 0 0 0 0 0 0 0 
2015/11/05 44.8 44.9 44.2 44.8 72 0 0 0 0 0 0 0 0 0 
2015/11/06 44.8 44.8 43.75 43.75 65 0 0 0 0 0 0 0 0 0 
2015/11/09 44.8 44.8 43.25 44.4 120 0 0 0 0 0 0 0 0 0 
2015/11/10 44.45 44.45 43.8 44.2 51 0 0 0 0 0 0 0 0 0 
2015/11/11 44.2 44.2 43.2 43.2 40 0 0 0 0 0 0 0 0 0 
2015/11/12 43 43.4 41.05 42.75 131 0 0 0 0 0 0 0 0 0 
2015/11/13 43 43 42.4 42.6 30 0 0 0 0 0 0 0 0 0 
2015/11/16 42.2 42.8 42 42.35 43 0 0 0 0 0 0 0 0 0 
2015/11/17 42.4 43.7 42.4 43.45 150 0 0 0 0 0 0 0 0 0 
2015/11/18 43.9 43.9 43.05 43.3 42 0 0 0 0 0 0 0 0 0 
2015/11/19 43.4 44.3 43.4 44.3 163 0 0 0 0 0 0 0 0 0 
2015/11/20 44.4 44.85 44.35 44.65 116 0 0 0 0 0 0 0 0 0 
2015/11/23 44.8 44.9 44.15 44.8 84 0 0 0 0 0 0 0 0 0 
2015/11/24 44.8 44.85 43.1 43.15 69 0 0 0 0 0 0 0 0 0 
2015/11/25 43.15 43.15 42.35 42.35 64 0 0 0 0 0 0 0 0 0 
2015/11/26 42.4 42.8 42.35 42.6 73 0 0 0 0 0 0 0 0 0 
2015/11/27 42.6 42.6 42 42.2 52 0 0 0 0 0 0 0 0 0 
2015/11/30 42.2 42.2 41.5 41.5 23 0 0 0 0 0 0 0 0 0 
2015/12/01 42.75 42.75 41.95 42.45 55 0 0 0 0 0 0 0 0 0 
2015/12/02 42 42.85 42 42.15 86 0 0 0 0 0 0 0 0 0 
2015/12/03 42.3 42.8 42 42.3 71 0 0 0 0 0 0 0 0 0 
2015/12/04 41.6 42.6 41.6 42.4 24 0 0 0 0 0 0 0 0 0 
2015/12/07 42.45 42.8 42.2 42.5 45 0 0 0 0 0 0 0 0 0 
2015/12/08 43 44.5 43 43.7 246 0 0 0 0 0 0 0 0 0 
2015/12/09 43.75 43.75 42 42.1 73 0 0 0 0 0 0 0 0 0 
2015/12/10 42.1 42.1 41.4 41.7 59 0 0 0 0 0 0 0 0 0 
2015/12/11 42.7 42.7 40.6 40.6 70 0 0 0 0 0 0 0 0 0 
2015/12/14 40.2 40.2 39 39.4 131 0 0 0 0 0 0 0 0 0 
2015/12/15 39.6 40.5 39.6 40.2 41 0 0 0 0 0 0 0 0 0 
2015/12/16 40.55 40.8 40.3 40.4 55 0 0 0 0 0 0 0 0 0 
2015/12/17 40.9 40.9 40.4 40.85 47 0 0 0 0 0 0 0 0 0 
2015/12/18 40.9 40.9 40.4 40.8 19 0 0 0 0 0 0 0 0 0 
2015/12/21 40.8 41.3 40.8 40.9 22 0 0 0 0 0 0 0 0 0 
2015/12/22 42.2 42.2 41.1 41.5 28 0 0 0 0 0 0 0 0 0 
2015/12/23 42 42 41.25 41.3 31 0 0 0 0 0 0 0 0 0 
2015/12/24 41.5 41.7 41 41.7 69 0 0 0 0 0 0 0 0 0 
2015/12/25 41.9 42 40.9 41.75 33 0 0 0 0 0 0 0 0 0 
2015/12/28 42 42 41.4 41.9 36 0 0 0 0 0 0 0 0 0 
2015/12/29 41.85 41.95 41.4 41.4 25 0 0 0 0 0 0 0 0 0 
2015/12/30 41.6 41.9 41.2 41.5 22 0 0 0 0 0 0 0 0 0 
2015/12/31 41.85 41.85 41.4 41.4 8 0 0 0 0 0 0 0 0 0 
2016/01/04 41.1 41.1 40.2 40.55 22 0 0 0 0 0 0 0 0 0 
2016/01/05 40 40.7 39.7 40 33 0 0 0 0 0 0 0 0 0 
2016/01/06 40 40 38.8 38.85 78 0 0 0 0 0 0 0 0 0 
2016/01/07 38.85 39 36.5 37.5 126 0 0 0 0 0 0 0 0 0 
2016/01/08 37.5 38.5 37.3 38.35 58 0 0 0 0 0 0 0 0 0 
2016/01/11 37.05 38.35 36 37.3 43 0 0 0 0 0 0 0 0 0 
2016/01/12 37.5 38.8 37.3 37.65 35 0 0 0 0 0 0 0 0 0 
2016/01/13 37.6 38.1 37.6 37.6 47 0 0 0 0 0 0 0 0 0 
2016/01/14 37.3 37.45 36.5 36.9 72 0 0 0 0 0 0 0 0 0 
2016/01/15 36.9 37.95 36.9 37.85 28 0 0 0 0 0 0 0 0 0 
2016/01/18 37.05 38.65 37.05 38.65 29 0 0 0 0 0 0 0 0 0 
2016/01/19 38.65 38.65 38 38.15 22 0 0 0 0 0 0 0 0 0 
2016/01/20 38.3 38.3 37.8 38.1 12 0 0 0 0 0 0 0 0 0 
2016/01/21 38.15 38.9 37.9 38.35 26 0 0 0 0 0 0 0 0 0 
2016/01/22 38.15 38.8 38.15 38.75 10 0 0 0 0 0 0 0 0 0 
2016/01/25 39 39.2 38.8 39.2 26 0 0 0 0 0 0 0 0 0 
2016/01/26 38.25 39.15 38.25 39.05 12 0 0 0 0 0 0 0 0 0 
2016/01/27 39.05 39.05 38.55 38.55 10 0 0 0 0 0 0 0 0 0 
2016/01/28 37.5 38.7 37.5 38.4 19 0 0 0 0 0 0 0 0 0 
2016/01/29 38.05 38.8 38.05 38.6 19 0 0 0 0 0 0 0 0 0 
2016/01/30 39.15 39.4 38.6 38.6 19 0 0 0 0 0 0 0 0 0 
2016/02/01 39.3 41.35 39.15 40.9 141 0 0 0 0 0 0 0 0 0 
2016/02/02 40.9 40.9 39.9 39.9 27 0 0 0 0 0 0 0 0 0 
2016/02/03 40.4 40.4 39.45 39.9 33 0 0 0 0 0 0 0 0 0 
2016/02/15 39.15 41.1 39.15 40 19 0 0 0 0 0 0 0 0 0 
2016/02/16 41.1 41.1 40.5 40.9 51 0 0 0 0 0 0 0 0 0 
2016/02/17 41.4 43.8 41 43.8 394 0 0 0 0 0 0 0 0 0 
2016/02/18 43.8 43.9 42.6 42.65 178 0 0 0 0 0 0 0 0 0 
2016/02/19 42.65 42.95 42.2 42.9 81 0 0 0 0 0 0 0 0 0 
2016/02/22 43.1 43.7 42.6 43 104 1325 11 35848 131 2 35981 0 7.11 0.83 
2016/02/23 43.4 43.4 42.7 42.85 72 1306 11 35840 131 2 35973 1 7.01 0.84 
2016/02/24 42.85 42.85 42.35 42.35 43 1302 11 35841 131 2 35974 1 6.99 0.84 
2016/02/25 43.05 43.05 42.5 42.5 60 1280 11 35842 131 1 35974 0 6.87 0.86 
2016/02/26 42.95 43.3 42.3 42.4 47 1277 11 35843 131 0 35974 1 6.86 0.86 
2016/03/01 42.4 43.2 42 42.5 36 1273 11 35845 131 0 35976 2 6.84 0.86 
2016/03/02 44 44 42.7 42.7 89 1261 10 35845 131 0 35976 1 6.77 0.79 
2016/03/03 42.8 42.8 42.3 42.3 43 1256 10 35845 131 1 35977 0 6.74 0.8 
2016/03/04 42.3 42.95 42.3 42.9 42 1253 10 35849 131 1 35981 5 6.73 0.8 
2016/03/07 43 43.1 42.5 42.5 66 1244 11 35847 131 1 35979 0 6.68 0.88 
2016/03/08 42.8 42.8 42.4 42.5 28 1240 11 35845 131 1 35977 0 6.66 0.89 
2016/03/09 42.5 42.5 42.2 42.2 39 1238 10 35845 131 1 35977 0 6.65 0.81 
2016/03/10 42.05 42.5 42 42 59 1232 10 35860 131 1 35992 2 6.62 0.81 
2016/03/11 41.95 42.5 41.95 42.5 30 1215 10 35861 131 1 35993 0 6.52 0.82 
2016/03/14 43 43.5 42.5 43.4 109 1225 13 35856 131 35 36022 2 6.58 1.06 
2016/03/15 43.5 47.7 43.45 46.3 1754 1340 11 35877 131 0 36008 429 7.2 0.82 
2016/03/16 47 47.8 46.3 47.3 1178 1507 10 35854 59 80 35993 86 8.09 0.66 
2016/03/17 48 48.15 45 45.25 510 1442 7 35854 59 43 35956 15 7.74 0.49 
2016/03/18 45.7 45.75 44.9 45.7 170 1447 6 35899 59 51 36009 7 7.77 0.41 
2016/03/21 46.45 47.5 46.45 46.6 459 1480 17 35882 59 0 35941 26 7.95 1.15 
2016/03/22 46.95 47 45.85 45.95 127 1446 16 35882 59 1 35942 0 7.76 1.11 
2016/03/23 46 46.2 45.7 45.7 93 1416 15 35883 59 1 35943 0 7.6 1.06 
2016/03/24 46.85 49.8 46 49.5 1907 1725 6 35922 129 0 36051 283 9.26 0.35 
2016/03/25 49.8 50.8 48.3 48.7 1106 1732 6 35885 179 40 36104 81 9.3 0.35 
2016/03/28 48.95 50.7 48.2 50 900 1700 7 35895 249 50 36194 74 9.13 0.41 
2016/03/29 50.6 52 48.6 50 941 1697 1 35904 249 70 36223 0 9.11 0.06 
2016/03/30 50.8 50.9 49.7 50.1 647 1708 0 35882 249 30 36161 0 9.17 0 
2016/03/31 50.3 50.9 49.4 49.7 371 1664 0 35893 260 37 36190 0 8.94 0 
2016/04/01 49.5 50.6 49.15 50.2 320 1775 0 35901 260 55 36216 0 9.53 0 
2016/04/06 50.2 53.8 49.6 53.3 1923 2261 9 35946 260 55 36261 273 12.14 0.4 
2016/04/07 53.3 53.3 50.6 50.9 851 2200 14 35883 260 69 36212 115 11.81 0.64 
2016/04/08 50.4 51.7 49.4 49.9 441 2148 14 35891 260 69 36220 36 11.53 0.65 
2016/04/11 50.3 50.4 48.85 49.85 326 2105 22 35904 260 0 36164 13 11.3 1.05 
2016/04/12 49.85 50.8 47.5 48.3 423 2020 7 35905 260 0 36165 28 10.85 0.35 
2016/04/13 49.3 49.3 47.3 47.4 329 1855 13 35929 260 0 36189 9 9.96 0.7 
2016/04/14 48 48 46.65 47.05 489 1625 11 35979 230 35 36244 6 8.73 0.68 
2016/04/15 47.35 49.7 47.1 49.3 486 1610 15 36018 230 25 36273 29 8.65 0.93 
2016/04/18 49.45 49.55 48.4 48.7 243 1619 23 35988 200 25 36213 8 8.69 1.42 
2016/04/19 49.55 49.55 47.8 48.55 141 1603 18 35960 200 24 36184 17 8.61 1.12 
2016/04/20 49.2 53.3 49.15 50.5 2434 1820 32 35918 200 18 36136 545 9.77 1.76 
2016/04/21 50.9 51.5 49.7 50.8 699 1814 32 35944 200 19 36163 46 9.74 1.76 
2016/04/22 50.8 51.5 49.4 51 571 1711 32 35959 200 19 36178 25 9.19 1.87 
2016/04/25 51.5 52.2 51 51.5 513 1663 35 35951 200 0 36151 29 8.93 2.1 
2016/04/26 50.3 51.9 50.3 51.5 242 1607 36 35966 200 0 36166 7 8.63 2.24 
2016/04/27 51.9 51.9 50.6 50.6 225 1585 27 35966 200 0 36166 25 8.51 1.7 
2016/04/28 50.6 51 49.5 50 223 1539 20 35960 200 1 36161 0 8.26 1.3 
2016/04/29 49.2 49.3 48.6 48.7 160 1517 25 35958 200 0 36158 3 8.15 1.65 
2016/05/03 48.7 48.75 48.15 48.5 91 1517 24 35968 180 3 36151 0 8.15 1.58 
2016/05/04 48.5 49.8 48.05 48.5 138 1498 24 35961 180 2 36143 0 8.04 1.6 
2016/05/05 48.4 49 48.3 48.75 127 1496 22 35968 250 2 36220 0 8.03 1.47 
2016/05/06 49 49.15 47.7 48.1 119 1495 16 35957 250 2 36209 3 8.03 1.07 
2016/05/09 48.05 48.05 46.2 46.7 264 1357 15 35957 250 3 36210 0 7.29 1.11 
2016/05/10 46.7 47.9 46.4 47.3 169 1269 15 35978 250 5 36233 4 6.81 1.18 
2016/05/11 48.1 48.1 47.25 47.7 86 1255 14 35958 250 5 36213 3 6.74 1.12 
2016/05/12 47.9 48.1 47.4 47.4 73 1239 14 36018 250 3 36271 2 6.65 1.13 
2016/05/13 47.9 47.9 46.15 47.05 86 1252 13 35998 250 3 36251 0 6.72 1.04 
2016/05/16 46.1 47.2 46.1 47 43 1243 13 35994 250 4 36248 0 6.67 1.05 
2016/05/17 47.1 48.55 46.95 47.8 58 1250 12 36008 250 3 36261 0 6.71 0.96 
2016/05/18 47.8 47.8 46.8 47 74 1246 12 35978 250 4 36232 0 6.69 0.96 
2016/05/19 47.65 48.3 46.7 47 85 1215 12 35745 250 6 36001 0 6.52 0.99 
2016/05/20 47.2 47.85 47 47.15 33 1220 12 35738 250 6 35994 0 6.55 0.98 
2016/05/23 47.05 48.45 46.15 47.8 106 1227 11 35759 250 6 36015 5 6.59 0.9 
2016/05/24 47.85 48.15 47.4 47.7 29 1226 11 35754 250 6 36010 0 6.58 0.9 
2016/05/25 47.7 48.2 47.5 47.8 39 1231 11 35759 250 6 36015 1 6.61 0.89 
2016/05/26 48 51.7 48 51.2 711 1352 19 35741 250 4 35995 52 7.26 1.41 
2016/05/27 51.9 52.2 49.2 49.4 556 1337 17 35665 250 4 35919 31 7.18 1.27 
2016/05/30 49.25 49.75 48.8 49.1 188 1304 17 35679 250 5 35934 8 7 1.3 
2016/05/31 49.1 49.3 48.8 48.85 98 1293 15 35670 250 5 35925 4 6.94 1.16 
2016/06/01 49.4 49.4 48.8 49 61 1286 15 35665 250 5 35920 2 6.91 1.17 
2016/06/02 49.35 50.7 49.3 49.35 137 1271 17 35673 250 4 35927 6 6.82 1.34 
2016/06/03 49.2 49.25 48.3 48.8 83 1252 16 35660 250 4 35914 0 6.72 1.28 
2016/06/04 48.6 48.9 48 48.7 74 1227 18 35660 250 6 35916 0 6.59 1.47 
2016/06/06 48.7 48.8 48.2 48.25 47 1211 18 35666 250 6 35922 1 6.5 1.49 
2016/06/07 48.25 48.5 48.1 48.1 58 1167 18 35660 250 6 35916 1 6.27 1.54 
2016/06/08 48.2 48.7 48.2 48.7 59 1152 18 35664 250 6 35920 2 6.19 1.56 
2016/06/13 48.7 48.7 47.35 48.5 71 1136 18 35659 250 4 35913 2 6.1 1.58 
2016/06/14 48 48.5 48 48.3 51 1135 18 35661 250 4 35915 0 6.09 1.59 
2016/06/15 48.1 48.45 48 48.1 78 1141 18 35680 250 4 35934 0 6.13 1.58 
2016/06/16 48.5 48.5 48.1 48.3 62 1149 18 35675 250 4 35929 0 6.17 1.57 
2016/06/17 48.3 48.65 48.3 48.65 45 1146 18 35677 250 5 35932 1 6.15 1.57 
2016/06/20 49.25 49.25 48.6 48.6 67 1147 18 35682 250 19 35951 0 6.16 1.57 
2016/06/21 49 49.35 48.6 48.6 47 1149 18 35679 250 19 35948 0 6.17 1.57 
2016/06/22 48.4 48.6 48.15 48.3 49 1156 18 35687 250 19 35956 0 6.21 1.56 
2016/06/23 48.3 48.45 48.2 48.45 33 1155 18 35690 250 21 35961 0 6.2 1.56 
2016/06/24 48.2 48.25 46.2 46.95 125 1138 15 35625 250 32 35907 1 6.11 1.32 
2016/06/27 46.7 47.9 46.7 47.55 43 1123 12 35649 250 32 35931 0 6.03 1.07 
2016/06/28 47.55 48.1 47.4 48.1 15 1123 8 35643 250 32 35925 0 6.03 0.71 
2016/06/29 48 48.3 47.75 47.75 71 1109 0 35633 250 32 35915 0 5.96 0 
2016/06/30 48.2 49.5 47.85 48.8 99 1121 0 35628 180 32 35840 0 6.02 0 
2016/07/01 49.1 49.35 48.7 48.7 111 1133 0 35628 180 32 35840 0 6.08 0 
2016/07/04 49.3 49.35 48.9 49 297 1172 0 35644 180 33 35857 0 6.29 0 
2016/07/05 46.8 47.1 46.5 46.9 75 1159 5 35636 180 32 35848 1 6.22 0.43 
2016/07/06 46.8 46.8 46.2 46.4 61 1138 5 35637 180 32 35849 0 6.11 0.44 
2016/07/07 46.9 46.9 46.7 46.85 36 1137 5 35638 180 32 35850 0 6.11 0.44 
2016/07/11 46.95 47.75 46.95 47.35 100 1125 5 35658 180 37 35875 0 6.04 0.44 
2016/07/12 47.45 47.75 47.2 47.35 67 1104 5 35664 180 35 35879 0 5.93 0.45 
2016/07/13 47.6 47.6 47.25 47.5 54 1101 5 35665 180 35 35880 0 5.91 0.45 
2016/07/14 47.5 47.9 47 47.15 76 1095 6 35665 180 35 35880 1 5.88 0.55 
2016/07/15 47.4 47.4 46.65 47 96 1092 6 35658 180 35 35873 0 5.86 0.55 
2016/07/18 46.8 47.95 46.7 47.45 100 1085 6 35679 180 35 35894 0 5.83 0.55 
2016/07/19 47.1 47.1 46.85 46.85 109 1091 8 35687 180 40 35907 0 5.86 0.73 
2016/07/20 46.7 47.75 46.2 46.95 146 1063 5 35706 180 42 35928 1 5.71 0.47 
2016/07/21 47.5 47.5 46.8 47.4 55 1046 5 35716 180 46 35942 0 5.62 0.48 
2016/07/22 47.35 47.6 47.2 47.5 54 1034 5 35716 180 46 35942 0 5.55 0.48 
2016/07/25 47.8 48.2 47.35 47.5 39 1041 6 35701 180 46 35927 0 5.59 0.58 
2016/07/26 47.8 47.8 47.15 47.55 13 1032 6 35700 180 46 35926 0 5.54 0.58 
2016/07/27 47.35 47.35 47.1 47.2 17 1031 6 35708 180 46 35934 0 5.54 0.58 
2016/07/28 47.3 47.3 46.35 46.85 35 1026 5 35709 180 47 35936 0 5.51 0.49 
2016/07/29 47.5 47.5 47.1 47.1 14 1027 5 35705 180 47 35932 0 5.51 0.49 
2016/08/01 47.6 47.95 46.5 47.3 73 1030 6 35705 200 54 35959 0 5.53 0.58 
2016/08/02 47.3 49.2 47.3 48.85 156 1041 6 35706 220 54 35980 12 5.59 0.58 
2016/08/03 48.75 48.8 48.05 48.55 90 1028 6 35700 240 54 35994 3 5.52 0.58 
2016/08/04 48.8 49.25 48.1 48.75 150 1056 6 35699 260 52 36011 7 5.67 0.57 
2016/08/05 48.45 49.25 48.45 49.15 156 1070 6 35700 280 52 36032 3 5.75 0.56 
2016/08/08 49.5 54 49.35 52.5 1520 1448 12 35712 290 8 36010 215 7.78 0.83 
2016/08/09 53.1 53.5 51.2 52 659 1467 13 35696 290 8 35994 53 7.88 0.89 
2016/08/10 52 54.3 51.8 52.5 933 1579 13 35697 344 8 36049 43 8.48 0.82 
2016/08/11 52.5 52.9 51.8 52.2 213 1556 16 35706 344 7 36057 4 8.36 1.03 
2016/08/12 52.8 56.3 52.8 55.6 2352 1896 46 35720 453 6 36179 231 10.18 2.43 
2016/08/15 56 58 55.9 57 2148 1929 83 35685 675 56 36416 198 10.36 4.3 
2016/08/16 57 57.6 56.2 56.7 820 1997 88 35667 675 93 36435 50 10.72 4.41 
2016/08/17 57.5 60.3 57 57.6 3742 2083 118 35679 888 469 37036 447 11.19 5.66 
2016/08/18 58.6 59.5 57.2 57.5 1126 2194 125 35695 888 429 37012 86 11.78 5.7 
2016/08/19 58.2 58.5 55.5 55.7 884 2205 101 35702 888 480 37070 38 11.84 4.58 
2016/08/22 56.4 57.3 55.5 55.9 913 2113 103 35683 888 485 37056 70 11.35 4.87 
2016/08/23 56.5 56.8 55.2 56.2 474 2130 102 35705 888 524 37117 10 11.44 4.79 
2016/08/24 56.2 57.3 53.6 54 1020 2105 66 35821 888 581 37290 81 11.3 3.14 
2016/08/25 54.5 57.4 54 56.5 1655 2283 85 35867 948 440 37255 112 12.26 3.72 
2016/08/26 57.3 57.4 55.7 56 776 2237 82 35825 948 496 37269 22 12.01 3.67 
2016/08/29 55.9 57.4 55.1 56.7 462 2166 79 35886 918 514 37318 14 11.63 3.65 
2016/08/30 57.5 58.7 56.7 57 835 2115 77 35911 918 582 37411 41 11.36 3.64 
2016/08/31 56.6 57 56 56.2 330 2001 71 35948 918 601 37467 3 10.74 3.55 
2016/09/01 56 57.2 55.6 57 315 2009 67 35973 918 609 37500 6 10.79 3.33 
2016/09/02 57 57.1 55.1 55.7 567 1869 65 35974 1068 630 37672 18 10.04 3.48 
2016/09/05 56.5 59.8 56.5 59 2314 2005 119 36129 1089 627 37845 260 10.77 5.94 
2016/09/06 58.7 60.1 58 58.6 1573 1832 112 36143 1468 601 38212 96 9.84 6.11 
2016/09/07 59.6 64.4 59.6 64.4 5519 2320 349 36509 1648 595 38752 829 12.46 15.04 
2016/09/08 64.9 66.6 63.6 64.2 3391 2138 356 36569 1891 698 39158 397 11.48 16.65 
2016/09/09 65.2 66.9 64.5 65.6 3186 2385 456 36824 1891 689 39404 391 12.81 19.12 
2016/09/10 63.6 65 63.6 64.2 1123 2339 412 36827 1891 699 39417 87 12.56 17.61 
2016/09/12 65.3 65.7 61 62.2 1370 2278 326 36882 1891 716 39489 144 12.23 14.31 
2016/09/13 63.5 63.5 59.8 61.5 1672 2181 209 37277 1811 644 39732 94 11.71 9.58 
2016/09/14 61.5 62.2 60.6 62.2 526 2167 198 37360 1811 659 39830 19 11.64 9.14 
2016/09/19 62.6 63.5 62.5 63.4 767 2080 203 37407 1811 627 39845 24 11.17 9.76 
2016/09/20 63.5 67.2 63 65.7 2957 2263 387 37743 1811 672 40226 287 12.15 17.1 
2016/09/21 65.7 66.8 64.9 65.5 1316 2139 384 37670 1861 872 40403 72 11.49 17.95 
2016/09/22 66 66.2 64 64 774 2057 359 37712 1861 824 40397 36 11.05 17.45 
2016/09/23 64.8 65.5 63.8 63.8 479 2049 346 37710 1861 808 40379 37 11 16.89 
2016/09/26 63.9 64.3 62.5 62.5 427 2051 266 37728 1861 750 40339 23 11.01 12.97 
2016/09/29 62.7 63.4 61.6 62.1 630 2074 220 37726 1861 635 40222 18 11.14 10.61 
2016/09/30 62.1 63 61.6 62 300 2086 209 37721 1755 641 40117 8 11.2 10.02 
2016/10/03 62.7 64.5 62.5 64 729 2174 221 37808 1755 656 40219 64 11.67 10.17 
2016/10/04 64 64 63.2 63.2 326 2180 187 37757 1755 656 40168 17 11.71 8.58 
2016/10/05 63.2 64.3 63.2 63.2 605 2101 189 37801 1939 660 40400 51 11.28 9 
2016/10/06 64.4 65.7 63.2 63.4 1429 2232 210 37806 2039 670 40515 176 11.99 9.41 
2016/10/07 63.8 64.3 61.8 62.8 707 2115 207 37870 2039 624 40533 31 11.36 9.79 
2016/10/11 63.3 63.3 57 58.2 761 1926 190 37850 2082 592 40524 39 10.34 9.87 
2016/10/12 58 61 57 60.2 652 1867 206 37900 2269 435 40604 47 10.03 11.03 
2016/10/13 60.5 61.3 59.5 59.7 323 1822 199 37877 2358 384 40619 17 9.78 10.92 
2016/10/14 59.7 59.8 58.2 58.8 313 1752 195 37859 2434 371 40664 5 9.41 11.13 
2016/10/17 59.1 59.6 57.5 59.6 192 1741 182 37869 2507 346 40722 15 9.35 10.45 
2016/10/18 59.8 59.8 59 59 176 1747 170 37849 2532 346 40727 5 9.38 9.73 
2016/10/19 59 59.4 57.8 58 301 1746 168 37825 2472 340 40637 2 9.38 9.62 
2016/10/20 57.9 58.6 57.5 58 211 1728 159 37842 2472 340 40654 5 9.28 9.2 
2016/10/21 58.7 59 57.9 57.9 204 1744 157 37832 2472 328 40632 10 9.36 9 
2016/10/24 58.1 59.5 58.1 58.6 361 1788 163 37858 2472 286 40616 12 9.6 9.12 
2016/10/25 58.5 59.8 58.1 59 229 1732 169 37946 2472 291 40709 16 9.3 9.76 
2016/10/26 58.8 59.6 58.6 58.8 81 1723 164 37950 2472 291 40713 0 9.25 9.52 
2016/10/27 58.9 60.3 58.9 60 515 1752 182 38019 2512 298 40829 57 9.41 10.39 
2016/10/28 61 62.1 60.3 60.3 575 1683 157 38014 2609 270 40893 30 9.04 9.33 
2016/10/31 61 61.1 59.8 59.8 179 1669 167 38017 2644 270 40931 2 8.96 10.01 
2016/11/01 60.3 60.5 59.1 59.1 110 1670 175 38020 2654 270 40944 8 8.97 10.48 
2016/11/02 59.1 59.7 55.5 55.5 666 1590 162 38057 2654 254 40965 16 8.54 10.19 
2016/11/03 55.5 56.1 54 56.1 320 1520 153 38126 2614 254 40994 9 8.16 10.07 
2016/11/04 55.7 56.3 54.9 55 135 1502 154 38123 2594 255 40972 7 8.07 10.25 
2016/11/07 55.1 57 54.5 55.9 101 1498 144 38149 2594 254 40997 7 8.04 9.61 
2016/11/08 55.8 56.1 54.8 55.4 148 1502 143 38156 2554 254 40964 1 8.07 9.52 
2016/11/09 55.4 56.1 51.1 51.6 687 1432 107 38186 2410 244 40840 8 7.69 7.47 
2016/11/10 52.5 53.6 52 53.1 347 1470 104 38256 2310 244 40810 16 7.89 7.07 
2016/11/11 53 53 50.5 51.8 343 1480 95 38306 2162 245 40713 16 7.95 6.42 
2016/11/14 51.8 52.6 51 52.5 112 1467 92 38347 2162 244 40753 1 7.88 6.27 
2016/11/15 51.6 52.9 51.6 52 107 1466 82 38368 2102 245 40715 1 7.87 5.59 
2016/11/16 52.2 52.6 51.7 52.3 181 1457 82 38374 2018 246 40638 3 7.82 5.63 
2016/11/17 52.5 52.5 51.2 52.2 189 1472 80 38344 2010 246 40600 11 7.9 5.43 
2016/11/18 52.2 52.8 51 52.3 330 1457 79 38233 2032 246 40511 14 7.82 5.42 
2016/11/21 52.3 52.3 51.8 51.9 59 1436 80 38230 2032 246 40508 0 7.71 5.57 
2016/11/22 52.1 54.7 52 54.1 470 1516 78 38162 2032 246 40440 39 8.14 5.15 
2016/11/23 55 55 53.2 53.3 249 1508 80 38085 2032 246 40363 17 8.1 5.31 
2016/11/24 52.9 53.8 52.9 53.6 67 1499 80 38091 2032 246 40369 1 8.05 5.34 
2016/11/25 53.4 54.3 53.4 54.1 71 1476 80 38083 2032 245 40360 0 7.93 5.42 
2016/11/28 54.3 54.6 52.8 53.7 131 1469 82 38071 1994 248 40313 2 7.89 5.58 
2016/11/29 53.8 53.8 52.6 52.6 115 1474 79 38057 1957 248 40262 0 7.91 5.36 
2016/11/30 52.5 53 52 52.6 233 1507 79 38038 1887 247 40172 22 8.09 5.24 
2016/12/01 52.6 52.6 51.8 51.9 215 1505 76 37997 1812 247 40056 2 8.08 5.05 
2016/12/02 51.4 51.6 51.1 51.1 231 1507 86 37982 1737 243 39962 5 8.09 5.71 
2016/12/05 51.2 52.6 51.1 52.3 211 1548 85 37973 1677 241 39891 2 8.31 5.49 
2016/12/06 53.3 53.9 52.5 53.5 305 1607 86 37939 1677 242 39858 9 8.63 5.35 
2016/12/07 53.4 53.5 52.8 53.2 118 1575 78 37941 1677 241 39859 3 8.46 4.95 
2016/12/08 53.8 53.9 53.3 53.4 170 1539 78 37955 1677 241 39873 1 8.26 5.07 
2016/12/09 53.8 53.9 53.1 53.1 57 1527 76 37952 1677 241 39870 1 8.2 4.98 
2016/12/12 53.9 54.5 53 53.9 159 1512 62 37965 1677 246 39888 19 8.12 4.1 
2016/12/13 54.7 54.7 53.2 53.4 174 1540 57 37960 1657 246 39863 6 8.27 3.7 
2016/12/14 52.9 54 52.9 53.1 149 1559 57 37952 1647 246 39845 19 8.37 3.66 
2016/12/15 54 55.2 53.8 53.8 412 1573 58 37923 1647 246 39816 51 8.45 3.69 
2016/12/16 53.8 54.7 53.8 54.3 174 1516 60 37960 1647 249 39856 7 8.14 3.96 
2016/12/19 54.3 55.2 54 54.3 194 1507 60 38003 1647 252 39902 9 8.09 3.98 
2016/12/20 54.8 54.8 54 54.5 85 1494 60 38029 1647 253 39929 2 8.02 4.02 
2016/12/21 54.6 54.8 54.2 54.3 59 1501 60 38022 1647 257 39926 0 8.06 4 
2016/12/22 54 54.4 54 54 90 1493 61 38010 1647 258 39915 3 8.02 4.09 
2016/12/23 54.4 54.6 53.6 53.8 74 1503 58 38001 1647 258 39906 2 8.07 3.86 
2016/12/26 54.1 54.3 53.3 53.7 71 1502 52 37989 1647 258 39894 6 8.07 3.46 
2016/12/27 53.8 54.5 53.8 54.5 109 1521 53 37988 1647 258 39893 2 8.17 3.48 
2016/12/28 55 56.2 55 55.1 392 1497 51 37996 1687 267 39950 26 8.04 3.41 
2016/12/29 55.7 56.5 55.4 55.7 307 1511 53 38011 1717 272 40000 23 8.11 3.51 
2016/12/30 56.1 56.1 55.3 55.4 92 1488 58 38013 1717 277 40007 0 7.99 3.9 
2017/01/03 55.7 56.8 55.7 56.1 197 1450 58 38027 1717 277 40021 24 7.79 4 
2017/01/04 56.8 56.8 56.1 56.2 216 1443 57 38035 1753 277 40065 1 7.75 3.95 
2017/01/05 56.5 58.4 56.2 57.4 420 1502 58 38052 1753 297 40102 35 8.07 3.86 
2017/01/06 58 58.2 57.4 58 240 1481 59 38037 1805 297 40139 17 7.95 3.98 
2017/01/09 58.6 59 56.7 57.2 315 1438 60 38022 1845 327 40194 8 7.72 4.17 
2017/01/10 58.1 58.1 57 57.2 103 1419 60 38025 1854 327 40206 2 7.62 4.23 
2017/01/11 57.2 58 56.8 57.2 224 1512 62 38032 1854 327 40213 10 8.12 4.1 
2017/01/12 57.7 57.8 57.1 57.2 99 1489 62 38022 1854 328 40204 0 8 4.16 
2017/01/13 57.4 57.4 56.4 56.8 64 1494 57 38011 1854 328 40193 0 8.02 3.82 
2017/01/16 56.3 56.3 54.5 54.5 172 1451 59 38012 1826 329 40167 1 7.79 4.07 
2017/01/17 54.5 54.8 53.2 54.2 309 1444 50 37981 1803 328 40112 5 7.75 3.46 
2017/01/18 53.8 54.2 53.3 54.2 156 1411 46 37998 1777 327 40102 1 7.58 3.26 
2017/01/19 54 54.2 53.5 53.6 128 1395 46 37963 1776 327 40066 0 7.49 3.3 
2017/01/20 54 54 52.7 53.5 373 1256 46 37907 1729 324 39960 2 6.74 3.66 
2017/01/23 53.8 54.3 53.1 53.6 159 1265 46 37875 1689 324 39888 1 6.79 3.64 
2017/01/24 53.6 54 53.4 53.6 96 1269 46 37883 1629 324 39836 0 6.81 3.62 
2017/02/02 53.5 53.8 53 53.1 104 1255 45 37850 1629 324 39803 0 6.74 3.59 
2017/02/03 53 53.9 52.6 53.9 132 1273 41 37851 1609 308 39768 2 6.84 3.22 
2017/02/06 54.3 54.5 54 54.2 170 1262 41 37851 1539 308 39698 1 6.78 3.25 
2017/02/07 54 54 53.7 53.8 83 1259 41 37861 1499 308 39668 0 6.76 3.26 
2017/02/08 57.5 58.5 56.5 56.5 751 1393 40 37816 1412 307 39535 28 7.48 2.87 
2017/02/09 56.8 56.8 55.7 56 243 1378 40 37823 1372 306 39501 2 7.4 2.9 
2017/02/10 56.5 56.5 55.4 55.4 219 1395 40 37778 1329 306 39413 1 7.49 2.87 
2017/02/13 55.4 56.1 54.7 55.4 254 1431 40 37721 1288 306 39315 2 7.68 2.8 
2017/02/14 55.9 57.2 55.6 56.7 677 1535 40 37581 1247 320 39148 57 8.24 2.61 
2017/02/15 56.7 57.4 56.5 56.8 483 1600 39 37519 1223 320 39062 14 8.59 2.44 
2017/02/16 57.6 57.6 56.7 57 288 1618 39 37517 1230 298 39045 7 8.69 2.41 
2017/02/17 58.2 62.2 58.2 61.2 3289 1930 72 37483 1230 159 38872 369 10.36 3.73 
2017/02/18 60.5 63.5 60.5 61.8 1403 1885 76 37483 1230 122 38835 54 10.12 4.03 
2017/02/20 62.2 62.4 59.9 60 978 1744 70 37406 1230 123 38759 6 9.36 4.01 
2017/02/21 60 60 58.5 59.5 622 1757 68 37396 1023 122 38541 25 9.43 3.87 
2017/02/22 59.6 60.3 58.8 59.3 427 1836 71 37327 923 123 38373 7 9.86 3.87 
2017/02/23 59.3 59.3 57.4 57.9 591 1783 67 37240 823 123 38186 8 9.57 3.76 
2017/02/24 57.9 57.9 57.2 57.3 426 1788 69 37159 723 123 38005 10 9.6 3.86 
2017/03/01 57.5 58 57.2 57.8 273 1775 69 37188 682 91 37961 12 9.53 3.89 
2017/03/02 58 58.2 55.3 56.1 643 1827 50 37082 500 72 37654 11 9.81 2.74 
2017/03/03 56 56.8 55.4 56.5 342 1853 40 37027 450 66 37543 8 9.95 2.16 
2017/03/06 56.6 57.2 56.1 56.7 193 1875 40 36984 420 96 37500 2 10.07 2.13 
2017/03/07 56.5 57.2 56.5 56.8 153 1870 39 36951 370 99 37420 0 10.04 2.09 
2017/03/08 56 56.1 55.5 55.9 443 1874 36 36855 370 131 37356 6 10.06 1.92 
2017/03/09 56.7 56.7 55.1 55.2 323 1847 30 36794 370 131 37295 0 9.92 1.62 
2017/03/10 55.2 56 54.1 55.8 412 1817 26 36751 370 142 37263 11 9.76 1.43 
2017/03/13 55.8 56.4 55.5 55.8 170 1803 26 36703 370 166 37239 0 9.68 1.44 
2017/03/14 56.1 57.7 55.6 57.3 517 1943 27 36671 370 166 37207 7 10.43 1.39 
2017/03/15 57.2 57.2 56.4 56.4 454 1902 26 36592 370 174 37136 1 10.21 1.37 
2017/03/16 56.4 56.6 55.4 55.4 414 1900 19 36522 370 174 37066 7 10.2 1 
2017/03/17 55.4 56 55.4 55.7 192 1895 12 36522 370 145 37037 2 10.18 0.63 
2017/03/20 56 56.4 55.8 56.1 138 1921 10 36514 370 134 37018 0 10.32 0.52 
2017/03/21 55.9 56.6 55.7 55.7 169 1926 4 36515 370 134 37019 2 10.34 0.21 
2017/03/22 55.3 56.8 55.1 56.3 229 1939 3 36520 370 87 36977 9 10.41 0.15 
2017/03/23 56.5 56.8 56.2 56.7 266 1984 3 36511 370 42 36923 1 10.65 0.15 
2017/03/24 56.7 58.5 56.6 57.5 705 2007 0 36535 270 42 36847 0 10.78 0 
2017/03/27 57.5 57.8 56.2 56.2 242 1989 0 36536 220 42 36798 0 10.68 0 
2017/03/28 56.4 56.7 55.5 55.5 165 1988 0 36526 220 42 36788 0 10.67 0 
2017/03/29 56 56.4 55.6 55.8 81 1982 0 36520 220 42 36782 0 10.64 0 
2017/03/30 55.8 56.7 55.8 56 79 1968 0 36496 220 42 36758 1 10.57 0 
2017/03/31 55.9 56.7 55.8 56.3 136 1970 0 36459 149 42 36650 4 10.58 0 
2017/04/05 56.7 57 56.2 57 178 1952 0 36486 149 43 36678 9 10.48 0 
2017/04/06 57.5 57.5 56 56 218 1973 1 36472 89 58 36619 6 10.59 0.05 
2017/04/07 56.1 56.2 55.6 56 186 1959 4 36461 89 68 36618 0 10.52 0.2 
2017/04/10 56.3 57.6 56.2 57.2 442 2047 6 36428 89 85 36602 5 10.99 0.29 
2017/04/11 57.4 57.5 55.9 55.9 179 2033 4 36406 89 85 36580 0 10.92 0.2 
2017/04/12 56 56.3 55.5 56 139 1981 4 36392 89 85 36566 1 10.64 0.2 
2017/04/13 55.9 56 54.3 54.8 258 1932 9 36394 32 90 36516 0 10.37 0.47 
2017/04/14 55 55 53.2 53.5 306 1858 12 36383 32 90 36505 0 9.98 0.65 
2017/04/17 53.4 53.8 53 53.7 109 1838 6 36375 32 90 36497 0 9.87 0.33 
2017/04/18 54.2 54.4 53.5 54.1 154 1839 11 36369 32 90 36491 2 9.87 0.6 
2017/04/19 54.1 54.3 53.8 54 110 1829 5 36367 2 90 36459 0 9.82 0.27 
2017/04/20 53.6 54.6 53.6 53.9 40 1831 6 36362 2 90 36454 0 9.83 0.33 
2017/04/21 54.6 54.8 53.8 53.8 89 1833 6 36359 2 90 36451 0 9.84 0.33 
2017/04/24 53.9 54.5 53.8 54 67 1824 6 36368 2 90 36460 0 9.79 0.33 
2017/04/25 54.2 54.9 54.1 54.8 79 1821 6 36374 2 95 36471 0 9.78 0.33 
2017/04/26 54.8 55.6 54.7 55.4 97 1807 4 36395 2 95 36492 3 9.7 0.22 
2017/04/27 55.4 55.9 55.1 55.3 54 1795 4 36403 2 95 36500 0 9.64 0.22 
2017/04/28 55.9 57.1 55.9 56.2 500 1804 4 36394 2 135 36531 3 9.69 0.22 
2017/05/02 57.4 57.4 56.2 56.7 218 1762 5 36390 2 135 36527 0 9.46 0.28 
2017/05/03 57 59.5 56.5 59 1111 1829 15 36403 2 265 36670 16 9.82 0.82 
2017/05/04 58.8 59.5 58.1 59.2 767 1785 23 36397 82 275 36754 15 9.58 1.29 
2017/05/05 59.5 60.9 58.3 60 1157 1891 54 36400 165 309 36874 13 10.15 2.86 
2017/05/08 60 60 58.1 59.6 781 1776 54 36403 147 325 36875 4 9.54 3.04 
2017/05/09 59.1 59.8 58 59.8 499 1798 53 36401 147 325 36873 0 9.65 2.95 
2017/05/10 59.8 59.8 58.3 59.6 897 1710 52 35987 147 175 36309 5 9.18 3.04 
2017/05/11 59.6 60.5 58.6 60.3 603 1650 58 36015 147 115 36277 1 8.86 3.52 
2017/05/12 60.3 61.3 60 60.8 562 1593 64 36041 147 115 36303 2 8.55 4.02 
2017/05/15 60.8 62.5 60.8 62.5 1008 1658 80 36045 141 135 36321 4 8.9 4.83 
2017/05/16 63.2 63.4 61.3 62.6 597 1644 86 36054 141 135 36330 2 8.83 5.23 
2017/05/17 62.8 63.1 61.6 62.8 526 1646 96 36073 141 163 36377 0 8.84 5.83 
2017/05/18 62.1 62.9 61.5 62.8 429 1666 98 36118 136 170 36424 0 8.95 5.88 
2017/05/19 62.1 62.5 61.1 61.5 847 1442 109 36234 91 171 36496 8 7.74 7.56 
2017/05/22 61.3 62.7 60.8 62.4 348 1427 120 36282 91 156 36529 0 7.66 8.41 
2017/05/23 62.4 63.1 62.3 63 287 1441 125 36301 91 156 36548 1 7.74 8.67 
2017/05/24 63 65.5 63 65.1 1187 1590 156 36346 91 156 36593 12 8.54 9.81 
2017/05/25 65.3 65.6 64.6 64.8 488 1591 157 36314 91 224 36629 0 8.54 9.87 
2017/05/26 64.6 64.7 64.1 64.5 207 1639 160 36326 91 229 36646 0 8.8 9.76 
2017/05/31 64.5 65 63.4 65 349 1615 160 36370 91 229 36690 0 8.67 9.91 
2017/06/01 65.3 66.3 63.7 63.7 454 1608 169 36378 91 160 36629 3 8.63 10.51 
2017/06/02 63.7 64.3 62.2 63.2 451 1630 157 36400 71 175 36646 4 8.75 9.63 
2017/06/03 63.5 64.1 62.7 64.1 328 1618 158 36320 61 184 36565 1 8.69 9.77 
2017/06/05 63.5 64.4 63 63.5 216 1673 159 36360 46 183 36589 0 8.98 9.5 
2017/06/06 63.3 63.3 62.5 62.6 194 1661 157 36385 6 183 36574 0 8.92 9.45 
2017/06/07 63 63.9 62.6 62.9 212 1682 160 36408 6 161 36575 1 9.03 9.51 
2017/06/08 62.9 63.4 62.3 63.4 310 1683 162 36423 6 161 36590 0 9.04 9.63 
2017/06/09 63.4 63.5 62.7 63.5 159 1719 162 36386 6 161 36553 0 9.23 9.42 
2017/06/12 63 63 61.9 62.9 287 1757 226 36329 6 141 36476 0 9.43 12.86 
2017/06/13 62.5 62.6 61.9 62.3 165 1766 225 36309 6 141 36456 0 9.48 12.74 
2017/06/14 62.4 62.8 60.4 61.9 264 1738 206 36302 6 141 36449 3 9.33 11.85 
2017/06/15 62.3 62.3 61.2 61.9 145 1734 218 36278 6 141 36425 3 9.31 12.57 
2017/06/16 62 62.3 61.5 62.3 90 1736 222 36279 6 141 36426 0 9.32 12.79 
2017/06/19 62 62.5 62 62.5 78 1726 230 36282 6 141 36429 0 9.27 13.33 
2017/06/20 62.5 62.9 62.2 62.6 164 1679 243 36276 6 144 36426 0 9.02 14.47 
2017/06/21 62.6 63.1 62.6 63.1 136 1653 248 36285 6 144 36435 0 8.88 15 
2017/06/22 63.6 63.6 62.8 62.8 78 1649 257 36295 6 145 36446 1 8.85 15.59 
2017/06/23 62.7 62.8 62.1 62.1 75 1648 256 36276 6 135 36417 0 8.85 15.53 
2017/06/26 62.1 62.6 61.6 62.6 228 1660 212 36294 0 142 36436 0 8.91 12.77 
2017/06/27 62.5 62.5 61.8 61.8 94 1653 210 36293 0 147 36440 0 8.88 12.7 
2017/06/28 61.8 61.8 60.8 61 200 1679 189 36287 0 112 36399 0 9.02 11.26 
2017/06/29 60.6 61.5 60.6 61.5 127 1662 188 36280 0 91 36371 0 8.92 11.31 
2017/06/30 61 61 60.6 60.8 92 1669 184 36263 164 91 36518 0 8.96 11.02 
2017/07/03 61.2 61.2 60.3 60.8 80 1676 165 36242 154 91 36487 0 9 9.84 
2017/07/04 60.6 60.8 59.7 60 172 1657 151 36219 144 73 36436 0 8.9 9.11 
2017/07/05 60 60.7 59.4 60.7 87 1664 151 36207 144 73 36424 0 8.94 9.07 
2017/07/06 60.3 60.6 60.1 60.6 81 1678 149 36203 144 73 36420 0 9.01 8.88 
2017/07/07 59.8 60 58.8 58.9 263 1656 148 36183 134 58 36375 1 8.89 8.94 
2017/07/10 58.9 58.9 58 58.7 106 1651 131 36170 134 57 36361 0 8.87 7.93 
2017/07/11 58.1 58.7 57.8 58.5 162 1647 133 36139 124 59 36322 0 8.84 8.08 
2017/07/12 58.1 58.1 57.2 57.2 217 1622 126 36120 85 58 36263 0 8.71 7.77 
2017/07/13 57.5 58 57.3 57.3 113 1616 114 36124 85 56 36265 0 8.68 7.05 
2017/07/14 58 58.4 57.9 58.2 67 1619 104 36124 85 56 36265 0 8.69 6.42 
2017/07/17 59.4 59.4 57.9 57.9 125 1628 104 36125 55 53 36233 0 8.74 6.39 
2017/07/18 57.7 58 57.6 58 63 1623 104 36122 55 51 36228 0 8.71 6.41 
2017/07/19 58 58 57.8 57.9 76 1628 98 36113 55 53 36221 0 8.74 6.02 
2017/07/20 57.9 58.4 57.8 57.8 72 1621 98 36105 55 53 36213 0 8.7 6.05 
2017/07/21 58.5 58.5 57.8 57.8 54 1615 98 36093 55 53 36201 0 8.67 6.07 
2017/07/24 57.8 57.9 57.3 57.8 50 1604 95 36087 55 53 36195 0 8.61 5.92 
2017/07/25 57.6 57.6 57.5 57.5 46 1588 95 36086 55 53 36194 0 8.52 5.98 
2017/07/26 57.6 57.8 57.2 57.2 117 1529 90 36092 55 53 36200 0 8.21 5.89 
2017/07/27 57.2 57.4 57.1 57.1 76 1528 89 36092 55 53 36200 0 8.2 5.82 
2017/07/28 57 57.4 56.5 56.6 88 1516 103 36095 55 53 36203 0 8.14 6.79 
2017/07/31 57 57 56.6 56.8 58 1518 103 36085 55 53 36193 0 8.15 6.79 
2017/08/01 56.9 57.2 56.8 57 55 1501 103 36091 55 53 36199 0 8.06 6.86 
2017/08/02 57.1 57.2 57 57 43 1496 103 36090 55 52 36197 0 8.03 6.89 
2017/08/03 57.3 58.1 57.2 57.7 87 1496 102 36081 55 51 36187 0 8.03 6.82 
2017/08/04 57.7 57.9 57.5 57.9 17 1496 102 36079 55 50 36184 0 8.03 6.82 
2017/08/07 57.9 57.9 57 57.8 108 1501 94 36070 55 50 36175 0 8.06 6.26 
2017/08/08 57.8 57.9 56.8 57.5 238 1499 98 36056 55 49 36160 0 8.05 6.54 
2017/08/09 57.5 57.6 57 57.5 96 1494 94 36049 55 49 36153 0 8.02 6.29 
2017/08/10 57.5 57.5 56.4 57.2 231 1420 84 36044 55 7 36106 0 7.62 5.92 
2017/08/11 56.6 57 56.3 56.7 112 1430 79 36002 55 7 36064 0 7.68 5.52 
2017/08/14 56.7 56.8 55.7 56 147 1422 74 35995 55 7 36057 0 7.63 5.2 
2017/08/15 56 56.5 55.6 56.3 134 1440 70 35990 55 7 36052 0 7.73 4.86 
2017/08/16 56.3 56.4 55.7 55.7 96 1462 70 36007 35 6 36048 0 7.85 4.79 
2017/08/17 56 56.4 55.9 56.3 93 1457 66 36020 15 6 36041 0 7.82 4.53 
2017/08/18 56.5 57.4 56.2 57.1 199 1466 64 36038 15 6 36059 0 7.87 4.37 
2017/08/21 57.1 57.4 56.5 57.4 171 1438 64 36028 15 6 36049 0 7.72 4.45 
2017/08/22 57.4 57.4 56.8 57.1 122 1437 54 36030 15 6 36051 0 7.71 3.76 
2017/08/23 57.4 57.5 56.5 56.7 196 1439 50 36042 15 7 36064 0 7.72 3.47 
2017/08/24 56.8 57.1 56.8 56.9 79 1433 50 36069 15 7 36091 0 7.69 3.49 
2017/08/25 57.5 58.6 56.9 58.2 329 1430 50 36097 15 7 36119 0 7.68 3.5 
2017/08/28 58.8 59.3 58.5 59.1 364 1360 32 36099 15 7 36121 0 7.3 2.35 
2017/08/29 59.2 59.3 58.8 59.2 201 1341 0 36116 15 7 36138 0 7.2 0 
2017/08/30 59.2 59.4 58.3 58.6 379 1288 0 36142 15 7 36164 0 6.91 0 
2017/08/31 58.8 59.9 58.2 59.9 482 1349 0 36198 15 7 36220 0 7.24 0 
2017/09/01 60.1 61.2 59.9 60.6 849 1318 0 36238 15 13 36266 0 7.08 0 
2017/09/04 54 54.2 52.6 53.1 735 1210 33 36212 15 7 36234 1 6.5 2.73 
2017/09/05 52.6 53.4 52.6 53.2 141 1194 34 36214 15 7 36236 0 6.41 2.85 
2017/09/06 53.2 54.1 53.1 53.6 175 1216 37 36223 15 7 36245 0 6.53 3.04 
2017/09/07 53.9 54.3 53.2 53.2 143 1195 37 36231 0 7 36238 0 6.42 3.1 
2017/09/08 53.3 53.7 53.2 53.2 96 1203 37 36233 0 7 36240 1 6.46 3.08 
2017/09/11 53.3 53.8 53.2 53.3 57 1200 37 38259 0 7 38266 0 6.44 3.08 
2017/09/12 53.6 53.9 53.3 53.3 74 1210 54 38262 0 4 38266 0 6.5 4.46 
2017/09/13 53.8 54.5 53.7 53.8 159 1228 54 38256 0 4 38260 0 6.59 4.4 
2017/09/14 53.5 54.4 53.5 54.4 50 1229 54 38256 0 4 38260 0 6.6 4.39 
2017/09/15 54.4 54.5 53.8 54.1 109 1203 54 38253 0 4 38257 0 6.46 4.49 
2017/09/18 54.1 54.4 53.8 53.8 151 1189 54 38252 0 4 38256 0 6.38 4.54 
2017/09/19 54 54 53.5 53.5 37 1184 54 38244 0 5 38249 0 6.36 4.56 
2017/09/20 53.5 53.5 52.9 53 78 1175 54 38234 0 5 38239 0 6.31 4.6 
2017/09/21 53 53.5 53 53.2 65 1137 54 38233 0 5 38238 0 5.55 4.75 
2017/09/22 52.8 52.9 52.2 52.2 182 1142 45 38216 0 5 38221 0 5.57 3.94 
2017/09/25 52.9 52.9 51.2 51.2 125 1127 47 38218 0 5 38223 0 5.5 4.17 
2017/09/26 51 51.7 50.9 51 92 1121 44 38208 0 5 38213 0 5.47 3.93 
2017/09/27 51 51.6 51 51.3 35 1079 43 38206 0 5 38211 0 5.27 3.99 
2017/09/28 51.2 51.3 50.8 51 72 1082 43 38211 0 5 38216 0 5.28 3.97 
2017/09/29 50.1 50.6 50.1 50.3 98 1062 27 38203 0 6 38209 0 5.18 2.54 
2017/09/30 50.6 50.9 50.5 50.8 33 1064 27 38203 38 6 38247 0 5.19 2.54 
2017/10/02 51 51.4 50.8 51 37 1074 27 38194 38 5 38238 0 5.24 2.51 
2017/10/03 51.5 51.5 50.7 50.7 31 1077 27 38181 38 5 38224 0 5.26 2.51 
2017/10/05 50.7 51.1 50.7 51.1 82 1082 27 38179 38 5 38222 0 5.28 2.5 
2017/10/06 51.6 51.6 50.7 50.8 76 1081 27 38158 38 5 38201 0 5.28 2.5 
2017/10/11 50.8 50.8 49.8 49.9 176 1063 27 38139 38 5 38182 0 5.19 2.54 
2017/10/12 50 50.1 49.8 49.9 71 1067 27 38132 38 5 38175 0 5.21 2.53 
2017/10/13 49.9 51.6 49.7 51.5 93 1085 33 38116 38 4 38158 0 5.3 3.04 
2017/10/16 51 51 50.3 50.8 88 1087 33 38105 38 4 38147 0 5.3 3.04 
2017/10/17 50.9 51.2 50.6 50.8 38 1096 33 38093 38 4 38135 0 5.35 3.01 
2017/10/18 50.8 50.8 50.6 50.8 36 1097 32 38081 38 4 38123 0 5.35 2.92 
2017/10/19 50.9 51 50.5 50.5 37 1096 32 38072 38 7 38117 0 5.35 2.92 
2017/10/20 50.3 50.5 50.2 50.3 32 1094 32 38067 38 7 38112 0 5.34 2.93 
2017/10/23 50.3 50.3 50.1 50.1 34 1097 32 38064 38 7 38109 0 5.35 2.92 
2017/10/24 50.1 50.2 50.1 50.1 50 1093 32 38093 38 7 38138 0 5.33 2.93 
2017/10/25 50.1 50.2 49.5 49.8 55 1081 31 38084 38 7 38129 0 5.28 2.87 
2017/10/26 50 50 49.5 49.75 74 1086 31 38073 38 7 38118 0 5.3 2.85 
2017/10/27 49.8 49.8 49.15 49.45 59 1091 35 38059 38 7 38104 0 5.32 3.21 
2017/10/30 49.5 49.5 49.1 49.15 44 1090 35 38051 38 7 38096 0 5.32 3.21 
2017/10/31 49.15 49.7 49.15 49.4 26 1089 35 38043 38 7 38088 0 5.31 3.21 
2017/11/01 49.4 50 49.4 49.75 108 1085 35 38036 38 7 38081 0 5.3 3.23 
2017/11/02 49.8 50.1 49.8 49.85 76 1071 35 38040 38 7 38085 0 5.23 3.27 
2017/11/03 49.85 49.85 49.3 49.45 43 1072 35 38038 38 7 38083 0 5.23 3.26 
2017/11/06 49.45 49.45 49 49.1 23 1079 35 38028 38 7 38073 0 5.27 3.24 
2017/11/07 49.2 49.2 48.8 48.95 70 1080 30 38014 38 4 38056 0 5.27 2.78 
2017/11/08 49 49.1 48.8 49.1 39 1075 30 38017 38 4 38059 0 5.25 2.79 
2017/11/09 48.9 49.5 48.5 48.55 108 1068 30 37993 38 4 38035 0 5.21 2.81 
2017/11/10 48.4 48.4 47.8 47.8 118 1055 30 37984 38 4 38026 0 5.15 2.84 
2017/11/13 47.8 47.8 45.7 45.7 169 1063 33 37973 38 4 38015 0 5.19 3.1 
2017/11/14 45.7 45.7 44.1 44.6 114 1041 29 37968 38 4 38010 0 5.08 2.79 
2017/11/15 44.6 45.5 44.15 45.3 84 1043 28 37967 33 2 38002 0 5.09 2.68 
2017/11/16 45 45.9 44.6 45.2 72 1042 22 37973 28 2 38003 0 5.09 2.11 
2017/11/17 45.4 46.3 45.4 45.6 70 1037 22 37966 20 2 37988 0 5.06 2.12 
2017/11/20 45.7 45.7 44.8 44.85 69 1037 25 37955 15 2 37972 0 5.06 2.41 
2017/11/21 45 45.7 45 45.3 64 1038 25 38019 7 2 38028 0 5.07 2.41 
2017/11/22 45.3 45.7 45.2 45.55 70 1037 12 38022 0 2 38024 0 5.06 1.16 
2017/11/23 45.55 45.8 45.5 45.6 110 1037 12 38019 0 2 38021 0 5.06 1.16 
2017/11/24 46.6 46.6 45.8 45.9 101 1037 12 38020 0 2 38022 0 5.06 1.16 
2017/11/27 46 46.35 46 46.25 49 1036 12 38019 0 2 38021 0 5.06 1.16 
2017/11/28 46.4 46.4 45.8 46 38 1035 12 38022 0 2 38024 0 5.05 1.16 
2017/11/29 45.35 45.85 45 45.5 49 1037 12 38021 0 2 38023 0 5.06 1.16 
2017/11/30 45.5 45.5 45.1 45.1 50 1033 12 38019 0 2 38021 0 5.04 1.16 
2017/12/01 45.1 45.5 45.1 45.15 56 1036 10 38012 0 2 38014 0 5.06 0.97 
2017/12/04 45.15 45.2 45 45.1 66 1026 10 38006 0 2 38008 0 5.01 0.97 
2017/12/05 45.1 45.3 45.1 45.15 53 1023 10 38004 0 2 38006 0 4.99 0.98 
2017/12/06 45.25 45.25 45.1 45.15 43 1014 10 37998 0 3 38001 0 4.95 0.99 
2017/12/07 45.7 45.7 45.35 45.6 14 1016 10 37996 0 3 37999 0 4.96 0.98 
2017/12/08 45.25 45.25 45.15 45.25 22 1008 10 37993 0 3 37996 0 4.92 0.99 
2017/12/11 46.2 46.2 45.6 46.1 29 1017 10 37990 0 3 37993 0 4.96 0.98 
2017/12/12 46.1 46.1 45.65 46.05 24 1010 10 37999 0 3 38002 0 4.93 0.99 
2017/12/13 45.85 46.6 45.85 46.4 18 1010 10 37996 0 3 37999 0 4.93 0.99 
2017/12/14 46.3 46.35 46 46.35 26 1012 10 37993 0 3 37996 0 4.94 0.99 
2017/12/15 46.35 46.35 45.7 46 40 1021 10 37988 0 3 37991 0 4.98 0.98 
2017/12/18 45.4 46.25 45.3 46.25 19 1021 10 37988 0 3 37991 0 4.98 0.98 
2017/12/19 46 46 45.65 45.75 29 1024 10 37988 0 3 37991 0 5 0.98 
2017/12/20 45.6 45.6 45.55 45.6 17 1025 10 37988 0 3 37991 0 5 0.98 
2017/12/21 45.6 45.7 45.6 45.6 35 1025 10 37989 0 3 37992 0 5 0.98 
2017/12/22 45.4 45.6 45.35 45.5 99 1013 10 37983 0 3 37986 0 4.94 0.99 
2017/12/25 45.15 45.2 45 45.15 75 1014 10 37985 0 3 37988 0 4.95 0.99 
2017/12/26 45.15 45.15 43.5 44.6 133 1001 10 37980 0 4 37984 0 4.89 1 
2017/12/27 44.35 45.65 44.2 44.8 14 1002 10 37990 0 4 37994 0 4.89 1 
2017/12/28 44.8 45.2 44.8 45 18 1003 10 37991 0 4 37995 0 4.89 1 
2017/12/29 44.85 45.7 44.85 45.3 16 998 10 37979 0 4 37983 0 4.87 1 
2018/01/02 45.3 45.5 45.3 45.5 5 997 10 37980 0 4 37984 0 4.87 1 
2018/01/03 45.5 45.55 45.2 45.55 31 996 10 37979 0 4 37983 0 4.86 1 
2018/01/04 45.55 45.8 45.4 45.55 45 996 10 37974 0 4 37978 0 4.86 1 
2018/01/05 45.55 45.55 45.5 45.5 20 999 10 37974 0 4 37978 0 4.88 1 
2018/01/08 45.7 45.7 45.3 45.45 66 990 10 37968 0 4 37972 0 4.83 1.01 
2018/01/09 45.4 45.4 44.9 44.9 82 977 10 37968 0 5 37973 0 4.77 1.02 
2018/01/10 45.5 45.5 44.6 44.7 77 977 10 37967 0 5 37972 0 4.77 1.02 
2018/01/11 44.7 44.7 44.6 44.6 11 978 10 37967 0 5 37972 0 4.77 1.02 
2018/01/12 45.2 45.2 44.6 44.6 19 985 10 37967 0 5 37972 0 4.81 1.02 
2018/01/15 44.8 44.95 44.8 44.9 9 985 10 37967 0 5 37972 0 4.81 1.02 
2018/01/16 45.15 45.15 44.85 44.85 28 985 10 37970 0 5 37975 0 4.81 1.02 
2018/01/17 44.85 45.1 44.7 45.1 23 985 10 37978 0 5 37983 0 4.81 1.02 
2018/01/18 45.2 45.25 44.8 45.1 38 987 10 37982 0 5 37987 0 4.82 1.01 
2018/01/19 44.95 44.95 44.8 44.8 12 987 10 37982 0 5 37987 0 4.82 1.01 
2018/01/22 45 45.1 44.95 45 37 987 10 37981 0 5 37986 0 4.82 1.01 
2018/01/23 45 45.15 44.95 45.1 55 981 10 37990 0 5 37995 0 4.79 1.02 
2018/01/24 45.25 45.25 45 45.05 54 992 10 37997 0 4 38001 0 4.84 1.01 
2018/01/25 45 45.3 45 45.3 41 996 10 38002 0 4 38006 0 4.86 1 
2018/01/26 45 45.8 45 45.5 95 1018 10 38046 0 4 38050 0 4.97 0.98 
2018/01/29 45.75 46.1 45.7 45.9 62 1012 10 38046 0 4 38050 0 4.94 0.99 
2018/01/30 46.1 48.4 46.1 47.6 505 1000 10 38041 0 4 38045 0 4.88 1 
2018/01/31 47.2 48.65 46.85 46.85 592 996 5 38027 0 4 38031 5 4.86 0.5 
2018/02/01 46.85 46.85 45.75 45.9 151 986 6 38017 0 4 38021 1 4.81 0.61 
2018/02/02 46.5 46.95 46.2 46.45 66 982 5 38011 0 4 38015 2 4.79 0.51 
2018/02/05 45.5 45.8 45.5 45.8 95 991 5 38009 0 4 38013 0 4.84 0.5 
2018/02/06 44.5 45.1 41.8 42.45 221 997 4 38006 0 4 38010 1 4.87 0.4 
2018/02/07 42.7 43.4 42.45 42.95 116 1000 4 38005 0 4 38009 0 4.88 0.4 
2018/02/08 43 43 42.35 42.6 118 1011 4 38005 0 4 38009 0 4.93 0.4 
2018/02/09 40.55 42 40.5 41.9 130 1018 4 38009 0 4 38013 0 4.97 0.39 
2018/02/12 41.6 42 41.6 41.9 80 1019 4 38011 0 4 38015 1 4.97 0.39 
2018/02/21 42.1 42.55 42.1 42.35 81 1012 4 38015 0 4 38019 0 4.94 0.4 
2018/02/22 42.35 42.45 42.1 42.45 60 1018 4 38016 0 6 38022 0 4.97 0.39 
2018/02/23 42.85 43.1 42.8 42.9 45 1012 4 38015 0 6 38021 0 4.94 0.4 
2018/02/26 43 43.2 42.7 42.8 50 1014 1 38012 0 6 38018 0 4.95 0.1 
2018/02/27 42.8 42.8 42.5 42.7 46 1013 1 38008 0 6 38014 0 4.94 0.1 
2018/03/01 42.3 42.5 42.1 42.2 49 1015 1 38000 0 6 38006 0 4.95 0.1 
2018/03/02 41.85 42.2 41.85 42.2 40 1022 1 37996 0 6 38002 0 4.99 0.1 
2018/03/05 42 42.05 41.4 41.4 69 1025 1 37981 0 6 37987 0 5 0.1 
2018/03/06 41.95 41.95 41.4 41.4 46 1025 1 37981 0 7 37988 0 5 0.1 
2018/03/07 41.5 41.75 41.4 41.4 57 1026 1 37981 0 7 37988 0 5.01 0.1 
2018/03/08 41.6 41.7 41 41.05 74 1013 1 37981 0 7 37988 0 4.94 0.1 
2018/03/09 41.1 41.5 41 41 55 1000 1 37981 0 7 37988 0 4.88 0.1 
2018/03/12 41.2 41.4 41.1 41.3 43 991 1 37981 0 7 37988 0 4.84 0.1 
2018/03/13 41.2 41.5 41 41.3 41 990 1 37988 0 7 37995 0 4.83 0.1 
2018/03/14 41.3 41.5 41.2 41.4 28 980 1 37988 0 7 37995 0 4.78 0.1 
2018/03/15 41.8 42.4 41.45 42 76 977 1 37991 0 6 37997 0 4.77 0.1 
2018/03/16 42 42.05 41.65 42.05 43 978 1 37988 0 6 37994 0 4.77 0.1 
2018/03/19 42.1 42.1 41.55 41.7 21 972 1 37988 0 6 37994 0 4.74 0.1 
2018/03/20 41.7 41.7 40.8 41.2 95 982 1 37988 0 6 37994 0 4.79 0.1 
2018/03/21 41.25 42 41.25 41.3 59 964 1 37988 0 6 37994 0 4.7 0.1 
2018/03/22 41.3 41.55 41 41 44 968 1 37988 0 6 37994 0 4.72 0.1 
2018/03/23 41 41 40.1 40.45 115 974 1 37986 0 6 37992 0 4.75 0.1 
2018/03/26 40.3 40.3 40.05 40.1 27 973 1 37986 0 6 37992 0 4.75 0.1 
2018/03/27 40.25 40.35 40.15 40.35 52 963 1 37986 0 6 37992 0 4.7 0.1 
2018/03/28 40.1 40.4 40.1 40.15 35 950 1 37986 0 6 37992 0 4.64 0.11 
2018/03/29 40.3 40.3 40 40 41 951 1 37986 0 6 37992 0 4.64 0.11 
2018/03/30 40.8 40.8 40.15 40.15 5 951 1 37986 0 6 37992 0 4.64 0.11 
2018/03/31 40.15 40.3 40.15 40.3 8 951 1 37986 0 6 37992 0 4.64 0.11 
2018/04/02 40.15 40.3 39.9 39.9 65 958 1 37987 0 6 37993 0 4.68 0.1 
2018/04/03 39.85 40 39.7 39.95 37 959 1 37985 0 6 37991 0 4.68 0.1 
2018/04/09 39.95 40 39.95 40 5 959 1 37985 0 6 37991 0 4.68 0.1 
2018/04/10 40.4 40.7 40.1 40.65 37 955 1 37985 0 6 37991 0 4.66 0.1 
2018/04/11 40.7 40.85 40.5 40.5 51 944 1 37993 0 6 37999 0 4.61 0.11 
2018/04/12 40.4 40.4 40.35 40.35 5 943 1 37993 0 6 37999 0 4.6 0.11 
2018/04/13 40.35 40.55 40.15 40.3 14 943 1 37993 0 6 37999 0 4.6 0.11 
2018/04/16 40.15 40.2 40.15 40.2 17 939 1 37993 0 6 37999 0 4.58 0.11 
2018/04/17 40.3 40.3 40.2 40.25 41 921 1 37993 0 6 37999 0 4.49 0.11 
2018/04/18 40.2 40.3 39.1 39.45 70 920 0 37992 0 6 37998 0 4.49 0 
2018/04/19 39.55 39.6 39.55 39.55 31 914 0 37992 0 6 37998 0 4.46 0 
2018/04/20 39.6 40.15 39.6 40.1 26 913 0 37992 0 6 37998 0 4.46 0 
2018/04/23 40.1 40.1 39.45 39.75 51 910 0 37992 0 6 37998 0 4.44 0 
2018/04/24 40 40 39.3 39.85 54 903 0 37991 0 7 37998 0 4.41 0 
2018/04/25 39.6 39.65 39.6 39.6 9 901 0 37991 0 7 37998 0 4.4 0 
2018/04/26 39.6 39.6 39.2 39.2 42 898 0 37991 0 7 37998 0 4.38 0 
2018/04/27 39.6 39.6 39.25 39.3 15 899 0 37991 0 7 37998 0 4.39 0 
2018/04/30 39.3 39.95 39.3 39.3 37 899 0 37988 0 8 37996 0 4.39 0 
2018/05/02 39.2 39.4 39.1 39.1 12 897 0 37987 0 8 37995 0 4.38 0 
2018/05/03 39.05 39.3 38.95 38.95 23 899 0 37987 0 7 37994 0 4.39 0 
2018/05/04 38.95 38.95 38.9 38.9 8 900 0 37987 0 7 37994 0 4.39 0 
2018/05/07 38.9 38.9 38.9 38.9 0 900 0 37987 0 7 37994 0 4.39 0 
2018/05/08 39.1 39.1 38.9 38.9 10 901 0 37916 0 7 37923 0 4.4 0 
2018/05/09 39.2 39.55 38.8 39.35 15 897 0 37915 0 7 37922 0 4.38 0 
2018/05/10 39.3 39.3 38.5 39.2 26 896 0 37915 0 7 37922 0 4.37 0 
2018/05/11 39.2 39.2 38.8 38.85 43 893 0 37909 0 7 37916 0 4.36 0 
2018/05/14 38.7 38.8 38.5 38.5 32 892 0 37909 0 7 37916 0 4.35 0 
2018/05/15 38.25 38.65 38.25 38.65 9 894 0 37909 0 7 37916 0 4.36 0 
2018/05/16 38.5 38.5 38.35 38.35 3 893 0 37909 0 7 37916 0 4.36 0 
2018/05/17 38.4 39 38.4 39 18 892 0 37907 0 7 37914 0 4.35 0 
2018/05/18 39 39 38.5 38.65 23 891 0 37903 0 7 37910 0 4.35 0 
2018/05/21 38.5 38.55 38.5 38.5 14 890 0 37903 0 7 37910 0 4.34 0 
2018/05/22 38.5 38.5 38.4 38.4 18 892 0 37903 0 7 37910 0 4.35 0 
2018/05/23 38.4 38.4 38.15 38.2 22 889 0 37903 0 7 37910 0 4.34 0 
2018/05/24 38.2 38.65 38.2 38.25 13 891 0 37902 0 7 37909 0 4.35 0 
2018/05/25 38.3 38.3 38.3 38.3 11 891 0 37902 0 7 37909 0 4.35 0 
2018/05/28 38.45 38.6 38.45 38.5 20 891 0 37901 0 7 37908 0 4.35 0 
2018/05/29 39.2 39.2 38.6 38.6 13 890 0 37901 0 7 37908 0 4.34 0 
2018/05/30 38.95 38.95 38.85 38.85 9 888 0 37900 0 7 37907 0 4.33 0 
2018/05/31 38.65 38.9 38.65 38.8 31 887 0 37899 0 7 37906 0 4.33 0 
2018/06/01 38.4 38.6 38.4 38.6 42 890 0 37899 0 7 37906 0 4.34 0 
2018/06/04 38.4 38.4 38.35 38.35 53 904 0 37899 0 7 37906 0 4.41 0 
2018/06/05 38.3 38.35 38 38.2 96 898 0 37899 0 7 37906 0 4.38 0 
2018/06/06 38.25 38.25 38 38 20 901 0 37899 0 7 37906 0 4.4 0 
2018/06/07 38 38.05 37.7 38.05 62 921 0 37903 0 7 37910 0 4.49 0 
2018/06/08 38.05 38.1 37.9 38 53 924 0 37903 0 7 37910 0 4.51 0 
2018/06/11 38 38.2 37.9 37.9 29 929 0 37904 0 7 37911 0 4.53 0 
2018/06/12 37.9 37.9 37.9 37.9 10 931 0 37903 0 7 37910 0 4.54 0 
2018/06/13 38.7 38.7 38 38.1 39 937 0 37903 0 7 37910 0 4.57 0 
2018/06/14 38.6 38.6 37.9 37.9 41 940 0 37903 0 7 37910 0 4.59 0 
2018/06/15 37.85 38 37.85 38 13 938 0 37903 0 7 37910 0 4.58 0 
2018/06/19 37.8 38 37.8 38 6 936 0 37903 0 7 37910 0 4.57 0 
2018/06/20 37.9 37.9 37.35 37.55 43 936 0 37905 0 7 37912 0 4.57 0 
2018/06/21 37.55 37.55 37 37.2 58 938 0 37905 0 7 37912 0 4.58 0 
2018/06/22 37.45 38.8 37.45 37.85 64 941 0 37910 0 7 37917 1 4.59 0 
2018/06/25 37.2 37.2 37.2 37.2 10 942 0 37910 0 7 37917 0 4.6 0 
2018/06/26 37.25 38.5 37 37.15 63 934 0 37910 0 8 37918 0 4.56 0 
2018/06/27 36.9 37.3 36.65 37.2 25 934 0 37910 0 7 37917 0 4.56 0 
2018/06/28 36.75 36.9 36.5 36.8 62 921 0 37918 0 7 37925 0 4.49 0 
2018/06/29 37 37.4 37 37.15 19 917 0 37918 0 7 37925 0 4.48 0 
2018/07/02 37.15 37.15 36.6 36.6 16 918 0 37918 0 7 37925 0 4.48 0 
2018/07/03 36.55 36.55 35.75 35.75 76 919 0 37915 0 7 37922 0 4.48 0 
2018/07/04 35.35 35.4 34 34.85 140 927 0 37915 0 6 37921 0 4.52 0 
2018/07/05 35.4 35.4 33.5 33.95 165 932 0 37914 0 7 37921 0 4.55 0 
2018/07/06 33.95 33.95 33 33.25 57 931 0 37916 0 7 37923 0 4.54 0 
2018/07/09 33.3 33.3 32.5 32.65 139 953 0 37918 0 9 37927 0 4.65 0 
2018/07/10 31.6 31.6 31.2 31.55 29 952 0 37918 0 8 37926 0 4.65 0 
2018/07/11 31.55 31.6 31.45 31.5 23 953 0 37919 0 7 37926 0 4.65 0 
2018/07/12 31.15 32.3 31 32.2 81 936 0 37923 0 6 37929 0 4.57 0 
2018/07/13 32.8 32.8 32 32.3 61 937 0 37921 0 6 37927 0 4.57 0 
2018/07/16 32.3 32.3 32 32.2 69 942 0 37922 0 6 37928 0 4.6 0 
2018/07/17 32.05 32.2 32 32 66 942 0 37923 0 7 37930 0 4.6 0 
2018/07/18 32 32.35 31.85 32.25 103 887 0 37929 0 6 37935 0 4.33 0 
2018/07/19 32.3 32.35 32 32.2 47 882 0 37932 0 6 37938 0 4.3 0 
2018/07/20 32.45 32.5 31.55 31.85 200 885 0 37928 0 6 37934 0 4.32 0 
2018/07/23 32.5 32.5 31.7 32.2 41 886 0 37928 0 6 37934 0 4.32 0 
2018/07/24 31.9 32.35 31.8 31.95 33 886 0 37928 0 6 37934 0 4.32 0 
2018/07/25 32.1 32.1 31.85 31.85 16 886 0 37926 0 6 37932 0 4.32 0 
2018/07/26 32 32.1 31.9 31.9 15 887 0 37927 0 6 37933 0 4.33 0 
2018/07/27 31.9 32.2 31.9 32.1 19 887 0 37927 0 6 37933 0 4.33 0 
2018/07/30 32.15 32.15 31.85 31.85 19 887 0 37920 0 6 37926 0 4.33 0 
