2016/09/26 35.1 36 34.2 34.3 3133 0 0 65980 0 0 65980 0 0 0 
2016/09/29 34.35 39.4 34.35 38.8 3610 0 0 65931 0 47 65978 0 0 0 
2016/09/30 39.5 40.25 38.2 39.5 3160 0 0 65886 0 20 65906 0 0 0 
2016/10/03 39 39.5 38.05 38.05 1505 0 0 65874 0 49 65923 0 0 0 
2016/10/04 38 38.9 37.95 38.1 1207 0 0 65886 0 49 65935 0 0 0 
2016/10/05 37.9 38.1 36.2 36.85 1082 0 0 65885 0 63 65948 0 0 0 
2016/10/06 37.4 37.6 37 37.45 558 0 0 65867 0 70 65937 0 0 0 
2016/10/07 37.75 37.8 36.35 36.6 633 0 0 65867 0 80 65947 0 0 0 
2016/10/11 36.75 36.8 34.7 36 743 0 0 65867 0 88 65955 0 0 0 
2016/10/12 35.5 39.3 35.3 38.35 1609 0 0 65906 0 105 66011 0 0 0 
2016/10/13 37.35 37.9 36.7 36.75 727 0 0 65872 0 118 65990 0 0 0 
2016/10/14 36.55 37.6 36 36.05 583 0 0 65869 0 118 65987 0 0 0 
2016/10/17 35.85 36.25 35.5 36.15 267 0 0 65866 0 118 65984 0 0 0 
2016/10/18 36 36.7 35.9 36 228 0 0 65866 0 145 66011 0 0 0 
2016/10/19 36 36.45 35.8 35.8 191 0 0 65866 0 154 66020 0 0 0 
2016/10/20 35.8 37 35.8 36.25 341 0 0 65866 0 158 66024 0 0 0 
2016/10/21 36.1 36.5 35.65 35.85 307 0 0 65866 0 168 66034 0 0 0 
2016/10/24 35.9 36.1 35.75 35.75 151 0 0 65867 0 176 66043 0 0 0 
2016/10/25 35.75 36.15 35.75 35.8 240 0 0 65870 0 182 66052 0 0 0 
2016/10/26 36 36 35.65 35.7 212 0 0 65868 0 190 66058 0 0 0 
2016/10/27 35.7 35.8 35.65 35.75 90 0 0 65873 0 195 66068 0 0 0 
2016/10/28 35.55 35.9 35.55 35.55 99 0 0 65867 0 202 66069 0 0 0 
2016/10/31 35.55 35.55 35 35.2 245 0 0 65866 0 210 66076 0 0 0 
2016/11/01 35.2 36.3 35.2 35.5 225 0 0 65866 0 220 66086 0 0 0 
2016/11/02 35.2 35.4 34.8 34.85 246 0 0 65870 0 232 66102 0 0 0 
2016/11/03 34.7 34.9 34.5 34.65 281 0 0 65870 0 245 66115 0 0 0 
2016/11/04 34.55 35.2 34.5 34.9 75 0 0 65873 0 250 66123 0 0 0 
2016/11/07 35 35.35 35 35.25 75 0 0 65872 0 250 66122 0 0 0 
2016/11/08 35.4 35.4 34.3 34.6 225 0 0 65866 0 268 66134 0 0 0 
2016/11/09 34.5 34.6 33.75 34 272 0 0 65873 0 288 66161 0 0 0 
2016/11/10 34.75 35 34.3 34.7 208 0 0 65877 0 288 66165 0 0 0 
2016/11/11 34.85 34.9 34.05 34.3 149 0 0 65877 0 293 66170 0 0 0 
2016/11/14 36.1 37.15 36.1 36.65 804 0 0 65875 0 293 66168 0 0 0 
2016/11/15 36.1 36.35 35.7 35.9 326 0 0 65873 0 300 66173 0 0 0 
2016/11/16 36.3 36.7 35.85 36.15 247 0 0 65866 0 300 66166 0 0 0 
2016/11/17 36.15 36.45 36.15 36.25 110 0 0 65866 0 300 66166 0 0 0 
2016/11/18 36.3 36.4 36.1 36.3 150 0 0 65868 0 300 66168 0 0 0 
2016/11/21 36.6 38 36.55 37.4 452 0 0 65866 0 300 66166 0 0 0 
2016/11/22 37.2 37.5 36.8 37.3 226 0 0 65866 0 300 66166 0 0 0 
2016/11/23 37.3 38.9 37.15 38.5 591 0 0 65866 0 300 66166 0 0 0 
2016/11/24 38.2 40.75 38.2 39 1321 0 0 65872 0 274 66146 0 0 0 
2016/11/25 38.5 39.2 38.5 38.6 368 0 0 65868 0 274 66142 0 0 0 
2016/11/28 38.8 38.85 37.2 37.45 611 0 0 65870 0 288 66158 0 0 0 
2016/11/29 37.5 37.95 37.1 37.4 376 0 0 65867 0 288 66155 0 0 0 
2016/11/30 37.4 37.55 37.1 37.4 155 0 0 65870 0 288 66158 0 0 0 
2016/12/01 37.5 37.65 37.15 37.4 158 0 0 65905 0 288 66193 0 0 0 
2016/12/02 37.4 37.6 37.1 37.45 145 0 0 65905 0 288 66193 0 0 0 
2016/12/05 37.55 38.65 37.4 38.2 435 0 0 65914 0 288 66202 0 0 0 
2016/12/06 38.35 39.2 38.25 38.7 681 0 0 65909 0 226 66135 0 0 0 
2016/12/07 38.7 39.85 38.5 39.5 978 0 0 65913 0 180 66093 0 0 0 
2016/12/08 39.9 40 38.8 39 604 0 0 65903 0 201 66104 0 0 0 
2016/12/09 39.6 42.9 39.1 42.9 2161 0 0 65967 0 101 66068 0 0 0 
2016/12/12 43.5 45.8 43.05 43.95 2493 0 0 65930 0 130 66060 0 0 0 
2016/12/13 43.1 44.8 42.6 44.2 683 0 0 65928 0 140 66068 0 0 0 
2016/12/14 44 46.55 43.25 45.05 1200 0 0 65919 0 88 66007 0 0 0 
2016/12/15 44.4 45.4 44.05 44.45 628 0 0 65915 0 100 66015 0 0 0 
2016/12/16 44.7 48.85 44.5 48.8 2049 0 0 65925 0 151 66076 0 0 0 
2016/12/19 47.5 48.2 46.4 46.5 1187 0 0 65880 0 166 66046 0 0 0 
2016/12/20 46.1 51 45.9 49.05 1544 0 0 65888 0 240 66128 0 0 0 
2016/12/21 48.7 50 48.25 49.05 788 0 0 65852 0 256 66108 0 0 0 
2016/12/22 48.5 49 46.75 46.8 795 0 0 65799 0 225 66024 0 0 0 
2016/12/23 47 49.5 46 48.1 963 0 0 65824 0 280 66104 0 0 0 
2016/12/26 48.3 49.7 47 48.7 699 0 0 65808 0 258 66066 0 0 0 
2016/12/27 48.7 48.7 47.5 48 414 0 0 65808 0 301 66109 0 0 0 
2016/12/28 48.3 49 47.6 48.3 426 0 0 65798 0 373 66171 0 0 0 
2016/12/29 48.65 48.65 47.5 47.5 379 0 0 65803 0 348 66151 0 0 0 
2016/12/30 47.6 48.4 47.3 47.3 263 0 0 65816 0 360 66176 0 0 0 
2017/01/03 47.35 47.7 45.65 46.3 435 0 0 65833 0 376 66209 0 0 0 
2017/01/04 46.1 48.4 46 47.9 591 0 0 65857 0 442 66299 0 0 0 
2017/01/05 47.7 52.4 47.55 51 1510 0 0 65857 0 671 66528 0 0 0 
2017/01/06 50.4 51.7 50.1 50.8 631 0 0 65832 0 745 66577 0 0 0 
2017/01/09 50.8 52.3 49.25 49.25 580 0 0 65839 0 713 66552 0 0 0 
2017/01/10 48.2 48.5 46.2 47.2 864 0 0 65856 0 684 66540 0 0 0 
2017/01/11 47 47.1 45.3 45.3 694 0 0 65875 0 624 66499 0 0 0 
2017/01/12 44.7 46 44.7 45.1 429 0 0 65878 0 649 66527 0 0 0 
2017/01/13 45.75 46.35 45.05 45.4 312 0 0 65867 0 649 66516 0 0 0 
2017/01/16 45.5 45.5 44.95 45 160 0 0 65860 0 649 66509 0 0 0 
2017/01/17 45.05 45.4 44.8 44.9 220 0 0 65836 0 649 66485 0 0 0 
2017/01/18 45 46.8 45 46.8 359 0 0 65852 0 649 66501 0 0 0 
2017/01/19 46.55 46.95 45.9 45.9 313 0 0 65831 0 649 66480 0 0 0 
2017/01/20 46.35 46.8 45.55 46.8 284 0 0 65829 0 649 66478 0 0 0 
2017/01/23 46.8 47.2 45.9 46.65 242 0 0 65828 0 669 66497 0 0 0 
2017/01/24 46.65 46.65 46 46.2 233 0 0 65841 0 669 66510 0 0 0 
2017/02/02 46.4 46.5 45.15 45.2 177 0 0 65835 0 669 66504 0 0 0 
2017/02/03 45 45.7 45 45.3 84 0 0 65849 0 669 66518 0 0 0 
2017/02/06 46 46 45 45.1 182 0 0 65861 0 669 66530 0 0 0 
2017/02/07 45.2 47.6 45.2 46.75 629 0 0 65869 0 669 66538 0 0 0 
2017/02/08 47.05 47.05 46.4 46.45 197 0 0 65866 0 669 66535 0 0 0 
2017/02/09 46.75 46.75 45.7 46 205 0 0 65863 0 669 66532 0 0 0 
2017/02/10 46.2 47 45.5 45.65 323 0 0 65857 0 669 66526 0 0 0 
2017/02/13 45.65 45.75 45 45.2 249 0 0 65859 0 669 66528 0 0 0 
2017/02/14 45.25 46 45 45.35 212 0 0 65852 0 692 66544 0 0 0 
2017/02/15 45.4 45.8 45.3 45.7 153 0 0 65856 0 692 66548 0 0 0 
2017/02/16 45.7 45.8 45.05 45.05 228 0 0 65839 0 692 66531 0 0 0 
2017/02/17 45.1 45.6 44.9 45.1 307 0 0 65832 0 599 66431 0 0 0 
2017/02/18 45.1 45.2 44.85 45.05 218 0 0 65832 0 587 66419 0 0 0 
2017/02/20 45 45.4 45 45.2 206 0 0 65834 0 539 66373 0 0 0 
2017/02/21 45.2 45.4 44.8 44.9 189 0 0 65832 0 539 66371 0 0 0 
2017/02/22 45.35 45.65 45.1 45.3 152 0 0 65829 0 534 66363 0 0 0 
2017/02/23 45.45 46.2 45.35 45.5 272 0 0 65831 0 534 66365 0 0 0 
2017/02/24 45.6 45.8 45.35 45.55 117 0 0 65828 0 544 66372 0 0 0 
2017/03/01 45.55 46.2 45.15 45.2 200 0 0 65816 0 534 66350 0 0 0 
2017/03/02 45.5 45.65 45.05 45.2 171 0 0 65816 0 534 66350 0 0 0 
2017/03/03 45.1 45.45 44.8 44.8 228 0 0 65805 0 534 66339 0 0 0 
2017/03/06 44.9 45.2 44.3 44.6 142 0 0 65791 0 534 66325 0 0 0 
2017/03/07 44.6 44.9 44.35 44.7 84 0 0 65791 0 534 66325 0 0 0 
2017/03/08 44.7 44.85 44 44.15 234 0 0 65790 0 534 66324 0 0 0 
2017/03/09 42.9 43 42 42.15 377 0 0 65785 0 534 66319 0 0 0 
2017/03/10 42 42 40.65 41.7 199 0 0 65786 0 534 66320 0 0 0 
2017/03/13 41.4 42.5 40.85 42.5 178 0 0 65790 0 534 66324 0 0 0 
2017/03/14 41.85 42.45 41.85 41.9 109 0 0 65790 0 534 66324 0 0 0 
2017/03/15 42 42.2 41.8 42 71 0 0 65790 0 534 66324 0 0 0 
2017/03/16 42.15 42.15 41.35 41.9 73 0 0 65795 0 534 66329 0 0 0 
2017/03/17 41.9 43.75 41.9 43.45 195 0 0 65794 0 534 66328 0 0 0 
2017/03/20 43.3 43.9 42.95 43.55 148 0 0 65791 0 534 66325 0 0 0 
2017/03/21 43.55 43.55 42.9 43.1 119 0 0 65822 0 534 66356 0 0 0 
2017/03/22 43 44.45 43 44.2 127 0 0 65827 0 534 66361 0 0 0 
2017/03/23 44.2 44.6 44 44 116 0 0 65842 0 534 66376 0 0 0 
2017/03/24 44.1 44.4 43.8 43.9 72 0 0 65843 0 534 66377 0 0 0 
2017/03/27 48.2 48.2 45.25 45.4 1371 0 0 65836 0 511 66347 0 0 0 
2017/03/28 44.7 44.95 44 44 525 0 0 65871 0 511 66382 0 0 0 
2017/03/29 44.05 45 44.05 44.55 127 0 0 65871 0 512 66383 0 0 0 
2017/03/30 44.55 45.15 44.5 45 127 0 0 65873 0 522 66395 0 0 0 
2017/03/31 45.4 45.5 44.7 45.05 150 23 0 65871 0 522 66393 7 0.12 0 
2017/04/05 45 45.1 44.3 44.3 207 49 0 65861 0 522 66383 0 0.26 0 
2017/04/06 44.1 44.3 43.8 43.8 198 39 0 65874 0 522 66396 0 0.2 0 
2017/04/07 43.85 44.25 43.8 44 104 57 0 65877 0 478 66355 1 0.3 0 
2017/04/10 44.5 45 44.25 44.25 122 58 0 65876 0 453 66329 4 0.3 0 
2017/04/11 44.2 44.5 43.65 43.65 87 59 0 65873 0 453 66326 2 0.31 0 
2017/04/12 43.6 43.95 42.7 43.2 142 92 0 65866 0 453 66319 0 0.48 0 
2017/04/13 43 43.6 43 43.55 48 94 0 65878 0 453 66331 0 0.49 0 
2017/04/14 43.3 43.3 42 42.5 170 106 0 65868 0 468 66336 0 0.55 0 
2017/04/17 42.4 43.8 42.15 43.45 102 120 0 65868 0 482 66350 1 0.63 0 
2017/04/18 43.45 44.95 43.45 44.15 105 142 0 65868 0 485 66353 1 0.74 0 
2017/04/19 44.15 45.3 44.15 44.3 420 193 0 65931 0 485 66416 69 1.01 0 
2017/04/20 44.9 45.4 44.35 44.8 240 226 0 65955 0 485 66440 0 1.18 0 
2017/04/21 45 45.35 44.5 44.5 224 212 0 65982 0 485 66467 0 1.11 0 
2017/04/24 45 45 43.8 44.5 77 211 0 65985 0 485 66470 0 1.1 0 
2017/04/25 44.55 45 44.55 44.75 101 215 0 66018 0 485 66503 0 1.12 0 
2017/04/26 44.75 45.2 44.75 44.9 83 235 0 66049 0 485 66534 0 1.23 0 
2017/04/27 44.9 44.9 44.1 44.7 129 192 0 66078 0 485 66563 2 1 0 
2017/04/28 44.8 44.8 44.1 44.6 110 187 0 66084 0 485 66569 0 0.98 0 
2017/05/02 44.55 44.6 43.75 44.2 105 158 0 66110 0 485 66595 0 0.83 0 
2017/05/03 44 44.3 43.85 43.85 33 159 0 66119 0 485 66604 0 0.83 0 
2017/05/04 43.9 44.35 43.8 44.3 80 162 0 66152 0 485 66637 0 0.85 0 
2017/05/05 44.3 44.3 44 44.1 39 156 0 66156 0 485 66641 0 0.82 0 
2017/05/08 44 44.15 43.55 43.6 53 154 0 66168 0 485 66653 0 0.8 0 
2017/05/09 43.6 43.85 43 43.4 105 156 0 66192 0 485 66677 0 0.82 0 
2017/05/10 43 45.05 43 44.5 238 224 0 66225 0 485 66710 1 1.17 0 
2017/05/11 44.45 45.5 43.9 44.8 255 263 0 66242 0 485 66727 3 1.37 0 
2017/05/12 44.8 45 44.5 44.5 120 264 0 66268 0 485 66753 0 1.38 0 
2017/05/15 44.45 44.85 44.1 44.15 75 280 0 66271 0 485 66756 0 1.46 0 
2017/05/16 44.15 44.2 43.75 43.85 88 275 0 66293 0 485 66778 0 1.44 0 
2017/05/17 43.75 44.6 43.4 44.3 99 268 0 66318 0 485 66803 0 1.4 0 
2017/05/18 43.9 44.25 43.75 44.15 70 240 0 66338 0 485 66823 0 1.25 0 
2017/05/19 43.85 44.25 43.85 44.1 58 243 0 66358 0 469 66827 0 1.27 0 
2017/05/22 44.1 44.1 43.8 43.8 130 259 0 66383 0 434 66817 0 1.35 0 
2017/05/23 43.8 43.8 43.3 43.65 167 272 0 66407 0 366 66773 0 1.42 0 
2017/05/24 43.65 43.65 43.2 43.25 129 276 0 66495 0 265 66760 0 1.44 0 
2017/05/25 43.4 44.2 43.2 43.95 161 309 0 66521 0 265 66786 0 1.61 0 
2017/05/26 44.4 44.45 43.9 44.05 130 297 0 66544 0 265 66809 3 1.55 0 
2017/05/31 44 44.3 43.75 44 109 293 0 66576 0 265 66841 0 1.53 0 
2017/06/01 44.05 44.25 43.85 43.85 150 301 0 66592 0 250 66842 1 1.57 0 
2017/06/02 43.85 46.4 43.8 44.75 477 355 0 66628 0 165 66793 2 1.85 0 
2017/06/03 44.75 44.75 44.3 44.4 108 350 0 66628 0 140 66768 0 1.83 0 
2017/06/05 44.6 45.2 44.5 45 182 337 0 66668 0 85 66753 0 1.76 0 
2017/06/06 45.05 45.05 44.5 44.85 107 317 0 66677 0 84 66761 0 1.66 0 
2017/06/07 44.85 44.85 44.45 44.45 114 308 0 66682 0 84 66766 0 1.61 0 
2017/06/08 44.4 44.6 44.4 44.45 56 306 0 66681 0 84 66765 0 1.6 0 
2017/06/09 44.5 44.5 43.75 43.75 127 304 0 66654 0 84 66738 0 1.59 0 
2017/06/12 43.55 44.2 43.55 43.85 87 303 0 66647 0 84 66731 0 1.58 0 
2017/06/13 43.85 44.45 43.85 44.2 70 301 0 66656 0 84 66740 0 1.57 0 
2017/06/14 44.45 44.65 43.65 43.75 144 307 0 66656 0 84 66740 1 1.6 0 
2017/06/15 43.7 44.2 43.7 43.9 38 315 0 66660 0 84 66744 0 1.65 0 
2017/06/16 44.1 44.3 43.9 44 78 300 0 66664 0 84 66748 1 1.57 0 
2017/06/19 44.4 45.4 44 44.1 195 342 0 66679 0 85 66764 1 1.79 0 
2017/06/20 44.15 44.8 44.15 44.7 134 368 0 66681 0 85 66766 2 1.92 0 
2017/06/21 44.7 45.6 44.7 45 202 401 0 66669 0 86 66755 0 2.1 0 
2017/06/22 45 45.25 44.75 44.75 44 396 0 66669 0 86 66755 0 2.07 0 
2017/06/23 44.75 45.1 44.5 44.6 61 382 0 66669 0 87 66756 0 2 0 
2017/06/26 44.9 44.9 44 44.3 116 337 0 66680 0 93 66773 0 1.76 0 
2017/06/27 44.9 45.55 44.55 44.8 340 381 0 66679 0 93 66772 3 1.99 0 
2017/06/28 44.6 44.65 44.2 44.25 91 371 0 66654 0 93 66747 0 1.94 0 
2017/06/29 44.3 44.6 43.95 44.05 89 382 0 66651 0 93 66744 0 2 0 
2017/06/30 44.05 44.1 43.9 43.95 75 379 0 66649 0 93 66742 0 1.98 0 
2017/07/03 43.9 44.25 43.9 44.2 50 386 0 66652 0 93 66745 0 2.02 0 
2017/07/04 44.1 44.15 43.95 44.15 74 388 0 66651 0 93 66744 0 2.03 0 
2017/07/05 44.05 44.05 43.8 43.85 92 413 0 66641 0 93 66734 0 2.16 0 
2017/07/06 43.8 44.45 43.8 43.9 61 417 0 66664 0 77 66741 0 2.18 0 
2017/07/07 43.95 43.95 43.2 43.5 139 439 1 66653 0 52 66705 0 2.29 0.23 
2017/07/10 44.05 44.05 43.2 43.35 111 365 1 66645 0 52 66697 0 1.91 0.27 
2017/07/11 43.3 45 43.3 43.85 231 382 1 66638 0 28 66666 0 2 0.26 
2017/07/12 43.65 44.45 43.55 43.55 61 375 0 66637 0 18 66655 0 1.96 0 
2017/07/13 43.55 43.95 43.5 43.6 71 370 0 66629 0 8 66637 0 1.93 0 
2017/07/14 43.8 43.8 43.4 43.65 77 362 0 66629 0 6 66635 0 1.89 0 
2017/07/17 43.8 43.8 43.25 43.6 115 368 0 66631 0 2 66633 1 1.92 0 
2017/07/18 43.45 43.65 43.25 43.4 112 379 0 66635 0 2 66637 0 1.98 0 
2017/07/19 43.5 43.9 43.45 43.9 111 381 0 66660 0 2 66662 0 1.99 0 
2017/07/20 44 44.1 43.85 43.95 92 380 0 66685 0 2 66687 0 1.99 0 
2017/07/21 43.9 44 43.8 43.85 99 356 0 66691 0 2 66693 0 1.86 0 
2017/07/24 43.95 44.75 43.95 44.2 429 432 0 66691 0 16 66707 0 2.26 0 
2017/07/25 40.6 40.8 39.8 39.85 180 417 0 66684 0 1 66685 0 2.18 0 
2017/07/26 40.3 40.3 39.55 39.55 144 446 0 66687 0 1 66688 0 2.33 0 
2017/07/27 39.7 39.75 39.55 39.75 77 445 0 66667 0 1 66668 0 2.33 0 
2017/07/28 39.8 39.95 39.55 39.6 132 421 0 66676 0 1 66677 0 2.2 0 
2017/07/31 39.4 39.75 39.1 39.6 77 418 0 66676 0 1 66677 0 2.18 0 
2017/08/01 39.45 39.75 39.3 39.75 44 417 0 66679 0 1 66680 0 2.18 0 
2017/08/02 39.75 39.9 39.55 39.85 37 413 0 66701 0 1 66702 0 2.16 0 
2017/08/03 40.2 40.2 39.65 39.9 52 397 0 66714 0 0 66714 0 2.07 0 
2017/08/04 39.9 39.9 39.45 39.8 42 396 0 66720 0 0 66720 0 2.07 0 
2017/08/07 39.7 39.85 39.5 39.5 54 377 0 66725 0 0 66725 0 1.97 0 
2017/08/08 39.45 39.5 39.3 39.45 12 374 0 66725 0 0 66725 0 1.95 0 
2017/08/09 39.3 39.55 39.25 39.4 49 373 0 66733 0 0 66733 0 1.95 0 
2017/08/10 38.8 38.8 36.8 37.4 264 331 5 66766 0 0 66766 0 1.73 1.51 
2017/08/11 36.9 37.75 36.8 36.8 75 332 3 66749 0 3 66752 0 1.73 0.9 
2017/08/14 36.4 36.6 35.8 35.9 111 341 3 66762 0 3 66765 0 1.78 0.88 
2017/08/15 36.2 36.2 35.85 35.85 26 338 3 66764 0 3 66767 0 1.77 0.89 
2017/08/16 35.85 36.2 35.85 36 10 337 3 66765 0 3 66768 0 1.76 0.89 
2017/08/17 36.5 37 36.5 37 16 336 3 66766 0 0 66766 0 1.76 0.89 
2017/08/18 36.6 36.6 36 36.4 18 339 3 66765 0 0 66765 0 1.77 0.88 
2017/08/21 36.4 36.45 36.05 36.1 37 347 3 66768 0 0 66768 0 1.81 0.86 
2017/08/22 36.1 36.85 36.1 36.6 19 347 3 66768 0 0 66768 0 1.81 0.86 
2017/08/23 36.6 36.7 36.1 36.6 25 339 3 66766 0 0 66766 0 1.77 0.88 
2017/08/24 37 37.7 37 37.35 48 332 3 66772 0 0 66772 1 1.73 0.9 
2017/08/25 37.5 37.5 37.15 37.2 22 331 3 66772 0 0 66772 0 1.73 0.91 
2017/08/28 37 37.3 36.8 37 50 332 3 66772 0 0 66772 0 1.73 0.9 
2017/08/29 36.8 37 36.7 36.7 49 335 3 66772 0 0 66772 0 1.75 0.9 
2017/08/30 36.75 36.75 36.6 36.6 19 335 3 66772 0 0 66772 0 1.75 0.9 
2017/08/31 36.6 36.7 36.15 36.45 49 344 3 66767 0 0 66767 0 1.8 0.87 
2017/09/01 36.6 37.2 36.6 37 74 337 3 66773 0 0 66773 0 1.76 0.89 
2017/09/04 36.95 36.95 36 36.7 39 337 3 66777 0 0 66777 0 1.76 0.89 
2017/09/05 36.15 36.7 36 36.35 37 340 3 66777 0 0 66777 0 1.78 0.88 
2017/09/06 36.35 36.6 36.1 36.4 28 340 3 66773 0 0 66773 0 1.78 0.88 
2017/09/07 36.4 36.5 36.05 36.5 31 349 3 66771 0 0 66771 0 1.82 0.86 
2017/09/08 36.25 36.5 36.05 36.4 43 353 0 66772 0 0 66772 0 1.84 0 
2017/09/11 36.6 37.2 36.5 36.5 55 364 0 66771 0 0 66771 0 1.9 0 
2017/09/12 36.55 36.95 36.5 36.8 22 360 0 66771 0 0 66771 0 1.88 0 
2017/09/13 36.8 36.9 36.8 36.85 11 358 0 66771 0 0 66771 0 1.87 0 
2017/09/14 36.85 37 36.8 36.85 20 356 0 66772 0 0 66772 0 1.86 0 
2017/09/15 36.9 36.9 36.55 36.65 14 355 0 66771 0 0 66771 0 1.85 0 
2017/09/18 36.75 36.75 36.4 36.4 28 355 0 66770 0 0 66770 0 1.85 0 
2017/09/19 36.4 36.4 36.1 36.1 36 354 0 66770 0 0 66770 0 1.85 0 
2017/09/20 36.4 36.4 36 36 50 351 0 66770 0 0 66770 0 1.83 0 
2017/09/21 36.1 36.5 36.1 36.45 21 347 0 66769 0 0 66769 0 1.81 0 
2017/09/22 36.45 36.6 36.05 36.1 11 348 0 66769 0 0 66769 0 1.82 0 
2017/09/25 35.8 35.9 35.75 35.75 58 338 0 66782 0 0 66782 0 1.77 0 
2017/09/26 36 36 35.4 36 32 336 0 66782 0 0 66782 0 1.76 0 
2017/09/27 36 36 35.4 35.4 41 339 0 66782 0 0 66782 0 1.77 0 
2017/09/28 35.4 35.4 35.3 35.3 13 344 0 66782 0 2 66784 0 1.8 0 
2017/09/29 35.7 35.7 34.9 35.4 21 342 0 66783 0 2 66785 0 1.79 0 
2017/09/30 35.95 35.95 35.4 35.5 9 342 0 66783 0 2 66785 0 1.79 0 
2017/10/02 35.5 36 35.5 35.8 6 344 0 66783 0 2 66785 0 1.8 0 
2017/10/03 35.35 36.05 35.35 35.9 3 344 0 66783 0 2 66785 0 1.8 0 
2017/10/05 35.9 35.9 35.25 35.4 41 338 0 66783 0 2 66785 0 1.77 0 
2017/10/06 35.25 35.3 35.15 35.25 50 336 0 66782 0 2 66784 0 1.76 0 
2017/10/11 35.2 35.4 34.9 34.9 79 329 0 66785 0 2 66787 0 1.72 0 
2017/10/12 34.9 34.95 34.45 34.5 75 335 0 66779 0 2 66781 0 1.75 0 
2017/10/13 34.5 34.5 34 34.2 118 335 0 66777 0 2 66779 0 1.75 0 
2017/10/16 34.1 34.45 34.05 34.4 57 336 0 66779 0 1 66780 0 1.76 0 
2017/10/17 34.4 34.6 34.4 34.5 6 336 0 66779 0 1 66780 0 1.76 0 
2017/10/18 34.5 34.5 33.8 34.2 77 341 0 66762 0 1 66763 0 1.78 0 
2017/10/19 33.9 34.2 33.9 34.1 6 342 0 66762 0 1 66763 0 1.79 0 
2017/10/20 34.15 34.15 33.7 34.1 90 342 0 66756 0 1 66757 0 1.79 0 
2017/10/23 34.1 34.1 33.85 33.95 17 343 0 66755 0 1 66756 0 1.79 0 
2017/10/24 33.7 34.35 33.7 34.2 18 342 0 66754 0 1 66755 0 1.79 0 
2017/10/25 33.95 34 33.75 33.85 28 343 0 66752 0 1 66753 0 1.79 0 
2017/10/26 33.8 33.8 33.8 33.8 8 338 0 66752 0 1 66753 0 1.77 0 
2017/10/27 33.8 33.85 33.65 33.65 18 334 0 66751 0 1 66752 0 1.75 0 
2017/10/30 33.65 34.25 33.6 34.05 4 335 0 66751 0 1 66752 0 1.75 0 
2017/10/31 34.1 34.1 33.7 33.7 9 334 0 66751 0 1 66752 0 1.75 0 
2017/11/01 33.6 33.7 33.3 33.7 46 325 0 66747 0 1 66748 0 1.7 0 
2017/11/02 33.7 34 33.7 34 13 321 0 66746 0 1 66747 0 1.68 0 
2017/11/03 34 34.3 34 34.1 38 319 0 66743 0 1 66744 0 1.67 0 
2017/11/06 34.2 34.2 33.85 34.05 29 325 0 66744 0 1 66745 0 1.7 0 
2017/11/07 34.05 34.1 33.85 34 19 324 0 66743 0 1 66744 0 1.69 0 
2017/11/08 33.9 34 33.8 33.8 18 328 0 66742 0 1 66743 0 1.71 0 
2017/11/09 33.8 34.15 33.65 34 12 334 0 66744 0 1 66745 0 1.75 0 
2017/11/10 34 34.1 34 34 20 341 0 66745 0 1 66746 0 1.78 0 
2017/11/13 33 33.05 32 32.4 236 337 0 66739 0 1 66740 0 1.76 0 
2017/11/14 32.4 32.4 31.5 31.8 46 342 0 66735 0 1 66736 0 1.79 0 
2017/11/15 31.8 31.8 31.35 31.7 101 340 0 66729 0 1 66730 0 1.78 0 
2017/11/16 31.7 31.7 31.45 31.7 63 339 0 66723 0 1 66724 0 1.77 0 
2017/11/17 31.55 31.95 31.35 31.35 46 339 0 66719 0 1 66720 0 1.77 0 
2017/11/20 31.5 31.5 31.1 31.35 22 343 0 66717 0 1 66718 0 1.79 0 
2017/11/21 31.2 31.5 31.2 31.4 18 343 0 66716 0 1 66717 0 1.79 0 
2017/11/22 31.25 31.35 31.25 31.3 27 346 0 66715 0 1 66716 0 1.81 0 
2017/11/23 31.3 31.3 31.1 31.2 14 348 0 66714 0 1 66715 0 1.82 0 
2017/11/24 31.4 31.4 31 31.2 16 354 0 66712 0 1 66713 0 1.85 0 
2017/11/27 31.2 31.2 30.85 31 50 350 0 66708 0 1 66709 0 1.83 0 
2017/11/28 31 31 30.8 30.9 66 354 0 66688 0 1 66689 0 1.85 0 
2017/11/29 30.95 31.4 30.9 31.05 61 358 0 66672 0 1 66673 0 1.87 0 
2017/11/30 31.05 31.05 30.9 30.9 19 357 0 66667 0 1 66668 0 1.87 0 
2017/12/01 31.1 31.15 30.9 30.9 41 358 0 66655 0 1 66656 0 1.87 0 
2017/12/04 30.9 30.95 30.9 30.95 16 358 0 66651 0 1 66652 0 1.87 0 
2017/12/05 30.95 31 30.8 30.8 19 359 0 66646 0 1 66647 0 1.88 0 
2017/12/06 30.8 31.05 30.8 30.8 46 359 0 66633 0 1 66634 0 1.88 0 
2017/12/07 30.65 30.8 30.6 30.6 15 358 0 66629 0 1 66630 0 1.87 0 
2017/12/08 30.5 30.7 30.3 30.5 9 358 0 66625 0 1 66626 0 1.87 0 
2017/12/11 30.5 32.4 30.4 30.9 25 358 0 66618 0 1 66619 0 1.87 0 
2017/12/12 30.9 30.9 30.35 30.35 42 360 0 66608 0 2 66610 0 1.88 0 
2017/12/13 30.5 30.8 30.35 30.55 27 360 0 66599 0 2 66601 0 1.88 0 
2017/12/14 31.35 31.35 30.4 30.95 71 361 0 66585 0 2 66587 0 1.89 0 
2017/12/15 30.7 30.7 30.6 30.6 19 371 0 66580 0 2 66582 0 1.94 0 
2017/12/18 30.6 30.6 30.5 30.5 7 375 0 66574 0 2 66576 0 1.96 0 
2017/12/19 30.5 30.7 30.4 30.4 22 375 0 66568 0 2 66570 0 1.96 0 
2017/12/20 30.5 30.5 30.4 30.4 12 374 0 66564 0 2 66566 0 1.95 0 
2017/12/21 30.4 30.5 30.05 30.45 17 374 0 66560 0 2 66562 0 1.95 0 
2017/12/22 30.5 30.9 30.45 30.8 18 379 0 66556 0 2 66558 0 1.98 0 
2017/12/25 31.5 31.5 30.8 30.95 34 379 0 66536 0 2 66538 0 1.98 0 
2017/12/26 31.45 31.45 30.75 30.75 14 376 0 66535 0 2 66537 0 1.96 0 
2017/12/27 30.5 31.2 30.5 30.8 39 375 0 66527 0 2 66529 0 1.96 0 
2017/12/28 30.9 32 30.8 31.9 105 369 0 66506 0 1 66507 0 1.93 0 
2017/12/29 31.6 32 31.6 32 32 369 0 66504 0 0 66504 0 1.93 0 
2018/01/02 32.3 32.3 32.3 32.3 1 369 0 66504 0 0 66504 0 1.93 0 
2018/01/03 31.8 32.25 31.7 31.7 6 369 0 66501 0 0 66501 0 1.93 0 
2018/01/04 31.8 31.8 31.6 31.65 14 359 0 66498 0 0 66498 0 1.88 0 
2018/01/05 32 32 31.5 31.5 14 361 0 66492 0 0 66492 0 1.89 0 
2018/01/08 31.8 31.8 31.25 31.35 37 352 0 66475 0 1 66476 0 1.84 0 
2018/01/09 31.25 31.35 31.2 31.25 7 352 0 66472 0 1 66473 0 1.84 0 
2018/01/10 31.2 31.25 30.85 31 19 351 0 66468 0 1 66469 0 1.83 0 
2018/01/11 31 31.05 30.95 31 18 351 0 66463 0 1 66464 0 1.83 0 
2018/01/12 31 31.5 31 31.15 22 353 0 66458 0 1 66459 0 1.84 0 
2018/01/15 31.4 32.25 31.4 31.5 31 360 0 66450 0 1 66451 0 1.88 0 
2018/01/16 31.9 31.95 31.35 31.55 30 360 0 66445 0 1 66446 0 1.88 0 
2018/01/17 31.55 32.1 31.55 31.7 26 364 0 66449 0 1 66450 0 1.9 0 
2018/01/18 31.7 32.1 31.7 31.7 31 367 0 66441 0 1 66442 0 1.92 0 
2018/01/19 31.9 31.9 31.6 31.65 10 367 0 66438 0 1 66439 0 1.92 0 
2018/01/22 31.65 31.7 31.3 31.65 57 369 0 66415 0 1 66416 0 1.93 0 
2018/01/23 31.7 31.7 31.5 31.5 11 369 0 66415 0 1 66416 0 1.93 0 
2018/01/24 31.45 31.5 31.3 31.35 25 372 0 66400 0 1 66401 0 1.94 0 
2018/01/25 31.3 31.5 31.3 31.3 15 372 0 66397 0 1 66398 0 1.94 0 
2018/01/26 31.3 31.45 31.25 31.25 22 372 0 66392 0 1 66393 0 1.94 0 
2018/01/29 31.2 31.35 31.2 31.3 34 372 0 66375 0 1 66376 0 1.94 0 
2018/01/30 31.3 31.3 31.1 31.15 28 368 0 66359 0 1 66360 0 1.92 0 
2018/01/31 31 31.3 30.85 31 18 367 0 66355 0 1 66356 0 1.92 0 
2018/02/01 31 31.65 31 31.2 15 364 0 66351 0 1 66352 0 1.9 0 
2018/02/02 31.25 31.4 30.9 31 34 364 0 66344 0 1 66345 0 1.9 0 
2018/02/05 29.8 30.95 29.8 30.5 34 365 0 66336 0 1 66337 0 1.91 0 
2018/02/06 30.3 30.3 28.55 29 122 353 0 66312 0 0 66312 0 1.84 0 
2018/02/07 29.75 29.8 29.1 29.1 44 353 0 66298 0 0 66298 0 1.84 0 
2018/02/08 29.65 29.65 28.95 29.1 24 352 0 66293 0 0 66293 0 1.84 0 
2018/02/09 29 29 28.25 28.65 20 348 0 66289 0 0 66289 0 1.82 0 
2018/02/12 28.3 28.9 27.5 28.3 55 353 0 66277 0 0 66277 0 1.84 0 
2018/02/21 29.4 29.4 28.2 28.35 37 354 0 66270 0 0 66270 0 1.85 0 
2018/02/22 28.2 28.3 27.6 28.3 57 352 0 66259 0 0 66259 0 1.84 0 
2018/02/23 28.2 28.3 27.25 28.2 108 354 0 66239 0 0 66239 0 1.85 0 
2018/02/26 28.5 28.6 27.9 28.5 120 389 0 66215 0 0 66215 0 2.03 0 
2018/02/27 31 31.35 31 31.35 537 519 0 66126 0 0 66126 0 2.71 0 
2018/03/01 31.5 33.8 31.5 31.9 1450 842 0 66057 0 0 66057 6 4.4 0 
2018/03/02 31 31.75 30.8 31.15 260 861 1 66047 0 0 66047 0 4.5 0.12 
2018/03/05 31.15 31.25 30.1 30.1 103 873 1 66043 0 0 66043 0 4.56 0.11 
2018/03/06 30.1 31.5 30.1 31.1 195 952 1 66039 0 0 66039 0 4.97 0.11 
2018/03/07 30.3 30.7 30.3 30.5 43 947 4 66030 0 0 66030 0 4.95 0.42 
2018/03/08 30.35 30.8 30.2 30.35 55 943 4 66017 0 0 66017 0 4.93 0.42 
2018/03/09 30.65 31.2 30.65 30.75 52 944 4 66014 0 0 66014 0 4.93 0.42 
2018/03/12 30.4 30.8 30.4 30.65 29 944 4 66008 0 0 66008 0 4.93 0.42 
2018/03/13 30.5 30.9 30.4 30.55 62 933 1 66013 0 0 66013 0 4.88 0.11 
2018/03/14 30.5 30.6 30.2 30.6 62 933 1 66009 0 0 66009 0 4.88 0.11 
2018/03/15 30.4 30.65 30.4 30.55 15 932 1 66005 0 1 66006 0 4.87 0.11 
2018/03/16 30.8 30.8 30.2 30.2 55 915 1 66005 0 4 66009 0 4.78 0.11 
2018/03/19 30.3 30.3 29.5 30 73 899 1 66005 0 4 66009 0 4.7 0.11 
2018/03/20 30.5 30.5 30 30 14 900 1 66005 0 4 66009 0 4.7 0.11 
2018/03/21 30 30.2 30 30.15 25 898 1 66002 0 4 66006 0 4.69 0.11 
2018/03/22 30 30 29.8 29.95 29 897 1 66001 0 4 66005 0 4.69 0.11 
2018/03/23 29.95 29.95 29.2 29.4 30 892 1 66001 0 4 66005 0 4.66 0.11 
2018/03/26 27.55 28.05 27.55 27.55 295 887 5 65994 0 6 66000 2 4.63 0.56 
2018/03/27 27.55 27.6 26.7 27.25 389 650 5 65994 0 3 65997 2 3.4 0.77 
2018/03/28 26.7 27 25.9 27 474 441 1 65960 0 3 65963 1 2.3 0.23 
2018/03/29 26.6 27.3 26.6 27.3 114 410 0 65961 0 3 65964 1 2.14 0 
2018/03/30 27.35 27.5 27 27.3 70 408 0 65961 0 3 65964 0 2.13 0 
2018/03/31 27 27.3 26.9 27.2 47 406 0 65961 0 3 65964 0 2.12 0 
2018/04/02 27.15 27.3 27.1 27.2 18 406 0 65961 0 2 65963 0 2.12 0 
2018/04/03 27 27.2 26.8 27.2 28 407 0 65961 0 2 65963 0 2.13 0 
2018/04/09 27.2 27.25 27 27.1 37 404 0 65948 0 2 65950 0 2.11 0 
2018/04/10 27.1 27.25 27.05 27.25 27 401 0 65948 0 2 65950 0 2.1 0 
2018/04/11 27.3 27.4 27.05 27.35 41 418 0 65947 0 2 65949 0 2.18 0 
2018/04/12 27.1 27.5 27.1 27.3 9 418 0 65946 0 2 65948 0 2.18 0 
2018/04/13 27.3 27.35 26.9 27 49 421 0 65946 0 2 65948 0 2.2 0 
2018/04/16 27 27 26.8 27 37 420 0 65946 0 2 65948 0 2.19 0 
2018/04/17 27 27 26.5 26.9 50 427 0 65946 0 2 65948 0 2.23 0 
2018/04/18 26.9 27 26.7 27 20 424 0 65946 0 2 65948 0 2.22 0 
2018/04/19 26.9 26.9 26 26.8 54 407 0 65946 0 2 65948 0 2.13 0 
2018/04/20 26.5 26.7 26.45 26.5 49 410 0 65946 0 1 65947 0 2.14 0 
2018/04/23 26.5 26.5 26.25 26.25 31 410 0 65946 0 1 65947 0 2.14 0 
2018/04/24 26.1 26.35 26 26.2 16 408 0 65946 0 1 65947 0 2.13 0 
2018/04/25 26.2 26.2 26.15 26.2 12 408 0 65945 0 1 65946 0 2.13 0 
2018/04/26 26.4 26.4 25.5 25.9 15 405 0 65945 0 1 65946 0 2.12 0 
2018/04/27 26.1 26.1 25.8 25.8 9 404 0 65945 0 1 65946 0 2.11 0 
2018/04/30 25.95 25.95 25.8 25.9 8 404 0 65945 0 2 65947 0 2.11 0 
2018/05/02 25.5 25.5 25.15 25.15 27 397 0 65943 0 2 65945 0 2.07 0 
2018/05/03 25 25 24.15 24.85 90 369 0 65942 0 2 65944 0 1.93 0 
2018/05/04 24.85 24.9 24.4 24.9 22 366 0 65942 0 2 65944 0 1.91 0 
2018/05/07 25.7 25.7 25.5 25.5 6 366 0 65942 0 2 65944 0 1.91 0 
2018/05/08 24.7 24.9 24.25 24.9 52 359 0 65942 0 2 65944 0 1.88 0 
2018/05/09 24.55 25 24.5 25 37 348 0 65939 0 2 65941 0 1.82 0 
2018/05/10 25 25.1 24.8 25.05 7 347 0 65939 0 2 65941 0 1.81 0 
2018/05/11 24.8 25.35 24.2 25.3 67 346 0 65939 0 2 65941 1 1.81 0 
2018/05/14 23.8 25.05 23.5 25 140 347 0 65939 0 2 65941 0 1.81 0 
2018/05/15 25 25.1 24.05 25 89 346 0 65939 0 1 65940 0 1.81 0 
2018/05/16 24.95 25 24.95 25 19 340 0 65939 0 1 65940 0 1.78 0 
2018/05/17 25 25.2 25 25.1 12 340 0 65939 0 1 65940 0 1.78 0 
2018/05/18 25 25 24.5 25 39 338 0 65928 0 1 65929 0 1.77 0 
2018/05/21 24.6 25 24.6 25 30 338 0 65928 0 1 65929 0 1.77 0 
2018/05/22 25 25 25 25 32 338 0 65928 0 1 65929 0 1.77 0 
2018/05/23 24.65 25 24.6 25 39 338 0 65928 0 1 65929 0 1.77 0 
2018/05/24 25 25.8 24.9 25.6 50 341 0 65928 0 1 65929 0 1.78 0 
2018/05/25 25 25.75 25 25.7 50 336 0 65928 0 1 65929 0 1.76 0 
2018/05/28 25.85 26 25.8 25.95 8 337 0 65928 0 1 65929 0 1.76 0 
2018/05/29 24.95 25.7 24.95 25.7 11 337 0 65928 0 1 65929 0 1.76 0 
2018/05/30 25.7 25.7 25.7 25.7 5 337 0 65928 0 1 65929 0 1.76 0 
2018/05/31 25.65 25.65 24.8 25 29 341 0 65928 0 2 65930 0 1.78 0 
2018/06/01 25.05 25.3 25 25.3 28 340 0 65927 0 2 65929 0 1.78 0 
2018/06/04 25.45 25.45 25.4 25.4 26 340 0 65927 0 2 65929 0 1.78 0 
2018/06/05 25.45 25.45 25.3 25.45 13 342 0 65927 0 2 65929 0 1.79 0 
2018/06/06 25.5 25.6 25.4 25.6 40 375 0 65927 0 2 65929 0 1.96 0 
2018/06/07 25.7 25.7 25.6 25.6 9 378 0 65927 0 2 65929 0 1.98 0 
2018/06/08 26 27 25.7 27 67 416 0 65927 0 2 65929 0 2.17 0 
2018/06/11 27 27 26.6 26.7 24 429 0 65927 0 2 65929 0 2.24 0 
2018/06/12 26.7 26.7 26.5 26.5 11 438 0 65927 0 2 65929 0 2.29 0 
2018/06/13 26.5 26.8 26.5 26.8 4 440 0 65927 0 2 65929 0 2.3 0 
2018/06/14 26.5 26.5 26 26 9 444 0 65927 0 2 65929 0 2.32 0 
2018/06/15 26 26 25.85 25.9 11 452 0 65927 0 2 65929 0 2.36 0 
2018/06/19 25.9 26.35 25.2 26.35 8 453 0 65927 0 2 65929 0 2.37 0 
2018/06/20 26.25 26.4 25.5 26.35 6 454 0 65929 0 2 65931 0 2.37 0 
2018/06/21 25.2 26.35 25.2 26.35 12 462 0 65929 0 2 65931 0 2.41 0 
2018/06/22 26.8 26.8 26.55 26.55 17 461 0 65935 0 2 65937 0 2.41 0 
2018/06/25 26.8 27.1 26.7 27.1 30 486 0 65935 0 2 65937 0 2.54 0 
2018/06/26 27.2 27.2 27 27 23 502 0 65935 0 2 65937 0 2.62 0 
2018/06/27 27.2 27.2 26.8 26.85 16 508 0 65935 0 2 65937 0 2.65 0 
2018/06/28 27.1 27.3 26.85 27 120 551 0 65942 0 2 65944 0 2.88 0 
2018/06/29 27.25 27.3 27.25 27.25 22 565 0 65942 0 3 65945 0 2.95 0 
2018/07/02 27.15 27.15 27.15 27.15 0 565 0 65942 0 3 65945 0 2.95 0 
2018/07/03 27.1 27.1 27.05 27.05 4 567 0 65942 0 3 65945 0 2.96 0 
2018/07/04 26.5 26.5 26.4 26.4 4 567 0 65943 0 4 65947 0 2.96 0 
2018/07/05 25.4 26 25.2 25.35 41 585 0 65943 0 4 65947 0 3.06 0 
2018/07/06 26.75 26.75 25.95 26.25 10 578 0 65945 0 4 65949 0 3.02 0 
2018/07/09 26.25 26.45 26.2 26.45 24 596 0 65947 0 4 65951 0 3.11 0 
2018/07/10 26.35 26.35 26.35 26.35 2 597 0 65947 0 4 65951 0 3.12 0 
2018/07/11 25.55 26.1 25.5 26.1 6 598 0 65947 0 4 65951 0 3.12 0 
2018/07/12 26.05 26.05 25.9 25.9 11 598 0 65954 0 4 65958 0 3.12 0 
2018/07/13 25.9 25.95 25.9 25.95 6 600 0 65956 0 4 65960 0 3.14 0 
2018/07/16 25.95 25.95 25.95 25.95 4 604 0 65955 0 4 65959 0 3.16 0 
2018/07/17 25.9 25.95 25.9 25.95 3 604 0 65958 0 4 65962 0 3.16 0 
2018/07/18 25.9 25.95 25 25.15 24 610 0 65967 0 4 65971 0 3.19 0 
2018/07/19 25 25.7 25 25.65 8 609 0 65967 0 4 65971 0 3.18 0 
2018/07/20 25.05 25.6 25.05 25.6 2 609 0 65967 0 4 65971 0 3.18 0 
2018/07/23 25.05 25.2 24.85 25 50 609 0 65969 0 3 65972 0 3.18 0 
2018/07/24 25 25.15 24.8 25.1 18 599 0 65970 0 3 65973 0 3.13 0 
2018/07/25 25.15 25.15 24.85 24.85 4 601 0 65970 0 3 65973 0 3.14 0 
2018/07/26 25.15 25.15 24.75 24.9 5 603 0 65964 0 3 65967 0 3.15 0 
2018/07/27 24.55 24.85 24.05 24.3 82 607 0 65964 0 3 65967 0 3.17 0 
2018/07/30 25.6 25.6 25.6 25.6 1 566 0 65964 0 3 65967 0 2.96 0 
2018/07/31 25.6 25.6 24.2 25 76 554 0 65963 0 3 65966 0 2.89 0 
2018/08/01 24.45 24.95 24.45 24.9 14 554 0 65970 0 3 65973 0 2.89 0 
2018/08/02 24.65 24.9 24.65 24.85 10 553 0 65974 0 3 65977 0 2.89 0 
2018/08/03 24.85 24.9 24.85 24.9 6 550 0 65975 0 3 65978 0 2.87 0 
2018/08/06 24.9 24.9 24.55 24.85 12 547 0 65981 0 3 65984 0 2.86 0 
2018/08/07 24.85 25.05 24.8 24.9 17 546 0 65985 0 3 65988 0 2.85 0 
2018/08/08 24.9 24.95 24.7 24.95 9 547 0 65988 0 3 65991 0 2.86 0 
2018/08/09 24.7 25.05 24.65 25.05 14 547 0 65997 0 3 66000 0 2.86 0 
2018/08/10 24.8 25.05 24.8 25.05 28 550 0 66001 0 3 66004 0 2.87 0 
2018/08/13 24.6 24.95 23.9 24.95 52 548 0 66006 0 3 66009 0 2.86 0 
2018/08/14 24.9 24.9 24.9 24.9 1 548 0 66007 0 3 66010 0 2.86 0 
2018/08/15 24.15 24.85 24.15 24.35 13 549 0 66013 0 3 66016 0 2.87 0 
2018/08/16 24.75 24.75 24.4 24.65 9 553 0 66014 0 4 66018 0 2.89 0 
2018/08/17 24.65 24.7 24.65 24.7 3 553 0 66017 0 4 66021 0 2.89 0 
2018/08/20 24.2 24.7 24.2 24.35 8 553 0 66022 0 4 66026 0 2.89 0 
2018/08/21 24.5 24.8 24.5 24.7 14 554 0 66024 0 4 66028 0 2.89 0 
2018/08/22 24.65 24.7 24.35 24.35 4 553 0 66026 0 4 66030 0 2.89 0 
2018/08/23 24.65 24.7 24.65 24.7 10 553 0 66028 0 4 66032 0 2.89 0 
2018/08/24 24.75 24.75 24.75 24.75 1 553 0 66028 0 4 66032 0 2.89 0 
2018/08/27 24.8 24.8 24.75 24.8 5 553 0 66033 0 4 66037 0 2.89 0 
2018/08/28 24.8 25 24.8 25 7 555 0 66033 0 4 66037 0 2.9 0 
2018/08/29 25 25.55 25 25.55 54 554 0 66034 0 4 66038 0 2.89 0 
2018/08/30 24.85 25.5 24.85 25.5 10 552 0 66042 0 4 66046 0 2.88 0 
2018/08/31 25.5 25.5 25.45 25.5 8 552 0 66049 0 4 66053 0 2.88 0 
2018/09/03 25.15 25.7 25.15 25.65 12 554 0 66057 0 4 66061 0 2.89 0 
2018/09/04 25.7 25.7 25.7 25.7 2 554 0 66059 0 4 66063 0 2.89 0 
2018/09/05 25.25 25.75 25.25 25.75 13 554 0 66068 0 4 66072 0 2.89 0 
2018/09/06 25.5 26 25.5 26 14 552 0 66082 0 3 66085 0 2.88 0 
2018/09/07 26 26.1 25.65 26.1 39 544 0 66112 0 2 66114 0 2.84 0 
2018/09/10 25.65 26.15 25.65 26.15 27 544 0 66123 0 2 66125 0 2.84 0 
2018/09/11 26.1 26.35 26.1 26.35 22 538 0 66144 0 1 66145 0 2.81 0 
2018/09/12 26.45 26.7 26.4 26.7 24 544 0 66156 0 1 66157 0 2.84 0 
2018/09/13 26.75 27.1 26.75 27.1 45 540 0 66177 0 1 66178 0 2.82 0 
2018/09/14 27.2 27.3 27.2 27.3 14 541 0 66179 0 1 66180 0 2.83 0 
2018/09/17 27.3 27.5 27.3 27.5 21 540 0 66185 0 1 66186 0 2.82 0 
2018/09/18 26.5 27.35 26.5 27.35 29 537 0 66201 0 1 66202 0 2.81 0 
2018/09/19 27.35 27.5 26.9 26.9 24 535 0 66217 0 1 66218 0 2.8 0 
2018/09/20 27.35 27.4 26.85 27.4 9 534 0 66224 0 1 66225 0 2.79 0 
2018/09/21 27.35 27.45 27.35 27.45 3 533 0 66227 0 1 66228 0 2.79 0 
2018/09/25 27.45 27.45 27.45 27.45 5 533 0 66232 0 1 66233 0 2.79 0 
2018/09/26 27 27.6 27 27.6 18 531 0 66247 0 1 66248 0 2.77 0 
2018/09/27 27.6 27.7 27.6 27.7 15 523 0 66259 0 1 66260 0 2.73 0 
2018/09/28 27.75 27.75 27.45 27.7 21 516 0 66268 0 1 66269 0 2.7 0 
2018/10/01 27.7 28 27.7 28 21 515 0 66284 0 1 66285 0 2.69 0 
2018/10/02 28.25 28.6 28.2 28.6 23 514 0 66302 0 0 66302 0 2.69 0 
2018/10/03 28.85 29.6 28.7 29.6 38 505 0 66323 0 0 66323 0 2.64 0 
2018/10/04 29 29.55 28.85 29.55 37 508 0 66339 0 0 66339 0 2.65 0 
2018/10/05 29.55 29.6 28.95 29.55 35 504 0 66362 0 0 66362 0 2.63 0 
2018/10/08 29.5 29.7 29.3 29.7 41 505 0 66390 0 0 66390 0 2.64 0 
2018/10/09 29.7 29.7 29.2 29.6 32 504 0 66411 0 1 66412 0 2.63 0 
2018/10/11 27.05 28.95 26.75 28.95 105 493 0 66483 0 0 66483 0 2.58 0 
2018/10/12 27.1 29.5 27.1 29.45 81 495 0 66534 0 0 66534 0 2.59 0 
2018/10/15 29.9 29.9 29.35 29.75 24 494 0 66554 0 0 66554 0 2.58 0 
2018/10/16 29.5 29.85 29.2 29.85 27 490 0 66577 0 0 66577 0 2.56 0 
2018/10/17 29.85 30.1 29.85 30.1 47 488 0 66612 0 0 66612 0 2.55 0 
2018/10/18 30.25 30.25 29.7 30.15 17 489 0 66620 0 0 66620 0 2.56 0 
2018/10/19 30 30.1 29.3 30.1 15 489 0 66630 0 0 66630 0 2.56 0 
2018/10/22 29.15 30.05 28.75 30 38 490 0 66649 0 0 66649 0 2.56 0 
2018/10/23 29.35 30 29.35 30 28 488 0 66674 0 0 66674 0 2.55 0 
2018/10/24 29.45 30 29.15 30 32 474 0 66691 0 0 66691 0 2.48 0 
2018/10/25 29.05 29.3 27.55 29.3 96 474 0 66733 0 0 66733 0 2.48 0 
2018/10/26 29.8 29.8 28 29 36 473 0 66755 0 0 66755 0 2.47 0 
2018/10/29 28.45 28.85 28.05 28.85 36 461 1 66776 0 0 66776 0 2.41 0.22 
2018/10/30 28.55 29 28.25 28.95 45 459 1 66792 0 0 66792 0 2.4 0.22 
2018/10/31 28.9 29.3 28.5 29.25 19 461 1 66793 0 0 66793 0 2.41 0.22 
2018/11/01 30 30 29 29.3 18 458 1 66800 0 0 66800 0 2.39 0.22 
2018/11/02 29.35 29.4 28.9 29.05 34 471 1 66809 0 0 66809 0 2.46 0.21 
2018/11/05 28.9 29.05 28.9 29.05 5 470 1 66813 0 0 66813 0 2.46 0.21 
2018/11/06 28.6 29.5 28.6 29.5 7 468 1 66814 0 0 66814 0 2.45 0.21 
2018/11/07 29.7 29.7 28.8 29.5 17 466 1 66820 0 0 66820 0 2.43 0.21 
2018/11/08 29.5 29.65 29 29.5 11 462 1 66826 0 0 66826 0 2.41 0.22 
2018/11/09 29.25 29.55 29 29.45 12 457 1 66832 0 0 66832 0 2.39 0.22 
2018/11/12 28.9 28.95 27.85 28.95 33 458 1 66845 0 0 66845 0 2.39 0.22 
2018/11/13 28.95 28.95 28.4 28.9 8 457 1 66848 0 0 66848 0 2.39 0.22 
2018/11/14 28.55 28.9 28.4 28.9 25 455 1 66864 0 0 66864 0 2.38 0.22 
2018/11/15 28.45 28.65 28.45 28.65 6 454 1 66868 0 0 66868 0 2.37 0.22 
2018/11/16 28.1 28.2 27.5 28.1 66 427 1 66892 0 0 66892 1 2.23 0.23 
2018/11/19 28.1 28.1 26.95 27.15 241 232 1 66904 0 0 66904 0 1.21 0.43 
2018/11/20 27.15 27.25 27 27 15 232 1 66898 0 0 66898 0 1.21 0.43 
2018/11/21 27.1 27.25 27.1 27.25 3 232 0 66899 0 0 66899 0 1.21 0 
2018/11/22 27.15 27.4 27.15 27.35 10 232 0 66902 0 0 66902 0 1.21 0 
2018/11/23 27.2 27.25 27.1 27.25 10 232 0 66905 0 0 66905 0 1.21 0 
2018/11/26 27.1 27.55 27.1 27.55 7 232 0 66911 0 0 66911 0 1.21 0 
2018/11/27 27.25 27.5 27.2 27.5 9 232 0 66913 0 0 66913 0 1.21 0 
2018/11/28 28.2 28.2 27.4 27.7 17 231 0 66913 0 0 66913 0 1.21 0 
2018/11/29 27.7 27.7 27.45 27.45 22 231 0 66916 0 0 66916 0 1.21 0 
2018/11/30 27.5 27.55 27.1 27.1 8 230 0 66916 0 0 66916 0 1.2 0 
2018/12/03 27.1 27.15 26.95 27.1 14 230 0 66922 0 0 66922 0 1.2 0 
2018/12/04 26.95 27.1 26.9 27.1 12 230 0 66926 0 0 66926 0 1.2 0 
2018/12/05 27.1 27.1 26.1 27.1 25 235 0 66937 0 0 66937 0 1.23 0 
2018/12/06 27.15 27.15 26.15 26.5 40 232 0 66947 0 0 66947 0 1.21 0 
2018/12/07 26.55 26.6 26.15 26.55 10 231 0 66952 0 0 66952 0 1.21 0 
2018/12/10 26.35 26.55 26.3 26.55 10 228 0 66955 0 0 66955 0 1.19 0 
2018/12/11 26.7 26.7 26.7 26.7 2 227 0 66957 0 0 66957 0 1.19 0 
2018/12/12 26.65 26.65 26.45 26.45 5 226 0 66959 0 0 66959 0 1.18 0 
2018/12/13 26.65 26.7 26.5 26.7 38 225 0 66959 0 1 66960 0 1.18 0 
2018/12/14 26.7 26.7 26.7 26.7 4 225 0 66963 0 0 66963 0 1.18 0 
2018/12/17 26.6 26.75 26.15 26.75 10 224 0 66966 0 0 66966 0 1.17 0 
2018/12/18 26.75 26.9 26.75 26.9 3 224 0 66969 0 0 66969 0 1.17 0 
2018/12/19 27.1 27.1 27.05 27.05 2 224 0 66971 0 0 66971 0 1.17 0 
2018/12/20 27.2 27.2 27.15 27.15 3 224 0 66974 0 0 66974 0 1.17 0 
2018/12/21 27.25 27.25 27.25 27.25 2 224 0 66976 0 0 66976 0 1.17 0 
2018/12/22 26.15 27.15 26.15 27 8 224 0 66980 0 0 66980 0 1.17 0 
2018/12/24 26.75 27 26.7 26.75 26 225 0 66989 0 0 66989 0 1.18 0 
2018/12/25 26.75 26.85 26.7 26.85 9 229 0 66991 0 0 66991 0 1.2 0 
2018/12/26 26.7 26.75 26.7 26.75 6 229 0 66995 0 0 66995 0 1.2 0 
2018/12/27 26.8 26.85 26.8 26.85 2 229 0 66997 0 0 66997 0 1.2 0 
2018/12/28 26.8 26.85 26.75 26.8 10 227 0 67002 0 0 67002 0 1.19 0 
2019/01/02 26.8 26.8 26.8 26.8 1 226 0 67003 0 0 67003 0 1.18 0 
2019/01/03 26.3 26.8 26.25 26.8 6 220 0 67004 0 0 67004 0 1.15 0 
2019/01/04 26.4 26.7 26.35 26.7 6 218 0 67007 0 0 67007 0 1.14 0 
2019/01/07 26.75 26.75 26.75 26.75 1 218 0 67008 0 0 67008 0 1.14 0 
2019/01/08 26.35 26.7 26.35 26.7 10 210 0 67010 0 0 67010 0 1.1 0 
2019/01/09 26.7 26.75 26.6 26.75 63 216 0 67015 0 0 67015 0 1.13 0 
2019/01/10 26.75 26.75 26.55 26.75 15 216 0 67016 0 0 67016 0 1.13 0 
2019/01/11 26.25 26.65 26.25 26.65 5 216 0 67015 0 0 67015 0 1.13 0 
2019/01/14 26.45 26.6 26.05 26.6 11 216 0 67020 0 0 67020 0 1.13 0 
2019/01/15 26.6 26.6 26.25 26.55 21 217 0 67032 0 0 67032 0 1.13 0 
2019/01/16 26.55 26.7 26.45 26.6 23 217 0 67028 0 0 67028 0 1.13 0 
2019/01/17 26.4 26.65 26.25 26.65 23 218 0 67029 0 0 67029 0 1.14 0 
2019/01/18 26.6 26.7 26.6 26.7 14 216 0 67031 0 0 67031 0 1.13 0 
2019/01/21 26.8 26.8 26.8 26.8 1 216 0 67031 0 0 67031 0 1.13 0 
2019/01/22 26.65 26.7 26.65 26.7 9 216 0 67034 0 0 67034 0 1.13 0 
2019/01/23 26.7 26.75 26.7 26.75 13 229 0 67034 0 0 67034 0 1.2 0 
2019/01/24 26.75 26.85 26.75 26.85 53 229 0 67034 0 0 67034 0 1.2 0 
2019/01/25 26.5 26.8 26.5 26.75 6 221 0 67035 0 0 67035 0 1.15 0 
2019/01/28 26.75 26.75 26.5 26.7 35 225 0 67045 0 0 67045 0 1.18 0 
2019/01/29 26.65 26.75 26.5 26.75 16 225 0 67050 0 0 67050 0 1.18 0 
2019/01/30 26.7 26.8 26.6 26.8 23 227 0 67064 0 0 67064 0 1.19 0 
2019/02/11 26.65 26.65 26.65 26.65 2 226 0 67064 0 0 67064 0 1.18 0 
2019/02/12 26.65 26.65 26.55 26.6 26 226 0 67064 0 0 67064 0 1.18 0 
2019/02/13 26.65 26.65 26.4 26.65 26 227 0 67070 0 0 67070 0 1.19 0 
2019/02/14 26.5 26.65 26.3 26.3 38 228 0 67075 0 0 67075 0 1.19 0 
2019/02/15 26.5 26.5 26.4 26.5 7 228 0 67080 0 0 67080 0 1.19 0 
2019/02/18 26.5 26.55 26.5 26.55 29 237 0 67087 0 0 67087 0 1.24 0 
2019/02/19 26.55 26.6 26.5 26.6 16 247 0 67092 0 0 67092 0 1.29 0 
2019/02/20 26.35 26.6 26.35 26.6 14 247 0 67100 0 0 67100 0 1.29 0 
2019/02/21 26.55 26.65 26.45 26.6 20 247 0 67102 0 0 67102 0 1.29 0 
2019/02/22 26.35 26.6 26.35 26.6 19 241 0 67111 0 0 67111 0 1.26 0 
2019/02/25 26.5 26.6 26.25 26.6 13 237 0 67111 0 2 67113 0 1.24 0 
2019/02/26 26.4 26.6 26.4 26.6 48 232 0 67118 0 2 67120 0 1.21 0 
2019/02/27 26.45 26.55 26.25 26.3 24 234 0 67120 0 2 67122 0 1.22 0 
2019/03/04 26.3 26.35 26.3 26.35 24 235 0 67129 0 2 67131 0 1.23 0 
2019/03/05 26.3 26.35 26.3 26.35 4 237 0 67130 0 2 67132 0 1.24 0 
2019/03/06 26.2 26.25 26 26.25 34 234 0 67142 0 2 67144 0 1.22 0 
2019/03/07 26.1 26.2 25.7 26.15 31 234 0 67144 0 2 67146 0 1.22 0 
2019/03/08 25.9 26.2 25.9 26.2 9 236 0 67148 0 2 67150 0 1.23 0 
2019/03/11 26.3 26.3 26.3 26.3 3 236 0 67151 0 2 67153 0 1.23 0 
2019/03/12 26.3 26.3 25.95 26.15 31 239 0 67159 0 2 67161 0 1.25 0 
2019/03/13 26 26.15 25.9 26.15 13 236 0 67164 0 2 67166 0 1.23 0 
2019/03/14 26 26.2 25.95 26.2 22 234 0 67167 0 2 67169 0 1.22 0 
2019/03/15 26.05 26.1 25.95 26.1 22 231 0 67175 0 2 67177 0 1.21 0 
2019/03/18 26.2 26.2 25.8 25.8 40 231 0 67169 0 2 67171 0 1.21 0 
2019/03/19 25.6 26 25.6 26 8 231 0 67173 0 2 67175 0 1.21 0 
2019/03/20 25.7 26 25.7 26 14 230 0 67182 0 2 67184 0 1.2 0 
2019/03/21 25.8 25.85 25.55 25.85 28 230 0 67182 0 2 67184 0 1.2 0 
2019/03/22 25.8 25.85 25.8 25.85 5 228 0 67184 0 2 67186 0 1.19 0 
2019/03/25 25.25 25.7 25.1 25.3 17 231 0 67183 0 2 67185 0 1.21 0 
2019/03/26 25.3 25.8 25.3 25.7 6 232 0 67187 0 2 67189 0 1.21 0 
2019/03/27 25.5 25.65 25.15 25.65 23 237 0 67191 0 2 67193 0 1.24 0 
2019/03/28 25.35 25.6 25.35 25.4 22 235 0 67192 0 2 67194 0 1.23 0 
2019/03/29 25.95 25.95 25.6 25.65 7 238 0 67196 0 2 67198 0 1.24 0 
2019/04/01 25.4 25.65 25.25 25.65 21 224 0 67200 0 2 67202 0 1.17 0 
2019/04/02 25.75 25.75 25.75 25.75 1 224 0 67201 0 2 67203 0 1.17 0 
2019/04/03 25.7 25.8 25.7 25.8 29 223 0 67203 0 2 67205 0 1.17 0 
2019/04/08 26 26 25.9 25.9 9 228 0 67203 0 2 67205 0 1.19 0 
2019/04/09 25.9 25.95 25.7 25.95 22 223 0 67216 0 2 67218 0 1.17 0 
2019/04/10 25.95 26 25.7 26 23 220 0 67219 0 3 67222 0 1.15 0 
2019/04/11 26.35 26.35 26 26.2 21 228 0 67225 0 4 67229 0 1.19 0 
2019/04/12 26.1 26.25 26 26.25 15 221 0 67233 0 4 67237 0 1.15 0 
2019/04/15 26.25 26.35 25.75 26.35 20 223 0 67240 0 4 67244 0 1.17 0 
2019/04/16 26 26.3 25.95 26.3 12 220 0 67249 0 4 67253 0 1.15 0 
2019/04/17 26.25 26.25 25.85 26.25 24 211 0 67260 0 4 67264 0 1.1 0 
