2011/07/13 45.5 45.75 45.4 45.5 55 0 0 0 0 0 0 0 0 0 
2011/07/14 45.5 45.85 45 45.3 141 0 0 0 0 0 0 0 0 0 
2011/07/15 45.3 45.8 45.3 45.7 73 0 0 0 0 0 0 0 0 0 
2011/07/18 45.7 46.15 45.7 46.15 121 0 0 0 0 0 0 0 0 0 
2011/07/19 46.15 46.4 46.15 46.2 114 0 0 0 0 0 0 0 0 0 
2011/07/20 46.3 46.8 46.3 46.7 94 0 0 0 0 0 0 0 0 0 
2011/07/21 46.7 46.7 46.55 46.7 45 0 0 0 0 0 0 0 0 0 
2011/07/22 46.7 47.5 46.7 47.35 192 0 0 0 0 0 0 0 0 0 
2011/07/25 47.5 47.85 47.1 47.1 132 0 0 0 0 0 0 0 0 0 
2011/07/26 47.1 47.1 46.85 46.95 79 0 0 0 0 0 0 0 0 0 
2011/07/27 47 47.5 47 47 118 0 0 0 0 0 0 0 0 0 
2011/07/28 47 47.15 46.9 47.05 149 0 0 0 0 0 0 0 0 0 
2011/07/29 47.05 47.3 47.05 47.3 270 0 0 0 0 0 0 0 0 0 
2011/08/01 47.4 48.9 47.4 48.9 1090 0 0 0 0 0 0 0 0 0 
2011/08/02 46.3 47.8 45.8 47.05 847 0 0 0 0 0 0 0 0 0 
2011/08/03 47 47 46.25 46.9 432 0 0 0 0 0 0 0 0 0 
2011/08/04 46.5 48.15 46.4 47.55 780 0 0 0 0 0 0 0 0 0 
2011/08/05 44.5 47 44.5 45 458 0 0 0 0 0 0 0 0 0 
2011/08/08 45 45.8 43.2 44.5 511 0 0 0 0 0 0 0 0 0 
2011/08/09 42.6 44.1 42.6 44.05 226 0 0 0 0 0 0 0 0 0 
2011/08/10 44.45 45.4 44.25 44.25 217 0 0 0 0 0 0 0 0 0 
2011/08/11 43.45 45.3 43.2 44.85 229 0 0 0 0 0 0 0 0 0 
2011/08/12 45.95 47.75 45.6 46.15 697 0 0 0 0 0 0 0 0 0 
2011/08/15 48.4 48.55 47.5 48.3 783 0 0 0 0 0 0 0 0 0 
2011/08/16 48.3 49.5 47.8 48 762 0 0 0 0 0 0 0 0 0 
2011/08/17 48 48.8 47.55 48.6 742 0 0 0 0 0 0 0 0 0 
2011/08/18 48.6 50 47.8 50 1177 0 0 0 0 0 0 0 0 0 
2011/08/19 49.35 49.4 46.55 46.85 1533 0 0 0 0 0 0 0 0 0 
2011/08/22 47.4 48 46 46.5 616 0 0 0 0 0 0 0 0 0 
2011/08/23 47.1 47.35 46.35 46.6 351 0 0 0 0 0 0 0 0 0 
2011/08/24 47.2 47.2 45.7 45.7 428 0 0 0 0 0 0 0 0 0 
2011/08/25 46.7 46.7 44.5 44.6 502 0 0 0 0 0 0 0 0 0 
2011/08/26 44.6 45 42.9 43.2 690 0 0 0 0 0 0 0 0 0 
2011/08/29 43.25 44.95 43.2 44.9 423 0 0 0 0 0 0 0 0 0 
2011/08/30 45.2 45.2 44.3 44.45 167 0 0 0 0 0 0 0 0 0 
2011/08/31 44.5 45.1 44 45 137 0 0 0 0 0 0 0 0 0 
2011/09/01 45 45.6 44.5 44.5 192 0 0 0 0 0 0 0 0 0 
2011/09/02 45 45 44.05 44.4 129 0 0 0 0 0 0 0 0 0 
2011/09/05 44 44.4 43.5 43.7 155 0 0 0 0 0 0 0 0 0 
2011/09/06 43.7 43.85 43.05 43.1 208 0 0 0 0 0 0 0 0 0 
2011/09/07 43.2 44.05 43.1 43.25 285 0 0 0 0 0 0 0 0 0 
2011/09/08 43.4 44.1 43.15 43.5 305 0 0 0 0 0 0 0 0 0 
2011/09/09 43.3 43.4 43.1 43.3 176 0 0 0 0 0 0 0 0 0 
2011/09/13 43.3 43.5 43 43.05 215 0 0 0 0 0 0 0 0 0 
2011/09/14 43.15 43.2 42.4 42.5 300 0 0 0 0 0 0 0 0 0 
2011/09/15 43 43.4 42.7 43.4 95 0 0 0 0 0 0 0 0 0 
2011/09/16 43.4 43.85 43.25 43.7 184 0 0 0 0 0 0 0 0 0 
2011/09/19 43.7 43.8 43.25 43.25 54 0 0 0 0 0 0 0 0 0 
2011/09/20 43.25 43.9 43 43.05 111 0 0 0 0 0 0 0 0 0 
2011/09/21 43.45 43.8 43 43.5 106 0 0 0 0 0 0 0 0 0 
2011/09/22 43.5 43.8 42.95 43.25 195 0 0 0 0 0 0 0 0 0 
2011/09/23 43 43 41.5 42 289 0 0 0 0 0 0 0 0 0 
2011/09/26 42 42 40 40.05 380 0 0 0 0 0 0 0 0 0 
2011/09/27 40.9 41.2 40.5 40.65 231 0 0 0 0 0 0 0 0 0 
2011/09/28 40.7 41.2 40.4 40.6 122 0 0 0 0 0 0 0 0 0 
2011/09/29 40.5 40.6 39.95 40.4 222 0 0 0 0 0 0 0 0 0 
2011/09/30 40.7 41.05 40.6 41 169 0 0 0 0 0 0 0 0 0 
2011/10/03 40.8 40.8 40 40.15 128 0 0 0 0 0 0 0 0 0 
2011/10/04 40 40.05 39.5 40.05 151 0 0 0 0 0 0 0 0 0 
2011/10/05 40.1 40.3 39.8 40.3 79 0 0 0 0 0 0 0 0 0 
2011/10/06 40.3 40.7 40.3 40.55 125 0 0 0 0 0 0 0 0 0 
2011/10/07 40.9 41 40.45 40.85 97 0 0 0 0 0 0 0 0 0 
2011/10/11 41.1 41.5 41.1 41.2 113 0 0 0 0 0 0 0 0 0 
2011/10/12 41.5 41.5 41 41.05 68 0 0 0 0 0 0 0 0 0 
2011/10/13 41.5 41.55 41 41.55 83 0 0 0 0 0 0 0 0 0 
2011/10/14 41 41.05 41 41 32 0 0 0 0 0 0 0 0 0 
2011/10/17 41.5 41.5 41.3 41.5 28 0 0 0 0 0 0 0 0 0 
2011/10/18 41.2 41.45 41 41.45 53 0 0 0 0 0 0 0 0 0 
2011/10/19 41.8 42.2 41.25 41.6 108 0 0 0 0 0 0 0 0 0 
2011/10/20 41.6 41.6 41.35 41.4 34 0 0 0 0 0 0 0 0 0 
2011/10/21 41.4 41.85 41.2 41.4 25 0 0 0 0 0 0 0 0 0 
2011/10/24 41.7 42.4 41.7 42.2 125 0 0 0 0 0 0 0 0 0 
2011/10/25 42.3 42.3 41.8 42 24 0 0 0 0 0 0 0 0 0 
2011/10/26 41.8 42 41.6 41.9 112 0 0 0 0 0 0 0 0 0 
2011/10/27 42.1 42.7 42.1 42.6 83 0 0 0 0 0 0 0 0 0 
2011/10/28 42.8 43.3 42.8 43 145 0 0 0 0 0 0 0 0 0 
2011/10/31 43.2 43.35 42.95 42.95 96 0 0 0 0 0 0 0 0 0 
2011/11/01 43 43.65 43 43.6 86 0 0 0 0 0 0 0 0 0 
2011/11/02 43.1 43.6 43 43.6 101 0 0 0 0 0 0 0 0 0 
2011/11/03 44 44 43.1 43.15 68 0 0 0 0 0 0 0 0 0 
2011/11/04 43.6 44 43.5 43.5 106 0 0 0 0 0 0 0 0 0 
2011/11/07 43.95 43.95 43.8 43.95 25 0 0 0 0 0 0 0 0 0 
2011/11/08 44.2 44.2 43.7 43.95 39 0 0 0 0 0 0 0 0 0 
2011/11/09 43.85 43.85 43.5 43.85 27 0 0 0 0 0 0 0 0 0 
2011/11/10 43.15 43.4 42.9 43.1 98 0 0 0 0 0 0 0 0 0 
2011/11/11 43.1 43.4 42.9 43.3 102 0 0 0 0 0 0 0 0 0 
2011/11/14 43.3 43.6 43.2 43.3 55 0 0 0 0 0 0 0 0 0 
2011/11/15 43.2 43.45 43 43 72 0 0 0 0 0 0 0 0 0 
2011/11/16 43 43.1 42.85 42.85 59 0 0 0 0 0 0 0 0 0 
2011/11/17 42.85 43.25 42.65 43.25 76 0 0 0 0 0 0 0 0 0 
2011/11/18 43 43 42.8 42.9 76 0 0 0 0 0 0 0 0 0 
2011/11/21 43 43 42 42 114 0 0 0 0 0 0 0 0 0 
2011/11/22 41.6 42 41.6 41.8 133 0 0 0 0 0 0 0 0 0 
2011/11/23 41.7 41.8 41.35 41.35 73 0 0 0 0 0 0 0 0 0 
2011/11/24 41.3 41.6 41 41.45 96 0 0 0 0 0 0 0 0 0 
2011/11/25 41.45 41.45 41 41.15 164 0 0 0 0 0 0 0 0 0 
2011/11/28 41 41.7 41 41.7 66 0 0 0 0 0 0 0 0 0 
2011/11/29 42 42.45 41.85 42.4 47 0 0 0 0 0 0 0 0 0 
2011/11/30 42.35 42.35 41.3 41.6 63 0 0 0 0 0 0 0 0 0 
2011/12/01 41.8 42.4 41.8 42.25 117 0 0 0 0 0 0 0 0 0 
2011/12/02 42.2 42.4 42.05 42.25 58 0 0 0 0 0 0 0 0 0 
2011/12/05 42.25 42.25 41.9 42.1 52 0 0 0 0 0 0 0 0 0 
2011/12/06 42.3 42.75 42.1 42.2 67 0 0 0 0 0 0 0 0 0 
2011/12/07 42.2 42.6 42.2 42.55 64 0 0 0 0 0 0 0 0 0 
2011/12/08 42.6 42.6 42.05 42.6 40 0 0 0 0 0 0 0 0 0 
2011/12/09 42.2 42.6 42.05 42.6 35 0 0 0 0 0 0 0 0 0 
2011/12/12 42.65 42.65 42.15 42.2 18 0 0 0 0 0 0 0 0 0 
2011/12/13 42.2 42.5 42.1 42.4 17 0 0 0 0 0 0 0 0 0 
2011/12/14 42.5 42.65 42.5 42.5 25 0 0 0 0 0 0 0 0 0 
2011/12/15 42.5 42.5 41.5 42.3 23 0 0 0 0 0 0 0 0 0 
2011/12/16 42.3 42.45 42.3 42.35 32 0 0 0 0 0 0 0 0 0 
2011/12/19 42.5 42.5 41.8 42 68 0 0 0 0 0 0 0 0 0 
2011/12/20 41.8 42.3 41.8 42.05 33 0 0 0 0 0 0 0 0 0 
2011/12/21 42.4 42.7 42.25 42.35 81 0 0 0 0 0 0 0 0 0 
2011/12/22 42.3 42.45 42.1 42.1 53 0 0 0 0 0 0 0 0 0 
2011/12/23 42.4 42.6 42.2 42.35 132 0 0 0 0 0 0 0 0 0 
2011/12/26 42.35 42.5 42.35 42.5 39 0 0 0 0 0 0 0 0 0 
2011/12/27 42.6 42.8 42.6 42.8 52 0 0 0 0 0 0 0 0 0 
2011/12/28 42.9 43 42.6 42.6 35 0 0 0 0 0 0 0 0 0 
2011/12/29 42.5 42.85 42.1 42.85 69 0 0 0 0 0 0 0 0 0 
2011/12/30 42.9 42.95 42.65 42.85 39 0 0 0 0 0 0 0 0 0 
2012/01/02 43 43 42.4 42.85 21 0 0 0 0 0 0 0 0 0 
2012/01/03 42.9 43 42.7 42.7 55 0 0 0 0 0 0 0 0 0 
2012/01/04 42.95 42.95 42.75 42.9 48 0 0 0 0 0 0 0 0 0 
2012/01/05 42.95 42.95 42.8 42.95 34 0 0 0 0 0 0 0 0 0 
2012/01/06 42.95 42.95 42.6 42.65 87 0 0 0 0 0 0 0 0 0 
2012/01/09 42.65 42.7 42.4 42.5 28 0 0 0 0 0 0 0 0 0 
2012/01/10 42.5 42.8 42.5 42.7 40 0 0 0 0 0 0 0 0 0 
2012/01/11 42.75 42.85 42.75 42.75 20 0 0 0 0 0 0 0 0 0 
2012/01/12 42.75 42.9 42.75 42.8 45 0 0 0 0 0 0 0 0 0 
2012/01/13 42.75 43.1 42.75 42.8 82 0 0 0 0 0 0 0 0 0 
2012/01/16 43 43 42.75 42.75 73 0 0 0 0 0 0 0 0 0 
2012/01/17 42.9 43.1 42.8 43.1 66 0 0 0 0 0 0 0 0 0 
2012/01/18 43.1 43.25 43 43 248 0 0 0 0 0 0 0 0 0 
2012/01/30 43.2 44.2 43.2 43.7 165 0 0 0 0 0 0 0 0 0 
2012/01/31 43.6 44.3 43.45 44.1 434 0 0 0 0 0 0 0 0 0 
2012/02/01 44.1 44.5 44.1 44.3 138 0 0 0 0 0 0 0 0 0 
2012/02/02 44.5 44.6 44.1 44.1 147 0 0 0 0 0 0 0 0 0 
2012/02/03 44.4 44.5 43.9 44.1 62 0 0 0 0 0 0 0 0 0 
2012/02/04 44.1 45.6 44 44.4 265 0 0 0 0 0 0 0 0 0 
2012/02/06 44.85 44.85 44.2 44.3 70 0 0 0 0 0 0 0 0 0 
2012/02/07 44.4 44.5 44.2 44.3 34 0 0 0 0 0 0 0 0 0 
2012/02/08 44.4 45.5 44.4 45 294 0 0 0 0 0 0 0 0 0 
2012/02/09 45 46.2 45 45.9 325 0 0 0 0 0 0 0 0 0 
2012/02/10 46 46.3 45.5 45.7 109 0 0 0 0 0 0 0 0 0 
2012/02/13 45.9 46.1 45.75 46.1 110 0 0 0 0 0 0 0 0 0 
2012/02/14 46.1 46.5 45.35 45.35 438 0 0 0 0 0 0 0 0 0 
2012/02/15 45.7 46.2 45 46.15 323 0 0 0 0 0 0 0 0 0 
2012/02/16 46.05 46.05 45.45 45.45 148 0 0 0 0 0 0 0 0 0 
2012/02/17 45.6 45.8 45.4 45.4 192 0 0 0 0 0 0 0 0 0 
2012/02/20 45.8 45.95 45.5 45.7 164 0 0 0 0 0 0 0 0 0 
2012/02/21 46 46 45.5 45.75 160 0 0 0 0 0 0 0 0 0 
2012/02/22 46 46.3 45.6 46.2 352 0 0 0 0 0 0 0 0 0 
2012/02/23 45.85 46.2 45.85 46 112 0 0 0 0 0 0 0 0 0 
2012/02/24 46 46.15 45.55 45.6 88 0 0 0 0 0 0 0 0 0 
2012/02/29 45.65 46.4 45.65 46 103 0 0 0 0 0 0 0 0 0 
2012/03/01 46 46.5 46 46.35 107 0 0 0 0 0 0 0 0 0 
2012/03/02 46.4 46.7 46.4 46.65 152 0 0 0 0 0 0 0 0 0 
2012/03/03 46.65 46.7 46.25 46.45 51 0 0 0 0 0 0 0 0 0 
2012/03/05 46.45 46.45 45.85 45.9 122 0 0 0 0 0 0 0 0 0 
2012/03/06 45.9 46.1 45.4 46 148 0 0 0 0 0 0 0 0 0 
2012/03/07 45.9 46.45 45.9 46.1 138 0 0 0 0 0 0 0 0 0 
2012/03/08 46.2 46.4 46.15 46.2 125 0 0 0 0 0 0 0 0 0 
2012/03/09 46.2 46.9 46.2 46.6 202 0 0 0 0 0 0 0 0 0 
2012/03/12 46.6 46.6 46.3 46.3 95 0 0 0 0 0 0 0 0 0 
2012/03/13 46.3 46.3 45.9 46 218 0 0 0 0 0 0 0 0 0 
2012/03/14 46.55 46.8 46.4 46.75 82 0 0 0 0 0 0 0 0 0 
2012/03/15 46.8 46.8 46.55 46.6 40 0 0 0 0 0 0 0 0 0 
2012/03/16 46.6 47.1 46.5 46.5 67 0 0 0 0 0 0 0 0 0 
2012/03/19 46.5 46.8 46.5 46.55 64 0 0 0 0 0 0 0 0 0 
2012/03/20 46.55 46.6 46.2 46.2 91 0 0 0 0 0 0 0 0 0 
2012/03/21 46 46.6 46 46.6 60 0 0 0 0 0 0 0 0 0 
2012/03/22 46.6 46.85 46.5 46.7 86 0 0 0 0 0 0 0 0 0 
2012/03/23 46.7 46.85 46.45 46.45 60 0 0 0 0 0 0 0 0 0 
2012/03/26 46.7 46.85 46.4 46.5 88 0 0 0 0 0 0 0 0 0 
2012/03/27 46.5 46.55 46.3 46.5 75 0 0 0 0 0 0 0 0 0 
2012/03/28 46.4 46.6 46.35 46.5 90 0 0 0 0 0 0 0 0 0 
2012/03/29 46.4 46.4 45.85 45.85 273 0 0 0 0 0 0 0 0 0 
2012/03/30 45.75 47 45.75 46.6 125 0 0 0 0 0 0 0 0 0 
2012/04/02 46.4 46.6 46.3 46.5 51 0 0 0 0 0 0 0 0 0 
2012/04/03 46.5 46.7 46 46.4 136 0 0 0 0 0 0 0 0 0 
2012/04/05 46 46.25 45.85 46.15 154 0 0 0 0 0 0 0 0 0 
2012/04/06 46.6 46.6 46.05 46.15 69 0 0 0 0 0 0 0 0 0 
2012/04/09 46.15 46.5 46.15 46.2 48 0 0 0 0 0 0 0 0 0 
2012/04/10 46.25 46.8 46.25 46.65 62 0 0 0 0 0 0 0 0 0 
2012/04/11 46.35 47.9 46.35 47.2 356 0 0 0 0 0 0 0 0 0 
2012/04/12 47.2 47.5 47.05 47.4 121 0 0 0 0 0 0 0 0 0 
2012/04/13 47.3 47.8 47.3 47.35 123 0 0 0 0 0 0 0 0 0 
2012/04/16 47.3 47.5 47.2 47.2 48 0 0 0 0 0 0 0 0 0 
2012/04/17 47.2 47.4 46.75 47 60 0 0 0 0 0 0 0 0 0 
2012/04/18 46.95 47.2 46.7 47.2 197 0 0 0 0 0 0 0 0 0 
2012/04/19 46.8 46.8 46.6 46.7 144 0 0 0 0 0 0 0 0 0 
2012/04/20 46.7 47 46.7 46.9 28 0 0 0 0 0 0 0 0 0 
2012/04/23 46.9 46.9 46.4 46.65 37 0 0 0 0 0 0 0 0 0 
2012/04/24 46.5 46.75 46.35 46.5 80 0 0 0 0 0 0 0 0 0 
2012/04/25 46.5 46.9 46.5 46.6 18 0 0 0 0 0 0 0 0 0 
2012/04/26 46.65 47.15 46.65 46.75 61 0 0 0 0 0 0 0 0 0 
2012/04/27 47 47.2 46.9 47.1 119 0 0 0 0 0 0 0 0 0 
2012/04/30 50 50.3 48.8 49.45 912 0 0 0 0 0 0 0 0 0 
2012/05/02 49.6 51 49.6 50 708 0 0 0 0 0 0 0 0 0 
2012/05/03 49.9 50.3 49.7 49.8 401 0 0 0 0 0 0 0 0 0 
2012/05/04 49.7 50.2 49.65 49.8 182 0 0 0 0 0 0 0 0 0 
2012/05/07 49.5 49.75 49.35 49.65 137 0 0 0 0 0 0 0 0 0 
2012/05/08 49.65 49.75 49.55 49.7 161 0 0 0 0 0 0 0 0 0 
2012/05/09 49.65 49.7 49.4 49.45 122 0 0 0 0 0 0 0 0 0 
2012/05/10 49.7 50.6 49.7 49.95 260 0 0 0 0 0 0 0 0 0 
2012/05/11 49.9 49.9 49.55 49.7 165 0 0 0 0 0 0 0 0 0 
2012/05/14 49.7 50.2 49.7 49.9 74 0 0 0 0 0 0 0 0 0 
2012/05/15 49.7 49.9 49.5 49.9 74 0 0 0 0 0 0 0 0 0 
2012/05/16 49.9 49.9 49.45 49.7 134 0 0 0 0 0 0 0 0 0 
2012/05/17 49.7 50.4 49.5 50.1 158 0 0 0 0 0 0 0 0 0 
2012/05/18 49.9 49.9 49 49.1 215 0 0 0 0 0 0 0 0 0 
2012/05/21 49.1 49.35 49 49.1 156 0 0 0 0 0 0 0 0 0 
2012/05/22 49.4 49.5 49.1 49.4 102 0 0 0 0 0 0 0 0 0 
2012/05/23 49.2 49.3 48.85 48.95 61 0 0 0 0 0 0 0 0 0 
2012/05/24 48.9 48.95 48.55 48.65 177 0 0 0 0 0 0 0 0 0 
2012/05/25 48.65 48.7 48.45 48.45 103 0 0 0 0 0 0 0 0 0 
2012/05/28 48.45 48.55 48.4 48.45 73 0 0 0 0 0 0 0 0 0 
2012/05/29 48.45 49.6 48.45 49.5 127 0 0 0 0 0 0 0 0 0 
2012/05/30 49.5 49.5 48.9 49.15 56 0 0 0 0 0 0 0 0 0 
2012/05/31 49.4 49.4 48.45 49.25 35 0 0 0 0 0 0 0 0 0 
2012/06/01 49 49 48.6 48.6 35 0 0 0 0 0 0 0 0 0 
2012/06/04 48.05 48.05 46.8 47.15 296 0 0 0 0 0 0 0 0 0 
2012/06/05 47.2 48.1 47.2 48.1 72 0 0 0 0 0 0 0 0 0 
2012/06/06 48.1 48.55 48.05 48.55 77 0 0 0 0 0 0 0 0 0 
2012/06/07 48.8 49.35 48.8 48.95 85 0 0 0 0 0 0 0 0 0 
2012/06/08 48.65 49 48.65 48.7 25 0 0 0 0 0 0 0 0 0 
2012/06/11 49 49 48.95 48.95 39 0 0 0 0 0 0 0 0 0 
2012/06/12 48.8 48.8 48.5 48.6 29 0 0 0 0 0 0 0 0 0 
2012/06/13 48.95 49.3 48.7 49.3 73 0 0 0 0 0 0 0 0 0 
2012/06/14 49.3 49.45 48.9 49.45 72 0 0 0 0 0 0 0 0 0 
2012/06/15 49.5 49.6 49.2 49.45 68 0 0 0 0 0 0 0 0 0 
2012/06/18 49.6 49.75 49.4 49.7 94 0 0 0 0 0 0 0 0 0 
2012/06/19 49.05 49.6 49.05 49.5 19 0 0 0 0 0 0 0 0 0 
2012/06/20 49.7 49.7 49.4 49.5 23 0 0 0 0 0 0 0 0 0 
2012/06/21 49.4 49.5 49.2 49.4 45 0 0 0 0 0 0 0 0 0 
2012/06/22 49.4 49.65 49.1 49.4 37 0 0 0 0 0 0 0 0 0 
2012/06/25 49.4 49.75 49.4 49.6 84 0 0 0 0 0 0 0 0 0 
2012/06/26 49.6 49.6 49.35 49.4 48 0 0 0 0 0 0 0 0 0 
2012/06/27 49.4 49.6 49.3 49.55 39 0 0 0 0 0 0 0 0 0 
2012/06/28 49.55 49.65 49.5 49.55 71 0 0 0 0 0 0 0 0 0 
2012/06/29 49.4 49.7 49.3 49.7 101 0 0 0 0 0 0 0 0 0 
2012/07/02 49.9 50.5 49.9 50.2 182 0 0 0 0 0 0 0 0 0 
2012/07/03 50.5 50.7 50.5 50.6 69 0 0 0 0 0 0 0 0 0 
2012/07/04 50.7 50.9 50.4 50.8 79 0 0 0 0 0 0 0 0 0 
2012/07/05 50.8 51.4 50.6 50.8 395 0 0 0 0 0 0 0 0 0 
2012/07/06 50.8 50.8 50.4 50.5 77 0 0 0 0 0 0 0 0 0 
2012/07/09 50.6 50.7 50.2 50.3 84 0 0 0 0 0 0 0 0 0 
2012/07/10 50.7 50.7 50.3 50.5 89 0 0 0 0 0 0 0 0 0 
2012/07/11 50.8 51 50.5 50.9 90 0 0 0 0 0 0 0 0 0 
2012/07/12 51 51 50.5 50.8 72 0 0 0 0 0 0 0 0 0 
2012/07/13 50.8 50.8 50.3 50.3 224 0 0 0 0 0 0 0 0 0 
2012/07/16 50.7 50.7 50.2 50.7 89 0 0 0 0 0 0 0 0 0 
2012/07/17 50.7 51 50.6 51 66 0 0 0 0 0 0 0 0 0 
2012/07/18 51 52.2 51 51.4 306 0 0 0 0 0 0 0 0 0 
2012/07/19 51.5 51.7 51.5 51.5 141 0 0 0 0 0 0 0 0 0 
2012/07/20 51.5 51.5 51.2 51.2 91 0 0 0 0 0 0 0 0 0 
2012/07/23 51.2 51.4 50.5 50.8 95 0 0 0 0 0 0 0 0 0 
2012/07/24 50.6 51.2 50.6 51 57 0 0 0 0 0 0 0 0 0 
2012/07/25 51 51 50.7 50.9 32 0 0 0 0 0 0 0 0 0 
2012/07/26 51 51.6 50.9 51.5 192 0 0 0 0 0 0 0 0 0 
2012/07/27 51.6 52 51.5 51.8 248 0 0 0 0 0 0 0 0 0 
2012/07/30 52 52 51.7 51.9 197 0 0 0 0 0 0 0 0 0 
2012/07/31 52 52 51.6 51.9 205 0 0 0 0 0 0 0 0 0 
2012/08/01 52 53.5 51.7 53 342 0 0 0 0 0 0 0 0 0 
2012/08/03 52.9 54 52.9 54 352 0 0 0 0 0 0 0 0 0 
2012/08/06 54.5 55.8 54.5 55 739 0 0 0 0 0 0 0 0 0 
2012/08/07 55 55.6 55 55 427 0 0 0 0 0 0 0 0 0 
2012/08/08 55 56.8 55 56.5 1198 0 0 0 0 0 0 0 0 0 
2012/08/09 56.5 56.7 55.5 56.3 440 0 0 0 0 0 0 0 0 0 
2012/08/10 56.3 58 55.5 57 1382 0 0 0 0 0 0 0 0 0 
2012/08/13 57.1 57.2 56.6 56.9 408 0 0 0 0 0 0 0 0 0 
2012/08/14 57.1 57.5 56.4 56.4 300 0 0 0 0 0 0 0 0 0 
2012/08/15 56.2 57.3 55.9 56.8 471 0 0 0 0 0 0 0 0 0 
2012/08/16 56.9 57.2 56.7 56.9 252 0 0 0 0 0 0 0 0 0 
2012/08/17 57.1 57.1 56.3 56.3 294 0 0 0 0 0 0 0 0 0 
2012/08/20 56.3 59.2 56.3 59 869 0 0 0 0 0 0 0 0 0 
2012/08/21 59 59.9 58.4 59.4 807 0 0 0 0 0 0 0 0 0 
2012/08/22 59.4 61.8 59.2 61.3 798 0 0 0 0 0 0 0 0 0 
2012/08/23 61.4 62.7 61.4 61.6 1063 0 0 0 0 0 0 0 0 0 
2012/08/24 62 62.9 61.6 62.9 1270 0 0 0 0 0 0 0 0 0 
2012/08/27 63 66 62.6 66 1275 0 0 0 0 0 0 0 0 0 
2012/08/28 65 65.5 61.7 63 1138 0 0 0 0 0 0 0 0 0 
2012/08/29 62 63.7 62 63.3 324 0 0 0 0 0 0 0 0 0 
2012/08/30 63.6 64.9 62.9 64.2 643 0 0 0 0 0 0 0 0 0 
2012/08/31 64.2 64.9 62 63.3 749 0 0 0 0 0 0 0 0 0 
2012/09/03 60.7 60.8 60 60.3 603 0 0 0 0 0 0 0 0 0 
2012/09/04 60.3 60.8 58.2 58.2 475 0 0 0 0 0 0 0 0 0 
2012/09/05 58.2 59.2 57.7 58 386 0 0 0 0 0 0 0 0 0 
2012/09/06 58.5 59.6 58 58.9 487 0 0 0 0 0 0 0 0 0 
2012/09/07 59.1 59.1 58.4 58.9 265 0 0 0 0 0 0 0 0 0 
2012/09/10 58.6 58.7 57.7 57.9 320 0 0 0 0 0 0 0 0 0 
2012/09/11 55.6 57.6 55.6 57.6 838 0 0 0 0 0 0 0 0 0 
2012/09/12 57.6 59.3 57.3 58.6 298 0 0 0 0 0 0 0 0 0 
2012/09/13 58.6 58.7 57.8 58.7 218 0 0 0 0 0 0 0 0 0 
2012/09/14 58.7 59.6 58.7 59.4 289 0 0 0 0 0 0 0 0 0 
2012/09/17 59.7 59.7 58.8 59 170 0 0 0 0 0 0 0 0 0 
2012/09/18 59 59.5 58.6 59.4 244 0 0 0 0 0 0 0 0 0 
2012/09/19 59.4 59.4 58.4 58.6 173 0 0 0 0 0 0 0 0 0 
2012/09/20 58.6 59.2 58.4 58.8 135 0 0 0 0 0 0 0 0 0 
2012/09/21 58.8 59 58.4 58.8 83 0 0 0 0 0 0 0 0 0 
2012/09/24 58.8 58.8 58.1 58.2 98 0 0 0 0 0 0 0 0 0 
2012/09/25 58 59 58 58.6 177 0 0 0 0 0 0 0 0 0 
2012/09/26 58.6 58.6 58.1 58.1 51 0 0 0 0 0 0 0 0 0 
2012/09/27 58.1 58.5 58 58.2 60 0 0 0 0 0 0 0 0 0 
2012/09/28 58.5 58.8 58.4 58.7 96 0 0 0 0 0 0 0 0 0 
2012/10/01 58.9 58.9 58.1 58.2 46 0 0 0 0 0 0 0 0 0 
2012/10/02 58.5 61.9 58.2 61 790 0 0 0 0 0 0 0 0 0 
2012/10/03 61 61.1 60 60.2 244 0 0 0 0 0 0 0 0 0 
2012/10/04 59.7 60 59.6 59.6 113 0 0 0 0 0 0 0 0 0 
2012/10/05 59.8 60 59.5 59.9 215 0 0 0 0 0 0 0 0 0 
2012/10/08 60 60 58.8 59 190 0 0 0 0 0 0 0 0 0 
2012/10/09 58.6 59.1 58.1 58.6 192 0 0 0 0 0 0 0 0 0 
2012/10/11 58.5 58.5 56.8 57 680 0 0 0 0 0 0 0 0 0 
2012/10/12 57 57.9 56.8 57 235 0 0 0 0 0 0 0 0 0 
2012/10/15 57 57.1 56.7 56.7 73 0 0 0 0 0 0 0 0 0 
2012/10/16 56.9 57.7 56.7 56.9 172 0 0 0 0 0 0 0 0 0 
2012/10/17 57.9 57.9 57.3 57.6 168 0 0 0 0 0 0 0 0 0 
2012/10/18 57.8 58.4 57.6 57.6 149 0 0 0 0 0 0 0 0 0 
2012/10/19 57.6 57.7 57.1 57.1 118 0 0 0 0 0 0 0 0 0 
2012/10/22 56.7 57 56.5 56.7 152 0 0 0 0 0 0 0 0 0 
2012/10/23 56.7 57.2 56.7 56.8 69 0 0 0 0 0 0 0 0 0 
2012/10/24 56.5 57 56.4 56.7 38 0 0 0 0 0 0 0 0 0 
2012/10/25 56.8 57 56.3 56.3 167 0 0 0 0 0 0 0 0 0 
2012/10/26 56.3 56.5 53.8 53.8 475 0 0 0 0 0 0 0 0 0 
2012/10/29 54 54.8 53.5 53.6 334 0 0 0 0 0 0 0 0 0 
2012/10/30 55.4 55.4 54.1 54.6 217 0 0 0 0 0 0 0 0 0 
2012/10/31 54.8 55.4 54.7 55.2 85 0 0 0 0 0 0 0 0 0 
2012/11/01 55.8 55.8 54.7 55.8 125 0 0 0 0 0 0 0 0 0 
2012/11/02 56 56.9 56 56.7 94 0 0 0 0 0 0 0 0 0 
2012/11/05 56.5 56.5 55.7 55.8 72 0 0 0 0 0 0 0 0 0 
2012/11/06 57 57 55.4 56.5 95 0 0 0 0 0 0 0 0 0 
2012/11/07 56.5 56.5 55.9 56.1 70 0 0 0 0 0 0 0 0 0 
2012/11/08 55.8 56.1 55.2 56.1 60 0 0 0 0 0 0 0 0 0 
2012/11/09 56.1 56.8 55.5 56.2 51 0 0 0 0 0 0 0 0 0 
2012/11/12 56.6 56.6 55.6 56 98 0 0 0 0 0 0 0 0 0 
2012/11/13 56 56 55.5 55.6 46 0 0 0 0 0 0 0 0 0 
2012/11/14 55.6 56 55.5 55.9 39 0 0 0 0 0 0 0 0 0 
2012/11/15 55.3 56.1 55.3 56 35 0 0 0 0 0 0 0 0 0 
2012/11/16 56.3 56.3 55.5 55.5 113 0 0 0 0 0 0 0 0 0 
2012/11/19 56 56 55 55.3 78 0 0 0 0 0 0 0 0 0 
2012/11/20 55.3 55.8 55.3 55.7 37 0 0 0 0 0 0 0 0 0 
2012/11/21 55.7 55.9 55.2 55.3 69 0 0 0 0 0 0 0 0 0 
2012/11/22 56.3 56.3 55.5 55.5 37 0 0 0 0 0 0 0 0 0 
2012/11/23 55.6 56.5 55.6 56.2 99 0 0 0 0 0 0 0 0 0 
2012/11/26 56.9 57 56.2 56.6 93 0 0 0 0 0 0 0 0 0 
2012/11/27 56.5 56.8 56.2 56.4 163 0 0 0 0 0 0 0 0 0 
2012/11/28 56.6 56.6 55.9 56.1 106 0 0 0 0 0 0 0 0 0 
2012/11/29 56.1 56.6 55.9 56.2 105 0 0 0 0 0 0 0 0 0 
2012/11/30 56.2 56.8 56.2 56.5 73 0 0 0 0 0 0 0 0 0 
2012/12/03 56.9 58.8 56.9 58.7 306 0 0 0 0 0 0 0 0 0 
2012/12/04 58 58.4 57.9 58.1 136 0 0 0 0 0 0 0 0 0 
2012/12/05 58.1 58.5 58.1 58.4 77 0 0 0 0 0 0 0 0 0 
2012/12/06 58.3 58.8 58 58.1 75 0 0 0 0 0 0 0 0 0 
2012/12/07 58.1 58.3 57.7 57.8 42 0 0 0 0 0 0 0 0 0 
2012/12/10 58.1 58.1 57.4 57.6 56 0 0 0 0 0 0 0 0 0 
2012/12/11 57.6 57.6 56.7 57.2 83 0 0 0 0 0 0 0 0 0 
2012/12/12 57.2 58 57 57.6 41 0 0 0 0 0 0 0 0 0 
2012/12/13 57.7 58 57.7 58 94 0 0 0 0 0 0 0 0 0 
2012/12/14 58 58 57.2 57.6 46 0 0 0 0 0 0 0 0 0 
2012/12/17 57.4 57.7 57.3 57.5 30 0 0 0 0 0 0 0 0 0 
2012/12/18 57.5 58 57 57.5 88 0 0 0 0 0 0 0 0 0 
2012/12/19 57.5 57.8 57.3 57.8 79 0 0 0 0 0 0 0 0 0 
2012/12/20 57.6 57.8 57.5 57.5 58 0 0 0 0 0 0 0 0 0 
2012/12/21 57.5 57.5 57.2 57.5 46 0 0 0 0 0 0 0 0 0 
2012/12/22 57.5 57.5 57.5 57.5 18 0 0 0 0 0 0 0 0 0 
2012/12/24 57.6 57.9 57.5 57.7 22 0 0 0 0 0 0 0 0 0 
2012/12/25 57.8 58.2 57.7 58 114 0 0 0 0 0 0 0 0 0 
2012/12/26 58 58.1 57.8 58 61 0 0 0 0 0 0 0 0 0 
2012/12/27 58 58 57.8 57.8 58 0 0 0 0 0 0 0 0 0 
2012/12/28 57.9 58.2 57.9 58.2 77 0 0 0 0 0 0 0 0 0 
2013/01/02 58.5 59.9 58.4 59.2 247 0 0 0 0 0 0 0 0 0 
2013/01/03 59.8 60 59.2 59.2 175 0 0 0 0 0 0 0 0 0 
2013/01/04 59.2 59.3 58.9 59 139 0 0 0 0 0 0 0 0 0 
2013/01/07 59 59.5 59 59.3 98 0 0 0 0 0 0 0 0 0 
2013/01/08 59 59.3 58.9 59.1 81 0 0 0 0 0 0 0 0 0 
2013/01/09 59 59.3 58.9 59.1 77 0 0 0 0 0 0 0 0 0 
2013/01/10 59.1 59.5 59 59.5 83 0 0 0 0 0 0 0 0 0 
2013/01/11 59.5 60 59.5 59.9 113 0 0 0 0 0 0 0 0 0 
2013/01/14 59.8 59.8 59.1 59.8 73 0 0 0 0 0 0 0 0 0 
2013/01/15 59.8 59.8 59.2 59.3 37 0 0 0 0 0 0 0 0 0 
2013/01/16 59.2 59.7 59.2 59.3 74 0 0 0 0 0 0 0 0 0 
2013/01/17 59.1 59.3 58 58.5 172 0 0 0 0 0 0 0 0 0 
2013/01/18 58.5 58.8 58.5 58.6 34 0 0 0 0 0 0 0 0 0 
2013/01/21 58.6 59.1 58.6 59.1 97 0 0 0 0 0 0 0 0 0 
2013/01/22 59.1 59.3 59.1 59.3 80 0 0 0 0 0 0 0 0 0 
2013/01/23 59.3 59.8 59.1 59.7 85 0 0 0 0 0 0 0 0 0 
2013/01/24 59.7 60.5 59.5 60 170 0 0 0 0 0 0 0 0 0 
2013/01/25 60.1 60.1 59.5 60 66 0 0 0 0 0 0 0 0 0 
2013/01/28 60 60 59.8 59.8 38 0 0 0 0 0 0 0 0 0 
2013/01/29 59.8 60.2 59.6 59.7 92 0 0 0 0 0 0 0 0 0 
2013/01/30 59.8 60.3 59.8 60.2 99 0 0 0 0 0 0 0 0 0 
2013/01/31 60.2 60.4 59.7 59.8 142 0 0 0 0 0 0 0 0 0 
2013/02/01 59.8 60.1 59.8 60.1 116 0 0 0 0 0 0 0 0 0 
2013/02/04 60.2 60.3 59.7 60.1 195 0 0 0 0 0 0 0 0 0 
2013/02/05 60.1 61.2 59.9 61 218 0 0 0 0 0 0 0 0 0 
2013/02/06 61 61.8 61 61.3 280 0 0 0 0 0 0 0 0 0 
2013/02/18 61.4 61.5 60.9 61.2 84 0 0 0 0 0 0 0 0 0 
2013/02/19 61.8 64.3 61.8 63.5 541 0 0 0 0 0 0 0 0 0 
2013/02/20 64 64 62.9 63.2 221 0 0 0 0 0 0 0 0 0 
2013/02/21 63 63.2 62.8 62.9 171 0 0 0 0 0 0 0 0 0 
2013/02/22 62.9 65.3 62.9 64.5 414 0 0 0 0 0 0 0 0 0 
2013/02/23 64.5 65 63.9 64.5 118 0 0 0 0 0 0 0 0 0 
2013/02/25 64.7 65.7 64.3 65.1 245 0 0 0 0 0 0 0 0 0 
2013/02/26 64.9 65.9 64.7 65.4 322 0 0 0 0 0 0 0 0 0 
2013/02/27 66.1 69.9 66.1 68.8 1111 0 0 0 0 0 0 0 0 0 
2013/03/01 68.5 72.1 68.1 70.7 764 0 0 0 0 0 0 0 0 0 
2013/03/04 70.7 71 66.6 67.7 510 0 0 0 0 0 0 0 0 0 
2013/03/05 67.8 69.3 67.8 68.2 359 0 0 0 0 0 0 0 0 0 
2013/03/06 68.2 70.5 68.2 69.4 754 0 0 0 0 0 0 0 0 0 
2013/03/07 69.2 69.7 67.5 68.8 522 0 0 0 0 0 0 0 0 0 
2013/03/08 69.1 69.5 68.7 68.7 210 0 0 0 0 0 0 0 0 0 
2013/03/11 68.7 71.7 68.2 71.5 487 0 0 0 0 0 0 0 0 0 
2013/03/12 71.5 72 69.5 70 219 0 0 0 0 0 0 0 0 0 
2013/03/13 69.2 69.8 68.2 68.6 283 0 0 0 0 0 0 0 0 0 
2013/03/14 68.6 69 67.9 68 223 0 0 0 0 0 0 0 0 0 
2013/03/15 68.5 69.6 67.8 69.4 232 0 0 0 0 0 0 0 0 0 
2013/03/18 69 70 68.5 69.3 190 0 0 0 0 0 0 0 0 0 
2013/03/19 69.8 69.8 68.7 69.3 184 0 0 0 0 0 0 0 0 0 
2013/03/20 68.2 69.3 68.2 68.3 68 0 0 0 0 0 0 0 0 0 
2013/03/21 68.3 69.7 68.3 69.5 140 0 0 0 0 0 0 0 0 0 
2013/03/22 68.5 69.8 68.3 69.8 311 0 0 0 0 0 0 0 0 0 
2013/03/25 69.5 70.2 69.5 69.5 171 0 0 0 0 0 0 0 0 0 
2013/03/26 69 69.9 69 69.8 102 0 0 0 0 0 0 0 0 0 
2013/03/27 70.2 72 70 71.9 543 0 0 0 0 0 0 0 0 0 
2013/03/28 71.8 72 70.4 71.7 220 0 0 0 0 0 0 0 0 0 
2013/03/29 71.5 71.7 70.3 71.7 151 0 0 0 0 0 0 0 0 0 
2013/04/01 71.5 71.9 70.5 71.9 160 0 0 0 0 0 0 0 0 0 
2013/04/02 71.9 71.9 70.7 70.7 68 0 0 0 0 0 0 0 0 0 
2013/04/03 70.7 71.7 69.8 71.3 149 0 0 0 0 0 0 0 0 0 
2013/04/08 69.8 69.9 68.9 69 259 0 0 0 0 0 0 0 0 0 
2013/04/09 69 70 68.5 70 217 0 0 0 0 0 0 0 0 0 
2013/04/10 69.5 70.3 69.2 70 154 0 0 0 0 0 0 0 0 0 
2013/04/11 70 71.4 69.6 71 305 0 0 0 0 0 0 0 0 0 
2013/04/12 70.8 70.8 70 70.5 56 0 0 0 0 0 0 0 0 0 
2013/04/15 70.5 71 70.3 70.9 285 0 0 0 0 0 0 0 0 0 
2013/04/16 70 72.4 68.1 71.9 393 0 0 0 0 0 0 0 0 0 
2013/04/17 72.4 75 72.4 75 842 0 0 0 0 0 0 0 0 0 
2013/04/18 74.9 77.3 74.5 77 653 0 0 0 0 0 0 0 0 0 
2013/04/19 77.4 77.4 75.5 77.3 548 0 0 0 0 0 0 0 0 0 
2013/04/22 76.9 81.4 76.9 79.5 762 0 0 0 0 0 0 0 0 0 
2013/04/23 78.8 79.5 77.6 79.5 187 0 0 0 0 0 0 0 0 0 
2013/04/24 78.6 80.5 78.6 79.8 276 0 0 0 0 0 0 0 0 0 
2013/04/25 79.8 80.4 78.9 79.8 309 0 0 0 0 0 0 0 0 0 
2013/04/26 79.5 83 79.5 80.9 681 0 0 0 0 0 0 0 0 0 
2013/04/29 80.8 82.4 80.5 81.9 459 0 0 0 0 0 0 0 0 0 
2013/04/30 81.5 82.2 77.5 79.5 626 0 0 0 0 0 0 0 0 0 
2013/05/02 79.5 80 77.5 79 368 0 0 0 0 0 0 0 0 0 
2013/05/03 78.9 80 78 80 436 0 0 0 0 0 0 0 0 0 
2013/05/06 79 81 79 80.8 413 0 0 0 0 0 0 0 0 0 
2013/05/07 79.1 81.5 77.8 79 493 0 0 0 0 0 0 0 0 0 
2013/05/08 79 80.2 78.9 79.7 290 0 0 0 0 0 0 0 0 0 
2013/05/09 80 80.3 79 80.1 232 0 0 0 0 0 0 0 0 0 
2013/05/10 80.3 81.6 80 81.3 333 0 0 0 0 0 0 0 0 0 
2013/05/13 81.2 81.3 79.6 80 219 0 0 0 0 0 0 0 0 0 
2013/05/14 79.5 82.5 79.5 80.6 261 0 0 0 0 0 0 0 0 0 
2013/05/15 82 82.1 80.3 81.4 390 0 0 0 0 0 0 0 0 0 
2013/05/16 81.4 85 81.4 84 507 0 0 0 0 0 0 0 0 0 
2013/05/17 84.2 84.2 82 82.5 237 0 0 0 0 0 0 0 0 0 
2013/05/20 82.5 82.8 81.4 81.8 191 0 0 0 0 0 0 0 0 0 
2013/05/21 81.8 81.8 80.3 80.7 193 0 0 0 0 0 0 0 0 0 
2013/05/22 80.7 80.8 79.6 80.6 190 0 0 0 0 0 0 0 0 0 
2013/05/23 79.9 80.4 79.1 80.3 232 0 0 0 0 0 0 0 0 0 
2013/05/24 80.3 80.3 77 78 315 0 0 0 0 0 0 0 0 0 
2013/05/27 78 79 77 78.6 152 0 0 0 0 0 0 0 0 0 
2013/05/28 78.1 79.5 78 79.4 139 0 0 0 0 0 0 0 0 0 
2013/05/29 79.9 81.3 79.9 81.2 260 0 0 0 0 0 0 0 0 0 
2013/05/30 81.2 81.2 79.2 80 183 0 0 0 0 0 0 0 0 0 
2013/05/31 79.5 80 77.3 79.4 329 0 0 0 0 0 0 0 0 0 
2013/06/03 78 78 77 77.2 248 0 0 0 0 0 0 0 0 0 
2013/06/04 77.2 77.9 76.5 77.5 114 0 0 0 0 0 0 0 0 0 
2013/06/05 77.5 77.5 76.7 77 106 0 0 0 0 0 0 0 0 0 
2013/06/06 76 76.8 74.8 75.7 337 0 0 0 0 0 0 0 0 0 
2013/06/07 75.7 77 75 76.5 155 0 0 0 0 0 0 0 0 0 
2013/06/10 76.5 77 75.9 76.8 96 0 0 0 0 0 0 0 0 0 
2013/06/11 77 77 76 76.7 30 0 0 0 0 0 0 0 0 0 
2013/06/13 75.8 76.2 74 75.8 255 0 0 0 0 0 0 0 0 0 
2013/06/14 76 76 74 75.5 227 0 0 0 0 0 0 0 0 0 
2013/06/17 74.3 75.5 74.3 75.5 85 0 0 0 0 0 0 0 0 0 
2013/06/18 75 75.5 74.9 75.5 127 0 0 0 0 0 0 0 0 0 
2013/06/19 75.5 77.5 75.5 76 139 0 0 0 0 0 0 0 0 0 
2013/06/20 75.7 75.9 74.9 75.9 71 0 0 0 0 0 0 0 0 0 
2013/06/21 74.6 75.6 73.7 75.6 103 0 0 0 0 0 0 0 0 0 
2013/06/24 75 75 74.2 74.9 51 0 0 0 0 0 0 0 0 0 
2013/06/25 74 74.4 72.9 73 136 0 0 0 0 0 0 0 0 0 
2013/06/26 73 74 71.6 72 250 0 0 0 0 0 0 0 0 0 
2013/06/27 72 72.9 71.6 72.9 146 0 0 0 0 0 0 0 0 0 
2013/06/28 73.1 73.9 72.5 73 94 0 0 0 0 0 0 0 0 0 
2013/07/01 73 73.5 72 72.9 145 0 0 0 0 0 0 0 0 0 
2013/07/02 73 74.7 72.8 73.9 166 0 0 0 0 0 0 0 0 0 
2013/07/03 74.1 74.1 72.3 72.5 117 0 0 0 0 0 0 0 0 0 
2013/07/04 72.3 73.1 71.5 73.1 168 0 0 0 0 0 0 0 0 0 
2013/07/05 73.5 76.3 73.5 75.4 263 0 0 0 0 0 0 0 0 0 
2013/07/08 75.4 75.4 73.9 74.3 157 0 0 0 0 0 0 0 0 0 
2013/07/09 74.3 76.3 74.3 76 179 0 0 0 0 0 0 0 0 0 
2013/07/10 76.6 78 76.3 77.5 248 0 0 0 0 0 0 0 0 0 
2013/07/11 77.8 77.8 76.1 76.8 144 0 0 0 0 0 0 0 0 0 
2013/07/12 76.3 78.5 76.3 78 178 0 0 0 0 0 0 0 0 0 
2013/07/15 78 78 76.4 77.7 110 0 0 0 0 0 0 0 0 0 
2013/07/16 76.5 77.3 76.3 76.6 149 0 0 0 0 0 0 0 0 0 
2013/07/17 76.4 76.6 75.3 75.5 214 0 0 0 0 0 0 0 0 0 
2013/07/18 75.5 75.8 73.2 73.9 310 0 0 0 0 0 0 0 0 0 
2013/07/19 73.6 74.8 73.3 73.8 114 0 0 0 0 0 0 0 0 0 
2013/07/22 74.7 74.7 73.6 73.8 96 0 0 0 0 0 0 0 0 0 
2013/07/23 73.8 74.1 73.1 73.9 292 0 0 0 0 0 0 0 0 0 
2013/07/24 73.5 76.4 73.5 75.4 234 0 0 0 0 0 0 0 0 0 
2013/07/25 75.4 75.5 74.3 74.6 158 0 0 0 0 0 0 0 0 0 
2013/07/26 74.9 79 74.9 77.7 727 0 0 0 0 0 0 0 0 0 
2013/07/29 79 80.2 78 78.5 654 0 0 0 0 0 0 0 0 0 
2013/07/30 79 79 77.8 78 265 0 0 0 0 0 0 0 0 0 
2013/07/31 78 80.2 78 80.2 672 0 0 0 0 0 0 0 0 0 
2013/08/01 80.2 80.8 78.7 79.2 496 0 0 0 0 0 0 0 0 0 
2013/08/02 79 81.6 79 80.5 529 0 0 0 0 0 0 0 0 0 
2013/08/05 82 82.5 80.8 80.9 328 0 0 0 0 0 0 0 0 0 
2013/08/06 80.9 80.9 78.6 78.8 346 0 0 0 0 0 0 0 0 0 
2013/08/07 77.5 78.6 75.3 75.8 356 0 0 0 0 0 0 0 0 0 
2013/08/08 75.5 77 75.4 76.6 236 0 0 0 0 0 0 0 0 0 
2013/08/09 77.2 77.7 76 77.7 382 0 0 0 0 0 0 0 0 0 
2013/08/12 78.1 79.5 76.8 78.8 337 0 0 0 0 0 0 0 0 0 
2013/08/13 79.2 79.2 78.5 78.7 246 0 0 0 0 0 0 0 0 0 
2013/08/14 78.4 78.5 76.7 77.3 294 0 0 0 0 0 0 0 0 0 
2013/08/15 76.3 77.3 76.3 77 89 0 0 0 0 0 0 0 0 0 
2013/08/16 76.8 77.2 76 76.8 125 0 0 0 0 0 0 0 0 0 
2013/08/19 77 77 76.3 76.6 149 0 0 0 0 0 0 0 0 0 
2013/08/20 76.6 76.9 75.5 75.8 298 0 0 0 0 0 0 0 0 0 
2013/08/22 75 78 74.9 78 308 0 0 0 0 0 0 0 0 0 
2013/08/23 78.4 78.4 77 77.1 363 0 0 0 0 0 0 0 0 0 
2013/08/26 73.5 74 73 73.3 240 0 0 0 0 0 0 0 0 0 
2013/08/27 73 73 72.1 72.1 177 0 0 0 0 0 0 0 0 0 
2013/08/28 72 72 71.4 71.9 184 0 0 0 0 0 0 0 0 0 
2013/08/29 71.9 73 71.9 72.3 100 0 0 0 0 0 0 0 0 0 
2013/08/30 73 73 72.3 72.7 40 0 0 0 0 0 0 0 0 0 
2013/09/02 72.7 72.8 71.1 71.4 255 0 0 0 0 0 0 0 0 0 
2013/09/03 72.5 72.5 71.4 71.5 143 0 0 0 0 0 0 0 0 0 
2013/09/04 71.5 71.5 70.8 71.1 124 0 0 0 0 0 0 0 0 0 
2013/09/05 71 71.5 70.5 71.5 173 0 0 0 0 0 0 0 0 0 
2013/09/06 71.3 71.5 70.9 71.2 135 0 0 0 0 0 0 0 0 0 
2013/09/09 71.1 71.4 71 71 44 0 0 0 0 0 0 0 0 0 
2013/09/10 71.2 71.2 70.4 70.6 161 0 0 0 0 0 0 0 0 0 
2013/09/11 70.6 70.6 69.5 69.8 104 0 0 0 0 0 0 0 0 0 
2013/09/12 69.8 70.2 69.7 69.7 126 0 0 0 0 0 0 0 0 0 
2013/09/13 69.7 69.9 69.5 69.6 44 0 0 0 0 0 0 0 0 0 
2013/09/14 69.7 70.2 69.6 69.7 70 0 0 0 0 0 0 0 0 0 
2013/09/16 69.9 70.1 69.5 69.6 198 0 0 0 0 0 0 0 0 0 
2013/09/17 69.9 69.9 69.5 69.5 100 0 0 0 0 0 0 0 0 0 
2013/09/18 69.5 70.5 69.3 69.7 264 0 0 0 0 0 0 0 0 0 
2013/09/23 69.9 69.9 69.1 69.4 289 0 0 0 0 0 0 0 0 0 
2013/09/24 69.4 70.3 69.4 69.8 129 0 0 0 0 0 0 0 0 0 
2013/09/25 70.3 70.9 70.3 70.8 110 0 0 0 0 0 0 0 0 0 
2013/09/26 70.9 71.4 70 70.2 106 0 0 0 0 0 0 0 0 0 
2013/09/27 70 70.1 68.3 68.5 390 0 0 0 0 0 0 0 0 0 
2013/09/30 68.3 68.7 67.6 67.8 205 0 0 0 0 0 0 0 0 0 
2013/10/01 67.8 68.1 67.5 68 127 0 0 0 0 0 0 0 0 0 
2013/10/02 68 68.3 67.3 68.3 85 0 0 0 0 0 0 0 0 0 
2013/10/03 68.1 69.4 67.7 69.3 121 0 0 0 0 0 0 0 0 0 
2013/10/04 69.3 69.5 69 69.5 101 0 0 0 0 0 0 0 0 0 
2013/10/07 70 71.7 69.9 71 308 0 0 0 0 0 0 0 0 0 
2013/10/08 71.7 72 70.6 70.9 134 0 0 0 0 0 0 0 0 0 
2013/10/09 70.9 70.9 70 70 51 0 0 0 0 0 0 0 0 0 
2013/10/11 70.8 70.8 70.1 70.5 28 0 0 0 0 0 0 0 0 0 
2013/10/14 70.8 70.8 69.5 69.7 85 0 0 0 0 0 0 0 0 0 
2013/10/15 69.5 70.4 69 70 84 0 0 0 0 0 0 0 0 0 
2013/10/16 71 71 70.1 70.7 73 0 0 0 0 0 0 0 0 0 
2013/10/17 71 71.1 69.8 70 74 0 0 0 0 0 0 0 0 0 
2013/10/18 70 70.5 69.5 70.5 100 0 0 0 0 0 0 0 0 0 
2013/10/21 70.6 71.1 70.2 70.2 64 0 0 0 0 0 0 0 0 0 
2013/10/22 70.8 70.8 69.9 70.5 74 0 0 0 0 0 0 0 0 0 
2013/10/23 70.8 70.8 69.8 69.9 77 0 0 0 0 0 0 0 0 0 
2013/10/24 69.5 70.1 69.5 69.8 49 0 0 0 0 0 0 0 0 0 
2013/10/25 70 70 69.5 69.5 78 0 0 0 0 0 0 0 0 0 
2013/10/28 69.6 70 69.2 69.5 78 0 0 0 0 0 0 0 0 0 
2013/10/29 70 70.1 69.3 69.8 86 0 0 0 0 0 0 0 0 0 
2013/10/30 70.4 70.4 69.3 69.4 66 0 0 0 0 0 0 0 0 0 
2013/10/31 70 70 69.5 69.5 44 0 0 0 0 0 0 0 0 0 
2013/11/01 69.5 69.5 69 69.2 50 0 0 0 0 0 0 0 0 0 
2013/11/04 69.2 69.6 68.4 68.6 90 0 0 0 0 0 0 0 0 0 
2013/11/05 68.2 68.5 67.8 68 126 0 0 0 0 0 0 0 0 0 
2013/11/06 68 68 67.6 67.7 102 0 0 0 0 0 0 0 0 0 
2013/11/07 69 69.8 68.1 68.9 134 0 0 0 0 0 0 0 0 0 
2013/11/08 68 68.6 68 68.1 61 0 0 0 0 0 0 0 0 0 
2013/11/11 68.1 68.1 67.8 67.9 42 0 0 0 0 0 0 0 0 0 
2013/11/12 68.3 68.6 67.5 67.6 93 0 0 0 0 0 0 0 0 0 
2013/11/13 69 70.6 68.7 69.6 344 0 0 0 0 0 0 0 0 0 
2013/11/14 70.1 70.6 69.6 69.9 185 0 0 0 0 0 0 0 0 0 
2013/11/15 71.7 71.7 70.3 70.6 142 0 0 0 0 0 0 0 0 0 
2013/11/18 71.2 71.8 70.5 71.2 180 0 0 0 0 0 0 0 0 0 
2013/11/19 71.2 71.2 70.9 70.9 77 0 0 0 0 0 0 0 0 0 
2013/11/20 70.3 70.8 70.3 70.3 44 0 0 0 0 0 0 0 0 0 
2013/11/21 70.4 70.4 69.8 69.9 43 0 0 0 0 0 0 0 0 0 
2013/11/22 70.1 70.3 69.6 69.8 65 0 0 0 0 0 0 0 0 0 
2013/11/25 70.1 70.3 69.9 69.9 65 0 0 0 0 0 0 0 0 0 
2013/11/26 70 71.5 70 70.7 221 0 0 0 0 0 0 0 0 0 
2013/11/27 71.4 71.4 70.8 71 69 0 0 0 0 0 0 0 0 0 
2013/11/28 71.6 71.6 71 71.3 126 0 0 0 0 0 0 0 0 0 
2013/11/29 71.8 71.8 71 71.7 169 0 0 0 0 0 0 0 0 0 
2013/12/02 71.7 71.8 71.1 71.3 95 0 0 0 0 0 0 0 0 0 
2013/12/03 71.4 71.4 70.8 71.4 138 0 0 0 0 0 0 0 0 0 
2013/12/04 71.4 71.4 71 71 64 0 0 0 0 0 0 0 0 0 
2013/12/05 71.1 71.5 71 71.5 101 0 0 0 0 0 0 0 0 0 
2013/12/06 71.8 73.9 71.6 73.6 494 0 0 0 0 0 0 0 0 0 
2013/12/09 74.1 74.8 74 74 281 0 0 0 0 0 0 0 0 0 
2013/12/10 74.1 74.1 73.3 73.4 149 0 0 0 0 0 0 0 0 0 
2013/12/11 73.5 74 72.9 72.9 124 0 0 0 0 0 0 0 0 0 
2013/12/12 72.5 73.3 72.3 72.9 91 0 0 0 0 0 0 0 0 0 
2013/12/13 72.9 73.9 72.6 73.9 207 0 0 0 0 0 0 0 0 0 
2013/12/16 74 74.7 73.9 74.1 175 0 0 0 0 0 0 0 0 0 
2013/12/17 74.5 74.7 74.2 74.4 94 0 0 0 0 0 0 0 0 0 
2013/12/18 74.5 76 74.3 74.9 334 0 0 0 0 0 0 0 0 0 
2013/12/19 75 76.7 75 75.7 333 0 0 0 0 0 0 0 0 0 
2013/12/20 75.7 76.7 75.7 76.6 168 0 0 0 0 0 0 0 0 0 
2013/12/23 77 78.5 77 77.5 383 0 0 0 0 0 0 0 0 0 
2013/12/24 77.7 78 76.2 76.3 334 0 0 0 0 0 0 0 0 0 
2013/12/25 76.9 77.8 76.5 76.5 93 0 0 0 0 0 0 0 0 0 
2013/12/26 75.8 77.8 75.8 77.2 117 0 0 0 0 0 0 0 0 0 
2013/12/27 77.8 77.8 77.5 77.7 79 0 0 0 0 0 0 0 0 0 
2013/12/30 77.7 79.3 77.7 77.7 287 0 0 0 0 0 0 0 0 0 
2013/12/31 78 78.3 77.7 78.3 141 0 0 0 0 0 0 0 0 0 
2014/01/02 77.9 78.5 77.7 77.7 90 0 0 0 0 0 0 0 0 0 
2014/01/03 77.1 78.4 77.1 77.2 97 0 0 0 0 0 0 0 0 0 
2014/01/06 77.2 77.2 75.5 75.6 161 0 0 0 0 0 0 0 0 0 
2014/01/07 75.5 76.6 75.2 76.1 167 0 0 0 0 0 0 0 0 0 
2014/01/08 74.6 76.5 74.6 75.6 122 0 0 0 0 0 0 0 0 0 
2014/01/09 75.6 78.2 75.4 76.8 207 0 0 0 0 0 0 0 0 0 
2014/01/10 77.8 77.8 76.2 76.4 78 0 0 0 0 0 0 0 0 0 
2014/01/13 77.8 77.9 76.6 77.3 100 0 0 0 0 0 0 0 0 0 
2014/01/14 77.5 77.5 77 77.1 90 0 0 0 0 0 0 0 0 0 
2014/01/15 77.2 77.3 77 77.2 91 0 0 0 0 0 0 0 0 0 
2014/01/16 77.2 77.2 76.4 76.4 87 0 0 0 0 0 0 0 0 0 
2014/01/17 76.4 76.7 76.1 76.2 45 0 0 0 0 0 0 0 0 0 
2014/01/20 76.2 76.5 75.6 75.7 57 0 0 0 0 0 0 0 0 0 
2014/01/21 75.7 76.5 75.3 76 73 0 0 0 0 0 0 0 0 0 
2014/01/22 76 76.5 75.9 76.4 54 0 0 0 0 0 0 0 0 0 
2014/01/23 77 77 76 76.2 76 0 0 0 0 0 0 0 0 0 
2014/01/24 76.2 76.9 76.2 76.9 69 0 0 0 0 0 0 0 0 0 
2014/01/27 76.9 76.9 75.5 75.6 95 0 0 0 0 0 0 0 0 0 
2014/02/05 75.3 75.3 74.4 74.6 114 0 0 0 0 0 0 0 0 0 
2014/02/06 74.6 75 74.3 74.8 92 0 0 0 0 0 0 0 0 0 
2014/02/07 75.3 75.3 73.9 74.4 170 0 0 0 0 0 0 0 0 0 
2014/02/10 74.4 75.1 73.9 74.1 198 0 0 0 0 0 0 0 0 0 
2014/02/11 73.7 74.8 73.7 74.3 148 0 0 0 0 0 0 0 0 0 
2014/02/12 74.3 75.1 74.3 74.6 171 0 0 0 0 0 0 0 0 0 
2014/02/13 74.5 74.7 74.1 74.3 117 0 0 0 0 0 0 0 0 0 
2014/02/14 74.3 75.3 74.3 74.6 126 0 0 0 0 0 0 0 0 0 
2014/02/17 74.6 74.9 74.1 74.4 104 0 0 0 0 0 0 0 0 0 
2014/02/18 74.4 74.5 74.2 74.2 60 0 0 0 0 0 0 0 0 0 
2014/02/19 74.2 74.7 74.1 74.7 50 0 0 0 0 0 0 0 0 0 
2014/02/20 75 75 74.4 74.9 94 0 0 0 0 0 0 0 0 0 
2014/02/21 74.7 76.9 74.5 76.2 299 0 0 0 0 0 0 0 0 0 
2014/02/24 76.2 77.2 75.8 76.8 162 0 0 0 0 0 0 0 0 0 
2014/02/25 76.8 77.4 76.5 77.2 87 0 0 0 0 0 0 0 0 0 
2014/02/26 76.9 77 76.7 76.7 31 0 0 0 0 0 0 0 0 0 
2014/02/27 76.5 77 76.5 76.7 17 0 0 0 0 0 0 0 0 0 
2014/03/03 76.7 76.9 76 76.9 34 0 0 0 0 0 0 0 0 0 
2014/03/04 76.9 76.9 76 76 47 0 0 0 0 0 0 0 0 0 
2014/03/05 76 77 76 77 60 0 0 0 0 0 0 0 0 0 
2014/03/06 77 77.6 76.8 76.8 119 0 0 0 0 0 0 0 0 0 
2014/03/07 76.8 76.9 76.2 76.2 61 0 0 0 0 0 0 0 0 0 
2014/03/10 76.2 76.5 76 76.5 43 0 0 0 0 0 0 0 0 0 
2014/03/11 76 76 74.6 74.8 217 0 0 0 0 0 0 0 0 0 
2014/03/12 74.7 74.7 74.2 74.3 88 0 0 0 0 0 0 0 0 0 
2014/03/13 75.1 75.9 74.6 75.1 79 0 0 0 0 0 0 0 0 0 
2014/03/14 75.2 75.2 74.7 74.7 42 0 0 0 0 0 0 0 0 0 
2014/03/17 74.5 75.1 74.4 74.7 56 0 0 0 0 0 0 0 0 0 
2014/03/18 74.7 75.6 74.7 75.2 73 0 0 0 0 0 0 0 0 0 
2014/03/19 75.2 75.5 74.8 75.1 53 0 0 0 0 0 0 0 0 0 
2014/03/20 74.7 74.9 74.2 74.8 68 0 0 0 0 0 0 0 0 0 
2014/03/21 74.7 75 74.2 75 88 0 0 0 0 0 0 0 0 0 
2014/03/24 74.3 74.8 74.1 74.5 39 0 0 0 0 0 0 0 0 0 
2014/03/25 74.6 75.2 74.6 74.8 52 0 0 0 0 0 0 0 0 0 
2014/03/26 74.1 75.6 74.1 75.2 154 0 0 0 0 0 0 0 0 0 
2014/03/27 77 77 76.1 76.2 195 0 0 0 0 0 0 0 0 0 
2014/03/28 76.2 77.3 76.2 76.4 114 0 0 0 0 0 0 0 0 0 
2014/03/31 77 78.3 76.7 78.3 382 0 0 0 0 0 0 0 0 0 
2014/04/01 78.3 78.3 77.5 77.7 114 0 0 0 0 0 0 0 0 0 
2014/04/02 78.1 78.8 77.7 78.4 160 0 0 0 0 0 0 0 0 0 
2014/04/03 78.4 78.8 78.1 78.1 101 0 0 0 0 0 0 0 0 0 
2014/04/07 78.1 78.6 78.1 78.2 96 0 0 0 0 0 0 0 0 0 
2014/04/08 78 78 77.4 77.5 72 0 0 0 0 0 0 0 0 0 
2014/04/09 77.4 77.8 77.2 77.8 41 0 0 0 0 0 0 0 0 0 
2014/04/10 77.8 78.3 77.5 77.7 48 0 0 0 0 0 0 0 0 0 
2014/04/11 77.2 78 77.2 77.7 80 0 0 0 0 0 0 0 0 0 
2014/04/14 77.7 77.7 76.7 77 74 0 0 0 0 0 0 0 0 0 
2014/04/15 76.9 77 76.1 77 114 0 0 0 0 0 0 0 0 0 
2014/04/16 77.1 77.9 76.4 77.9 94 0 0 0 0 0 0 0 0 0 
2014/04/17 77.8 78.3 77.4 78.1 106 0 0 0 0 0 0 0 0 0 
2014/04/18 78.3 78.8 78.2 78.4 154 0 0 0 0 0 0 0 0 0 
2014/04/21 78.5 80.4 78.4 79.5 321 0 0 0 0 0 0 0 0 0 
2014/04/22 79.6 80.7 79.5 80.4 238 0 0 0 0 0 0 0 0 0 
2014/04/23 80.4 81 79.4 79.8 160 0 0 0 0 0 0 0 0 0 
2014/04/24 79.4 80.3 77.9 78.5 214 0 0 0 0 0 0 0 0 0 
2014/04/25 78.3 78.9 76.5 77.6 332 0 0 0 0 0 0 0 0 0 
2014/04/28 75.2 78.8 75.2 78.3 147 0 0 0 0 0 0 0 0 0 
2014/04/29 78.4 80 78.4 79.8 170 0 0 0 0 0 0 0 0 0 
2014/04/30 79.9 80.4 79.4 80 280 0 0 0 0 0 0 0 0 0 
2014/05/02 80.3 82.5 79.8 82.5 239 0 0 0 0 0 0 0 0 0 
2014/05/05 84 87.4 82.8 86.8 639 0 0 0 0 0 0 0 0 0 
2014/05/06 87.5 88 85.1 85.4 287 0 0 0 0 0 0 0 0 0 
2014/05/07 85.4 87 84.5 86.9 209 0 0 0 0 0 0 0 0 0 
2014/05/08 86.9 86.9 84.2 85.1 196 0 0 0 0 0 0 0 0 0 
2014/05/09 84.8 85.1 83.5 84 138 0 0 0 0 0 0 0 0 0 
2014/05/12 84 84.3 81.2 81.5 222 0 0 0 0 0 0 0 0 0 
2014/05/13 82 82.7 80 80.2 133 0 0 0 0 0 0 0 0 0 
2014/05/14 80.5 82.4 79.3 81.3 176 0 0 0 0 0 0 0 0 0 
2014/05/15 81.3 81.9 81.3 81.5 43 0 0 0 0 0 0 0 0 0 
2014/05/16 81.5 82.3 81.4 81.7 70 0 0 0 0 0 0 0 0 0 
2014/05/19 81.7 84.1 81.7 83.7 168 0 0 0 0 0 0 0 0 0 
2014/05/20 82 83.8 82 83.4 61 0 0 0 0 0 0 0 0 0 
2014/05/21 83 83.3 82 82.1 77 0 0 0 0 0 0 0 0 0 
2014/05/22 83 83.3 82.6 83.3 93 0 0 0 0 0 0 0 0 0 
2014/05/23 83.5 83.6 82.3 83.6 80 0 0 0 0 0 0 0 0 0 
2014/05/26 83.5 84.8 83.5 84.2 111 0 0 0 0 0 0 0 0 0 
2014/05/27 84.3 84.4 83.3 83.6 113 0 0 0 0 0 0 0 0 0 
2014/05/28 83.6 84.8 83.6 84 80 0 0 0 0 0 0 0 0 0 
2014/05/29 84 84.4 83.7 84 47 0 0 0 0 0 0 0 0 0 
2014/05/30 82.8 84 82.8 84 34 0 0 0 0 0 0 0 0 0 
2014/06/03 84.2 84.2 83 83.4 28 0 0 0 0 0 0 0 0 0 
2014/06/04 83.4 83.5 82.5 82.5 42 0 0 0 0 0 0 0 0 0 
2014/06/05 82.5 82.9 81.5 82.4 106 0 0 0 0 0 0 0 0 0 
2014/06/06 82.4 82.4 81.6 81.9 56 0 0 0 0 0 0 0 0 0 
2014/06/09 81.9 82.6 81.9 81.9 70 0 0 0 0 0 0 0 0 0 
2014/06/10 81.9 81.9 81 81.5 54 0 0 0 0 0 0 0 0 0 
2014/06/11 81.5 81.5 80.6 80.7 94 0 0 0 0 0 0 0 0 0 
2014/06/12 80.7 81.5 80.4 81.2 83 0 0 0 0 0 0 0 0 0 
2014/06/13 80.9 81.6 80.6 81.3 68 0 0 0 0 0 0 0 0 0 
2014/06/16 81.2 82.7 80.9 82 135 0 0 0 0 0 0 0 0 0 
2014/06/17 82.1 82.9 82 82.2 93 0 0 0 0 0 0 0 0 0 
2014/06/18 82.3 84.7 82.3 84.5 187 0 0 0 0 0 0 0 0 0 
2014/06/19 85 85.1 83.6 83.6 83 0 0 0 0 0 0 0 0 0 
2014/06/20 83.6 83.8 83.1 83.1 50 0 0 0 0 0 0 0 0 0 
2014/06/23 83.1 84 82.6 83.4 47 0 0 0 0 0 0 0 0 0 
2014/06/24 84 84.5 83.2 83.8 57 0 0 0 0 0 0 0 0 0 
2014/06/25 81 84.2 81 83.9 62 0 0 0 0 0 0 0 0 0 
2014/06/26 84 84 81.8 83.5 77 0 0 0 0 0 0 0 0 0 
2014/06/27 84.2 84.2 83.5 83.5 28 0 0 0 0 0 0 0 0 0 
2014/06/30 83.5 83.8 83 83.4 41 0 0 0 0 0 0 0 0 0 
2014/07/01 83.4 83.6 83 83.6 16 0 0 0 0 0 0 0 0 0 
2014/07/02 83.8 83.8 83.3 83.7 57 0 0 0 0 0 0 0 0 0 
2014/07/03 83.7 83.8 83.3 83.4 53 0 0 0 0 0 0 0 0 0 
2014/07/04 82.6 83.4 82.6 83.3 27 0 0 0 0 0 0 0 0 0 
2014/07/07 83.2 83.2 82.2 82.5 64 0 0 0 0 0 0 0 0 0 
2014/07/08 82.7 83.7 82.2 83.6 68 0 0 0 0 0 0 0 0 0 
2014/07/09 83.5 83.5 82.5 83 51 0 0 0 0 0 0 0 0 0 
2014/07/10 82.7 84.2 82.6 84.2 55 0 0 0 0 0 0 0 0 0 
2014/07/11 84.1 84.1 83.2 83.3 92 0 0 0 0 0 0 0 0 0 
2014/07/14 84.2 84.2 83.3 84.2 102 0 0 0 0 0 0 0 0 0 
2014/07/15 84.3 84.6 83.8 83.8 59 0 0 0 0 0 0 0 0 0 
2014/07/16 83 83.9 82.6 83.9 57 0 0 0 0 0 0 0 0 0 
2014/07/17 83.1 83.7 83 83.3 50 0 0 0 0 0 0 0 0 0 
2014/07/18 83.3 83.9 83 83.9 30 0 0 0 0 0 0 0 0 0 
2014/07/21 83.9 84.2 83.2 83.9 30 0 0 0 0 0 0 0 0 0 
2014/07/22 84.2 84.2 83.8 84 42 0 0 0 0 0 0 0 0 0 
2014/07/24 84 84 82.3 83.5 82 0 0 0 0 0 0 0 0 0 
2014/07/25 83.5 83.5 82.9 83.1 56 0 0 0 0 0 0 0 0 0 
2014/07/28 83.4 83.8 83.2 83.2 37 0 0 0 0 0 0 0 0 0 
2014/07/29 83.5 84 83.2 83.6 56 0 0 0 0 0 0 0 0 0 
2014/07/30 83.6 83.9 83.5 83.6 66 0 0 0 0 0 0 0 0 0 
2014/07/31 84 84 83.2 83.6 67 0 0 0 0 0 0 0 0 0 
2014/08/01 83.3 83.7 82.2 83 41 0 0 0 0 0 0 0 0 0 
2014/08/04 82 82.5 82 82.5 70 0 0 0 0 0 0 0 0 0 
2014/08/05 82.4 82.4 81.2 81.3 129 0 0 0 0 0 0 0 0 0 
2014/08/06 81.3 81.8 80.2 81.8 239 0 0 0 0 0 0 0 0 0 
2014/08/07 81.4 81.9 81.3 81.9 48 0 0 0 0 0 0 0 0 0 
2014/08/08 81.9 82 80.7 81.7 57 0 0 0 0 0 0 0 0 0 
2014/08/11 81.7 82.5 81.7 82.5 36 0 0 0 0 0 0 0 0 0 
2014/08/12 82.5 82.5 82.1 82.3 41 0 0 0 0 0 0 0 0 0 
2014/08/13 82.5 84.6 82.5 83.7 86 0 0 0 0 0 0 0 0 0 
2014/08/14 84.4 86.3 84.3 85.3 293 0 0 0 0 0 0 0 0 0 
2014/08/15 85.3 85.3 84.4 84.8 122 0 0 0 0 0 0 0 0 0 
2014/08/18 85 85.2 84.3 84.4 99 0 0 0 0 0 0 0 0 0 
2014/08/19 84.7 85 84.5 84.6 146 0 0 0 0 0 0 0 0 0 
2014/08/20 85.2 85.9 84.9 85.6 114 0 0 0 0 0 0 0 0 0 
2014/08/21 85.7 85.9 85 85.6 157 0 0 0 0 0 0 0 0 0 
2014/08/22 85.6 86.3 85.6 86.3 181 0 0 0 0 0 0 0 0 0 
2014/08/25 86.4 86.5 85.5 86.2 210 0 0 0 0 0 0 0 0 0 
2014/08/26 86.1 87.5 85.8 87.5 283 0 0 0 0 0 0 0 0 0 
2014/08/27 87.5 88.3 86.6 87.2 434 0 0 0 0 0 0 0 0 0 
2014/08/28 83.5 85.8 82 84.9 425 0 0 0 0 0 0 0 0 0 
2014/08/29 84 84.8 84 84.4 200 0 0 0 0 0 0 0 0 0 
2014/09/01 86 86 84.6 85.3 73 0 0 0 0 0 0 0 0 0 
2014/09/02 85.5 86.3 85.4 85.8 122 0 0 0 0 0 0 0 0 0 
2014/09/03 86 91.6 84.9 89 416 0 0 0 0 0 0 0 0 0 
2014/09/04 89 91 89 89.5 167 0 0 0 0 0 0 0 0 0 
2014/09/05 89.5 89.5 86.2 86.2 170 0 0 0 0 0 0 0 0 0 
2014/09/09 87 87.1 86.3 86.6 42 0 0 0 0 0 0 0 0 0 
2014/09/10 87.1 87.1 86 86.2 83 0 0 0 0 0 0 0 0 0 
2014/09/11 85.5 87.8 84.6 86.9 117 0 0 0 0 0 0 0 0 0 
2014/09/12 87.4 88 85.2 86.2 119 0 0 0 0 0 0 0 0 0 
2014/09/15 86.2 86.5 86 86.5 29 0 0 0 0 0 0 0 0 0 
2014/09/16 87 87 86.3 86.3 47 0 0 0 0 0 0 0 0 0 
2014/09/17 86.8 87.1 85.6 86.5 77 0 0 0 0 0 0 0 0 0 
2014/09/18 86.5 86.5 85.1 85.8 50 0 0 0 0 0 0 0 0 0 
2014/09/19 86 86.9 86 86.9 35 0 0 0 0 0 0 0 0 0 
2014/09/22 86.9 87 86 86 60 0 0 0 0 0 0 0 0 0 
2014/09/23 87 87.4 86.2 86.5 63 0 0 0 0 0 0 0 0 0 
2014/09/24 86.5 86.9 86.2 86.2 33 0 0 0 0 0 0 0 0 0 
2014/09/25 86 86.2 85.4 86.2 112 0 0 0 0 0 0 0 0 0 
2014/09/26 86 86.2 85 86.1 82 0 0 0 0 0 0 0 0 0 
2014/09/29 86.5 86.5 85.6 85.8 31 0 0 0 0 0 0 0 0 0 
2014/09/30 86 87.1 85.2 87.1 132 0 0 0 0 0 0 0 0 0 
2014/10/01 87.1 87.1 86.4 86.8 49 0 0 0 0 0 0 0 0 0 
2014/10/02 86 86.8 85.8 86.8 52 0 0 0 0 0 0 0 0 0 
2014/10/03 86.5 86.7 86.2 86.2 46 0 0 0 0 0 0 0 0 0 
2014/10/06 87.4 87.4 86 86.4 33 0 0 0 0 0 0 0 0 0 
2014/10/07 85.8 85.8 85.1 85.1 60 0 0 0 0 0 0 0 0 0 
2014/10/08 84.5 85.8 84.4 85.2 81 0 0 0 0 0 0 0 0 0 
2014/10/09 84.6 84.9 84.1 84.4 43 0 0 0 0 0 0 0 0 0 
2014/10/13 84 84.1 80.5 81 205 0 0 0 0 0 0 0 0 0 
2014/10/14 80.8 82 80.5 81.9 169 0 0 0 0 0 0 0 0 0 
2014/10/15 81.5 82.2 81.1 81.3 95 0 0 0 0 0 0 0 0 0 
2014/10/16 80.5 81.5 78.6 81.3 170 0 0 0 0 0 0 0 0 0 
2014/10/17 81.3 81.3 79.6 80.1 130 0 0 0 0 0 0 0 0 0 
2014/10/20 80.9 81.1 80.4 81.1 75 0 0 0 0 0 0 0 0 0 
2014/10/21 81.1 81.1 79.9 80 88 0 0 0 0 0 0 0 0 0 
2014/10/22 80.7 80.8 79.7 80.5 37 0 0 0 0 0 0 0 0 0 
2014/10/23 80 80 79.2 79.6 73 0 0 0 0 0 0 0 0 0 
2014/10/24 79.8 79.8 78 78.1 111 0 0 0 0 0 0 0 0 0 
2014/10/27 77.6 78 76.9 77.2 114 0 0 0 0 0 0 0 0 0 
2014/10/28 78 79.4 77.9 79.4 61 0 0 0 0 0 0 0 0 0 
2014/10/29 80.5 81 80.1 80.9 81 0 0 0 0 0 0 0 0 0 
2014/10/30 80.8 81.3 80.7 80.9 32 0 0 0 0 0 0 0 0 0 
2014/10/31 81.7 81.7 81.2 81.3 33 0 0 0 0 0 0 0 0 0 
2014/11/03 81.2 81.2 80 80.3 69 0 0 0 0 0 0 0 0 0 
2014/11/04 80.3 80.6 80 80 25 0 0 0 0 0 0 0 0 0 
2014/11/05 81.5 81.5 80.2 80.4 27 0 0 0 0 0 0 0 0 0 
2014/11/06 80.8 80.8 80.1 80.1 31 0 0 0 0 0 0 0 0 0 
2014/11/07 80.1 80.3 80.1 80.3 17 0 0 0 0 0 0 0 0 0 
2014/11/10 80.5 81.5 80.5 81.5 42 0 0 0 0 0 0 0 0 0 
2014/11/11 81.5 82.6 81.5 81.9 49 0 0 0 0 0 0 0 0 0 
2014/11/12 81.5 81.5 80.7 81 41 0 0 0 0 0 0 0 0 0 
2014/11/13 80.5 81.2 79.6 80 106 0 0 0 0 0 0 0 0 0 
2014/11/14 81.5 81.5 80 80 37 0 0 0 0 0 0 0 0 0 
2014/11/17 80.1 80.1 78.8 79.5 53 0 0 0 0 0 0 0 0 0 
2014/11/18 79.4 79.8 78.6 79.3 49 0 0 0 0 0 0 0 0 0 
2014/11/19 79.5 80 79 80 32 0 0 0 0 0 0 0 0 0 
2014/11/20 79.9 80.4 79.7 80.1 29 0 0 0 0 0 0 0 0 0 
2014/11/21 80.5 80.6 80.2 80.6 19 0 0 0 0 0 0 0 0 0 
2014/11/24 80.4 80.4 79.7 80 30 0 0 0 0 0 0 0 0 0 
2014/11/25 80.5 80.5 79.3 79.3 51 0 0 0 0 0 0 0 0 0 
2014/11/26 79.9 79.9 79.2 79.2 30 0 0 0 0 0 0 0 0 0 
2014/11/27 79.6 79.7 79.3 79.6 28 0 0 0 0 0 0 0 0 0 
2014/11/28 79.7 79.7 79.4 79.4 32 0 0 0 0 0 0 0 0 0 
2014/12/01 77 79.7 77 79.1 78 0 0 0 0 0 0 0 0 0 
2014/12/02 79.8 79.8 78.4 78.6 59 0 0 0 0 0 0 0 0 0 
2014/12/03 78.6 80.2 78.5 79.3 68 0 0 0 0 0 0 0 0 0 
2014/12/04 79.4 80 79.3 79.8 20 0 0 0 0 0 0 0 0 0 
2014/12/05 79.5 79.8 79.3 79.3 50 0 0 0 0 0 0 0 0 0 
2014/12/08 80 80 79.3 79.6 28 0 0 0 0 0 0 0 0 0 
2014/12/09 79.6 80.1 79.6 80 54 0 0 0 0 0 0 0 0 0 
2014/12/10 79.5 80.2 79.5 80.2 83 0 0 0 0 0 0 0 0 0 
2014/12/11 79.8 80.2 79.8 80.2 37 0 0 0 0 0 0 0 0 0 
2014/12/12 80.2 80.5 80 80.5 28 0 0 0 0 0 0 0 0 0 
2014/12/15 80.2 80.5 80 80.2 39 0 0 0 0 0 0 0 0 0 
2014/12/16 80.5 80.8 79.5 79.5 83 0 0 0 0 0 0 0 0 0 
2014/12/17 79.5 80.3 79 79.9 128 0 0 0 0 0 0 0 0 0 
2014/12/18 79.9 80.6 79.7 80.4 69 0 0 0 0 0 0 0 0 0 
2014/12/19 80.4 80.5 79.9 80.2 70 0 0 0 0 0 0 0 0 0 
2014/12/22 80.3 81 80.3 81 52 0 0 0 0 0 0 0 0 0 
2014/12/23 81 81.1 80.8 80.8 47 0 0 0 0 0 0 0 0 0 
2014/12/24 80.9 81.2 80.5 81.1 54 0 0 0 0 0 0 0 0 0 
2014/12/25 81.2 81.4 80.7 80.8 20 0 0 0 0 0 0 0 0 0 
2014/12/26 82.8 82.8 81.1 81.8 29 0 0 0 0 0 0 0 0 0 
2014/12/27 81.3 81.5 81.1 81.3 11 0 0 0 0 0 0 0 0 0 
2014/12/29 81.3 82.5 81.3 82 35 0 0 0 0 0 0 0 0 0 
2014/12/30 82 82 81.6 82 39 0 0 0 0 0 0 0 0 0 
2014/12/31 82 82.2 81.6 81.6 19 0 0 0 0 0 0 0 0 0 
2015/01/05 81.6 82 81 82 37 0 0 0 0 0 0 0 0 0 
2015/01/06 81.9 82 81.5 82 100 0 0 0 0 0 0 0 0 0 
2015/01/07 81.5 82.2 81.5 82 21 0 0 0 0 0 0 0 0 0 
2015/01/08 82 82.1 82 82.1 33 0 0 0 0 0 0 0 0 0 
2015/01/09 82.3 82.3 82.1 82.3 19 0 0 0 0 0 0 0 0 0 
2015/01/12 81 82.1 81 82 46 0 0 0 0 0 0 0 0 0 
2015/01/13 82 82.8 82 82.4 29 0 0 0 0 0 0 0 0 0 
2015/01/14 82.9 82.9 82.1 82.5 31 0 0 0 0 0 0 0 0 0 
2015/01/15 82.5 82.5 82 82.1 14 0 0 0 0 0 0 0 0 0 
2015/01/16 82.1 82.1 81.1 81.8 71 0 0 0 0 0 0 0 0 0 
2015/01/19 82 82.5 81.9 82.1 40 0 0 0 0 0 0 0 0 0 
2015/01/20 82 82.5 81.8 82 44 0 0 0 0 0 0 0 0 0 
2015/01/21 82.3 82.6 82.2 82.6 82 0 0 0 0 0 0 0 0 0 
2015/01/22 82.6 82.7 82.4 82.7 34 0 0 0 0 0 0 0 0 0 
2015/01/23 83 85.3 82.8 84.1 103 0 0 0 0 0 0 0 0 0 
2015/01/26 83.7 83.7 83.1 83.2 32 0 0 0 0 0 0 0 0 0 
2015/01/27 83 84.5 83 84 56 0 0 0 0 0 0 0 0 0 
2015/01/28 84.3 84.3 83.4 83.4 44 0 0 0 0 0 0 0 0 0 
2015/01/29 83.4 83.9 83 83.8 34 0 0 0 0 0 0 0 0 0 
2015/01/30 83.4 83.8 83.4 83.8 10 0 0 0 0 0 0 0 0 0 
2015/02/02 84.9 85.1 84.4 85 105 0 0 0 0 0 0 0 0 0 
2015/02/03 85.1 85.3 84.4 84.4 36 0 0 0 0 0 0 0 0 0 
2015/02/04 84.5 84.5 84 84.4 44 0 0 0 0 0 0 0 0 0 
2015/02/05 85 85 84.4 84.4 17 0 0 0 0 0 0 0 0 0 
2015/02/06 84.2 84.2 84 84.1 16 0 0 0 0 0 0 0 0 0 
2015/02/09 83.9 84.4 83.7 84 10 0 0 0 0 0 0 0 0 0 
2015/02/10 83.5 84.6 83.5 84.3 26 0 0 0 0 0 0 0 0 0 
2015/02/11 83.8 83.8 83.4 83.5 21 0 0 0 0 0 0 0 0 0 
2015/02/12 83.5 84.2 83.5 84.2 14 0 0 0 0 0 0 0 0 0 
2015/02/13 83.6 84 83.6 83.8 25 0 0 0 0 0 0 0 0 0 
2015/02/24 83.6 83.6 83.1 83.3 48 0 0 0 0 0 0 0 0 0 
2015/02/25 83.3 84 83.3 83.7 59 0 0 0 0 0 0 0 0 0 
2015/02/26 83.3 83.9 83.1 83.6 60 0 0 0 0 0 0 0 0 0 
2015/03/02 83.3 84.4 83.1 84 51 0 0 0 0 0 0 0 0 0 
2015/03/03 83.7 84.3 83.7 83.8 15 0 0 0 0 0 0 0 0 0 
2015/03/04 83.8 84 83.6 84 31 0 0 0 0 0 0 0 0 0 
2015/03/05 83.8 84.4 83.6 83.7 26 0 0 0 0 0 0 0 0 0 
2015/03/06 83.6 84.9 83.5 84.5 61 0 0 0 0 0 0 0 0 0 
2015/03/09 84.4 84.4 83.7 83.7 23 0 0 0 0 0 0 0 0 0 
2015/03/10 83.8 83.8 83.5 83.5 14 0 0 0 0 0 0 0 0 0 
2015/03/11 83.1 84 83 83.9 63 0 0 0 0 0 0 0 0 0 
2015/03/12 83.8 84 83.7 83.7 32 0 0 0 0 0 0 0 0 0 
2015/03/13 83.9 84.5 83.6 84.3 79 0 0 0 0 0 0 0 0 0 
2015/03/16 84.3 84.5 83.8 84.5 34 0 0 0 0 0 0 0 0 0 
2015/03/17 84.1 84.3 84 84 13 0 0 0 0 0 0 0 0 0 
2015/03/18 84.1 84.4 83.8 83.9 44 0 0 0 0 0 0 0 0 0 
2015/03/19 83.9 84.7 83.7 84.5 53 0 0 0 0 0 0 0 0 0 
2015/03/20 84.5 85.7 84.1 85.5 73 0 0 0 0 0 0 0 0 0 
2015/03/23 85.8 85.8 84.8 85 76 0 0 0 0 0 0 0 0 0 
2015/03/24 84.6 85 84.3 85 19 0 0 0 0 0 0 0 0 0 
2015/03/25 84.7 84.8 82.6 84.5 296 0 0 0 0 0 0 0 0 0 
2015/03/26 84 84.7 83.3 84.7 88 0 0 0 0 0 0 0 0 0 
2015/03/27 84.7 85 84 85 164 0 0 0 0 0 0 0 0 0 
2015/03/30 84.1 86.6 84.1 85.7 227 0 0 0 0 0 0 0 0 0 
2015/03/31 86 86 84.2 84.5 254 0 0 0 0 0 0 0 0 0 
2015/04/01 84.5 85.5 84.5 85.5 70 0 0 0 0 0 0 0 0 0 
2015/04/02 85.5 85.5 85 85.2 27 0 0 0 0 0 0 0 0 0 
2015/04/07 85.5 85.5 84.2 85 149 0 0 0 0 0 0 0 0 0 
2015/04/08 85 85 84.7 85 35 0 0 0 0 0 0 0 0 0 
2015/04/09 85 85.8 85 85.7 67 0 0 0 0 0 0 0 0 0 
2015/04/10 85.7 86.2 85.5 86.1 58 0 0 0 0 0 0 0 0 0 
2015/04/13 86.1 87.4 86.1 87.1 89 0 0 0 0 0 0 0 0 0 
2015/04/14 87.1 87.1 86.5 87 32 0 0 0 0 0 0 0 0 0 
2015/04/15 87 87.2 86.2 86.5 96 0 0 0 0 0 0 0 0 0 
2015/04/16 86.1 86.5 85.5 86.2 34 0 0 0 0 0 0 0 0 0 
2015/04/17 86.2 86.5 85.9 86.2 61 0 0 0 0 0 0 0 0 0 
2015/04/20 86.4 88.8 86.4 88.5 173 0 0 0 0 0 0 0 0 0 
2015/04/21 89.5 89.5 86.5 86.8 146 0 0 0 0 0 0 0 0 0 
2015/04/22 86.4 87.3 86.4 87.3 67 0 0 0 0 0 0 0 0 0 
2015/04/23 87 88.4 87 87.9 97 0 0 0 0 0 0 0 0 0 
2015/04/24 87.9 88.9 87.2 87.5 159 0 0 0 0 0 0 0 0 0 
2015/04/27 88 88.3 87.3 87.7 83 0 0 0 0 0 0 0 0 0 
2015/04/28 87.7 88.6 87.3 88.5 96 0 0 0 0 0 0 0 0 0 
2015/04/29 89.2 89.2 88.4 89.1 140 0 0 0 0 0 0 0 0 0 
2015/04/30 89.9 91 89.5 89.8 227 0 0 0 0 0 0 0 0 0 
2015/05/04 90 90.5 89.2 89.6 70 0 0 0 0 0 0 0 0 0 
2015/05/05 89.5 89.5 88.4 88.7 108 0 0 0 0 0 0 0 0 0 
2015/05/06 88.5 89.8 87.8 89.8 107 0 0 0 0 0 0 0 0 0 
2015/05/07 89 89.9 89 89.2 52 0 0 0 0 0 0 0 0 0 
2015/05/08 88.5 89.5 88.5 89.3 36 0 0 0 0 0 0 0 0 0 
2015/05/11 88.6 88.6 85 86.8 255 0 0 0 0 0 0 0 0 0 
2015/05/12 86.8 86.9 86.3 86.4 150 0 0 0 0 0 0 0 0 0 
2015/05/13 86.4 86.8 86 86 57 0 0 0 0 0 0 0 0 0 
2015/05/14 86.5 86.8 85.8 86 134 0 0 0 0 0 0 0 0 0 
2015/05/15 85.5 86 85.4 85.7 106 0 0 0 0 0 0 0 0 0 
2015/05/18 85.5 87.3 85.5 87 51 0 0 0 0 0 0 0 0 0 
2015/05/19 86.5 87 86.5 87 51 0 0 0 0 0 0 0 0 0 
2015/05/20 86.2 87 86.2 87 53 0 0 0 0 0 0 0 0 0 
2015/05/21 85 86.8 85 86.8 57 0 0 0 0 0 0 0 0 0 
2015/05/22 85.4 86 85.4 86 58 0 0 0 0 0 0 0 0 0 
2015/05/25 85.1 85.7 84.6 85.7 103 0 0 0 0 0 0 0 0 0 
2015/05/26 85.7 86 85.6 86 38 0 0 0 0 0 0 0 0 0 
2015/05/27 84.5 86.3 84.5 86.3 36 0 0 0 0 0 0 0 0 0 
2015/05/28 85.1 86.9 85.1 86.9 34 0 0 0 0 0 0 0 0 0 
2015/05/29 86.9 87 86.2 87 59 0 0 0 0 0 0 0 0 0 
2015/06/01 87.5 87.5 86.8 87 38 0 0 0 0 0 0 0 0 0 
2015/06/02 86.4 87.5 86.3 87 32 0 0 0 0 0 0 0 0 0 
2015/06/03 87 87 85.9 86.3 78 0 0 0 0 0 0 0 0 0 
2015/06/04 86.3 86.8 85.2 86.4 191 0 0 0 0 0 0 0 0 0 
2015/06/05 86.4 86.4 84.3 86.3 133 0 0 0 0 0 0 0 0 0 
2015/06/08 86.3 86.3 84.6 86 131 0 0 0 0 0 0 0 0 0 
2015/06/09 86 86 84.4 85.5 112 0 0 0 0 0 0 0 0 0 
2015/06/10 85.5 86.1 84 84.1 60 0 0 0 0 0 0 0 0 0 
2015/06/11 84.4 86.2 84 85 84 0 0 0 0 0 0 0 0 0 
2015/06/12 85.9 85.9 84.1 84.2 30 0 0 0 0 0 0 0 0 0 
2015/06/15 84 84 82.7 82.9 47 0 0 0 0 0 0 0 0 0 
2015/06/16 82.1 82.7 81.6 82.2 234 0 0 0 0 0 0 0 0 0 
2015/06/17 82.2 82.2 81.3 81.8 140 0 0 0 0 0 0 0 0 0 
2015/06/18 82.5 82.5 81.6 81.7 137 0 0 0 0 0 0 0 0 0 
2015/06/22 81.7 82 81.4 82 71 0 0 0 0 0 0 0 0 0 
2015/06/23 82.9 82.9 81.7 82 93 0 0 0 0 0 0 0 0 0 
2015/06/24 82.1 82.6 82 82.1 53 0 0 0 0 0 0 0 0 0 
2015/06/25 83.5 83.5 82 82 39 0 0 0 0 0 0 0 0 0 
2015/06/26 81.8 82.4 81.8 82.2 41 0 0 0 0 0 0 0 0 0 
2015/06/29 82 82.6 81.6 82.4 31 0 0 0 0 0 0 0 0 0 
2015/06/30 82.3 83.5 81.8 83 41 0 0 0 0 0 0 0 0 0 
2015/07/01 82.7 83.4 82.2 82.3 23 0 0 0 0 0 0 0 0 0 
2015/07/02 83.1 83.4 82.5 83.4 31 0 0 0 0 0 0 0 0 0 
2015/07/03 83.3 83.3 81.6 82.2 51 0 0 0 0 0 0 0 0 0 
2015/07/06 83 83 82.3 82.3 4 0 0 0 0 0 0 0 0 0 
2015/07/07 82.8 83.1 82.4 82.4 27 0 0 0 0 0 0 0 0 0 
2015/07/08 82.3 82.6 82.2 82.6 74 0 0 0 0 0 0 0 0 0 
2015/07/09 81 84.4 81 83 73 0 0 0 0 0 0 0 0 0 
2015/07/13 83.5 83.5 82.6 83.1 11 0 0 0 0 0 0 0 0 0 
2015/07/14 82.8 83.3 82.3 83.1 65 0 0 0 0 0 0 0 0 0 
2015/07/15 83.1 83.5 82.7 83.5 35 0 0 0 0 0 0 0 0 0 
2015/07/16 83.5 84.5 83.4 84.3 30 0 0 0 0 0 0 0 0 0 
2015/07/17 84.5 84.8 83.6 84.2 56 0 0 0 0 0 0 0 0 0 
2015/07/20 84.8 84.8 84.1 84.5 55 0 0 0 0 0 0 0 0 0 
2015/07/21 84.3 84.5 84.1 84.4 57 0 0 0 0 0 0 0 0 0 
2015/07/22 84.5 84.5 84 84.4 5 0 0 0 0 0 0 0 0 0 
2015/07/23 84.4 84.5 83.3 84.4 13 0 0 0 0 0 0 0 0 0 
2015/07/24 83.3 84.2 83.3 84.1 24 0 0 0 0 0 0 0 0 0 
2015/07/27 84.1 84.1 82 82.9 68 0 0 0 0 0 0 0 0 0 
2015/07/28 80.6 85 80.6 84.4 128 0 0 0 0 0 0 0 0 0 
2015/07/29 85.2 85.3 83.3 84.3 30 0 0 0 0 0 0 0 0 0 
2015/07/30 83.5 84.1 83.5 84 12 0 0 0 0 0 0 0 0 0 
2015/07/31 83.5 84 83 83 33 0 0 0 0 0 0 0 0 0 
2015/08/03 82.5 82.8 81 81 68 0 0 0 0 0 0 0 0 0 
2015/08/04 82.4 82.4 79.7 80.3 81 0 0 0 0 0 0 0 0 0 
2015/08/05 80.1 80.1 79.4 80.1 115 0 0 0 0 0 0 0 0 0 
2015/08/06 80 80.1 79.1 79.5 70 0 0 0 0 0 0 0 0 0 
2015/08/07 79.4 79.4 77.6 78.9 226 0 0 0 0 0 0 0 0 0 
2015/08/10 79.5 80 79.2 79.9 256 0 0 0 0 0 0 0 0 0 
2015/08/11 79.9 80 77.6 79 276 0 0 0 0 0 0 0 0 0 
2015/08/12 79 79 77.2 77.8 215 0 0 0 0 0 0 0 0 0 
2015/08/13 78 78.4 77.9 78.3 84 0 0 0 0 0 0 0 0 0 
2015/08/14 78.4 78.4 77.4 77.4 86 0 0 0 0 0 0 0 0 0 
2015/08/17 77.5 77.5 74.3 75 273 0 0 0 0 0 0 0 0 0 
2015/08/18 75.5 75.7 72 72.5 315 0 0 0 0 0 0 0 0 0 
2015/08/19 72.5 72.5 68 68.2 257 0 0 0 0 0 0 0 0 0 
2015/08/20 68.2 70.5 67.1 70.2 306 0 0 0 0 0 0 0 0 0 
2015/08/21 69.8 69.9 67.5 68.6 326 0 0 0 0 0 0 0 0 0 
2015/08/24 68.4 68.4 61.8 64.3 727 0 0 0 0 0 0 0 0 0 
2015/08/25 64.3 66 64 65.4 240 0 0 0 0 0 0 0 0 0 
2015/08/26 66 66.5 65 65.8 441 0 0 0 0 0 0 0 0 0 
2015/08/27 64 64.9 62.5 62.9 591 0 0 0 0 0 0 0 0 0 
2015/08/28 63.7 65.8 63.4 65.2 468 0 0 0 0 0 0 0 0 0 
2015/08/31 64.2 64.8 63 63.8 354 0 0 0 0 0 0 0 0 0 
2015/09/01 64 64.2 62.8 63.2 214 0 0 0 0 0 0 0 0 0 
2015/09/02 63 63.6 62 63.6 105 0 0 0 0 0 0 0 0 0 
2015/09/03 63.6 64.6 63.1 64.6 207 0 0 0 0 0 0 0 0 0 
2015/09/04 64.6 65.4 63.2 63.6 133 0 0 0 0 0 0 0 0 0 
2015/09/07 63.1 63.9 62.9 63.9 58 0 0 0 0 0 0 0 0 0 
2015/09/08 63.9 63.9 63.5 63.8 77 0 0 0 0 0 0 0 0 0 
2015/09/09 64.3 66.2 63.9 65.2 342 0 0 0 0 0 0 0 0 0 
2015/09/10 64.5 65.6 64.4 65 167 0 0 0 0 0 0 0 0 0 
2015/09/11 65.5 65.6 65.1 65.5 285 0 0 0 0 0 0 0 0 0 
2015/09/14 65.9 67.7 65.7 66.7 476 0 0 0 0 0 0 0 0 0 
2015/09/15 66.7 66.7 66.1 66.2 246 0 0 0 0 0 0 0 0 0 
2015/09/16 66.2 66.5 66 66 150 0 0 0 0 0 0 0 0 0 
2015/09/17 66.4 66.8 65.7 66.2 184 0 0 0 0 0 0 0 0 0 
2015/09/18 66.2 66.7 66.2 66.6 120 0 0 0 0 0 0 0 0 0 
2015/09/21 66.2 66.2 64.8 65.2 222 0 0 0 0 0 0 0 0 0 
2015/09/22 65.1 66.2 65.1 66 108 0 0 0 0 0 0 0 0 0 
2015/09/23 65.6 65.7 65.1 65.4 139 0 0 0 0 0 0 0 0 0 
2015/09/24 65.9 65.9 62 63.3 496 0 0 0 0 0 0 0 0 0 
2015/09/25 63.5 63.7 63.1 63.5 226 0 0 0 0 0 0 0 0 0 
2015/09/30 63.5 64 63.2 63.6 139 0 0 0 0 0 0 0 0 0 
2015/10/01 63.7 64.6 63.7 64 144 0 0 0 0 0 0 0 0 0 
2015/10/02 64 64.2 64 64 105 0 0 0 0 0 0 0 0 0 
2015/10/05 64.1 65 64.1 65 302 0 0 0 0 0 0 0 0 0 
2015/10/06 65.4 65.4 64 64.5 350 0 0 0 0 0 0 0 0 0 
2015/10/07 64.6 65.1 64.4 65.1 493 0 0 0 0 0 0 0 0 0 
2015/10/08 65.2 65.3 64 64.1 422 0 0 0 0 0 0 0 0 0 
2015/10/12 64.2 65.5 64.2 65.5 365 0 0 0 0 0 0 0 0 0 
2015/10/13 64.5 64.5 62.6 63.8 1064 0 0 0 0 0 0 0 0 0 
2015/10/14 63.8 65.1 63.1 65 393 0 0 0 0 0 0 0 0 0 
2015/10/15 65.6 65.6 64.1 65.1 223 0 0 0 0 0 0 0 0 0 
2015/10/16 65.5 65.5 64.8 65.1 363 0 0 0 0 0 0 0 0 0 
2015/10/19 65.3 65.7 65 65.6 374 0 0 0 0 0 0 0 0 0 
2015/10/20 65.7 66.9 65.7 66.9 662 0 0 0 0 0 0 0 0 0 
2015/10/21 67.4 69.3 67.4 69 1407 0 0 0 0 0 0 0 0 0 
2015/10/22 69 69.1 68.2 69 854 0 0 0 0 0 0 0 0 0 
2015/10/23 69.9 69.9 68.2 68.5 528 0 0 0 0 0 0 0 0 0 
2015/10/26 69 69 67.8 68.6 465 0 0 0 0 0 0 0 0 0 
2015/10/27 68.7 68.8 68 68.8 339 0 0 0 0 0 0 0 0 0 
2015/10/28 68.9 68.9 68 68 197 0 0 0 0 0 0 0 0 0 
2015/10/29 68.2 68.3 66.3 66.6 360 0 0 0 0 0 0 0 0 0 
2015/10/30 66.9 66.9 65.2 66.8 321 0 0 0 0 0 0 0 0 0 
2015/11/02 67.3 67.3 66.1 66.8 151 0 0 0 0 0 0 0 0 0 
2015/11/03 67 68.8 66.7 68.5 471 0 0 0 0 0 0 0 0 0 
2015/11/04 69 69 68.2 68.5 271 0 0 0 0 0 0 0 0 0 
2015/11/05 68.7 68.7 67.6 68.4 197 0 0 0 0 0 0 0 0 0 
2015/11/06 68.3 68.3 67.1 67.2 270 0 0 0 0 0 0 0 0 0 
2015/11/09 67 67 65.6 65.9 340 0 0 0 0 0 0 0 0 0 
2015/11/10 65.9 66.2 65.5 66 115 0 0 0 0 0 0 0 0 0 
2015/11/11 66.8 66.8 66 66.4 2356 0 0 0 0 0 0 0 0 0 
2015/11/12 67.5 71.5 67.4 70.8 1582 0 0 0 0 0 0 0 0 0 
2015/11/13 70 70 67.5 67.5 754 0 0 0 0 0 0 0 0 0 
2015/11/16 67.5 69.4 67.2 68.6 290 0 0 0 0 0 0 0 0 0 
2015/11/17 68.8 69.2 68 68.3 289 0 0 0 0 0 0 0 0 0 
2015/11/18 68.4 69.1 68 68.5 214 0 0 0 0 0 0 0 0 0 
2015/11/19 68.9 69.7 68.2 69.6 379 0 0 0 0 0 0 0 0 0 
2015/11/20 69.8 70 68.6 69.1 179 0 0 0 0 0 0 0 0 0 
2015/11/23 69 69.5 68.7 68.9 143 0 0 0 0 0 0 0 0 0 
2015/11/24 69 69.6 68.6 69.4 209 0 0 0 0 0 0 0 0 0 
2015/11/25 69.8 69.8 68.8 69.5 139 0 0 0 0 0 0 0 0 0 
2015/11/26 70.1 70.1 69.3 69.3 162 0 0 0 0 0 0 0 0 0 
2015/11/27 69.3 69.8 69.2 69.7 120 0 0 0 0 0 0 0 0 0 
2015/11/30 69.5 69.5 68.6 68.6 172 0 0 0 0 0 0 0 0 0 
2015/12/01 69.1 69.3 68.7 69 103 0 0 0 0 0 0 0 0 0 
2015/12/02 69 69.6 68.9 69.1 170 0 0 0 0 0 0 0 0 0 
2015/12/03 69.1 70.4 69 69.7 234 0 0 0 0 0 0 0 0 0 
2015/12/04 69.7 70.3 69.5 69.9 85 0 0 0 0 0 0 0 0 0 
2015/12/07 70.3 70.4 69.4 69.6 159 0 0 0 0 0 0 0 0 0 
2015/12/08 69.6 69.8 69.2 69.5 96 0 0 0 0 0 0 0 0 0 
2015/12/09 69.1 69.7 68.7 69 122 0 0 0 0 0 0 0 0 0 
2015/12/10 69 69.4 67.5 69.4 207 0 0 0 0 0 0 0 0 0 
2015/12/11 69.6 69.6 68.5 69.2 194 0 0 0 0 0 0 0 0 0 
2015/12/14 69 69.6 68 69.5 298 0 0 0 0 0 0 0 0 0 
2015/12/15 69.7 69.8 69.1 69.7 143 0 0 0 0 0 0 0 0 0 
2015/12/16 70 70 69.6 70 93 0 0 0 0 0 0 0 0 0 
2015/12/17 70.2 70.2 69.5 69.6 142 0 0 0 0 0 0 0 0 0 
2015/12/18 69.9 70.3 69.6 70.3 105 0 0 0 0 0 0 0 0 0 
2015/12/21 70 70 69.7 69.9 46 0 0 0 0 0 0 0 0 0 
2015/12/22 69.9 70.2 69.5 69.6 62 0 0 0 0 0 0 0 0 0 
2015/12/23 70 70.1 69.4 69.6 75 0 0 0 0 0 0 0 0 0 
2015/12/24 70 70.1 69.5 69.5 61 0 0 0 0 0 0 0 0 0 
2015/12/25 69.6 70.1 69.5 70 131 0 0 0 0 0 0 0 0 0 
2015/12/28 70.1 70.2 69.8 70 125 0 0 0 0 0 0 0 0 0 
2015/12/29 70 71 69.9 71 195 0 0 0 0 0 0 0 0 0 
2015/12/30 71.3 71.5 70.5 70.5 100 0 0 0 0 0 0 0 0 0 
2015/12/31 70.8 70.8 70.1 70.5 38 0 0 0 0 0 0 0 0 0 
2016/01/04 70.5 72.5 69.3 71.9 246 0 0 0 0 0 0 0 0 0 
2016/01/05 71.5 71.8 70.2 70.5 147 0 0 0 0 0 0 0 0 0 
2016/01/06 70.5 71 70 70.2 91 0 0 0 0 0 0 0 0 0 
2016/01/07 70.2 70.4 68.6 69 239 0 0 0 0 0 0 0 0 0 
2016/01/08 68.6 69.9 68.6 69.7 89 0 0 0 0 0 0 0 0 0 
2016/01/11 69.6 69.6 68.4 68.7 131 0 0 0 0 0 0 0 0 0 
2016/01/12 68.7 69.2 68.7 69 103 0 0 0 0 0 0 0 0 0 
2016/01/13 69.6 69.6 69 69.5 73 0 0 0 0 0 0 0 0 0 
2016/01/14 69.2 70.3 69 69.5 105 0 0 0 0 0 0 0 0 0 
2016/01/15 69.7 69.8 69.3 69.6 85 0 0 0 0 0 0 0 0 0 
2016/01/18 69.6 71.1 69 70.9 119 0 0 0 0 0 0 0 0 0 
2016/01/19 70.9 73 70.9 71.7 247 0 0 0 0 0 0 0 0 0 
2016/01/20 71.7 72.3 71 71.8 97 0 0 0 0 0 0 0 0 0 
2016/01/21 71.7 71.7 70.6 71 72 0 0 0 0 0 0 0 0 0 
2016/01/22 71.5 71.5 70.9 70.9 32 0 0 0 0 0 0 0 0 0 
2016/01/25 72 72 70.9 71 56 0 0 0 0 0 0 0 0 0 
2016/01/26 71.8 71.8 70.9 71.5 12 0 0 0 0 0 0 0 0 0 
2016/01/27 71.6 71.6 70.9 71.4 51 0 0 0 0 0 0 0 0 0 
2016/01/28 71.8 71.9 71.5 71.8 95 0 0 0 0 0 0 0 0 0 
2016/01/29 72.3 72.5 71.3 71.9 117 0 0 0 0 0 0 0 0 0 
2016/01/30 72 72 71.4 71.9 30 0 0 0 0 0 0 0 0 0 
2016/02/01 71.9 72.3 71.4 72 127 0 0 0 0 0 0 0 0 0 
2016/02/02 72.3 72.3 72 72 117 0 0 0 0 0 0 0 0 0 
2016/02/03 72 72.6 72 72.3 119 0 0 0 0 0 0 0 0 0 
2016/02/15 71.8 72.6 71.8 72.4 40 0 0 0 0 0 0 0 0 0 
2016/02/16 72.4 72.6 72.2 72.4 70 0 0 0 0 0 0 0 0 0 
2016/02/17 72.6 72.6 72.2 72.5 63 0 0 0 0 0 0 0 0 0 
2016/02/18 72.5 73.2 72.5 73 153 0 0 0 0 0 0 0 0 0 
2016/02/19 73.8 73.8 73 73.3 68 0 0 0 0 0 0 0 0 0 
2016/02/22 73.9 76 73.6 75.8 135 373 0 17448 9 442 17899 0 0.92 0 
2016/02/23 76 76.2 75.2 75.7 136 353 0 17494 9 441 17944 0 0.87 0 
2016/02/24 76 76 74.2 75.4 147 357 0 17575 0 441 18016 0 0.88 0 
2016/02/25 76 76 75.4 75.8 49 357 0 17609 0 441 18050 0 0.88 0 
2016/02/26 75.6 78.3 75.4 77.8 147 357 0 17675 0 441 18116 1 0.88 0 
2016/03/01 78.1 78.1 76.6 77.8 121 357 0 17752 0 441 18193 0 0.88 0 
2016/03/02 77.9 79.3 77.9 78.6 220 357 0 17857 0 441 18298 0 0.88 0 
2016/03/03 78.6 79.4 78.5 78.8 118 324 0 17920 0 441 18361 0 0.8 0 
2016/03/04 78.9 79.2 78.7 78.8 85 319 0 17973 0 441 18414 1 0.79 0 
2016/03/07 78.8 79 78.5 78.6 65 313 0 17990 0 441 18431 0 0.77 0 
2016/03/08 77.8 78.6 77.5 78.1 118 315 0 18038 10 443 18491 0 0.78 0 
2016/03/09 77.5 78.1 77.5 77.5 137 312 0 18131 10 443 18584 0 0.77 0 
2016/03/10 76.6 77.2 76.3 77 206 328 0 18267 10 443 18720 0 0.81 0 
2016/03/11 76.8 78.3 76.7 77.7 89 325 0 18292 10 443 18745 0 0.8 0 
2016/03/14 76.6 77.6 76.6 77.2 107 326 0 18320 10 443 18773 0 0.8 0 
2016/03/15 76.7 77.1 76.7 76.8 53 331 0 18331 10 443 18784 0 0.82 0 
2016/03/16 76.8 77.2 76.8 77.2 43 330 0 18331 10 443 18784 0 0.81 0 
2016/03/17 77 77.1 76.7 77 75 328 0 18381 10 443 18834 0 0.81 0 
2016/03/18 77 77.1 76.6 77.1 38 330 0 18393 10 443 18846 0 0.81 0 
2016/03/21 77.1 77.2 76.9 77 52 330 0 18394 10 443 18847 0 0.81 0 
2016/03/22 76.8 77.2 76.7 77 18 330 0 18406 10 443 18859 0 0.81 0 
2016/03/23 76.7 77.4 76.6 77.3 49 330 0 18451 10 443 18904 0 0.81 0 
2016/03/24 77 79 77 78 102 310 0 18522 10 443 18975 0 0.77 0 
2016/03/25 77.9 78.4 77.5 78 52 312 0 18546 10 443 18999 0 0.77 0 
2016/03/28 78 78.1 77.7 78 41 312 0 18559 10 443 19012 0 0.77 0 
2016/03/29 78 78 77.4 78 111 300 0 18631 10 443 19084 0 0.74 0 
2016/03/30 78 78.1 77.8 78.1 89 292 0 18693 10 443 19146 0 0.72 0 
2016/03/31 78.2 78.3 77.6 77.6 115 241 0 18783 3 444 19230 0 0.6 0 
2016/04/01 77.6 78.9 77.3 78 110 273 0 18817 3 443 19263 0 0.67 0 
2016/04/06 78 78 77 77.1 55 292 0 18828 3 442 19273 0 0.72 0 
2016/04/07 77.1 77.1 76.2 76.2 102 306 0 18850 3 441 19294 0 0.76 0 
2016/04/08 75.9 76.4 75.6 76 108 300 0 18878 3 441 19322 0 0.74 0 
2016/04/11 76 76 75.1 75.2 54 300 0 18894 3 441 19338 0 0.74 0 
2016/04/12 75.3 75.6 74.1 74.1 112 301 0 18884 3 441 19328 0 0.74 0 
2016/04/13 74.1 74.4 73.5 74.4 63 299 0 18907 3 441 19351 0 0.74 0 
2016/04/14 74.4 75 74.4 75 27 299 0 18918 3 441 19362 0 0.74 0 
2016/04/15 75 75 74 74.2 42 300 0 18922 0 441 19363 0 0.74 0 
2016/04/18 74.2 74.5 74.2 74.5 16 300 0 18926 0 441 19367 0 0.74 0 
2016/04/19 74.5 75 74.1 74.2 41 300 0 18940 0 441 19381 0 0.74 0 
2016/04/20 74 74.9 73.6 73.7 47 300 0 18935 0 441 19376 0 0.74 0 
2016/04/21 74 75.5 73.8 75 71 303 0 18973 0 441 19414 0 0.75 0 
2016/04/22 74.8 74.8 73 73 54 303 0 18959 0 441 19400 0 0.75 0 
2016/04/25 72 74.2 72 73.8 115 301 0 19007 0 441 19448 0 0.74 0 
2016/04/26 74.2 74.4 73.9 74.3 44 301 0 19012 0 441 19453 0 0.74 0 
2016/04/27 73.2 73.7 73.2 73.5 37 302 0 18996 0 441 19437 0 0.75 0 
2016/04/28 73.8 73.8 72.6 72.7 38 302 0 18997 0 441 19438 0 0.75 0 
2016/04/29 72.7 73 71.5 71.9 94 302 0 18974 0 441 19415 0 0.75 0 
2016/05/03 71 71.7 71 71.7 52 302 2 18980 0 441 19421 0 0.75 0.66 
2016/05/04 71.5 73.3 70.9 72.4 66 309 3 18990 0 441 19431 0 0.76 0.97 
2016/05/05 71.6 71.7 71.1 71.4 71 312 0 18979 0 441 19420 0 0.77 0 
2016/05/06 71.4 71.5 71.1 71.5 31 316 0 18978 0 441 19419 0 0.78 0 
2016/05/09 71.4 72.5 71.4 72.1 72 316 0 18993 0 441 19434 2 0.78 0 
2016/05/10 72.3 72.3 72 72 6 316 0 18992 0 441 19433 0 0.78 0 
2016/05/11 72 73.5 72 73.5 113 306 2 19041 0 441 19482 1 0.76 0.65 
2016/05/12 72.5 73 72.5 72.5 30 303 2 19033 0 441 19474 0 0.75 0.66 
2016/05/13 73 73 71.6 71.7 44 302 2 19020 0 441 19461 0 0.75 0.66 
2016/05/16 71.2 71.4 70.8 71.2 26 301 2 19012 0 441 19453 0 0.74 0.66 
2016/05/17 71.9 71.9 70.7 71.7 36 298 2 19018 0 441 19459 0 0.74 0.67 
2016/05/18 70.9 72.3 70.9 71.5 78 298 2 19052 0 441 19493 0 0.74 0.67 
2016/05/19 71.6 71.6 70.8 71 61 298 2 19029 0 441 19470 0 0.74 0.67 
2016/05/20 71 71.6 70.9 71.6 38 298 2 19037 0 441 19478 0 0.74 0.67 
2016/05/23 71.2 72.7 71 71.9 133 291 2 19095 0 461 19556 0 0.72 0.69 
2016/05/24 71.5 72.2 71.5 72 43 291 2 19107 0 461 19568 0 0.72 0.69 
2016/05/25 72.2 73.4 72.1 73 106 291 2 19152 0 461 19613 0 0.72 0.69 
2016/05/26 72.2 73.1 72.2 72.6 51 290 2 19159 0 461 19620 0 0.72 0.69 
2016/05/27 72.6 72.8 72.3 72.7 32 289 2 19179 0 461 19640 0 0.71 0.69 
2016/05/30 72.1 73 72.1 72.9 37 289 2 19188 0 461 19649 0 0.71 0.69 
2016/05/31 73 73.9 72.6 73.3 67 291 2 19215 0 461 19676 0 0.72 0.69 
2016/06/01 73.3 73.9 73.3 73.9 33 291 2 19219 0 461 19680 0 0.72 0.69 
2016/06/02 73.9 74.3 73.5 74.2 58 291 2 19238 0 461 19699 0 0.72 0.69 
2016/06/03 73.9 74.8 73.9 74.6 46 291 3 19258 0 461 19719 0 0.72 1.03 
2016/06/04 76 77.5 75.7 75.7 235 316 3 19258 0 461 19719 46 0.78 0.95 
2016/06/06 75.7 76.6 75.2 75.2 70 306 3 19269 0 461 19730 0 0.76 0.98 
2016/06/07 75.2 75.6 75.1 75.1 33 304 3 19276 0 461 19737 0 0.75 0.99 
2016/06/08 75.1 75.2 74.8 74.8 58 302 3 19271 0 461 19732 0 0.75 0.99 
2016/06/13 73.5 74.1 73.5 73.5 104 295 3 19263 0 461 19724 0 0.73 1.02 
2016/06/14 73.6 74.3 73.2 74.3 81 295 3 19283 0 462 19745 0 0.73 1.02 
2016/06/15 73.8 74.8 73.8 74.8 55 293 3 19313 0 462 19775 0 0.72 1.02 
2016/06/16 74 75 74 74.8 72 291 3 19355 0 462 19817 0 0.72 1.03 
2016/06/17 74.8 75.5 74 74.3 115 289 3 19382 0 461 19843 0 0.71 1.04 
2016/06/20 74.9 75.4 74.9 75.3 50 289 0 19402 0 462 19864 0 0.71 0 
2016/06/21 75 75.2 75 75 22 287 0 19408 0 462 19870 0 0.71 0 
2016/06/22 75 75.8 75 75.5 44 287 0 19420 0 462 19882 0 0.71 0 
2016/06/23 75 75.9 75 75.5 57 287 0 19426 0 462 19888 0 0.71 0 
2016/06/24 75.5 75.9 74.9 75 137 290 0 19532 0 462 19994 0 0.72 0 
2016/06/27 75.1 75.5 74.8 74.9 102 290 0 19577 0 462 20039 0 0.72 0 
2016/06/28 75 75.3 75 75 36 290 0 19589 0 462 20051 0 0.72 0 
2016/06/29 75.5 75.6 75.1 75.5 45 290 0 19582 0 465 20047 0 0.72 0 
2016/06/30 75.5 75.7 75.1 75.5 61 293 0 19587 3 465 20055 0 0.72 0 
2016/07/01 75.7 76 75.6 76 46 292 0 19595 3 465 20063 0 0.72 0 
2016/07/04 76 76.5 75.3 76.3 109 292 0 19624 3 465 20092 0 0.72 0 
2016/07/05 76.3 76.6 75.8 76 44 291 0 19635 3 465 20103 0 0.72 0 
2016/07/06 75.9 76.1 75.6 76 58 291 0 19645 3 465 20113 0 0.72 0 
2016/07/07 76 77 76 76.2 42 292 0 19649 3 461 20113 0 0.72 0 
2016/07/11 77.2 77.2 76.2 76.4 46 288 0 19645 3 461 20109 0 0.71 0 
2016/07/12 77 77 75.5 75.5 49 286 0 19651 3 461 20115 0 0.71 0 
2016/07/13 75.9 76 75.6 75.6 105 288 0 19688 3 460 20151 0 0.71 0 
2016/07/14 75.7 75.9 75.6 75.8 35 286 0 19689 3 460 20152 0 0.71 0 
2016/07/15 75.3 76.2 75.3 76 41 286 0 19700 3 460 20163 0 0.71 0 
2016/07/18 76 76.2 75.8 76 34 286 0 19707 3 460 20170 0 0.71 0 
2016/07/19 76 76 75.8 76 17 286 0 19710 3 461 20174 0 0.71 0 
2016/07/20 75.5 76.1 75.5 76.1 38 286 0 19725 3 461 20189 0 0.71 0 
2016/07/21 75.8 76.2 75.8 76.1 36 287 0 19732 3 464 20199 0 0.71 0 
2016/07/22 75.8 76 75.8 75.9 32 289 0 19743 3 464 20210 0 0.71 0 
2016/07/25 75.7 76.1 75.7 76.1 36 290 0 19752 3 465 20220 0 0.72 0 
2016/07/26 76.1 76.1 75.8 76 25 290 0 19758 3 465 20226 0 0.72 0 
2016/07/27 76 76.2 75.8 76 34 288 0 19761 3 465 20229 0 0.71 0 
2016/07/28 76.2 76.3 75.9 76 47 292 0 19771 3 465 20239 0 0.72 0 
2016/07/29 76 76.1 75.6 75.8 57 295 0 19779 3 465 20247 0 0.73 0 
2016/08/01 75.5 75.8 75.5 75.8 29 293 0 19783 3 465 20251 0 0.72 0 
2016/08/02 75.5 75.8 75.5 75.8 15 293 0 19784 3 465 20252 0 0.72 0 
2016/08/03 75.5 75.8 75 75.5 60 293 0 19795 3 465 20263 0 0.72 0 
2016/08/04 75.8 76.4 75.7 76.4 42 295 0 19813 3 462 20278 0 0.73 0 
2016/08/05 76.9 77.3 76.4 77 92 302 0 19841 3 462 20306 0 0.75 0 
2016/08/08 77.6 77.7 77 77.4 65 302 0 19845 3 462 20310 0 0.75 0 
2016/08/09 77.2 77.6 77.1 77.4 42 304 0 19844 3 462 20309 0 0.75 0 
2016/08/10 78 79 78 78.6 131 306 0 19857 3 467 20327 0 0.76 0 
2016/08/11 78.6 79.2 78.1 78.5 62 305 0 19863 3 465 20331 0 0.75 0 
2016/08/12 78.5 79.2 78.5 79.2 79 305 0 19893 3 465 20361 0 0.75 0 
2016/08/15 79.5 79.5 79 79.2 83 310 0 19913 3 465 20381 0 0.77 0 
2016/08/16 79.1 79.2 78.9 79 117 298 0 19895 3 465 20363 0 0.74 0 
2016/08/17 79.4 79.7 79.1 79.7 305 308 0 20003 3 471 20477 0 0.76 0 
2016/08/18 76 77.8 75.8 76.9 169 307 0 20055 3 465 20523 1 0.76 0 
2016/08/19 78 78 76.5 76.5 73 307 0 20043 3 465 20511 0 0.76 0 
2016/08/22 76.2 76.5 76 76 56 318 0 20051 3 465 20519 0 0.79 0 
2016/08/23 75.1 76 75.1 75.9 56 315 0 20066 3 465 20534 0 0.78 0 
2016/08/24 76.5 76.5 75.9 75.9 35 318 0 20079 3 465 20547 0 0.79 0 
2016/08/25 75.9 77.5 75.5 76.6 103 317 0 20140 3 462 20605 0 0.78 0 
2016/08/26 77.1 77.1 76.2 76.2 36 316 0 20136 3 462 20601 0 0.78 0 
2016/08/29 76.5 76.5 75.5 76 28 316 0 20137 3 460 20600 0 0.78 0 
2016/08/30 76.3 76.3 75.6 76.1 33 317 0 20137 3 460 20600 0 0.78 0 
2016/08/31 76.4 77.4 75.6 77.4 75 316 0 20169 3 455 20627 0 0.78 0 
2016/09/01 77.4 77.4 76.2 76.5 26 312 0 20168 3 455 20626 0 0.77 0 
2016/09/02 76.5 76.5 75.7 75.9 18 314 0 20169 3 455 20627 0 0.78 0 
2016/09/05 76.3 76.3 75.7 76.2 26 314 0 20168 3 455 20626 0 0.78 0 
2016/09/06 76.5 76.7 75.8 76 21 314 0 20172 3 455 20630 0 0.78 0 
2016/09/07 76 76.9 76 76.6 50 317 0 20176 23 455 20654 0 0.78 0 
2016/09/08 76.6 76.9 76.6 76.8 32 317 0 20182 23 455 20660 0 0.78 0 
2016/09/09 76.5 76.6 75.9 76.1 57 319 0 20200 23 455 20678 0 0.79 0 
2016/09/10 75.6 76 75.5 75.5 41 320 0 20206 23 455 20684 0 0.79 0 
2016/09/12 75.5 75.5 75.3 75.4 25 321 0 20215 23 455 20693 0 0.79 0 
2016/09/13 75.4 75.4 74.6 74.8 78 320 0 20236 23 453 20712 0 0.79 0 
2016/09/14 74.8 76.7 74.2 76.7 68 320 0 20268 23 453 20744 0 0.79 0 
2016/09/19 76.7 76.9 76.3 76.5 36 318 0 20284 23 453 20760 0 0.79 0 
2016/09/20 76.5 76.5 75.8 76 19 322 0 20286 23 453 20762 0 0.8 0 
2016/09/21 75.5 77.5 75.4 77.5 71 326 0 20332 23 449 20804 0 0.8 0 
2016/09/22 76.6 77.1 76.3 76.4 26 327 0 20347 4 449 20800 0 0.81 0 
2016/09/23 76.4 76.5 76.1 76.3 17 327 0 20349 4 449 20802 0 0.81 0 
2016/09/26 75.6 76.3 75.6 75.8 25 327 0 20347 4 449 20800 0 0.81 0 
2016/09/29 75.8 75.9 75.7 75.7 30 327 0 20361 4 449 20814 0 0.81 0 
2016/09/30 75.5 75.6 75.3 75.6 34 327 0 20355 4 449 20807 0 0.81 0 
2016/10/03 75.5 75.5 75.3 75.4 22 327 0 20344 4 449 20796 0 0.81 0 
2016/10/04 76.3 76.3 75.4 75.5 47 327 0 20357 4 448 20808 0 0.81 0 
2016/10/05 75.5 75.5 75.5 75.5 0 327 0 20357 4 448 20808 0 0.81 0 
2016/10/06 75.5 76 75.4 75.5 70 327 0 20391 4 448 20842 0 0.81 0 
2016/10/07 76.2 76.2 75.2 75.4 4 327 0 20389 3 448 20839 0 0.81 0 
2016/10/11 75.4 75.8 75.4 75.6 19 324 0 20394 3 448 20844 0 0.8 0 
2016/10/12 75.6 76 75.4 76 40 325 0 20393 3 450 20845 0 0.8 0 
2016/10/13 76 76.5 75.6 76.5 30 327 0 20398 3 450 20850 0 0.81 0 
2016/10/14 75.7 76.5 75.7 76.3 35 347 0 20401 3 453 20856 0 0.86 0 
2016/10/17 76.4 76.4 76.2 76.3 20 355 0 20407 3 453 20862 0 0.88 0 
2016/10/18 76.3 76.6 76 76.5 20 369 0 20405 3 453 20860 0 0.91 0 
2016/10/19 76.5 76.7 76.3 76.5 19 380 0 20410 3 449 20861 0 0.94 0 
2016/10/20 76.9 78 76.5 77.5 107 429 0 20434 0 447 20881 0 1.06 0 
2016/10/21 77.5 77.8 76.8 77 74 450 0 20412 0 446 20858 1 1.11 0 
2016/10/24 77 77.2 77 77.1 12 454 0 20416 0 446 20862 0 1.12 0 
2016/10/25 77.9 77.9 76.5 76.8 23 443 0 20422 0 446 20868 0 1.09 0 
2016/10/26 76.8 77.2 76.5 77.2 33 452 0 20427 0 446 20873 0 1.12 0 
2016/10/27 77 78.2 77 77.5 53 456 0 20440 0 446 20886 0 1.13 0 
2016/10/28 77.1 77.1 77 77 13 456 0 20445 0 446 20891 0 1.13 0 
2016/10/31 77 77.7 76.6 77.7 32 456 0 20453 0 446 20899 0 1.13 0 
2016/11/01 76.7 77.9 76.7 77.6 32 462 0 20452 0 446 20898 0 1.14 0 
2016/11/02 77.7 78 77.3 77.4 34 462 0 20472 0 456 20928 0 1.14 0 
2016/11/03 77.8 78 77.1 77.7 71 496 0 20479 0 460 20939 0 1.22 0 
2016/11/04 77.7 78.4 77.5 78.2 46 509 0 20504 0 460 20964 1 1.26 0 
2016/11/07 77.1 78.2 77.1 77.6 38 508 0 20522 0 462 20984 2 1.25 0 
2016/11/08 77.9 78 77.6 78 12 512 0 20518 0 462 20980 0 1.26 0 
2016/11/09 77.2 77.9 77.2 77.3 73 548 0 20538 0 451 20989 0 1.35 0 
2016/11/10 77.3 78 77.2 77.7 13 548 0 20539 0 451 20990 0 1.35 0 
2016/11/11 78.4 78.4 77.2 77.4 26 548 0 20545 0 451 20996 0 1.35 0 
2016/11/14 77.2 77.5 77.2 77.2 9 548 0 20546 0 452 20998 0 1.35 0 
2016/11/15 76.2 77.8 76.2 77.2 16 549 0 20541 0 452 20993 0 1.36 0 
2016/11/16 77 78.2 77 77.9 36 546 0 20546 0 452 20998 0 1.35 0 
2016/11/17 77.3 77.5 77.3 77.5 8 546 0 20546 0 452 20998 0 1.35 0 
2016/11/18 77.1 78.1 77.1 78.1 19 548 0 20555 0 452 21007 0 1.35 0 
2016/11/21 77.8 78.8 77.8 78.1 13 556 0 20550 0 452 21002 0 1.37 0 
2016/11/22 77.2 78.5 77.2 78.3 18 562 0 20549 0 452 21001 0 1.39 0 
2016/11/23 77.4 78.5 77.4 78.5 30 575 0 20550 0 452 21002 0 1.42 0 
2016/11/24 78.4 78.4 78.2 78.4 18 583 0 20546 0 452 20998 0 1.44 0 
2016/11/25 77.8 79.1 77.8 79.1 33 588 0 20563 0 452 21015 1 1.45 0 
2016/11/28 78.4 78.9 78.4 78.7 21 587 0 20573 0 452 21025 0 1.45 0 
2016/11/29 79.2 79.2 78.8 78.9 9 587 0 20573 0 451 21024 0 1.45 0 
2016/11/30 78.7 79.6 77.1 77.1 92 588 0 20559 0 454 21013 0 1.45 0 
2016/12/01 78 78.1 77.6 77.6 91 514 0 20594 0 454 21048 0 1.27 0 
2016/12/02 77.6 77.9 76.5 77.9 24 503 0 20611 0 452 21063 0 1.24 0 
2016/12/05 78 78 78 78 13 498 0 20619 0 452 21071 0 1.23 0 
2016/12/06 78 78.1 77.4 77.5 175 347 0 20686 0 455 21141 0 0.86 0 
2016/12/07 77.5 77.8 77.4 77.6 38 352 0 20692 0 455 21147 0 0.87 0 
2016/12/08 77.6 77.8 77.2 77.8 63 352 0 20722 0 455 21177 0 0.87 0 
2016/12/09 77.8 78.2 77.7 77.7 28 357 0 20739 0 455 21194 0 0.88 0 
2016/12/12 77.7 78 77.7 77.8 112 377 0 20791 0 457 21248 0 0.93 0 
2016/12/13 78.2 78.5 77.9 78 127 377 0 20860 0 457 21317 0 0.93 0 
2016/12/14 78.8 78.8 78 78.2 120 301 0 20923 0 457 21380 0 0.74 0 
2016/12/15 78.2 78.2 78 78 24 301 0 20940 0 457 21397 0 0.74 0 
2016/12/16 78 78.5 77.9 78.5 139 285 0 21037 0 459 21496 0 0.7 0 
2016/12/19 78.5 78.7 78.2 78.3 122 336 0 21102 0 459 21561 0 0.83 0 
2016/12/20 78.4 78.6 78.3 78.4 106 396 0 21136 0 460 21596 0 0.98 0 
2016/12/21 78.4 80 78.4 80 76 431 0 21146 0 460 21606 0 1.06 0 
2016/12/22 80 80.5 79.6 79.7 33 431 0 21165 0 459 21624 1 1.06 0 
2016/12/23 79 79 78.9 78.9 21 431 0 21170 0 459 21629 1 1.06 0 
2016/12/26 78.7 78.9 78.7 78.9 31 431 0 21193 0 459 21652 0 1.06 0 
2016/12/27 78.9 78.9 78.7 78.8 16 431 0 21205 0 459 21664 0 1.06 0 
2016/12/28 79 79.3 78.9 79 50 431 0 21233 0 474 21707 0 1.06 0 
2016/12/29 78.5 79 78.5 78.7 3 430 0 21235 0 473 21708 0 1.06 0 
2016/12/30 78.8 80 78.8 80 86 429 0 21317 0 474 21791 0 1.06 0 
2017/01/03 80 80.5 79.8 80 20 431 0 21321 0 471 21792 0 1.06 0 
2017/01/04 80.5 80.5 79.8 80.2 73 468 0 21333 0 470 21803 0 1.16 0 
2017/01/05 80 80 79.9 80 35 486 0 21344 0 468 21812 0 1.2 0 
2017/01/06 79.5 80.1 79.4 80 30 505 0 21349 0 468 21817 0 1.25 0 
2017/01/09 80 80 79.9 79.9 12 513 0 21353 0 467 21820 0 1.27 0 
2017/01/10 79.9 80 79.1 80 51 534 0 21367 0 465 21832 0 1.32 0 
2017/01/11 80.9 81 80.3 80.4 227 542 0 21373 0 461 21834 0 1.34 0 
2017/01/12 80.1 80.6 80 80.2 19 545 0 21379 0 459 21838 1 1.35 0 
2017/01/13 80.3 80.5 80.3 80.4 20 549 0 21383 0 457 21840 0 1.36 0 
2017/01/16 79.9 80.1 79.7 80 21 549 0 21378 0 457 21835 0 1.36 0 
2017/01/17 80.2 80.2 80 80.1 7 549 0 21380 0 457 21837 0 1.36 0 
2017/01/18 80.5 80.6 80.1 80.6 22 549 0 21399 0 455 21854 0 1.36 0 
2017/01/19 80.3 80.8 80.1 80.5 21 555 0 21406 0 454 21860 0 1.37 0 
2017/01/20 80.5 80.6 80.3 80.3 21 561 0 21417 0 452 21869 0 1.39 0 
2017/01/23 80.5 81.1 80.5 81.1 21 563 0 21428 0 452 21880 0 1.39 0 
2017/01/24 81 81 80.8 80.9 18 563 0 21432 0 452 21884 0 1.39 0 
2017/02/02 81 81.2 80 81.2 54 573 0 21437 0 448 21885 0 1.41 0 
2017/02/03 81.1 81.2 80.5 80.6 26 573 0 21442 0 443 21885 0 1.41 0 
2017/02/06 81 81 80.5 80.6 30 573 0 21449 0 443 21892 0 1.41 0 
2017/02/07 80.7 81 80.6 80.9 34 573 0 21452 0 443 21895 0 1.41 0 
2017/02/08 80.9 81.6 80.9 81.4 66 575 0 21470 0 440 21910 0 1.42 0 
2017/02/09 81.6 82.5 81.6 82.5 36 575 0 21476 0 458 21934 0 1.42 0 
2017/02/10 82.5 82.5 81.4 81.8 47 580 0 21484 0 467 21951 0 1.43 0 
2017/02/13 81.8 82 81.5 82 37 592 0 21491 0 472 21963 0 1.46 0 
2017/02/14 82 82.2 81.9 82.2 37 591 0 21497 0 477 21974 0 1.46 0 
2017/02/15 82.2 82.5 81.9 82.5 47 596 0 21504 0 482 21986 0 1.47 0 
2017/02/16 82 82.4 81.8 81.9 44 599 0 21506 0 481 21987 0 1.48 0 
2017/02/17 81.9 81.9 81.7 81.8 55 624 0 21497 0 481 21978 0 1.54 0 
2017/02/18 81.4 82.2 81.4 81.4 11 624 0 21497 0 481 21978 0 1.54 0 
2017/02/20 81.5 81.5 81.4 81.5 34 624 0 21526 0 473 21999 0 1.54 0 
2017/02/21 81.6 81.6 81.4 81.5 94 635 0 21565 0 459 22024 0 1.57 0 
2017/02/22 82.1 82.5 81.9 82 39 647 0 21580 0 448 22028 0 1.6 0 
2017/02/23 83.4 83.4 81.8 82 83 667 0 21558 0 450 22008 0 1.65 0 
2017/02/24 82 82.3 81.8 81.9 37 682 0 21541 0 453 21994 0 1.68 0 
2017/03/01 81.8 82.1 81.1 81.6 152 783 0 21501 0 407 21908 0 1.93 0 
2017/03/02 81 81.7 81 81.6 41 800 0 21512 0 406 21918 0 1.98 0 
2017/03/03 81.6 81.6 81.3 81.5 107 841 0 21486 0 396 21882 0 2.08 0 
2017/03/06 81.5 81.6 81.2 81.5 88 889 0 21514 0 390 21904 0 2.2 0 
2017/03/07 81.5 82 81.4 81.9 39 909 0 21528 0 373 21901 0 2.24 0 
2017/03/08 82 82.5 81.9 82.5 32 924 0 21538 0 356 21894 0 2.28 0 
2017/03/09 83 83 82.4 82.4 61 944 0 21561 0 329 21890 0 2.33 0 
2017/03/10 82.4 82.4 82 82.4 19 946 0 21573 0 324 21897 0 2.34 0 
2017/03/13 82.3 83 82.3 82.6 51 946 0 21589 0 292 21881 0 2.34 0 
2017/03/14 82.6 83.2 82.4 83.2 39 953 0 21602 0 285 21887 0 2.35 0 
2017/03/15 82.8 83.1 82.6 83 87 965 0 21635 0 263 21898 0 2.38 0 
2017/03/16 82.9 84.1 82.8 83.1 74 975 0 21677 0 241 21918 0 2.41 0 
2017/03/17 83.2 83.6 82.2 82.3 237 1082 0 21602 0 223 21825 0 2.67 0 
2017/03/20 82.3 83 82.2 83 53 1090 0 21613 6 209 21828 0 2.69 0 
2017/03/21 83 83.2 83 83.1 44 1089 0 21629 13 192 21834 0 2.69 0 
2017/03/22 83 83 82.7 82.8 71 1086 0 21608 13 192 21813 0 2.68 0 
2017/03/23 84.4 84.4 82.8 82.8 82 1067 0 21614 13 188 21815 0 2.63 0 
2017/03/24 82.8 83 82.7 82.8 10 1067 0 21620 13 182 21815 0 2.63 0 
2017/03/27 82.8 83 82.5 82.5 57 1081 0 21637 13 166 21816 0 2.67 0 
2017/03/28 82.6 83.1 82.4 82.4 61 1103 0 21650 13 145 21808 1 2.72 0 
2017/03/29 82.5 82.5 81.1 82 175 1133 0 21703 13 93 21809 0 2.8 0 
2017/03/30 82 82 81.4 81.5 111 1168 0 21758 13 92 21863 0 2.88 0 
2017/03/31 81.5 81.5 80.4 80.5 128 1105 0 21836 1 87 21924 0 2.73 0 
2017/04/05 80.5 80.7 80.3 80.6 98 1064 0 21854 1 82 21937 0 2.63 0 
2017/04/06 80.7 81.3 80.6 81 71 1066 0 21872 1 41 21914 0 2.63 0 
2017/04/07 81 81.7 80.8 81 135 1092 0 21946 1 41 21988 0 2.7 0 
2017/04/10 81 81.4 81 81.2 41 1092 0 21924 1 41 21966 0 2.7 0 
2017/04/11 81.2 81.3 81.1 81.2 90 1092 0 21973 1 41 22015 0 2.7 0 
2017/04/12 81 81.1 80.8 81 104 1092 0 22073 1 41 22115 0 2.7 0 
2017/04/13 81 81.6 80.9 81 57 1091 0 22106 1 39 22146 0 2.69 0 
2017/04/14 81 81.1 80.9 80.9 8 1093 0 22107 1 39 22147 0 2.7 0 
2017/04/17 80.9 81 80.5 80.7 55 1093 0 22154 1 39 22194 0 2.7 0 
2017/04/18 80.7 81.7 80.5 80.8 115 1130 0 22224 1 39 22264 0 2.79 0 
2017/04/19 80.8 81.1 80.7 80.8 117 1130 0 22322 1 39 22362 0 2.79 0 
2017/04/20 80.8 81 80.7 80.8 118 1132 0 22424 1 39 22464 0 2.8 0 
2017/04/21 83 83 81.1 81.2 79 1132 0 22483 1 39 22523 1 2.8 0 
2017/04/24 81.1 81.8 81.1 81.8 2 1132 0 22483 1 39 22523 0 2.8 0 
2017/04/25 81.8 81.8 81.7 81.7 3 1132 0 22486 1 39 22526 0 2.8 0 
2017/04/26 81.7 81.7 81.6 81.6 9 1132 0 22492 1 39 22532 0 2.8 0 
2017/04/27 81.5 81.5 81.5 81.5 2 1132 0 22492 1 39 22532 0 2.8 0 
2017/04/28 82 82 82 82 2 1132 0 22493 1 39 22533 0 2.8 0 
2017/05/02 82 82.5 82 82.1 11 1132 0 22542 1 39 22582 0 2.8 0 
2017/05/03 82.1 82.2 82 82 24 1141 0 22538 1 39 22578 0 2.82 0 
2017/05/04 82.1 83 82.1 82.8 46 1144 0 22565 1 39 22605 0 2.82 0 
2017/05/05 82.9 83.3 82.8 83.2 25 1151 0 22579 1 39 22619 0 2.84 0 
2017/05/08 83.5 83.5 83.1 83.3 23 1166 0 22584 1 39 22624 0 2.88 0 
2017/05/09 83.3 83.9 83.3 83.3 34 1181 0 22592 1 39 22632 0 2.92 0 
2017/05/10 84 84 82.5 83 37 1202 0 22589 1 39 22629 0 2.97 0 
2017/05/11 83 83.3 83 83 53 1239 0 22599 1 39 22639 0 3.06 0 
2017/05/12 83.8 83.8 83 83 10 1249 0 22597 1 39 22637 0 3.08 0 
2017/05/15 83 83.5 82.6 83.4 47 1280 0 22590 1 39 22630 0 3.16 0 
2017/05/16 82.6 83.4 82.6 83.4 5 1280 0 22589 1 39 22629 0 3.16 0 
2017/05/17 83.4 84.2 83.1 84.2 55 1317 0 22604 1 39 22644 0 3.25 0 
2017/05/18 84 84.2 83.1 84.2 68 1325 0 22658 1 39 22698 0 3.27 0 
2017/05/19 83.9 84.1 83.3 83.5 38 1346 0 22646 1 39 22686 0 3.32 0 
2017/05/22 83 83.9 83 83.5 33 1364 0 22642 1 39 22682 0 3.37 0 
2017/05/23 83.5 83.5 83.1 83.5 16 1369 0 22650 1 39 22690 0 3.38 0 
2017/05/24 83.5 83.5 83.1 83.1 21 1385 0 22644 1 39 22684 0 3.42 0 
2017/05/25 83.8 84 83.2 84 55 1419 0 22654 1 39 22694 0 3.5 0 
2017/05/26 83.5 84.5 83.5 84.1 35 1418 0 22670 1 39 22710 0 3.5 0 
2017/05/31 84.8 85.4 83.9 85.4 258 1512 0 22606 1 38 22645 0 3.73 0 
2017/06/01 85.4 85.4 83 83.9 68 1537 0 22593 1 38 22632 0 3.8 0 
2017/06/02 84 84.1 83.7 83.7 37 1557 0 22595 1 38 22634 0 3.84 0 
2017/06/03 83.7 83.7 83.7 83.7 3 1557 0 22595 1 38 22634 0 3.84 0 
2017/06/05 83.6 83.6 82.5 82.8 88 1554 0 22573 5 38 22616 0 3.84 0 
2017/06/06 82.8 82.8 82.2 82.8 38 1553 0 22563 11 38 22612 0 3.83 0 
2017/06/07 82.8 82.8 82.4 82.6 4 1553 0 22560 11 38 22609 0 3.83 0 
2017/06/08 82.6 82.8 82.6 82.8 475 1553 0 22560 11 37 22608 0 3.83 0 
2017/06/09 83 83 82.5 82.9 468 1553 0 22607 11 38 22656 0 3.83 0 
2017/06/12 82.2 83.5 82.2 83.5 61 1524 0 22624 11 38 22673 0 3.76 0 
2017/06/13 83.3 83.3 82.9 82.9 6 1524 0 22619 11 39 22669 0 3.76 0 
2017/06/14 82.7 82.8 82.6 82.8 24 1524 0 22626 11 24 22661 0 3.76 0 
2017/06/15 82.7 82.7 82.7 82.7 1 1524 0 22627 11 24 22662 0 3.76 0 
2017/06/16 82.7 83.1 82.6 83.1 28 1516 0 22646 11 13 22670 0 3.74 0 
2017/06/19 83.1 83.2 82.8 82.8 21 1513 0 22646 11 13 22670 0 3.74 0 
2017/06/20 83 83.2 83 83.2 8 1511 0 22647 11 17 22675 0 3.73 0 
2017/06/21 83.2 84.2 83.2 83.8 56 1489 0 22682 11 14 22707 0 3.68 0 
2017/06/22 83.8 83.8 83.8 83.8 0 1489 0 22682 11 14 22707 0 3.68 0 
2017/06/23 84.2 84.2 83.4 83.9 9 1489 0 22685 11 14 22710 0 3.68 0 
2017/06/26 83.9 84.1 83.7 83.9 59 1461 0 22719 11 23 22753 0 3.61 0 
2017/06/27 83.9 84 83.6 83.8 37 1449 0 22746 11 27 22784 0 3.58 0 
2017/06/28 83.8 83.8 83.1 83.2 285 1424 0 22759 11 26 22796 0 3.52 0 
2017/06/29 83.2 83.5 83.1 83.1 241 1390 0 22765 11 26 22802 0 3.43 0 
2017/06/30 82.6 83 82.6 83 6 1390 0 22765 2 26 22793 0 3.43 0 
2017/07/03 82.4 83 82.4 82.6 238 1387 0 22766 2 26 22794 0 3.42 0 
2017/07/04 82.8 82.8 82.6 82.7 6 1387 0 22766 2 26 22794 0 3.42 0 
2017/07/05 82.3 82.7 82.1 82.7 996 1387 0 22762 2 26 22790 0 3.42 0 
2017/07/06 82.7 82.7 82.5 82.6 24 1373 0 22764 2 26 22792 0 3.39 0 
2017/07/07 82.4 82.4 82.1 82.1 19 1373 0 22763 2 26 22791 0 3.39 0 
2017/07/10 82.1 82.3 81.2 82.3 19 1380 0 22756 2 26 22784 0 3.41 0 
2017/07/11 82.4 82.4 81.7 82 272 1380 0 22760 2 29 22791 0 3.41 0 
2017/07/12 82 82.1 82 82.1 4 1380 0 22762 2 29 22793 0 3.41 0 
2017/07/13 83.4 83.4 81.9 82.2 38 1381 0 22763 2 22 22787 0 3.41 0 
2017/07/14 82.2 82.2 82.2 82.2 233 1381 0 22763 2 22 22787 0 3.41 0 
2017/07/17 82.3 82.7 82.1 82.1 6 1381 0 22763 2 21 22786 0 3.41 0 
2017/07/18 82.1 82.2 82.1 82.2 5 1382 0 22762 2 21 22785 0 3.41 0 
2017/07/19 82.3 82.5 82.1 82.1 267 1391 0 22737 2 21 22760 0 3.43 0 
2017/07/20 82.4 82.4 82.4 82.4 4 1391 0 22733 2 21 22756 0 3.43 0 
2017/07/21 82.4 82.4 82.4 82.4 230 1391 0 22733 2 21 22756 0 3.43 0 
2017/07/24 82.4 82.4 82.3 82.3 2 1391 0 22733 2 21 22756 0 3.43 0 
2017/07/25 82.3 82.3 82.3 82.3 12 1391 0 22726 2 21 22749 0 3.43 0 
2017/07/26 82.3 82.3 82.1 82.3 261 1391 0 22718 2 14 22734 0 3.43 0 
2017/07/27 82.3 83.1 82.3 82.3 64 1391 0 22679 2 14 22695 0 3.43 0 
2017/07/28 82.3 82.4 82.1 82.3 43 1369 0 22674 2 14 22690 0 3.38 0 
2017/07/31 82.3 82.3 81.9 82.3 35 1369 0 22687 2 14 22703 0 3.38 0 
2017/08/01 82.3 82.3 82 82 70 1327 0 22722 1 14 22737 0 3.28 0 
2017/08/02 81.9 82.1 81.9 82 18 1328 0 22727 1 14 22742 0 3.28 0 
2017/08/03 82 82.3 82 82 7 1328 0 22727 1 14 22742 0 3.28 0 
2017/08/04 81.9 82.5 81.9 82.4 16 1327 0 22728 1 13 22742 0 3.28 0 
2017/08/07 83.1 83.1 82.7 82.7 331 1327 0 22727 1 13 22741 0 3.28 0 
2017/08/08 83.1 83.1 82.7 82.7 21 1327 0 22721 1 13 22735 0 3.28 0 
2017/08/09 82.7 82.8 82.4 82.8 19 1326 0 22725 1 8 22734 0 3.27 0 
2017/08/10 82.5 82.5 81.6 82.4 115 1351 0 22773 1 8 22782 0 3.34 0 
2017/08/11 81.9 82.7 81.9 82.5 22 1355 0 22777 1 8 22786 0 3.35 0 
2017/08/14 82.5 82.5 81.9 82.2 33 1354 0 22796 1 8 22805 0 3.34 0 
2017/08/15 82.2 82.4 81.9 81.9 25 1365 0 22797 1 0 22798 0 3.37 0 
2017/08/16 81.8 82.3 81.8 81.9 22 1371 0 22770 1 0 22771 0 3.39 0 
2017/08/17 82 82.9 82 82.9 57 1378 0 22794 1 0 22795 0 3.4 0 
2017/08/18 82.9 83.8 82.9 83.4 168 1454 0 22807 1 0 22808 0 3.59 0 
2017/08/21 80 80.1 79.1 79.9 100 1450 0 22834 1 0 22835 0 3.58 0 
2017/08/22 79.6 81.4 79.6 81.4 70 1467 0 22833 1 0 22834 0 3.62 0 
2017/08/23 81.4 82 79.9 81.7 68 1521 0 22830 2 0 22832 0 3.76 0 
2017/08/24 82 82 81 81 42 1507 0 22836 2 0 22838 0 3.72 0 
2017/08/25 81.1 81.4 80.7 81.4 53 1506 0 22841 2 0 22843 0 3.72 0 
2017/08/28 81.1 82 81.1 82 12 1514 0 22842 2 0 22844 0 3.74 0 
2017/08/29 81.2 81.3 80.9 81.1 38 1485 0 22847 2 0 22849 0 3.67 0 
2017/08/30 81.3 81.5 80.7 80.7 12 1478 0 22849 2 0 22851 0 3.65 0 
2017/08/31 81.1 81.6 80 81.6 114 1391 0 22919 2 0 22921 0 3.43 0 
2017/09/01 80.9 81.1 80.9 80.9 12 1383 0 22920 2 0 22922 0 3.41 0 
2017/09/04 80.7 80.7 79.9 79.9 64 1339 0 22923 2 0 22925 0 3.31 0 
2017/09/05 79.9 80.7 79.9 80.7 22 1334 0 22934 2 0 22936 0 3.29 0 
2017/09/06 80.6 80.6 79.7 79.7 58 1292 0 22934 2 0 22936 0 3.19 0 
2017/09/07 80.1 80.2 79.8 80.1 17 1284 0 22935 2 0 22937 0 3.17 0 
2017/09/08 79.8 79.8 79.8 79.8 6 1284 0 22934 1 0 22935 0 3.17 0 
2017/09/11 79.8 80.1 79.5 80 46 1253 0 22941 1 0 22942 0 3.09 0 
2017/09/12 79.9 80.4 79.8 79.8 60 1228 0 22951 1 0 22952 0 3.03 0 
2017/09/13 79.7 80.5 79.7 79.8 45 715 0 22955 1 0 22956 0 1.77 0 
2017/09/14 79.6 79.7 79.6 79.7 6 715 0 22954 1 0 22955 0 1.77 0 
2017/09/15 79.3 79.6 79.1 79.6 49 715 0 22955 1 0 22956 0 1.77 0 
2017/09/18 79.6 80.1 79.6 80 27 703 0 22972 1 0 22973 0 1.74 0 
2017/09/19 79.4 80.2 79.4 80.1 25 349 0 22977 1 0 22978 0 0.86 0 
2017/09/20 79.5 80 79.4 79.8 42 348 0 22964 1 0 22965 0 0.86 0 
2017/09/21 79.4 79.9 79.4 79.9 7 348 0 22970 1 0 22971 0 0.86 0 
2017/09/22 80 80 79.6 79.6 25 342 0 22976 1 0 22977 0 0.84 0 
2017/09/25 79.6 79.7 79.4 79.7 13 343 0 22980 1 0 22981 0 0.85 0 
2017/09/26 79.7 79.7 79.7 79.7 5 343 0 22982 1 0 22983 0 0.85 0 
2017/09/27 79.8 79.8 79.7 79.7 26 350 0 22988 1 0 22989 0 0.86 0 
2017/09/28 79.6 80.2 79.6 80.1 19 350 0 22990 1 0 22991 0 0.86 0 
2017/09/29 80 80.2 79.9 80.2 8 350 0 22995 1 0 22996 0 0.86 0 
2017/09/30 80.2 80.2 80.2 80.2 7 350 0 22995 0 0 22995 0 0.86 0 
2017/10/02 79.8 80.4 79.8 80.4 2 351 0 22996 0 0 22996 0 0.87 0 
2017/10/03 79.8 80.1 79.8 79.8 17 358 0 23001 0 0 23001 0 0.88 0 
2017/10/05 80.2 80.4 80.2 80.4 3 358 0 23002 0 0 23002 0 0.88 0 
2017/10/06 80.4 80.8 80 80.2 18 358 0 23017 0 0 23017 0 0.88 0 
2017/10/11 80.2 80.3 80 80 15 358 0 23025 0 0 23025 0 0.88 0 
2017/10/12 80 80.5 80 80.4 11 357 0 23027 0 0 23027 0 0.88 0 
2017/10/13 80.4 80.6 80.1 80.4 24 369 0 23022 0 0 23022 0 0.91 0 
2017/10/16 80.4 80.6 80.1 80.6 10 369 0 23026 0 0 23026 0 0.91 0 
2017/10/17 80 80.7 80 80.7 21 371 0 23037 0 0 23037 0 0.92 0 
2017/10/18 80.3 80.3 80 80 25 347 0 23053 0 0 23053 0 0.86 0 
2017/10/19 80.3 80.3 79.1 79.2 165 232 0 23109 0 1 23110 0 0.57 0 
2017/10/20 79.2 79.2 78.5 78.5 108 206 0 23144 0 1 23145 0 0.51 0 
2017/10/23 78.5 78.8 78.5 78.5 62 206 0 23170 0 1 23171 0 0.51 0 
2017/10/24 78.8 79.7 78.8 79.6 11 206 0 23173 0 1 23174 0 0.51 0 
2017/10/25 79.6 79.9 79.6 79.8 16 206 0 23180 0 1 23181 0 0.51 0 
2017/10/26 80.4 80.4 79.7 79.7 6 206 0 23184 0 1 23185 0 0.51 0 
2017/10/27 79.5 79.7 79.5 79.7 3 206 0 23186 0 1 23187 0 0.51 0 
2017/10/30 79.7 80.1 79.6 80 18 211 0 23196 0 1 23197 0 0.52 0 
2017/10/31 80 80 79.5 79.5 4 212 0 23196 0 1 23197 0 0.52 0 
2017/11/01 79.9 80.5 79.9 80.3 110 221 0 23212 0 1 23213 0 0.55 0 
2017/11/02 80.5 80.5 79.6 79.6 1532 242 0 23214 0 1 23215 0 0.6 0 
2017/11/03 79.7 79.7 79.7 79.7 3 242 0 23214 0 1 23215 0 0.6 0 
2017/11/06 79.7 79.7 79.7 79.7 1 242 0 23214 0 1 23215 0 0.6 0 
2017/11/07 80 80 79.9 80 5 242 0 23215 0 1 23216 0 0.6 0 
2017/11/08 79.5 80.4 79.5 80.4 9 244 0 23217 0 1 23218 0 0.6 0 
2017/11/09 80 80.8 79.5 80.8 33 262 0 23224 0 1 23225 0 0.65 0 
2017/11/10 79.6 80.7 79.6 80.7 6 262 0 23225 0 1 23226 0 0.65 0 
2017/11/13 79.4 79.6 79.1 79.6 60 263 0 23234 0 1 23235 0 0.65 0 
2017/11/14 79.4 79.9 78.5 79.9 61 263 0 23259 0 1 23260 0 0.65 0 
2017/11/15 79.9 80.5 78.8 79.8 1936 262 0 23288 0 0 23288 0 0.65 0 
2017/11/16 79.8 80.5 79.1 80.4 27 262 0 23305 0 0 23305 0 0.65 0 
2017/11/17 80.3 80.4 80.3 80.4 11 262 0 23316 0 0 23316 0 0.65 0 
2017/11/20 80.5 80.7 80.4 80.7 15 262 0 23328 0 0 23328 0 0.65 0 
2017/11/21 80.6 82 80.6 81.6 95 251 0 23375 0 0 23375 0 0.62 0 
2017/11/22 81.5 81.6 81.5 81.6 24 236 0 23394 0 0 23394 0 0.58 0 
2017/11/23 81.7 82 80.9 81.4 24 225 0 23402 0 0 23402 0 0.56 0 
2017/11/24 81.5 81.5 80.7 81.3 45 205 0 23435 0 3 23438 0 0.51 0 
2017/11/27 81.7 81.7 80.7 81.1 31 205 0 23457 0 3 23460 0 0.51 0 
2017/11/28 80.9 81.1 80.7 81.1 26 208 0 23479 0 3 23482 0 0.51 0 
2017/11/29 81.3 81.8 80.6 80.6 16 208 0 23490 0 3 23493 0 0.51 0 
2017/11/30 80.7 82 80 82 63 208 0 23493 0 3 23496 0 0.51 0 
2017/12/01 81.9 81.9 80.4 81.9 12 205 0 23498 0 3 23501 0 0.51 0 
2017/12/04 81.8 82 81.3 82 38 205 0 23533 0 3 23536 0 0.51 0 
2017/12/05 81.8 81.9 80.9 81.9 57 205 0 23549 0 3 23552 0 0.51 0 
2017/12/06 81.7 81.9 81.5 81.9 10 205 0 23557 0 3 23560 0 0.51 0 
2017/12/07 81.9 81.9 81 81.7 38 205 0 23567 0 3 23570 0 0.51 0 
2017/12/08 81.7 82.3 81.5 81.7 27 205 0 23582 0 3 23585 0 0.51 0 
2017/12/11 81.5 81.5 80.6 81 29 205 0 23596 0 3 23599 0 0.51 0 
2017/12/12 80.8 81.4 80.7 81.4 27 205 0 23609 0 3 23612 0 0.51 0 
2017/12/13 81 81.4 80.3 80.6 37 204 0 23623 0 3 23626 0 0.5 0 
2017/12/14 80.9 81.4 80.9 81 33 204 0 23653 0 3 23656 0 0.5 0 
2017/12/15 81 81 80.2 80.9 56 204 0 23678 0 3 23681 0 0.5 0 
2017/12/18 80.9 80.9 80.5 80.8 22 204 0 23689 0 3 23692 0 0.5 0 
2017/12/19 81.9 81.9 80.5 81.1 24 204 0 23685 0 3 23688 0 0.5 0 
2017/12/20 81.3 81.4 80.8 80.8 12 204 0 23694 0 3 23697 0 0.5 0 
2017/12/21 81.9 81.9 80.7 81.7 19 204 0 23702 0 3 23705 0 0.5 0 
2017/12/22 81.1 81.9 81.1 81.2 15 204 0 23711 0 3 23714 0 0.5 0 
2017/12/25 81.4 81.4 80.9 81 6 204 0 23713 0 3 23716 0 0.5 0 
2017/12/26 81 81 80.4 80.5 16 204 0 23716 0 3 23719 0 0.5 0 
2017/12/27 81.5 81.5 80.4 80.7 19 204 0 23728 0 3 23731 0 0.5 0 
2017/12/28 81.4 81.4 80.2 80.4 37 204 0 23750 0 3 23753 0 0.5 0 
2017/12/29 80.5 81 80.4 81 18 204 0 23765 0 2 23767 0 0.5 0 
2018/01/02 81.1 81.3 81 81.2 13 204 0 23770 0 2 23772 0 0.5 0 
2018/01/03 81.2 81.3 81.1 81.3 11 204 0 23780 0 2 23782 0 0.5 0 
2018/01/04 81.5 81.5 81.1 81.1 21 204 0 23795 0 2 23797 0 0.5 0 
2018/01/05 81.5 81.5 80.1 81.2 20 202 0 23809 0 2 23811 0 0.5 0 
2018/01/08 81.2 81.4 80.2 80.4 48 202 0 23825 0 2 23827 0 0.5 0 
2018/01/09 80.7 80.9 80.5 80.9 31 202 0 23843 0 2 23845 0 0.5 0 
2018/01/10 81 81.1 80.4 81 37 202 0 23870 0 2 23872 0 0.5 0 
2018/01/11 80.4 81.3 80.3 81.3 25 202 0 23880 0 2 23882 0 0.5 0 
2018/01/12 80.7 81.3 80.6 81 22 202 0 24011 0 2 24013 0 0.5 0 
2018/01/15 80.6 80.7 80.4 80.7 32 205 0 24017 0 2 24019 0 0.51 0 
2018/01/16 80.3 81 80.1 81 58 202 0 24041 0 2 24043 0 0.5 0 
2018/01/17 81.1 82 80.4 80.9 47 202 0 24029 0 2 24031 0 0.5 0 
2018/01/18 81.3 81.5 80.9 80.9 20 202 0 24042 0 2 24044 0 0.5 0 
2018/01/19 80.9 81.5 80.9 81.5 36 202 0 24065 0 2 24067 0 0.5 0 
2018/01/22 81.8 82.1 81.8 82.1 68 202 0 24114 0 2 24116 0 0.5 0 
2018/01/23 82.1 82.3 81.5 82.1 34 202 0 24129 0 2 24131 0 0.5 0 
2018/01/24 82 82.4 81.3 81.7 15 202 0 24138 0 2 24140 0 0.5 0 
2018/01/25 81.9 82.3 81.5 82.3 27 202 0 24220 0 2 24222 0 0.5 0 
2018/01/26 82.3 82.3 81.8 82 14 203 0 24228 0 2 24230 0 0.5 0 
2018/01/29 81.8 82 81.5 82 15 203 0 24188 0 2 24190 0 0.5 0 
2018/01/30 82 82 80.8 80.8 12 203 0 24197 0 2 24199 0 0.5 0 
2018/01/31 80.8 82 80.3 81.8 38 203 0 24215 0 2 24217 0 0.5 0 
2018/02/01 82 82 81.4 82 36 203 0 24230 0 2 24232 0 0.5 0 
2018/02/02 80.8 82.2 80.8 82 57 203 0 24257 0 2 24259 0 0.5 0 
2018/02/05 81.9 82.3 81 82.2 73 235 0 24247 0 2 24249 0 0.58 0 
2018/02/06 80.7 81.5 80.4 81.5 70 254 0 24273 0 2 24275 0 0.63 0 
2018/02/07 80.6 82 80.6 81.3 127 299 0 24222 0 2 24224 0 0.74 0 
2018/02/08 81.3 81.3 80.8 81.3 24 303 0 24247 0 2 24249 0 0.75 0 
2018/02/09 80.3 81.2 80 80.4 119 348 0 24215 0 2 24217 0 0.86 0 
2018/02/12 80.4 82 80.4 81.5 57 356 0 24199 0 2 24201 0 0.88 0 
2018/02/21 82.2 82.2 81.4 82 76 400 0 24445 0 2 24447 0 0.99 0 
2018/02/22 82.3 82.3 82 82.1 4 400 0 24398 0 2 24400 0 0.99 0 
2018/02/23 81.8 82 81.4 81.4 18 400 0 24407 0 2 24409 0 0.99 0 
2018/02/26 81.6 82 81 81.3 40 408 0 24409 0 2 24411 0 1.01 0 
2018/02/27 81 82 80.8 82 56 408 0 24422 0 2 24424 0 1.01 0 
2018/03/01 81 83.1 80.9 83 48 408 0 24440 0 2 24442 0 1.01 0 
2018/03/02 82.3 83 81.5 82 33 409 0 24337 0 2 24339 0 1.01 0 
2018/03/05 81.6 81.6 80.6 81 32 409 0 24331 0 2 24333 0 1.01 0 
2018/03/06 81 82 81 81.5 18 408 0 24336 0 2 24338 0 1.01 0 
2018/03/07 81.9 82 81.1 81.9 27 408 0 24698 0 2 24700 0 1.01 0 
2018/03/08 81.3 82.6 81.2 82.4 57 420 0 24679 0 2 24681 0 1.04 0 
2018/03/09 82.4 82.5 81.4 82 67 424 0 24715 0 2 24717 0 1.05 0 
2018/03/12 82 82.5 81.5 82 36 442 0 24711 0 2 24713 0 1.09 0 
2018/03/13 81.6 83.2 81.6 82.8 78 429 0 24770 0 2 24772 0 1.06 0 
2018/03/14 82.8 82.8 82.8 82.8 2 430 0 24757 0 2 24759 0 1.06 0 
2018/03/15 81.9 83 81.9 83 52 432 0 24420 0 2 24422 0 1.07 0 
2018/03/16 83 83.5 81.9 81.9 1147 427 0 24418 0 5 24423 0 1.05 0 
2018/03/19 82.7 82.9 81.8 81.8 40 421 0 24408 0 5 24413 0 1.04 0 
2018/03/20 81.8 82.5 81.8 81.9 17 419 0 24416 0 5 24421 0 1.03 0 
2018/03/21 81.7 82.5 81.7 82.1 17 418 0 24361 0 5 24366 0 1.03 0 
2018/03/22 82 82.5 81.8 82.1 25 423 0 24343 0 5 24348 0 1.04 0 
2018/03/23 81.8 82.3 81.6 82.2 20 428 0 24352 0 4 24356 0 1.06 0 
2018/03/26 81.7 82.3 81.3 81.6 79 440 0 24355 0 4 24359 0 1.09 0 
2018/03/27 81.4 82.9 81.4 82.4 55 460 0 24370 0 4 24374 0 1.14 0 
2018/03/28 82.2 82.7 82 82.5 16 458 0 24292 0 4 24296 0 1.13 0 
2018/03/29 82.4 82.7 82.4 82.5 23 459 0 24238 0 4 24242 0 1.13 0 
2018/03/30 82.1 82.1 82.1 82.1 6 460 0 24240 0 4 24244 0 1.14 0 
2018/03/31 82.1 82.1 81.5 81.7 10 461 0 24240 0 4 24244 0 1.14 0 
2018/04/02 81 81.8 81 81.6 12 466 0 24236 0 4 24240 0 1.15 0 
2018/04/03 81.6 81.6 81.5 81.6 9 471 0 24228 0 4 24232 0 1.16 0 
2018/04/09 81.4 81.5 81.4 81.5 16 479 0 24224 0 4 24228 0 1.18 0 
2018/04/10 81.5 81.8 81 81.5 34 496 0 24220 0 4 24224 0 1.22 0 
2018/04/11 81.7 81.7 81.5 81.6 31 504 0 24212 0 4 24216 0 1.24 0 
2018/04/12 81.8 81.8 81.8 81.8 0 504 0 24212 0 4 24216 0 1.24 0 
2018/04/13 82.2 82.2 81.6 81.6 10 507 0 24210 0 4 24214 0 1.25 0 
2018/04/16 82.6 82.6 81.9 81.9 39 517 0 24204 0 4 24208 0 1.28 0 
2018/04/17 81.9 82.6 81.8 82 17 519 0 24207 0 4 24211 0 1.28 0 
2018/04/18 81.6 82.3 81.4 81.4 19 521 0 24203 0 4 24207 0 1.29 0 
2018/04/19 81.6 81.6 81 81 72 494 0 24204 0 5 24209 0 1.22 0 
2018/04/20 81.2 81.2 80.6 81 49 473 0 24203 0 5 24208 0 1.17 0 
2018/04/23 80.7 80.8 80.2 80.8 89 414 0 24248 0 5 24253 0 1.02 0 
2018/04/24 80.8 81.5 80.2 81.3 36 415 0 24252 0 5 24257 0 1.02 0 
2018/04/25 80.7 81.1 80.7 80.9 27 402 0 24259 0 5 24264 0 0.99 0 
2018/04/26 80.4 81.1 80.4 81 10 402 0 24259 0 5 24264 0 0.99 0 
2018/04/27 81 81 80.9 81 3 402 0 24258 0 6 24264 0 0.99 0 
2018/04/30 81.1 81.1 80.1 80.2 41 373 0 24280 0 6 24286 0 0.92 0 
2018/05/02 80.5 81.8 80.3 81.3 62 350 0 24324 0 6 24330 0 0.86 0 
2018/05/03 81.4 81.6 80.7 80.7 38 338 0 24340 0 7 24347 0 0.83 0 
2018/05/04 81.5 81.8 81.3 81.7 77 297 0 24390 0 7 24397 0 0.73 0 
2018/05/07 81.5 81.7 81 81.7 16 288 0 24389 0 7 24396 0 0.71 0 
2018/05/08 81.1 81.8 81.1 81.8 11 281 0 24391 0 7 24398 0 0.69 0 
2018/05/09 81.5 81.5 80.6 80.6 10 281 0 24389 0 7 24396 0 0.69 0 
2018/05/10 80.6 81 80.4 80.7 27 269 0 24388 0 7 24395 0 0.66 0 
2018/05/11 81.2 81.2 81.2 81.2 3 269 0 24388 0 7 24395 0 0.66 0 
2018/05/14 80.2 81 80 81 82 244 0 24405 0 7 24412 0 0.6 0 
2018/05/15 80.8 81 80.8 81 6 243 0 24409 0 7 24416 0 0.6 0 
2018/05/16 80.8 81.4 80.8 81.2 42 231 0 24437 0 7 24444 0 0.57 0 
2018/05/17 80.9 80.9 80.8 80.8 2 230 0 24437 0 7 24444 0 0.57 0 
2018/05/18 80.8 81 80.7 80.8 27 223 0 24449 0 7 24456 0 0.55 0 
2018/05/21 80.5 81.2 80.5 80.9 31 217 0 24456 0 7 24463 0 0.54 0 
2018/05/22 80.5 80.8 80.4 80.6 24 218 0 24448 0 7 24455 0 0.54 0 
2018/05/23 80.2 80.7 80 80.4 46 218 0 24446 0 7 24453 0 0.54 0 
2018/05/24 80 80.4 79.6 80.4 27 219 0 24444 0 7 24451 0 0.54 0 
2018/05/25 79.8 80.7 79.8 80.2 38 217 0 24445 0 7 24452 0 0.54 0 
2018/05/28 80.1 80.2 80 80.2 17 216 0 24441 0 7 24448 0 0.53 0 
2018/05/29 80.2 80.2 80.2 80.2 0 216 0 24441 0 7 24448 0 0.53 0 
2018/05/30 80 80.2 79.6 79.6 11 216 0 24438 0 7 24445 0 0.53 0 
2018/05/31 79.8 80.3 79.7 79.7 32 216 0 24434 0 7 24441 0 0.53 0 
2018/06/01 79.7 79.9 79.7 79.9 15 216 0 24434 0 7 24441 0 0.53 0 
2018/06/04 79.8 79.9 79.6 79.6 51 217 0 24423 0 7 24430 0 0.54 0 
2018/06/05 80 80 79.7 80 4 217 0 24424 0 7 24431 0 0.54 0 
2018/06/06 80 80 80 80 2 217 0 24423 0 7 24430 0 0.54 0 
2018/06/07 80.8 80.8 79.8 80 10 217 0 24422 0 7 24429 0 0.54 0 
2018/06/08 80 80 80 80 0 217 0 24422 0 7 24429 0 0.54 0 
2018/06/11 79.8 80 79.8 80 20 217 0 24415 0 7 24422 0 0.54 0 
2018/06/12 79.8 80.7 79.8 80.4 31 215 0 24417 0 6 24423 0 0.53 0 
2018/06/13 80 80.4 79.6 80.3 35 215 0 24423 0 5 24428 0 0.53 0 
2018/06/14 79.8 80 79.7 79.7 21 215 0 24416 0 5 24421 0 0.53 0 
2018/06/15 79.7 79.9 79.7 79.8 22 215 0 24408 0 5 24413 0 0.53 0 
2018/06/19 79.8 79.9 79.2 79.9 10 215 0 24412 0 5 24417 0 0.53 0 
2018/06/20 79.8 79.9 79.8 79.9 5 215 0 24413 0 5 24418 0 0.53 0 
2018/06/21 79.8 80 79.8 79.9 7 215 0 24410 0 5 24415 0 0.53 0 
2018/06/22 79.8 80.9 79.8 80.3 46 215 0 24425 0 5 24430 0 0.53 0 
2018/06/25 80.3 80.5 79.7 80.5 10 215 0 24433 0 5 24438 0 0.53 0 
2018/06/26 80.4 80.4 80.4 80.4 2 215 0 24435 0 5 24440 0 0.53 0 
2018/06/27 80.4 80.4 80.1 80.1 3 215 0 24434 0 5 24439 0 0.53 0 
2018/06/28 80.1 81.5 80 81 39 215 0 24469 0 6 24475 0 0.53 0 
2018/06/29 80.7 80.7 80.7 80.7 0 215 0 24469 0 6 24475 0 0.53 0 
2018/07/02 80.7 80.7 80.1 80.1 3 215 0 24468 0 6 24474 0 0.53 0 
2018/07/03 81.2 81.2 80.1 80.9 25 209 0 24478 0 6 24484 0 0.52 0 
2018/07/04 80.7 81 80.7 80.9 3 209 0 24479 0 6 24485 0 0.52 0 
2018/07/05 80.1 80.1 80.1 80.1 5 209 0 24476 0 6 24482 0 0.52 0 
2018/07/06 80.7 80.7 80 80.7 7 209 0 24482 0 6 24488 0 0.52 0 
2018/07/09 80.5 80.6 79.8 80.6 12 209 0 24486 0 6 24492 0 0.52 0 
2018/07/10 80 80.8 80 80.7 21 209 0 24497 0 6 24503 0 0.52 0 
2018/07/11 80.6 80.6 80.6 80.6 0 209 0 24497 0 6 24503 0 0.52 0 
2018/07/12 80.7 80.7 80.1 80.6 3 209 0 24496 0 6 24502 0 0.52 0 
2018/07/13 80.1 80.1 79.9 79.9 6 209 0 24497 0 6 24503 0 0.52 0 
2018/07/16 79.9 79.9 79.5 79.9 61 209 0 24505 0 6 24511 0 0.52 0 
2018/07/17 79.9 80.4 79.8 80.2 40 209 0 24503 0 6 24509 0 0.52 0 
2018/07/18 80.2 80.8 79.7 80.8 22 209 0 24513 0 6 24519 0 0.52 0 
2018/07/19 80.6 80.6 80.6 80.6 0 209 0 24513 0 6 24519 0 0.52 0 
2018/07/20 80.1 80.7 80.1 80.7 12 209 0 24522 0 6 24528 0 0.52 0 
2018/07/23 80 80.5 80 80.4 6 209 0 24523 0 6 24529 0 0.52 0 
2018/07/24 80.4 80.4 80.4 80.4 0 209 0 24523 0 6 24529 0 0.52 0 
2018/07/25 80 80.8 79.7 80.7 23 209 0 24527 0 6 24533 0 0.52 0 
2018/07/26 80.6 80.6 80.6 80.6 0 209 0 24527 0 6 24533 0 0.52 0 
2018/07/27 80.5 80.5 80.5 80.5 0 209 0 24494 0 6 24500 0 0.52 0 
2018/07/30 80.5 80.5 80.5 80.5 2 209 0 24494 0 6 24500 0 0.52 0 
