1990/01/12 115 126 105 122.5 49001 
1990/01/19 124 129.5 118 120.5 37019 
1990/01/26 124 127 118.5 118.5 14221 
1990/02/02 121 121 114 116 12588 
1990/02/09 118 128 115 124.5 39239 
1990/02/16 128 138 125 138 74802 
1990/02/23 138 146 130 135 88915 
1990/03/02 135 135 121 122.5 40256 
1990/03/09 121 128.5 114 127 23294 
1990/03/16 128 140 125 129 51710 
1990/03/23 129 133 118 119 26844 
1990/03/30 120 131 118 130 20321 
1990/04/06 131 132 108 108 18149 
1990/04/13 105 112 100 101.5 17058 
1990/04/20 101 103.5 85 94.5 18521 
1990/04/27 95 105 92 100 32584 
1990/05/04 100 101.5 81 87 19993 
1990/05/11 87.5 92 77.5 78 23154 
1990/05/18 78 86 69 69 16686 
1990/05/25 69 71.5 51.5 56 17359 
1990/06/01 55 74 53.5 71 37061 
1990/06/08 69 70 49.3 49.3 27145 
1990/06/15 45.9 52 44.2 44.2 14868 
1990/06/22 44 48.1 43 46.2 20101 
1990/06/29 47 49.4 41.4 45.2 15979 
1990/07/06 46 49.2 42 48 19122 
1990/07/13 48 52 41.2 42.1 39183 
1990/07/20 40.5 47.2 39.5 46.8 22130 
1990/07/27 48 54 44.5 54 45857 
1990/08/03 53 62 50.5 51 81786 
1990/08/10 51 51 34.4 35.3 18501 
1990/08/17 35 39.7 31.8 33.9 19345 
1990/08/24 32.3 35 23.7 25 13105 
1990/08/31 26 30.3 25.3 30.3 22184 
1990/09/07 29 31.5 27.1 27.4 26440 
1990/09/14 29 29.3 25.9 26.2 18184 
1990/09/21 25.8 26.2 21.7 21.9 13748 
1990/09/28 20.5 20.8 19 20.4 9902 
1990/10/05 20 21 18.1 20.2 13336 
1990/10/12 20.2 21.8 17.4 18.2 15539 
1990/10/19 18.4 23 18.1 23 34001 
1990/10/26 22.8 25.7 22.3 22.4 31398 
1990/11/02 23.7 23.9 20.2 22.1 16859 
1990/11/09 23.5 27.2 23 26 60721 
1990/11/16 27.8 31.4 27.4 31.4 49120 
1990/11/23 32.4 46.7 32.2 43.5 50349 
1990/11/30 44 44.6 35.7 42.8 44327 
1990/12/07 45.3 48.3 37.5 37.5 49466 
1990/12/14 36.9 39 29.7 30.6 29675 
1990/12/21 30.2 30.6 24.8 29.4 23222 
1990/12/28 30.5 32.3 29.3 32.3 21785 
1991/01/04 31.5 31.9 28.8 30.8 10157 
1991/01/11 28.7 29.4 22.3 22.5 13467 
1991/01/18 21.6 26 20 26 12367 
1991/01/25 27 30 26.3 28.8 34089 
1991/02/01 29.2 31.7 27.6 28.8 29563 
1991/02/08 28.5 38.5 28.5 37.4 59836 
1991/02/15 38.5 39.7 38 39 10096 
1991/02/22 41.7 42.4 36.4 38.5 36273 
1991/03/01 39.5 43.7 38.9 38.9 40398 
1991/03/08 36.3 39.9 36.2 39.2 23360 
1991/03/15 39.9 42.8 38.5 42.4 29917 
1991/03/22 42.8 43.5 39.2 40 32560 
1991/03/29 40 45.4 40 45.2 40611 
1991/04/05 46 48.3 45 47.9 30034 
1991/04/12 47.9 50 46.6 48.3 42210 
1991/04/19 48.5 48.8 42.4 46.1 24360 
1991/04/26 46.1 47.4 44.7 46.3 19706 
1991/05/03 46.1 47.5 43.3 45.5 17248 
1991/05/10 46.5 47 43.3 43.6 17617 
1991/05/17 43.5 43.5 38.7 39 10539 
1991/05/24 39 42.2 39 40.3 10501 
1991/05/31 40.1 41 37.5 38.4 6631 
1991/06/07 38.7 42 38 41.5 8642 
1991/06/14 41.5 41.9 39.8 41.5 8041 
1991/06/21 42.5 44.4 42 43.8 18192 
1991/06/28 43.8 44.5 41.2 41.6 10976 
1991/07/05 42.2 42.4 40 40.1 5652 
1991/07/12 40.1 40.9 39 40.4 4822 
1991/07/19 40.4 40.8 37 37.7 4029 
1991/07/26 37 38 33.8 38 7978 
1991/08/02 38.3 39.5 35.5 36.8 10582 
1991/08/09 36.9 38 34.1 37.5 7100 
1991/08/16 37.5 39.7 35.3 35.9 14203 
1991/08/23 36.2 36.5 32 32.5 13234 
1991/08/30 32.6 32.6 29.5 31.6 6815 
1991/09/06 32 32.9 30.7 32.7 6943 
1991/09/13 33.7 34.6 31.2 31.9 14898 
1991/09/20 32 34.8 31.8 34.3 12121 
1991/09/27 34.5 35.8 34 34.5 11315 
1991/10/04 34.9 34.9 33.1 34.3 8207 
1991/10/11 34.4 35.8 34.2 34.5 10109 
1991/10/18 33 33.4 29.3 31.2 10242 
1991/10/25 31 31.4 28.3 30.2 5779 
1991/11/01 31 32.2 29.8 30.5 8776 
1991/11/08 30.6 33 30.5 32.4 12328 
1991/11/15 33 33.4 31.3 32 9423 
1991/11/22 32 32 28 28.7 13728 
1991/11/29 29 29.5 28 28.1 5921 
1991/12/06 28.1 28.1 27 27.7 4445 
1991/12/13 27.7 28.3 26.8 26.9 4656 
1991/12/20 27 27.6 26.5 27.2 6608 
1991/12/27 27.8 30.2 27.4 29.9 20597 
1992/01/03 30 30.3 29.5 29.6 4301 
1992/01/10 29.8 33.8 29.8 33.3 51215 
1992/01/17 33.5 34.7 32.5 33.1 30460 
1992/01/24 33.8 35 33.1 34 27144 
1992/01/31 34.1 35.8 34 34.3 22663 
1992/02/07 34.2 34.4 33.4 33.4 3672 
1992/02/14 33.7 34 32 33.6 12292 
1992/02/21 33.3 34.2 32 33.8 20548 
1992/02/28 34.1 34.5 32.3 33.5 18776 
1992/03/06 33.8 35 32.4 32.5 16987 
1992/03/13 32.3 33.2 31.6 32.7 7224 
1992/03/20 32.2 32.9 30.8 30.8 8306 
1992/03/27 30.6 31.4 30.1 31 11572 
1992/04/03 31 31.2 29.5 30.5 4795 
1992/04/10 30.5 30.5 28.6 28.7 9026 
1992/04/17 28.7 30.2 28.5 29.6 10986 
1992/04/24 29.8 30 28.7 29 6315 
1992/05/01 29 29.9 29 29.3 7713 
1992/05/08 29.6 29.6 28.3 28.4 5568 
1992/05/15 28.1 28.1 26.9 27.4 7493 
1992/05/22 27.6 29.4 27.6 29 11800 
1992/05/29 29 29.2 27.6 27.6 5106 
1992/06/05 27.6 28.7 27.3 28.2 3474 
1992/06/12 28.7 29.4 27.8 28.6 10259 
1992/06/19 29.4 29.4 27.8 28 6937 
1992/06/26 28.1 28.3 25.9 26.2 8685 
1992/07/03 26.2 26.4 25 25.2 3727 
1992/07/10 25.3 25.4 23.1 24.9 9385 
1992/07/17 24.9 25.2 23.5 23.8 7937 
1992/07/24 23.8 25.4 23 23.8 16362 
1992/07/31 24 24.5 23.1 24 8812 
1992/08/07 24.2 24.4 23.2 23.2 5766 
1992/08/14 23 23.4 22 22.5 7374 
1992/08/21 22.5 22.8 20 21.7 10726 
1992/08/28 22 22.2 21 21.8 6069 
1992/09/04 22.1 22.6 21.1 21.4 7048 
1992/09/11 21.8 21.8 20.1 20.8 3743 
1992/09/18 20.1 20.7 17.8 19.5 12374 
1992/09/25 19 19.8 18 18.5 10741 
1992/10/02 18.3 20.9 18.2 20.5 13425 
1992/10/09 20.5 21.4 19.4 19.9 12707 
1992/10/16 19.9 20.6 19.3 20.3 11551 
1992/10/23 20.5 20.7 19.6 19.9 6481 
1992/10/30 19.9 20.4 19.6 19.7 3017 
1992/11/06 19.8 19.9 18.6 18.9 5261 
1992/11/13 18.8 19.3 18.8 19.3 2810 
1992/11/20 19.2 20.4 19.1 19.8 9880 
1992/11/27 20 20.1 19.3 19.4 4814 
1992/12/04 19.4 19.6 18.9 19.6 2923 
1992/12/11 19.5 20.2 19.3 19.9 9185 
1992/12/18 20.2 20.9 19.5 20 13484 
1992/12/25 20.4 20.4 18.1 18.4 7039 
1993/01/01 18.4 18.4 17.2 17.7 3368 
1993/01/08 18 18.1 16.4 17.4 11685 
1993/01/15 17.3 18.7 16.6 18.6 15110 
1993/01/22 18.6 19.2 18.2 19 8186 
1993/01/29 18.9 19 17.6 18.9 7201 
1993/02/05 19.3 21.3 19.1 20.6 36453 
1993/02/12 20.8 21 19.5 20.3 21043 
1993/02/19 20.5 20.8 19.8 20.4 18767 
1993/02/26 20.5 21.8 20.2 21.4 36465 
1993/03/05 22 23 20.5 21.6 49047 
1993/03/12 22 23.8 21.3 22.2 46566 
1993/03/19 22.2 23.5 21.7 22 31136 
1993/03/26 22 22.6 21.6 21.7 18748 
1993/04/02 21.9 26.6 21.9 26.2 70997 
1993/04/09 27 27.4 23.9 24.2 47291 
1993/04/16 24.4 25.4 22.9 23.9 41989 
1993/04/23 24.3 25.8 22.6 25.3 47946 
1993/04/30 25.6 26.7 25 26 60220 
1993/05/07 25.6 28.5 25.5 27.7 71216 
1993/05/14 27.8 28.8 24.8 25.5 62003 
1993/05/21 25.2 25.5 23.7 24.1 31374 
1993/05/28 24.3 24.9 23.5 23.9 24736 
1993/06/04 24 24.2 23.2 23.7 13954 
1993/06/11 23.8 23.8 22.4 22.8 14569 
1993/06/18 22.9 22.9 20.8 20.9 11043 
1993/06/25 20.9 21.3 20 20.6 14074 
1993/07/02 20.3 20.5 19 19.2 11438 
1993/07/09 19.4 22.2 19 21.4 32391 
1993/07/16 21.5 22.8 20.5 21 38314 
1993/07/23 21.3 22.2 21 21.8 25047 
1993/07/30 22 22.4 20.8 21.1 18258 
1993/08/06 21.1 21.8 20.7 21.1 10772 
1993/08/13 21.5 21.7 21.1 21.2 9906 
1993/08/20 21.4 21.5 20.1 20.3 9168 
1993/08/27 20.1 20.3 19.1 19.3 7447 
1993/09/03 19.5 19.5 18.3 18.9 7043 
1993/09/10 18.9 19.4 18.4 18.9 8879 
1993/09/17 18.8 19.5 18.2 19.3 15618 
1993/09/24 19.5 20 18.8 19 17300 
1993/10/01 19 19.2 18.7 18.8 3307 
1993/10/08 18.8 19.4 18.6 19.2 7078 
1993/10/15 19.3 20 19.2 19.5 12519 
1993/10/22 19.7 20 18.9 19.8 14472 
1993/10/29 19.8 19.9 19.3 19.8 12831 
1993/11/05 20 21 19.8 19.8 24066 
1993/11/12 19.8 19.8 19.4 19.7 9050 
1993/11/19 19.9 20.4 19.2 19.4 22807 
1993/11/26 19.5 19.6 18.5 18.5 12089 
1993/12/03 19 21.6 19 20.3 44052 
1993/12/10 20.6 21.4 20.1 20.5 27970 
1993/12/17 20.8 23 20.6 21.5 68565 
1993/12/24 21.6 22.8 20.8 21.2 35084 
1993/12/31 21.5 22.2 21 22 23459 
1994/01/07 22 24.4 22 23.8 47127 
1994/01/14 24.2 25.4 21.3 22.9 54739 
1994/01/21 22.9 23.6 21.4 23.1 32017 
1994/01/28 23.5 24.6 22.8 23.7 48786 
1994/02/04 24.1 26.7 24 26.1 88170 
1994/02/18 25 25.8 22.9 23 32039 
1994/02/25 23 23.2 22 22.3 16872 
1994/03/04 22.3 22.8 21.4 22.4 14763 
1994/03/11 22.9 22.9 21.1 21.2 13304 
1994/03/18 21.1 21.5 20.4 20.6 11637 
1994/03/25 20.6 21.5 20.2 20.9 9894 
1994/04/01 21 21.5 20.6 21.5 6772 
1994/04/08 21.6 22 21.3 21.4 10479 
1994/04/15 21.6 21.8 20.9 21.3 10709 
1994/04/22 21.5 25.8 21.4 25.2 98597 
1994/04/29 25.5 27.8 23.8 24.1 110218 
1994/05/06 24.3 27.4 23.3 26.9 71037 
1994/05/13 27.1 27.1 24.7 25 36591 
1994/05/20 25.2 25.4 24.1 24.6 24687 
1994/05/27 24.9 25.2 24 25 20478 
1994/06/03 24.5 25.2 24.2 24.4 19440 
1994/06/10 24.5 25.2 23.1 23.4 29092 
1994/06/17 23.5 23.5 22.5 22.5 9079 
1994/06/24 22.7 22.7 21 21 9210 
1994/07/01 21 21.7 20.8 21.4 8449 
1994/07/08 21.5 22.9 21.2 22.9 16050 
1994/07/15 23.4 23.4 22.3 22.4 22271 
1994/07/22 22.4 23.4 22.1 22.6 26712 
1994/07/29 23.1 25.5 23 23 85804 
1994/08/05 23 27.4 23 27.3 108890 
1994/08/12 27.5 27.5 24 24.8 58767 
1994/08/19 24.4 25.2 23.8 25 24727 
1994/08/26 25.8 26.2 24.5 24.7 28438 
1994/09/02 24.8 25.7 24.2 24.3 20546 
1994/09/09 24.2 24.5 23.5 23.8 9536 
1994/09/16 23.8 24 23 23 9648 
1994/09/23 23.3 23.3 22.8 22.8 5177 
1994/09/30 22.8 25.7 22.8 25.1 32704 
1994/10/07 25.3 25.5 21.3 21.3 28871 
1994/10/14 21.4 23.3 20.1 23 30658 
1994/10/21 23.3 26.3 23 25.9 94574 
1994/10/28 26.5 26.7 23.6 23.8 49473 
1994/11/04 23.8 24.7 22.2 24.1 34441 
1994/11/11 24.3 25 24 24.2 22600 
1994/11/18 24.4 24.7 23.6 24.6 13268 
1994/11/25 24.7 25.6 23.5 25.1 54024 
1994/12/02 25.5 25.5 24.2 24.3 15258 
1994/12/09 25.5 27.1 25 26.9 75305 
1994/12/16 27.5 31.7 26.8 31.1 164064 
1994/12/23 31.6 34.8 31.1 34.4 144118 
1994/12/30 35 36.5 32.5 35.7 126694 
1995/01/06 35.5 35.8 30.6 31 46159 
1995/01/13 31.4 31.8 27.7 29 89027 
1995/01/20 29.2 32.9 29.2 32.2 142534 
1995/01/27 32.6 33.3 30.3 32.2 116288 
1995/02/03 33 33.7 31.8 31.8 12946 
1995/02/10 32 38.4 31.6 37.4 254847 
1995/02/17 37.3 38.9 35.8 37.3 181417 
1995/02/24 37.5 37.7 34.7 34.8 78063 
1995/03/03 33 33.6 30.6 33.1 64708 
1995/03/10 33.1 33.1 30.6 31.8 46684 
1995/03/17 32 32.8 31.2 31.7 29136 
1995/03/24 31.7 31.7 29.5 29.6 19747 
1995/03/31 29.6 31.7 29.1 31 27967 
1995/04/07 31.2 31.7 30.6 31.2 17238 
1995/04/14 31.5 31.6 28 28 20178 
1995/04/21 28 28.2 24.8 25.3 26306 
1995/04/28 25.1 26.4 23.2 25.7 76538 
1995/05/05 25.7 26.4 24.9 25.8 72872 
1995/05/12 25.7 28.2 25.5 27.7 60478 
1995/05/19 27.5 28.4 27.2 27.2 46891 
1995/05/26 27.2 27.3 23.6 24.9 19766 
1995/06/02 24.9 26.8 24.4 26 19432 
1995/06/09 25.9 26.1 24.7 25.2 11199 
1995/06/16 25 25.4 22.8 23.3 20510 
1995/06/23 23.3 26.2 23 25.7 53156 
1995/06/30 25.8 26 23.6 23.9 30700 
1995/07/07 23.6 25.4 22.9 24.1 45289 
1995/07/14 24.3 24.4 23.2 23.3 21625 
1995/07/21 23.5 23.6 21.3 22.7 32194 
1995/07/28 22.7 23.6 21.7 22.4 28132 
1995/08/04 22.3 22.6 19.8 19.8 19865 
1995/08/11 19.7 20.8 17.1 17.1 27717 
1995/08/18 17.1 18.6 16 18 67065 
1995/08/25 18 18.3 16.4 17 18604 
1995/09/01 17 18.6 16.9 18.3 26040 
1995/09/08 18.5 20.3 18.5 19.7 51560 
1995/09/15 20 20.3 18 18.6 32437 
1995/09/22 18.5 19 18.1 18.2 10952 
1995/09/29 18.7 19.2 18.1 18.1 13353 
1995/10/06 18.1 19.7 18 19.2 27896 
1995/10/13 18.9 19.4 18.1 18.2 10774 
1995/10/20 18.3 18.6 17.5 17.7 7568 
1995/10/27 17.7 18.1 17.2 17.3 4805 
1995/11/03 17.3 17.3 16.8 17.1 3909 
1995/11/10 17.1 17.5 16.6 16.8 5725 
1995/11/17 16.6 17.9 16.2 17.7 19152 
1995/11/24 17.8 18.4 17.5 18.2 21061 
1995/12/01 18.3 18.9 17.8 18.7 28758 
1995/12/08 19.1 19.1 17.7 18.4 18591 
1995/12/15 18.5 20.1 18.3 19.1 44175 
1995/12/22 19.2 19.8 18.2 19 31850 
1995/12/29 18.8 19.1 18.3 18.6 9775 
1996/01/05 18.7 19.5 17.7 19.2 56016 
1996/01/12 19.6 21.6 19.2 21.4 148746 
1996/01/19 21.3 21.6 20.1 20.3 48180 
1996/01/26 20.5 20.9 20.1 20.1 27464 
1996/02/02 20.1 20.1 18.2 18.8 34655 
1996/02/09 18.8 18.9 18 18.5 16370 
1996/02/16 18.7 19.2 18.2 18.3 16079 
1996/02/23 18.6 18.6 18.1 18.2 1871 
1996/03/01 18.2 18.3 17.1 18.1 13272 
1996/03/08 18.1 18.9 17.6 18.3 25335 
1996/03/15 18 19.7 17.6 19.3 32549 
1996/03/22 19.5 20.1 19.3 19.8 34478 
1996/03/29 20.1 20.3 19.5 20.1 21399 
1996/04/05 20.3 21.9 20.3 21.4 41571 
1996/04/12 21.6 22.6 20.1 21.7 53219 
1996/04/19 22.4 23.1 20.8 20.9 54838 
1996/04/26 21.2 24.1 21.2 23.6 116247 
1996/05/03 23.9 24 22 22.2 48516 
1996/05/10 22.4 23.6 21.3 23.4 36400 
1996/05/17 23.9 23.9 21.7 21.8 35711 
1996/05/24 22 22 20.1 21.2 18494 
1996/05/31 21.2 21.7 20.5 21.3 17028 
1996/06/07 21.5 22.1 20.8 21.6 18702 
1996/06/14 21.7 21.7 20 20.2 25579 
1996/06/21 20.5 21 20.3 20.5 12152 
1996/06/28 20.7 21.4 19 20.2 51527 
1996/07/05 20.4 22.1 20 21.7 57588 
1996/07/12 21.8 22.2 20.5 20.8 51162 
1996/07/19 20.8 20.8 19.6 20.1 19539 
1996/07/26 20.3 20.6 19.5 19.9 7950 
1996/08/02 20 21 19.8 20 9488 
1996/08/09 20.1 20.2 19.1 19.6 29746 
1996/08/16 18.2 18.7 18.1 18.3 21159 
1996/08/23 18.3 18.4 17.4 17.6 10615 
1996/08/30 17.6 17.9 17.5 17.6 8540 
1996/09/06 17.6 17.8 16.8 17.3 9529 
1996/09/13 17.3 18.2 17.3 17.8 17056 
1996/09/20 18 18.3 17.8 17.8 15284 
1996/09/27 17.8 18 17.6 18 4604 
1996/10/04 18.2 18.4 17.8 18.3 16261 
1996/10/11 18.4 18.7 18 18.3 11712 
1996/10/18 18.1 18.3 16.3 16.8 67300 
1996/10/25 17 17.3 16.8 17.1 9827 
1996/11/01 17.3 17.3 16.6 16.7 11218 
1996/11/08 16.7 16.9 16.2 16.3 16973 
1996/11/15 16.3 16.8 16.1 16.5 12326 
1996/11/22 16.5 17 16.2 16.3 21190 
1996/11/29 16.4 17 16.2 16.8 21704 
1996/12/06 16.8 17.2 16.5 16.7 27350 
1996/12/13 16.9 16.9 16.5 16.5 13484 
1996/12/20 16.6 17 16.5 16.8 14073 
1996/12/27 16.9 17.8 16.9 17 38244 
1997/01/03 17.2 17.5 16.8 17 10483 
1997/01/10 17 17.5 16.9 17.3 21671 
1997/01/17 17.4 18.6 17.4 18 53482 
1997/01/24 18 19.2 17.8 18.1 46281 
1997/01/31 18.1 18.1 17.6 17.8 14063 
1997/02/07 17.8 18 17.7 17.8 2950 
1997/02/14 18 19.2 17.8 18.7 34627 
1997/02/21 19 20 18.5 19 57341 
1997/02/28 19.2 20.6 19.1 20 58235 
1997/03/07 20 21.3 19.6 21.2 47079 
1997/03/14 21.4 22.4 21 21.7 95377 
1997/03/21 21.6 24 21.6 23.1 91177 
1997/03/28 23.9 23.9 21.3 23.3 117979 
1997/04/04 23.5 26.7 23.5 25.5 97646 
1997/04/11 25.9 26.9 24.9 25.5 81278 
1997/04/18 26.2 26.4 23.2 23.6 37520 
1997/04/25 23.8 24.2 23.5 23.6 17752 
1997/05/02 23.6 23.9 21 21.9 16982 
1997/05/09 21.7 22.5 21 21.2 16427 
1997/05/16 21.5 21.7 20.1 20.8 14667 
1997/05/23 20.9 21.3 20.3 20.6 10864 
1997/05/30 20.6 20.8 18.7 19.8 11946 
1997/06/06 20.2 20.2 18.6 18.8 9652 
1997/06/13 19 20.1 18.7 19.9 9847 
1997/06/20 20.2 20.4 18 18.6 20004 
1997/06/27 18.7 18.8 14.9 15.8 44782 
1997/07/04 15.9 17.2 15.5 15.6 38810 
1997/07/11 15.7 16 14.9 15.9 25399 
1997/07/18 16 16.4 15.3 15.9 30865 
1997/07/25 16.1 17.4 15.3 15.4 31143 
1997/08/01 15.7 16.4 15.3 15.4 21676 
1997/08/08 15.5 15.5 15 15.2 11755 
1997/08/15 15.3 16 14.8 14.85 16307 
1997/08/22 14.9 15 13.4 13.4 23473 
1997/08/29 13.5 14.15 13.2 14 13842 
1997/09/05 14.2 14.2 13.3 13.6 6091 
1997/09/12 13.65 14 13.3 13.3 7923 
1997/09/19 13.5 13.5 12.6 12.6 7442 
1997/09/26 12.65 13.2 12.65 12.75 8042 
1997/10/03 12.8 12.8 11.3 11.5 9173 
1997/10/10 11.7 11.9 11.5 11.7 7473 
1997/10/17 11.8 11.9 11.2 11.3 8647 
1997/10/24 11.35 11.9 11 11.4 14627 
1997/10/31 11.5 11.55 10.5 10.8 6693 
1997/11/07 10.8 11.3 10.4 10.45 11021 
1997/11/14 10.4 10.55 10 10.1 6579 
1997/11/21 10.1 10.6 10.05 10.35 5684 
1997/11/28 10.45 11.8 10.35 11.55 23343 
1997/12/05 11.1 13.5 10.75 13.1 50845 
1997/12/12 13.1 13.8 11.9 13.2 40474 
1997/12/19 13.4 13.5 12.4 12.9 22374 
1997/12/26 13 13.5 12.2 12.6 13277 
1998/01/02 13 13.55 12.8 12.9 22905 
1998/01/09 12.8 12.85 11.55 11.6 8820 
1998/01/16 11.4 11.55 10.8 11.25 9124 
1998/01/23 11.35 11.4 11.1 11.2 3456 
1998/02/06 11.25 11.4 10.8 10.8 8676 
1998/02/13 11 11.3 10.8 11.1 8313 
1998/02/20 11.2 13.5 11.2 12.65 29640 
1998/02/27 12.65 13.3 11.9 11.9 19188 
1998/03/06 11.85 13.15 11.85 12.75 28604 
1998/03/13 13 13.8 12.9 13.2 42666 
1998/03/20 13.2 13.5 12.4 12.55 14897 
1998/03/27 12.7 12.8 12.3 12.6 8407 
1998/04/03 12.8 13 12.5 12.85 12259 
1998/04/10 12.95 13.3 12.7 12.9 11204 
1998/04/17 12.95 14.7 12.7 13.3 75808 
1998/04/24 13.5 13.7 12.8 13.3 25424 
1998/05/01 13.35 13.5 12.55 12.55 13273 
1998/05/08 12.6 12.8 12 12.05 9004 
1998/05/15 12.1 12.45 11.5 11.6 9980 
1998/05/22 11.6 12.35 11.5 12.3 5675 
1998/05/29 12.4 12.4 11.6 11.6 7315 
1998/06/05 11.6 12 11.4 11.85 7423 
1998/06/12 11.9 12.2 11 11.15 7293 
1998/06/19 11.2 11.8 11 11.55 8929 
1998/06/26 11.7 12.5 11.6 12.05 23973 
1998/07/03 12 12.25 11.7 11.8 7519 
1998/07/10 11.8 12 11.6 11.65 7208 
1998/07/17 11.65 12.1 11.65 11.9 15207 
1998/07/24 12 12.2 11.65 11.9 15331 
1998/07/31 12.05 12.4 11.05 11.25 17533 
1998/08/07 11.35 11.7 10.7 10.9 7304 
1998/08/14 10.8 11 10.7 10.8 3884 
1998/08/21 10.85 11 10.45 10.7 5112 
1998/08/28 10.65 10.75 9.45 9.55 10481 
1998/09/04 9.45 10 8.15 10 17909 
1998/09/11 10.1 10.2 9.5 9.85 10986 
1998/09/18 9.95 10.7 9.95 10.5 18369 
1998/09/25 10.6 10.8 9.8 9.9 13186 
1998/10/02 9.9 9.9 8.7 9.2 5780 
1998/10/09 9 10.65 8.8 10.2 12800 
1998/10/16 10.3 10.45 9.1 9.7 4930 
1998/10/23 9.7 10.05 9.4 9.85 6887 
1998/10/30 9.9 10 9.4 9.55 5194 
1998/11/06 9.65 9.8 8.8 9.05 5923 
1998/11/13 9.1 9.1 8.4 8.55 2960 
1998/11/20 8.6 9.7 8.5 9.15 7961 
1998/11/27 9.1 9.3 8.5 8.7 4848 
1998/12/04 8.65 8.8 8.5 8.65 3528 
1998/12/11 9.1 9.7 8.6 9.65 17144 
1998/12/18 9.8 9.9 8.4 8.45 14117 
1998/12/25 8.55 8.85 8.45 8.75 4060 
1999/01/01 8.5 8.55 7.1 7.75 11928 
1999/01/08 7.55 7.85 6.75 7.85 12245 
1999/01/15 7.95 8.1 7 7.65 9940 
1999/01/22 7.6 7.85 7.3 7.45 4155 
1999/01/29 7.45 8.2 7.1 7.8 10605 
1999/02/05 7.8 7.9 6.6 7.05 9402 
1999/02/12 7.5 8.45 7.5 8.35 27300 
1999/02/19 8.65 8.65 8.15 8.25 4976 
1999/02/26 8.3 8.8 7.9 8 26531 
1999/03/05 8.05 8.8 8 8.4 22830 
1999/03/12 8.5 8.5 8 8.25 9246 
1999/03/19 8.3 9.35 8.1 9 31689 
1999/03/26 9.2 10.7 9 10.5 46372 
1999/04/02 10.3 11.2 9.35 11.2 47646 
1999/04/09 11.5 11.6 10.65 10.65 30046 
1999/04/16 10.5 12.4 10 12.4 64988 
1999/04/23 12.6 13.7 11.8 12.75 111317 
1999/04/30 12.8 13 12.05 12.9 57542 
1999/05/07 13.1 14 12.95 13.1 90048 
1999/05/14 13.1 13.45 12.3 12.5 40709 
1999/05/21 12.35 12.7 11.5 12 22172 
1999/05/28 12.1 12.3 11.25 11.45 22471 
1999/06/04 11.45 11.65 10.7 11.15 12789 
1999/06/11 11.85 11.85 10.3 10.55 14678 
1999/06/18 10.8 11 10.1 10.15 8461 
1999/06/25 10.3 10.9 10.2 10.35 10812 
1999/07/02 10.7 10.8 10.05 10.25 10675 
1999/07/09 10.4 11.1 10.1 10.1 10055 
1999/07/16 10.1 10.2 7.65 7.65 13643 
1999/07/23 7.6 8.9 7.2 8.9 14224 
1999/07/30 8.9 8.9 8.1 8.35 6415 
1999/08/06 8.3 8.55 7.9 8.45 5904 
1999/08/13 8.5 9.45 8.35 9.45 12717 
1999/08/20 9.6 11.5 9.6 11.25 36589 
1999/08/27 11.45 11.5 10.2 10.8 24117 
1999/09/03 10.95 11.25 10.15 10.7 28333 
1999/09/10 10.8 11 10.2 11 14370 
1999/09/17 11.2 12.65 11.2 12.25 72947 
1999/09/24 12.25 12.25 11.85 11.9 3939 
1999/10/01 11.5 13.4 11.35 12.05 63492 
1999/10/08 12.2 12.65 11 11.2 31010 
1999/10/15 11.2 11.9 11 11.2 16966 
1999/10/22 11.3 11.3 10.6 10.85 10625 
1999/10/29 11 11 9.1 9.55 13922 
1999/11/05 9.5 9.5 7.9 8.1 15971 
1999/11/12 8 9.25 8 8.9 7806 
1999/11/19 8.9 9.2 8.3 8.45 13021 
1999/11/26 8.45 8.9 8 8.2 5565 
1999/12/03 8.2 9.45 8.2 9.2 10568 
1999/12/10 9.4 9.5 8.3 8.4 6102 
1999/12/17 8.5 8.8 8.1 8.3 5415 
1999/12/24 8.3 8.3 7.95 7.95 4814 
1999/12/31 8 8.25 7.9 8.05 3109 
2000/01/07 8.55 9.1 8.15 8.85 10495 
2000/01/14 9 10.2 8.8 9.4 23807 
2000/01/21 9.5 10.45 9.5 9.7 17600 
2000/01/28 9.8 11.1 9.8 10.55 29806 
2000/02/04 10.25 10.7 10.25 10.5 5877 
2000/02/11 10.7 11.7 10.65 11.1 19691 
2000/02/18 11.3 12.25 10.9 12.05 59637 
2000/02/25 12.3 12.8 9.8 9.8 34636 
2000/03/03 10 10.9 9.75 10.2 14149 
2000/03/10 10 10.3 9.45 9.65 15982 
2000/03/17 9.6 9.6 8.5 9.2 11994 
2000/03/24 8.9 10 8.6 9.7 28269 
2000/03/31 9.8 10.4 9.35 9.65 13433 
2000/04/07 9.6 10.55 9.5 9.9 12035 
2000/04/14 9.9 10 8.7 8.85 13360 
2000/04/21 8.95 9.2 8.75 9.05 6846 
2000/04/28 9.1 9.1 8.3 8.4 8421 
2000/05/05 8.3 8.45 7.55 8.1 7324 
2000/05/12 8.05 8.25 7.85 8.1 5380 
2000/05/19 8.3 8.3 7.95 8 6791 
2000/05/26 8 8.2 7.7 7.9 4596 
2000/06/02 7.9 8.35 7.9 7.95 5353 
2000/06/09 8 8.05 7.75 7.75 2527 
2000/06/16 7.85 7.85 7.45 7.6 2753 
2000/06/23 7.6 8.05 7.2 8.05 3969 
2000/06/30 8.4 8.45 7.5 7.7 7998 
2000/07/07 7.8 8.2 7.6 7.9 4338 
2000/07/14 8 8 7.1 7.65 3409 
2000/07/21 7.7 7.95 7.35 7.35 3612 
2000/07/28 7.35 7.4 6.6 7.3 3779 
2000/08/04 7.3 7.5 6.7 7 3315 
2000/08/11 6.95 6.95 6.6 6.65 3029 
2000/08/18 6.55 6.55 5.9 6.05 6388 
2000/08/25 6.05 6.05 5.4 5.5 4526 
2000/09/01 5.3 5.35 3.7 4.06 27969 
2000/09/08 4.02 4.44 3.64 3.79 12223 
2000/09/15 3.8 3.86 3.27 3.27 5631 
2000/09/22 3.06 3.47 2.84 3.47 10431 
2000/09/29 3.47 3.69 3.18 3.18 6663 
2000/10/06 3.01 3.59 3 3.51 4044 
2000/10/13 3.46 3.5 2.95 3.1 2792 
2000/10/20 3.31 3.31 2.79 3.09 4845 
2000/10/27 3.02 3.09 2.78 2.78 4641 
2000/11/03 2.69 2.69 2.38 2.38 3311 
2000/11/10 2.3 2.59 2.21 2.55 5353 
2000/11/17 2.48 2.48 1.78 1.78 6872 
2000/11/24 1.66 1.87 1.61 1.87 5527 
2000/12/01 1.9 2.2 1.9 2.16 8080 
2000/12/08 2.16 2.2 2.08 2.08 3911 
2000/12/15 2.08 2.55 2.06 2.32 8573 
2000/12/22 2.24 2.3 2.11 2.15 4358 
2000/12/29 2.16 2.21 2 2.2 3929 
2001/01/05 2.18 2.44 2.15 2.28 4230 
2001/01/12 2.3 2.87 2.26 2.7 9964 
2001/01/19 2.69 2.8 2.52 2.79 7248 
2001/02/02 2.82 3.13 2.75 3.13 10865 
2001/02/09 3.1 3.57 2.9 3.22 14877 
2001/02/16 3.22 3.68 3.22 3.46 11788 
2001/02/23 3.22 3.73 3.21 3.47 13460 
2001/03/02 3.48 3.59 3.14 3.17 7293 
2001/03/09 3.14 3.3 3.14 3.24 3404 
2001/03/16 3.1 3.21 2.9 3.05 3546 
2001/03/23 3.01 3.03 2.9 2.97 3300 
2001/03/30 2.92 3.07 2.92 2.95 5617 
2001/04/06 2.91 2.93 2.45 2.64 3458 
2001/04/13 2.69 2.69 2.46 2.52 4115 
2001/04/20 2.52 2.6 2.46 2.52 2574 
2001/04/27 2.48 2.52 2.27 2.32 2316 
2001/05/04 2.35 2.36 2.05 2.07 2309 
2001/05/11 2.05 2.31 2.05 2.28 3637 
2001/05/18 2.29 2.29 2.15 2.24 1857 
2001/05/25 2.2 2.2 1.95 1.98 3441 
2001/06/01 1.91 2.02 1.78 2.02 4123 
2001/06/08 2.1 2.11 1.99 2.05 4677 
2001/06/15 2.02 2.11 1.91 1.97 1609 
2001/06/22 1.95 1.95 1.73 1.76 2742 
2001/06/29 1.76 1.76 1.61 1.68 1744 
2001/07/06 1.69 1.76 1.33 1.33 2398 
2001/07/13 1.24 1.26 1.08 1.18 4139 
2001/07/20 1.16 1.2 1.01 1.13 2865 
2001/07/27 1.16 1.2 1.05 1.16 2051 
2001/08/03 1.13 1.16 1.08 1.13 1535 
2001/08/10 1.13 1.22 1.13 1.18 2721 
2001/08/17 1.17 1.4 1.16 1.4 4853 
2001/08/24 1.32 1.63 1.32 1.5 10137 
2001/08/31 1.41 1.59 1.36 1.48 8433 
2001/09/07 1.41 1.48 1.25 1.28 4413 
2001/09/14 1.28 1.3 1.11 1.16 2023 
2001/09/21 1.13 1.2 1.12 1.12 1406 
2001/09/28 1.1 1.17 1.03 1.04 4290 
2001/10/05 1.03 1.05 1 1.02 1539 
2001/10/12 1.01 1.04 0.94 1 1822 
2001/10/19 1 1.01 0.92 0.97 1794 
2001/10/26 0.97 0.98 0.95 0.97 3354 
2001/11/02 0.96 0.97 0.85 0.87 3145 
2001/11/09 0.85 0.87 0.73 0.79 5482 
2001/11/16 0.79 0.83 0.66 0.66 5290 
2001/11/23 0.62 0.71 0.56 0.56 6594 
2001/11/30 0.53 0.55 0.46 0.5 5209 
2001/12/07 0.53 0.64 0.5 0.64 7835 
2001/12/14 0.68 0.87 0.68 0.87 3664 
2001/12/21 0.93 1.05 0.81 0.84 12447 
2001/12/28 0.87 0.93 0.84 0.88 4335 
2002/01/04 0.9 0.92 0.8 0.8 5060 
2002/01/11 0.82 0.92 0.75 0.92 6803 
2002/01/18 0.98 1.26 0.98 1.26 21784 
2002/01/25 1.34 1.63 1.24 1.41 21636 
2002/02/01 1.47 1.94 1.41 1.94 11477 
2002/02/08 2.07 2.21 1.88 1.88 17002 
2002/02/22 1.98 2.51 1.8 2.48 26340 
2002/03/01 2.47 2.48 1.91 2.14 23644 
2002/03/08 2.28 2.43 1.98 2.14 19137 
2002/03/15 2.27 2.78 2.27 2.76 35258 
2002/03/22 2.83 3.4 2.76 3.16 38000 
2002/03/29 3.3 3.3 2.51 2.67 46228 
2002/04/05 2.65 2.97 2.52 2.97 17155 
2002/04/12 3.17 3.55 3.16 3.22 55567 
2002/04/19 3.25 3.4 3.12 3.22 24454 
2002/04/26 3.3 4.49 3.27 4.16 77514 
2002/05/03 4.18 4.2 3.21 3.67 36030 
2002/05/10 3.73 4.05 3.45 3.85 39395 
2002/05/17 3.7 3.8 3.22 3.52 26113 
2002/05/24 3.58 3.58 2.85 3.1 29188 
2002/05/31 3 3.57 3 3.4 57370 
2002/06/07 3.35 3.95 2.97 3.82 56099 
2002/06/14 3.89 4.91 3.62 4.81 120236 
2002/06/21 4.89 4.95 4.1 4.1 76516 
2002/06/28 4.1 4.14 3.23 3.79 47276 
2002/07/05 3.9 4.1 3.56 3.92 58021 
2002/07/12 3.98 4.01 3.37 3.55 40583 
2002/07/19 3.56 3.96 3.52 3.87 42413 
2002/07/26 4.04 4.7 3.9 4.15 100824 
2002/08/02 4.04 4.16 3.7 4 41255 
2002/08/09 3.72 3.86 3.46 3.63 30195 
2002/08/16 3.58 3.85 3.49 3.5 24300 
2002/08/23 3.5 3.58 3.48 3.5 15975 
2002/08/30 3.5 3.55 3.08 3.08 18461 
2002/09/06 2.88 3 2.32 2.32 14669 
2002/09/13 2.24 3.14 2.22 2.8 17513 
2002/09/20 2.7 2.99 2.61 2.87 18589 
2002/09/27 2.85 2.92 2.42 2.67 23547 
2002/10/04 2.6 2.68 2.46 2.52 20397 
2002/10/11 2.55 2.6 2.24 2.39 10983 
2002/10/18 2.38 2.6 2.32 2.6 17030 
2002/10/25 2.75 3.39 2.6 3.29 47801 
2002/11/01 3.31 4 3.31 3.82 69069 
2002/11/08 4.05 4.36 3.7 4.14 79029 
2002/11/15 4.14 4.15 3.75 4.08 48646 
2002/11/22 4.09 4.36 3.6 3.67 61499 
2002/11/29 3.73 4.15 3.7 3.96 33985 
2002/12/06 3.96 3.98 3.72 3.8 18411 
2002/12/13 3.9 4.21 3.86 3.9 43618 
2002/12/20 3.96 3.96 3.57 3.65 28734 
2002/12/27 3.73 3.8 2.83 3.2 24527 
2003/01/03 3.2 3.6 3.1 3.45 21542 
2003/01/10 3.5 4.25 3.5 4.25 54792 
2003/01/17 4.54 5.85 4.54 5.85 133136 
2003/01/24 6 8.05 5.9 8.05 34673 
2003/01/31 7.85 8 7 8 85309 
2003/02/07 7.9 9.1 7.9 8.2 64999 
2003/02/14 8.3 8.7 6.05 6.05 99486 
2003/02/21 6.4 8.2 6.4 8 206541 
2003/02/28 8.1 8.75 7.7 7.7 176892 
2003/03/07 7.35 7.8 6.75 6.75 159891 
2003/03/14 6.5 7 5.75 7 131205 
2003/03/21 6.85 6.9 5.85 6.7 132561 
2003/03/28 6.65 6.9 5.5 5.5 64720 
2003/04/04 5.15 5.15 4.11 4.63 131540 
2003/04/11 4.69 5.7 4.69 5.3 142706 
2003/04/18 5.3 5.3 4.66 4.77 62120 
2003/04/25 4.77 4.77 3.8 3.8 71483 
2003/05/02 3.54 3.8 3.27 3.27 37757 
2003/05/09 3.05 3.41 3 3.41 78450 
2003/05/16 3.56 3.83 3.46 3.72 70139 
2003/05/23 3.72 4.4 3.72 4 140308 
2003/05/30 4.08 4.75 4.08 4.5 127479 
2003/06/06 4.5 4.7 4.26 4.3 60258 
2003/06/13 4.27 5.2 4.27 4.92 98857 
2003/06/20 4.6 5.3 4.45 4.45 93264 
2003/06/27 4.4 4.84 4.4 4.53 50552 
2003/07/04 4.65 5.15 4.65 4.92 74755 
2003/07/11 5.05 5.15 4.81 4.83 82146 
2003/07/18 4.85 6.65 4.85 6.2 115286 
2003/07/25 6.3 6.8 5.75 6 117974 
2003/08/01 6.05 6.2 5.5 5.85 53168 
2003/08/08 5.8 6.05 5.6 5.75 33924 
2003/08/15 5.75 6.35 5.6 5.8 54057 
2003/08/22 5.85 6.2 5.85 5.85 32940 
2003/08/29 5.9 6 5.6 6 41778 
2003/09/05 6.15 6.7 5.95 6.45 83714 
2003/09/12 6.35 6.4 5.75 5.95 22373 
2003/09/19 6.05 6.15 5.85 5.9 20919 
2003/09/26 5.95 6.1 5.8 5.95 17533 
2003/10/03 6 6 5.7 5.95 27450 
2003/10/10 6 6 5.75 5.8 26100 
2003/10/17 5.8 6.6 5.75 6.6 72079 
2003/10/24 6.8 7.15 6.5 6.55 99582 
2003/10/31 6.5 6.6 6.15 6.2 37839 
2003/11/07 6.25 6.55 6.1 6.25 32351 
2003/11/14 6.3 6.35 6.05 6.1 16436 
2003/11/21 6.15 6.15 5.8 5.85 13884 
2003/11/28 5.9 6.15 5.8 5.8 12032 
2003/12/05 5.85 6 5.8 5.85 9700 
2003/12/12 5.85 5.95 5.8 5.85 8373 
2003/12/19 5.9 6.1 5.6 6 18950 
2003/12/26 6.05 6.6 6 6.6 50625 
2004/01/02 6.9 7.05 6.2 6.65 86209 
2004/01/09 6.65 6.9 6.25 6.25 60582 
2004/01/16 6.2 6.35 6 6.2 23815 
2004/01/30 6.25 6.75 6.25 6.75 50466 
2004/02/06 7.2 7.7 7 7.35 189985 
2004/02/13 7.5 8.5 7.45 7.95 115281 
2004/02/20 7.9 8.8 7.65 8.5 115534 
2004/02/27 8.7 10.3 8.6 10.3 173583 
2004/03/05 10.7 13.4 10.55 12.5 188812 
2004/03/12 12.1 13.2 11.2 12.35 114513 
2004/03/19 12.7 12.75 10.7 11.15 87197 
2004/03/26 10.4 10.6 9.4 9.55 53608 
2004/04/02 10.2 12.25 10.2 11.6 79334 
2004/04/09 11.65 12.2 11.35 11.5 85881 
2004/04/16 11.5 12.4 11.25 11.3 96747 
2004/04/23 11.6 11.6 10.1 10.6 66412 
2004/04/30 10.5 10.9 8.65 8.65 33642 
2004/05/07 8.35 8.55 7.8 8.1 44217 
2004/05/14 7.9 7.95 7.05 7.2 49251 
2004/05/21 7 7.55 6.25 7.55 37286 
2004/05/28 7.95 8.8 7.8 8.6 69456 
2004/06/04 8.75 8.9 7.4 7.95 34804 
2004/06/11 8.1 8.65 8.1 8.1 47310 
2004/06/18 8.3 8.3 7.6 7.85 23271 
2004/06/25 7.95 8.55 7.9 8.35 31515 
2004/07/02 8.4 8.75 8.1 8.6 54759 
2004/07/09 8.55 8.7 8.15 8.4 35726 
2004/07/16 8.5 9.7 8.5 8.75 114451 
2004/07/23 8.7 8.85 7.8 8.15 33422 
2004/07/30 8 8.4 7.9 8.2 20645 
2004/08/06 8.2 8.2 7.45 7.8 21489 
2004/08/13 7.75 8 7.6 7.65 10627 
2004/08/20 7.7 8 7.05 8 26182 
2004/08/27 8.25 8.8 8.15 8.6 40682 
2004/09/03 8.9 10.3 8.9 9.6 126510 
2004/09/10 9.6 10.3 9.5 10.15 122565 
2004/09/17 10.45 11.25 10.25 10.6 151769 
2004/09/24 10.65 11.3 10.65 11 120842 
2004/10/01 11.15 12.2 10.9 11.6 200809 
2004/10/08 11.8 12.4 11.4 11.7 158812 
2004/10/15 11.7 12.4 10.3 10.35 104617 
2004/10/22 10.65 10.65 9.6 9.6 50451 
2004/10/29 9.4 9.7 8.55 8.55 39660 
2004/11/05 8.45 9.35 8.45 9.05 48053 
2004/11/12 9.1 9.35 9 9.05 25334 
2004/11/19 9.15 9.2 8.3 8.85 24381 
2004/11/26 8.85 9.55 8.75 9.15 61248 
2004/12/03 9.2 9.45 8.9 9 28508 
2004/12/10 9 9.1 8.75 8.9 14792 
2004/12/17 8.95 9.65 8.9 9.3 33085 
2004/12/24 9.1 9.75 9.05 9.5 37992 
2004/12/31 9.6 10.1 9.25 9.4 45910 
2005/01/07 9.3 9.55 9.2 9.25 18883 
2005/01/14 9.3 9.5 9.15 9.35 21623 
2005/01/21 9.55 9.55 8.9 8.9 17879 
2005/01/28 8.9 9 8.35 8.65 12583 
2005/02/04 8.65 9.05 8.5 8.8 13933 
2005/02/18 9 9.05 8.75 8.75 11681 
2005/02/25 8.8 9.4 8.7 8.95 28487 
2005/03/04 8.96 9.09 8.67 8.67 12075 
2005/03/11 8.7 8.81 7.8 7.85 20825 
2005/03/18 7.85 8.49 7.4 8.14 25352 
2005/03/25 8.16 8.25 7.67 7.73 12759 
2005/04/01 7.8 7.84 6.76 6.94 16891 
2005/04/08 7 7.83 6.93 7.66 21159 
2005/04/15 7.7 7.79 6.79 6.8 13035 
2005/04/22 6.5 6.7 5.88 6.06 17836 
2005/04/29 6.13 6.25 5.85 5.96 10595 
2005/05/06 6.05 6.05 5.6 5.67 7795 
2005/05/13 5.67 5.67 4.7 4.7 23998 
2005/05/20 4.72 5.2 4.4 4.91 34880 
2005/05/27 4.91 5.2 4.75 4.95 16823 
2005/06/03 4.91 5.61 4.82 5.61 33674 
2005/06/10 5.75 6.42 5.7 6.05 51638 
2005/06/17 6.2 6.53 5.8 6.25 48019 
2005/06/24 6.3 7.1 6.3 6.85 78012 
2005/07/01 6.65 7.32 6.2 6.22 32477 
2005/07/08 6.2 6.44 6 6 22688 
2005/07/15 6.05 6.35 5.91 6.16 29899 
2005/07/22 6.32 6.39 6.01 6.22 28224 
2005/07/29 6.29 6.65 5.9 5.92 37288 
2005/08/05 5.92 6.27 5.85 6.1 22327 
2005/08/12 6.22 6.35 5.9 6.16 24070 
2005/08/19 6.24 6.39 5.95 6 15558 
2005/08/26 6 6.22 5.52 5.55 15396 
2005/09/02 5.53 5.67 5.09 5.46 11248 
2005/09/09 5.59 5.65 5.26 5.28 9981 
2005/09/16 5.31 5.38 5 5.03 6336 
2005/09/23 5.05 5.28 5.01 5.01 9863 
2005/09/30 5.03 5.1 4.52 4.79 9401 
2005/10/07 4.94 4.94 4.46 4.52 6347 
2005/10/14 4.53 4.63 4.3 4.31 10162 
2005/10/21 4.32 4.39 3.26 3.41 18070 
2005/10/28 3.43 3.75 3.38 3.43 9594 
2005/11/04 3.48 3.88 3.43 3.66 11273 
2005/11/11 3.64 3.65 3.26 3.55 10775 
2005/11/18 3.52 3.6 3.42 3.43 7037 
2005/11/25 3.5 3.7 3.44 3.6 14093 
2005/12/02 3.6 3.64 3.36 3.37 8641 
2005/12/09 3.4 3.58 3.38 3.46 10818 
2005/12/16 3.46 3.5 3.35 3.41 7629 
2005/12/23 3.49 4.19 3.43 3.93 39284 
2005/12/30 3.98 4.6 3.93 4.35 35039 
2006/01/06 4.23 4.36 4 4.19 17549 
2006/01/13 4.24 4.53 4.21 4.22 25894 
2006/01/20 4.28 4.36 4 4 10712 
2006/01/27 3.98 4.21 3.91 4.1 7387 
2006/02/03 4.21 4.38 4.18 4.38 6301 
2006/02/10 4.6 4.95 4.56 4.92 49302 
2006/02/17 4.95 5.25 4.74 4.91 40184 
2006/02/24 4.91 5.36 4.7 4.81 40158 
2006/03/03 4.81 4.93 4.7 4.7 18753 
2006/03/10 4.7 4.76 4.51 4.61 13551 
2006/03/17 4.65 4.67 4.15 4.33 14649 
2006/03/24 4.4 4.51 4.18 4.51 19553 
2006/03/31 4.51 4.85 4.46 4.74 35036 
2006/04/07 4.8 5.3 4.8 5.05 37568 
2006/04/14 4.7 5.5 4.7 5.1 57177 
2006/04/21 5.13 5.43 4.85 4.89 37017 
2006/04/28 4.85 5.04 4.39 4.41 32943 
2006/05/05 4.41 4.55 4.25 4.55 48183 
2006/05/12 4.65 4.75 4.48 4.55 49688 
2006/05/19 4.53 4.95 4.45 4.58 59023 
2006/05/26 4.55 4.62 4.18 4.2 39001 
2006/06/02 4.25 4.29 3.95 3.97 15606 
2006/06/09 4 4.04 3.29 3.45 57186 
2006/06/16 3.44 3.5 3.31 3.46 12972 
2006/06/23 3.5 3.5 3.12 3.26 9214 
2006/06/30 3.26 3.7 3.26 3.6 22918 
2006/07/07 3.62 3.87 3.54 3.83 19822 
2006/07/14 3.8 3.83 3.42 3.45 11891 
2006/07/21 3.45 3.54 3.2 3.4 9211 
2006/07/28 3.32 3.45 3.32 3.37 4967 
2006/08/04 3.4 3.44 3.31 3.33 5751 
2006/08/11 3.35 3.37 3.31 3.32 4056 
2006/08/18 3.32 3.46 3.32 3.37 9543 
2006/08/25 3.37 3.37 3.11 3.17 6158 
2006/09/01 3.12 3.15 2.97 2.99 8331 
2006/09/08 3 3.15 2.98 3 10268 
2006/09/15 3 3.06 2.55 2.65 10961 
2006/09/22 2.67 3.14 2.67 3.09 19627 
2006/09/29 3.09 3.19 3.03 3.05 8508 
2006/10/06 3.1 3.5 3.06 3.47 23666 
2006/10/13 3.45 3.9 3.42 3.9 30171 
2006/10/20 4.11 4.17 3.5 3.5 58180 
2006/10/27 3.26 3.45 3.26 3.28 35087 
2006/11/03 3.29 3.55 3.29 3.46 17815 
2006/11/10 3.35 3.9 3.32 3.9 36433 
2006/11/17 4.16 4.16 3.8 3.95 56824 
2006/11/24 4 4 3.84 3.86 23428 
2006/12/01 3.86 4.2 3.8 4.13 44834 
2006/12/08 4.2 4.71 4.18 4.46 73912 
2006/12/15 4.46 4.68 4.19 4.34 46218 
2006/12/22 4.35 4.62 4.1 4.39 48129 
2006/12/29 4.4 4.88 4.4 4.66 72902 
2007/01/05 4.66 4.75 4.3 4.31 33006 
2007/01/12 4.3 4.48 3.89 4.12 28918 
2007/01/19 4.14 4.15 3.98 4.12 17070 
2007/01/26 4.15 4.33 4.05 4.27 22199 
2007/02/02 4.3 4.53 4.2 4.27 48349 
2007/02/09 4.3 4.4 4.23 4.27 19836 
2007/02/16 4.27 4.36 4.23 4.28 11528 
2007/03/02 4.56 5.47 4.4 5.47 104317 
2007/03/09 5.5 5.5 4.99 5.05 75115 
2007/03/16 5.2 5.2 4.9 5.11 69199 
2007/03/23 5.12 5.26 4.96 5.1 77476 
2007/04/13 9.15 10.45 9.15 10.45 7978 
2007/04/20 11.15 11.8 10.45 10.6 93118 
2007/04/27 10.6 10.7 10 10.15 26424 
2007/05/04 10.2 10.3 8.93 9.26 23820 
2007/05/11 9.29 10.4 9.29 10 28350 
2007/05/18 10.15 10.2 9.6 9.75 12292 
2007/05/25 9.74 9.84 9.55 9.63 11586 
2007/06/01 9.62 9.62 9 9.15 13238 
2007/06/08 9.15 9.61 9.06 9.2 14552 
2007/06/15 9.28 9.3 9.11 9.15 10725 
2007/06/22 9.15 9.27 9.05 9.06 8948 
2007/06/29 9.25 10.35 9.1 9.65 37570 
2007/07/06 9.61 10.25 9.4 9.8 33517 
2007/07/13 9.8 9.95 9.31 9.75 30168 
2007/07/20 9.8 11.6 9.8 10.7 91402 
2007/07/27 10.8 11.6 9.5 9.8 57418 
2007/08/03 9.8 10.4 9.11 9.6 25883 
2007/08/10 9.5 9.74 9.15 9.35 14557 
2007/08/17 9.3 9.32 6.8 6.8 23727 
2007/08/24 7.2 7.75 7.1 7.69 8043 
2007/08/31 7.89 8.15 7.57 7.92 8237 
2007/09/07 8.33 8.4 7.84 7.95 8214 
2007/09/14 7.8 8.1 7.74 7.78 8633 
2007/09/21 7.87 8.1 7.66 8 6782 
2007/09/28 8.1 8.3 7.95 8.23 8693 
2007/10/05 8.25 8.4 7.83 7.9 9521 
2007/10/12 7.9 7.99 7.6 7.68 5032 
2007/10/19 7.68 7.8 7.01 7.16 6703 
2007/10/26 7 7.1 6.92 6.94 5993 
2007/11/02 7.08 7.08 6.5 6.51 6156 
2007/11/09 6.5 7.2 6.5 7.19 9367 
2007/11/16 7.1 7.54 7.02 7.16 8936 
2007/11/23 7.1 7.16 6.72 6.88 4611 
2007/11/30 6.88 7.05 6.55 6.76 3820 
2007/12/07 6.8 6.9 6.72 6.76 2376 
2007/12/14 6.76 6.78 6.26 6.57 4519 
2007/12/21 6.4 6.44 5.3 5.35 5048 
2007/12/28 5.42 5.9 5.35 5.85 5012 
2008/01/04 5.85 6.29 5.78 6.16 5335 
2008/01/11 6.02 6.14 5.8 5.84 3871 
2008/01/18 5.84 6.13 5.65 5.82 5268 
2008/01/25 5.8 5.84 4.86 5.13 5776 
2008/02/01 5.1 5.17 4.96 5.17 4062 
2008/02/15 5.18 5.21 5.03 5.11 3245 
2008/02/22 5.13 6.31 5.13 6.15 15864 
2008/02/29 6.2 6.95 6.11 6.95 13127 
2008/03/07 6.89 7.74 6.73 7.12 17200 
2008/03/14 7.28 7.32 6.8 6.87 9413 
2008/03/21 7.07 7.07 6.56 6.6 5900 
2008/03/28 7.05 7.2 6.8 6.9 10916 
2008/04/04 6.9 7.14 6.85 6.89 4478 
2008/04/11 6.89 7.62 6.85 7.35 23255 
2008/04/18 7.25 8.34 7.18 8.11 44830 
2008/04/25 8.11 8.2 7.62 7.74 12271 
2008/05/02 7.75 8.45 7.65 8.3 17849 
2008/05/09 8.26 9 7.85 8.45 32012 
2008/05/16 8.6 9.55 8.05 8.94 42048 
2008/05/23 9.18 10.2 9.1 9.61 62862 
2008/05/30 9.3 9.65 8.02 8.15 26138 
2008/06/06 8.15 8.56 7.7 8.21 14114 
2008/06/13 7.74 8.29 7.26 7.35 8979 
2008/06/20 7.35 7.53 6.73 6.8 7527 
2008/06/27 6.78 6.95 5.95 6.86 11779 
2008/07/04 6.84 7.25 6.27 6.57 9445 
2008/07/11 6.57 7.15 6.52 6.9 7225 
2008/07/18 6.84 6.87 5.79 5.81 6477 
2008/07/25 5.82 6.39 5.82 6.06 6181 
2008/08/01 5.99 6.13 5.6 5.65 3020 
2008/08/08 5.5 5.59 4.85 5.21 6173 
2008/08/15 5.37 5.61 5.15 5.45 5927 
2008/08/22 5.31 5.63 5.11 5.48 4090 
2008/08/29 5.5 5.53 5.16 5.37 2481 
2008/09/05 5.36 5.36 4.13 4.13 4533 
2008/09/12 4.2 5.05 4.2 4.88 6734 
2008/09/19 4.7 4.9 3.91 4.18 4560 
2008/09/26 4.25 4.5 4.03 4.18 4759 
2008/10/03 3.89 4.15 3.82 4.05 2797 
2008/10/10 4 4 3.31 3.33 2342 
2008/10/17 3.22 3.45 3.22 3.27 2249 
2008/10/24 3.16 3.28 2.76 2.76 2555 
2008/10/31 2.57 2.73 2.24 2.73 9701 
2008/11/07 2.9 3.33 2.89 3.16 9172 
2008/11/14 3.04 3.32 2.87 3.07 4596 
2008/11/21 3.01 3.4 2.6 2.86 6158 
2008/11/28 2.75 3.07 2.71 2.9 4579 
2008/12/05 2.9 3.01 2.69 2.73 2837 
2008/12/12 2.73 3 2.73 2.86 4818 
2008/12/19 2.92 3.1 2.81 2.97 5947 
2008/12/26 2.97 3.04 2.7 2.85 3292 
2009/01/02 2.81 2.92 2.8 2.83 1445 
2009/01/09 2.85 3.23 2.85 2.92 9078 
2009/01/16 2.92 3.1 2.83 2.92 3238 
2009/01/23 2.92 2.94 2.84 2.88 1543 
2009/02/06 2.88 3.11 2.85 3 3875 
2009/02/13 3.08 3.08 2.92 2.96 1957 
2009/02/20 2.93 3.02 2.83 2.87 2487 
2009/02/27 2.84 2.9 2.8 2.86 2024 
2009/03/06 2.8 2.92 2.75 2.82 2769 
2009/03/13 2.83 3.11 2.8 3.09 4479 
2009/03/20 3.09 3.37 2.9 3.37 22321 
2009/03/27 3.6 4.25 3.42 4.25 35702 
2009/04/03 4.18 4.3 3.91 4.2 20916 
2009/04/10 4.29 4.79 4.04 4.79 27418 
2009/04/17 4.79 5.38 4.78 4.88 26008 
2009/04/24 4.54 4.88 4.3 4.58 13832 
2009/05/01 4.58 4.66 3.75 4.06 8872 
2009/05/08 4.18 4.9 4 4.7 19453 
2009/05/15 4.8 5.02 4.66 4.71 20390 
2009/05/22 4.78 4.95 4.58 4.73 13413 
2009/05/29 4.75 4.91 4.6 4.87 14578 
2009/06/05 4.91 5.16 4.65 4.9 30160 
2009/06/12 4.9 4.91 4.38 4.45 12456 
2009/06/19 4.46 4.46 4.12 4.25 6570 
2009/06/26 4.25 4.4 4.1 4.28 5228 
2009/07/03 4.16 4.42 4.15 4.33 4401 
2009/07/10 4.37 4.48 4.23 4.38 5427 
2009/07/17 4.38 4.6 4.2 4.47 8543 
2009/07/24 4.4 4.75 4.4 4.52 7528 
2009/07/31 4.57 4.97 4.52 4.76 26072 
2009/08/07 4.76 4.99 4.45 4.46 16946 
2009/08/14 4.52 4.85 4.5 4.71 5918 
2009/09/04 8.78 8.78 6.9 7.07 8170 
2009/09/11 7.12 7.15 6.45 6.51 6605 
2009/09/18 6.51 6.58 6.3 6.47 3370 
2009/09/25 6.5 6.59 6.25 6.3 2392 
2009/10/02 6.02 6.29 6.02 6.03 2667 
2009/10/09 6.03 6.48 6 6.3 3980 
2009/10/16 6.31 6.43 6.18 6.28 2902 
2009/10/23 6.25 6.36 6.16 6.24 1801 
2009/10/30 6.18 6.26 5.92 5.98 2690 
2009/11/06 5.88 5.89 5.77 5.83 1860 
2009/11/13 5.8 6.26 5.78 6.12 3809 
2009/11/20 6.19 6.28 6 6.09 2853 
2009/11/27 6.09 6.23 5.92 5.93 2718 
2009/12/04 5.82 5.98 5.82 5.88 2611 
2009/12/11 5.9 6.45 5.85 6.45 9080 
2009/12/18 6.6 6.89 6.36 6.51 12342 
2009/12/25 6.56 6.63 6.48 6.58 5383 
2010/01/01 6.58 6.78 6.42 6.74 6206 
2010/01/08 6.76 7.34 6.72 7.34 11944 
2010/01/15 7.85 9.09 7.85 8.61 32516 
2010/01/22 8.51 8.99 7.69 7.9 14579 
2010/01/29 7.72 8.4 7.33 7.57 6271 
2010/02/05 7.57 7.7 6.31 6.42 5058 
2010/02/12 6.42 7.35 6.42 7.35 2763 
2010/02/26 7.7 7.96 7.43 7.48 3966 
2010/03/05 7.8 8.14 7.55 7.88 3508 
2010/03/12 8.02 8.05 7.79 7.8 2536 
2010/03/19 7.8 7.89 7.5 7.81 3427 
2010/03/26 7.81 8.6 7.72 8.48 10264 
2010/04/02 8.43 8.65 8.33 8.42 6605 
2010/04/09 8.45 8.59 8.34 8.48 4410 
2010/04/16 8.6 9.1 8.6 8.8 11487 
2010/04/23 8.7 8.73 7.99 8.59 6162 
2010/04/30 8.69 8.81 8.2 8.4 5573 
2010/05/07 8.4 8.5 7.43 8.02 4662 
2010/05/14 8.1 8.61 8.1 8.27 6813 
2010/05/21 8.12 8.2 7.26 7.31 3080 
2010/05/28 7.33 7.44 6.75 7.17 2574 
2010/06/04 7.3 7.39 7.15 7.25 1229 
2010/06/11 6.92 7.47 6.92 7.28 3208 
2010/06/18 7.25 7.47 7.25 7.39 1537 
2010/06/25 7.39 7.96 7.39 7.64 10549 
2010/07/02 7.65 7.74 7.12 7.2 1686 
2010/07/09 7.22 8.06 7.19 7.7 9344 
2010/07/16 7.8 7.84 7.66 7.71 2637 
2010/07/23 7.66 7.85 7.45 7.63 2514 
2010/07/30 7.69 8.16 7.68 7.89 4477 
2010/08/06 7.9 8.16 7.9 7.95 4389 
2010/08/13 8 8.2 7.9 7.92 4171 
2010/08/20 7.92 8.05 7.9 7.91 2272 
2010/08/27 7.93 8.1 7.77 7.98 5790 
2010/09/03 8.03 8.05 7.8 7.95 3593 
2010/09/10 7.96 8.73 7.96 8.59 19204 
2010/09/17 8.86 9 8.25 8.39 11663 
2010/09/24 8.4 8.55 8.21 8.25 2656 
2010/10/01 8.25 8.35 8.1 8.13 2979 
2010/10/08 8.18 8.29 8.06 8.15 3027 
2010/10/15 8.14 8.14 7.83 7.97 2615 
2010/10/22 7.97 7.97 7.64 7.64 2263 
2010/10/29 7.64 7.74 7.6 7.6 2351 
2010/11/05 7.6 7.65 7.36 7.5 3417 
2010/11/12 7.5 7.99 7.31 7.57 5659 
2010/11/19 7.5 7.58 7.37 7.46 1805 
2010/11/26 7.48 7.53 7.35 7.39 1395 
2010/12/03 7.4 7.58 7.35 7.52 2152 
2010/12/10 7.52 8 7.51 7.83 4563 
2010/12/17 7.85 8.1 7.66 7.79 5278 
2010/12/24 7.79 8.27 7.79 7.94 10004 
2010/12/31 8.03 8.1 7.86 8.02 4269 
2011/01/07 8.09 8.9 8.04 8.18 14711 
2011/01/14 8.2 8.47 8.12 8.35 4786 
2011/01/21 8.46 8.46 8.06 8.1 3345 
2011/01/28 8.02 8.58 8.02 8.38 5784 
2011/02/11 8.64 9.18 8.31 8.33 12529 
2011/02/18 8.63 8.63 8.35 8.48 4374 
2011/02/25 8.5 8.54 8.07 8.12 3913 
2011/03/04 8.11 8.22 8.11 8.16 2049 
2011/03/11 8.15 8.17 7.95 8.01 1740 
2011/03/18 8.16 8.33 7.63 7.85 5298 
2011/03/25 7.85 8.26 7.85 8.14 2543 
2011/04/01 8.1 8.22 7.96 8.06 2939 
2011/04/08 8.01 8.08 8 8.02 1679 
2011/04/15 8 8.07 7.91 7.93 1575 
2011/04/22 7.98 8.07 7.8 8.02 3052 
2011/04/29 8.03 8.26 8 8.1 3707 
2011/05/06 8.18 8.21 8.06 8.12 3302 
2011/05/13 8.12 8.16 7.96 8.03 2818 
2011/05/20 8.07 8.07 7.87 7.89 1980 
2011/05/27 7.85 8 7.62 7.82 1498 
2011/06/03 7.81 7.94 7.79 7.94 1626 
2011/06/10 7.9 7.94 7.74 7.75 814 
2011/06/17 7.7 7.8 7.56 7.61 1617 
2011/06/24 7.6 7.8 7.54 7.67 1643 
2011/07/01 7.62 7.84 7.58 7.78 1677 
2011/07/08 7.79 7.83 7.68 7.7 1243 
2011/07/15 7.7 7.7 7.45 7.54 1195 
2011/07/22 7.56 7.65 7.47 7.59 1180 
2011/07/29 7.6 7.67 7.5 7.61 1128 
2011/08/05 7.6 7.79 7.13 7.13 2526 
2011/08/12 6.7 6.9 6.21 6.55 6005 
2011/08/19 6.58 6.8 6.22 6.32 2214 
2011/08/26 6.31 6.73 6.31 6.44 1236 
2011/09/02 6.44 6.67 6.4 6.6 2029 
2011/09/09 6.5 6.69 6.28 6.5 1936 
2011/09/16 6.45 6.59 6.42 6.57 1059 
2011/09/23 6.57 6.67 6.26 6.29 1474 
2011/09/30 6.31 6.49 6.21 6.36 2031 
2011/10/07 6.25 6.31 5.3 5.36 5845 
2011/10/14 5.38 5.5 5.36 5.4 1195 
2011/10/21 5.4 5.47 5.21 5.29 635 
2011/10/28 5.37 5.62 5.35 5.55 1176 
2011/11/04 5.55 5.56 5.31 5.42 1180 
2011/11/11 5.4 5.45 5.02 5.06 1382 
2011/11/18 5.08 5.14 4.9 4.91 1272 
2011/11/25 4.91 4.91 4.48 4.59 1972 
2011/12/02 4.67 4.68 4.4 4.51 672 
2011/12/09 4.52 4.54 4.41 4.43 814 
2011/12/16 4.49 4.49 3.95 3.97 1415 
2011/12/23 3.95 4.23 3.71 4.19 1081 
2011/12/30 4.19 4.46 4.1 4.28 1352 
2012/01/06 4.28 4.39 4.19 4.33 1540 
2012/01/13 4.25 4.34 4.18 4.18 817 
2012/01/20 4.21 4.24 4.1 4.18 955 
2012/02/03 4.22 5.54 4.21 5.54 5611 
2012/02/10 5.5 5.67 5.18 5.59 3394 
2012/02/17 5.59 6.5 5.54 6.42 6394 
2012/02/24 6.67 6.8 6 6.06 6266 
2012/03/02 6.11 6.56 6.11 6.35 3638 
2012/03/09 6.35 6.35 5.71 6.06 2353 
2012/03/16 6.03 6.11 5.83 5.91 969 
2012/03/23 6.01 6.01 5.73 5.8 1193 
2012/03/30 5.8 5.95 5.31 5.73 3129 
2012/04/06 5.56 5.76 5.2 5.3 1275 
2012/04/13 5.25 5.38 5.06 5.3 1058 
2012/04/20 5.25 5.25 4.96 4.96 716 
2012/04/27 5.3 6 5.3 5.51 5072 
2012/05/04 5.5 5.65 5.3 5.49 952 
2012/05/11 5.44 5.49 5.1 5.19 717 
2012/05/18 5 5.1 4.77 4.77 1030 
2012/05/25 4.77 4.89 4.62 4.62 700 
2012/06/01 4.62 4.86 4.57 4.61 513 
2012/06/08 4.5 4.68 4.29 4.32 643 
2012/06/15 4.32 4.45 4.32 4.43 358 
2012/06/22 4.53 4.53 4.3 4.47 706 
2012/06/29 4.42 4.51 4.38 4.46 364 
2012/07/06 4.53 4.73 4.42 4.62 734 
2012/07/13 4.5 4.63 4.4 4.48 319 
2012/07/20 4.44 4.49 4.33 4.37 438 
2012/07/27 4.37 4.37 4.16 4.18 568 
2012/08/03 4.21 4.78 4.21 4.57 1156 
2012/08/10 4.62 4.62 4.3 4.52 1098 
2012/08/17 4.47 4.67 4.41 4.6 1198 
2012/08/24 4.6 4.7 4.53 4.55 797 
2012/08/31 4.58 4.59 4.42 4.48 864 
2012/09/07 4.45 5.14 4.42 5.09 2830 
2012/09/14 5 5.25 4.93 5.22 1907 
2012/09/21 5.25 5.72 5.25 5.49 4292 
2012/09/28 5.44 5.65 5.39 5.52 2313 
2012/10/05 5.44 5.45 5.21 5.36 1488 
2012/10/12 5.31 5.4 4.89 5.26 1415 
2012/10/19 5.25 5.46 5.1 5.43 1701 
2012/10/26 5.35 5.44 5.15 5.15 1763 
2012/11/02 5.08 5.35 5 5.3 1653 
2012/11/09 5.25 5.4 5.16 5.34 1073 
2012/11/16 5.3 5.49 5.27 5.34 1274 
2012/11/23 5.31 5.5 5.22 5.33 987 
2012/11/30 5.37 5.45 5.26 5.38 458 
2012/12/07 5.38 5.6 5.38 5.42 999 
2012/12/14 5.59 5.7 5.33 5.7 552 
2012/12/21 5.7 5.79 5.46 5.59 1249 
2012/12/28 5.58 6.73 5.45 6.73 3114 
2013/01/04 7.2 8.23 7.2 8.18 15414 
2013/01/11 7.95 8.58 7.81 8.3 19423 
2013/01/18 8.3 8.49 6.89 7.27 11377 
2013/01/25 7.34 7.98 7.1 7.3 4881 
2013/02/01 7.36 8.05 7.33 7.66 2365 
2013/02/08 7.66 7.7 7.4 7.46 1191 
2013/02/22 7.85 7.85 7.2 7.3 2507 
2013/03/01 7.3 7.3 7.04 7.23 1383 
2013/03/08 7.23 7.23 6.9 7.06 2071 
2013/03/15 7.1 7.1 6.6 6.88 2485 
2013/03/22 6.83 6.83 6.5 6.5 1268 
2013/03/29 6.51 6.74 6.51 6.67 1090 
2013/04/05 6.81 7.02 6.66 6.91 1998 
2013/04/12 6.86 6.86 6.55 6.61 1599 
2013/04/19 6.6 6.8 6.41 6.74 1210 
2013/04/26 6.84 7.17 6.77 6.89 2671 
2013/05/03 7 7 6.72 6.78 894 
2013/05/10 6.78 6.95 6.78 6.83 1565 
2013/05/17 6.78 6.9 6.55 6.78 1526 
2013/05/24 6.91 7.88 6.78 7.8 8569 
2013/05/31 7.85 8.56 7.62 7.7 17699 
2013/06/07 7.47 7.9 7.4 7.6 4719 
2013/06/14 7.66 8 7.04 7.99 7455 
2013/06/21 7.99 8.05 7.32 7.34 7155 
2013/06/28 7.25 7.77 7.25 7.4 2493 
2013/07/05 7.4 8.05 7.21 8 10586 
2013/07/12 7.72 7.83 7.45 7.54 6802 
2013/07/19 7.6 7.66 7.54 7.56 2189 
2013/07/26 7.56 7.63 7.41 7.58 2289 
2013/08/02 7.57 7.63 7.41 7.44 1906 
2013/08/09 7.46 7.47 7.22 7.23 1490 
2013/08/16 7.22 7.96 7.22 7.42 4276 
2013/08/23 7.49 7.55 7.27 7.3 1337 
2013/08/30 7.3 7.36 7.03 7.13 1315 
2013/09/06 7.28 7.58 7.14 7.34 2032 
2013/09/13 7.23 7.27 7.1 7.14 1039 
2013/09/20 7.12 7.52 7.12 7.32 1067 
2013/09/27 7.5 7.5 7.26 7.32 1471 
2013/10/04 7.32 7.38 7.21 7.28 1068 
2013/10/11 7.25 7.45 7.23 7.3 866 
2013/10/18 7.26 7.3 7.13 7.14 1022 
2013/10/25 7.15 7.2 7.09 7.2 622 
2013/11/01 7.12 7.19 6.94 6.94 1098 
2013/11/08 6.92 6.92 6.6 6.63 951 
2013/11/15 6.71 6.72 6.4 6.47 956 
2013/11/22 6.43 6.46 6.2 6.32 955 
2013/11/29 6.32 6.96 6.26 6.84 2670 
2013/12/06 6.84 6.95 6.63 6.72 959 
2013/12/13 6.72 6.9 6.62 6.7 608 
2013/12/20 6.7 6.99 6.64 6.77 802 
2013/12/27 6.78 7.05 6.7 7.05 1720 
2014/01/03 7.14 7.19 6.92 7.02 1054 
2014/01/10 6.99 7.08 6.92 7.01 860 
2014/01/17 7.01 7.28 6.96 6.98 1334 
2014/01/24 7.08 7.08 6.86 7 946 
2014/01/31 6.93 6.95 6.88 6.88 205 
2014/02/07 6.87 6.97 6.83 6.97 688 
2014/02/14 7.18 7.2 6.88 6.93 849 
2014/02/21 6.51 7 6.51 6.75 752 
2014/02/28 6.8 6.83 6.7 6.79 325 
2014/03/07 6.71 6.8 6.64 6.65 537 
2014/03/14 6.66 6.72 6.48 6.49 549 
2014/03/21 6.49 6.55 6.42 6.45 651 
2014/03/28 6.38 6.44 6.2 6.28 834 
2014/04/04 6.22 6.39 6.22 6.38 338 
2014/04/11 6.37 6.45 6.3 6.3 487 
2014/04/18 6.3 6.49 6.22 6.4 656 
2014/04/25 6.4 6.69 6.25 6.32 1454 
2014/05/02 6.24 6.36 6.2 6.3 594 
2014/05/09 6.27 6.48 6.22 6.37 376 
2014/05/16 6.37 6.6 6.27 6.49 727 
2014/05/23 6.39 6.57 6.24 6.27 510 
2014/05/30 6.28 6.29 6.12 6.18 615 
2014/06/06 6.18 6.23 6.12 6.15 510 
2014/06/13 6.22 6.5 6.17 6.33 1032 
2014/06/20 6.26 6.49 6.26 6.45 1623 
2014/06/27 6.27 6.45 6.27 6.29 835 
2014/07/04 6.33 6.33 6.25 6.25 538 
2014/07/11 6.23 6.82 6.23 6.72 2460 
2014/07/18 6.72 6.85 6.36 6.51 2273 
2014/07/25 6.68 6.69 6.5 6.65 1004 
2014/08/01 6.66 7.09 6.66 6.9 4571 
2014/08/08 6.99 7.24 6.62 6.8 4657 
2014/08/15 6.89 6.98 6.53 6.72 2730 
2014/08/22 6.69 7.2 6.46 7.11 5380 
2014/08/29 7.2 8.1 7.03 7.33 15841 
2014/09/05 6.82 7.08 6.66 7 6283 
2014/09/12 6.98 7.18 6.66 6.8 1597 
2014/09/19 6.68 6.93 6.56 6.62 1720 
2014/09/26 6.63 6.63 6.25 6.34 1164 
2014/10/03 6.39 6.45 6 6.24 1037 
2014/10/10 6.24 6.34 6.04 6.18 801 
2014/10/17 6.08 6.37 5.52 5.62 1705 
2014/10/24 5.8 6.01 5.55 5.57 2159 
2014/10/31 5.57 5.88 5.39 5.76 1086 
2014/11/07 5.72 5.85 5.57 5.65 798 
2014/11/14 5.75 5.84 5.5 5.69 810 
2014/11/21 5.62 5.68 5.45 5.47 679 
2014/11/28 5.48 5.81 5.47 5.5 917 
2014/12/05 5.41 5.67 5.35 5.63 766 
2014/12/12 5.63 5.85 5.53 5.59 1288 
2014/12/19 5.54 5.69 5.5 5.5 696 
2014/12/26 5.5 5.69 5.5 5.62 896 
2015/01/02 5.62 5.72 5.6 5.66 391 
2015/01/09 5.62 5.7 5.54 5.66 736 
2015/01/16 5.61 5.67 5.49 5.5 504 
2015/01/23 5.52 5.75 5.49 5.69 890 
2015/01/30 5.69 6.01 5.62 5.84 4053 
2015/02/06 5.86 6.23 5.66 6.1 2067 
2015/02/13 6.1 6.1 5.86 5.9 752 
2015/02/27 5.82 5.89 5.76 5.78 341 
2015/03/06 5.78 5.89 5.73 5.78 318 
2015/03/13 5.75 5.85 5.72 5.75 394 
2015/03/20 5.75 5.8 5.69 5.7 607 
2015/03/27 5.7 5.77 5.61 5.68 377 
2015/04/03 5.74 5.75 5.5 5.52 303 
2015/04/10 5.53 5.53 5.34 5.4 764 
2015/04/17 5.4 5.46 5.16 5.29 1157 
2015/04/24 5.28 5.48 5.2 5.4 818 
2015/05/01 5.4 5.55 5.37 5.54 787 
2015/05/08 5.54 5.66 5.45 5.58 994 
2015/05/15 5.58 5.58 5.3 5.33 492 
2015/05/22 5.35 5.35 4.48 4.5 1513 
2015/05/29 4.5 4.82 4.42 4.64 634 
2015/06/05 4.7 4.75 4.15 4.18 700 
2015/06/12 4.2 4.2 4 4.03 797 
2015/06/19 4.08 4.1 3.75 3.88 694 
2015/06/26 3.89 4.05 3.82 4.04 583 
2015/07/03 3.98 4.05 3.76 3.8 741 
2015/07/10 3.75 3.84 3.57 3.64 403 
2015/07/17 3.73 3.81 3.52 3.52 555 
2015/07/24 3.56 3.56 3.25 3.27 817 
2015/07/31 3.29 3.33 3.15 3.16 443 
2015/08/07 3.13 3.17 2.9 2.98 719 
2015/08/14 2.97 3.19 2.97 3.02 430 
2015/08/21 3.04 3.15 2.81 3.07 810 
2015/08/28 2.93 3.54 2.8 3.49 1845 
2015/09/04 3.5 3.58 3.45 3.5 624 
2015/09/11 3.5 3.59 3.42 3.55 244 
2015/09/18 3.59 3.59 3.48 3.57 607 
2015/09/25 3.57 3.57 3.48 3.5 480 
2015/10/02 3.5 3.57 3.45 3.54 107 
2015/10/09 3.57 3.6 3.51 3.52 222 
2015/10/16 3.56 4.42 3.55 4.2 2987 
2015/10/23 4.22 4.35 4.21 4.3 998 
2015/10/30 4.31 4.39 4.21 4.37 1197 
2015/11/06 4.37 4.88 4.37 4.6 626 
2015/11/13 4.6 4.6 4.41 4.49 548 
2015/11/20 4.41 4.55 4.4 4.48 565 
2015/11/27 4.48 4.68 4.27 4.49 748 
2015/12/04 4.39 4.55 4.39 4.49 525 
2015/12/11 4.54 4.54 4.4 4.45 556 
2015/12/18 4.48 4.52 4.32 4.46 516 
2015/12/25 4.47 5.03 4.46 4.71 1653 
2016/01/01 4.75 4.76 4.62 4.62 184 
2016/01/08 4.62 4.7 4.44 4.67 682 
2016/01/15 4.61 4.66 4.48 4.48 227 
2016/01/22 4.43 4.6 4.43 4.48 289 
2016/01/29 4.54 4.7 4.45 4.5 462 
2016/02/05 4.5 4.59 4.47 4.51 142 
2016/02/19 4.55 4.98 4.5 4.75 632 
2016/02/26 4.8 5.25 4.76 5.03 1601 
2016/03/04 5 5.49 4.92 5.44 1290 
2016/03/11 5.38 5.57 5.13 5.14 1686 
2016/03/18 5.14 5.2 4.86 4.97 692 
2016/03/25 4.97 5.25 4.87 4.93 704 
2016/04/01 4.92 4.99 4.45 4.63 415 
2016/04/08 4.64 4.64 4.48 4.59 177 
2016/04/15 4.65 5.17 4.53 5.08 2536 
2016/04/22 5.08 5.1 4.9 4.98 1066 
2016/04/29 5.05 5.06 4.6 4.68 655 
2016/05/06 4.68 4.68 4.45 4.45 286 
2016/05/13 4.52 4.52 4.15 4.15 377 
2016/05/20 4.1 4.32 4.1 4.27 387 
2016/05/27 4.26 4.34 4.17 4.32 330 
2016/06/03 4.32 4.49 4.24 4.46 584 
2016/06/10 4.5 4.57 4.45 4.5 187 
2016/06/17 4.5 4.62 4.36 4.6 319 
2016/06/24 4.6 4.86 4.52 4.67 245 
2016/07/01 4.54 4.84 4.54 4.84 377 
2016/07/08 4.76 4.88 4.71 4.85 402 
2016/07/15 4.92 5.04 4.73 4.99 521 
2016/07/22 4.97 5.03 4.81 4.84 308 
2016/07/29 4.87 4.95 4.68 4.8 290 
2016/08/05 4.8 4.86 4.75 4.83 326 
2016/08/12 4.85 4.9 4.7 4.9 330 
2016/08/19 4.81 5.23 4.8 5.15 974 
2016/08/26 5.06 5.11 4.71 4.82 540 
2016/09/02 4.73 4.88 4.66 4.79 254 
2016/09/09 4.79 4.95 4.66 4.82 298 
2016/09/16 4.73 4.82 4.68 4.78 151 
2016/09/23 4.8 5 4.72 4.85 412 
2016/09/30 4.86 4.95 4.82 4.85 195 
2016/10/07 4.9 4.95 4.73 4.81 356 
2016/10/14 4.89 4.89 4.68 4.71 254 
2016/10/21 4.7 4.88 4.7 4.84 443 
2016/10/28 4.85 4.88 4.7 4.76 437 
2016/11/04 4.79 4.83 4.68 4.73 144 
2016/11/11 4.8 5.23 4.66 5.18 2208 
2016/11/18 5.2 5.25 4.9 5.11 1563 
2016/11/25 5.11 5.18 4.81 4.92 1077 
2016/12/02 4.95 5.01 4.8 4.9 501 
2016/12/09 4.9 4.94 4.82 4.83 253 
2016/12/16 4.85 4.89 4.75 4.78 410 
2016/12/23 4.78 4.82 4.65 4.66 263 
2016/12/30 4.71 4.71 4.4 4.48 483 
2017/01/06 4.52 4.66 4.48 4.64 364 
2017/01/13 4.72 4.73 4.52 4.53 279 
2017/01/20 4.52 4.71 4.52 4.65 1319 
2017/01/27 4.61 4.89 4.56 4.89 886 
2017/02/03 4.9 5.62 4.9 5.22 5487 
2017/02/10 5.09 5.4 5.03 5.25 2921 
2017/02/17 5.3 6.53 5.18 6 10971 
2017/02/24 6 6.39 5.98 6.01 4767 
2017/03/03 6.03 6.23 5.98 6 1939 
2017/03/10 6 6.18 5.9 5.97 1757 
2017/03/17 5.94 6.15 5.72 6.12 2122 
2017/03/24 6.09 6.09 5.83 5.9 908 
2017/03/31 5.83 5.92 5.51 5.62 1055 
2017/04/07 5.62 5.65 5.41 5.5 191 
2017/04/14 5.31 5.31 4.91 5 1023 
2017/04/21 4.99 5 4.73 4.81 144 
2017/04/28 4.8 4.8 4.75 4.77 39 
2017/05/05 4.75 4.82 4.72 4.75 127 
2017/05/12 4.78 4.78 4.46 4.48 407 
2017/05/19 4.48 4.56 4.45 4.53 397 
2017/05/26 4.53 5.3 4.51 5 1994 
2017/06/02 4.95 5.3 4.83 4.9 640 
2017/06/09 4.91 4.97 4.91 4.91 101 
2017/06/16 4.84 4.99 4.76 4.8 280 
2017/06/23 5 5.1 4.94 5.03 1440 
2017/06/30 4.98 5.06 4.94 5 488 
2017/07/07 5 5.03 4.98 4.98 131 
2017/07/14 4.89 5 4.84 4.92 228 
2017/07/21 4.98 5.03 4.91 4.99 244 
2017/07/28 4.99 4.99 4.92 4.95 46 
2017/08/04 4.99 5.12 4.93 4.95 985 
2017/08/11 4.95 5 4.9 4.93 181 
2017/08/18 4.85 4.85 4.72 4.72 521 
2017/08/25 4.61 4.73 4.61 4.66 140 
2017/09/01 4.95 4.96 4.9 4.96 77 
2017/09/08 4.9 4.95 4.88 4.9 243 
2017/09/15 4.9 4.96 4.81 4.9 199 
2017/09/22 4.9 4.98 4.9 4.96 72 
2017/09/29 4.81 4.81 4.73 4.8 170 
2017/10/06 4.74 4.78 4.74 4.77 41 
2017/10/13 4.75 4.77 4.69 4.69 203 
2017/10/20 4.62 4.62 4.5 4.6 498 
2017/10/27 4.62 4.89 4.62 4.8 757 
2017/11/03 4.65 4.89 4.65 4.83 1026 
2017/11/10 4.81 4.81 4.65 4.7 777 
2017/11/17 4.7 4.71 4.65 4.68 228 
2017/12/01 5.8 5.8 5.03 5.15 896 
2017/12/08 5.03 5.06 4.96 4.97 375 
2017/12/15 4.91 4.96 4.81 4.85 288 
2017/12/22 4.88 4.88 4.77 4.85 563 
2017/12/29 4.85 5.18 4.8 5.06 740 
2018/01/05 5.06 5.6 5.06 5.5 1473 
2018/01/12 5.49 6.13 5.28 5.95 3395 
2018/01/19 5.94 5.98 5.61 5.78 1194 
2018/01/26 5.71 6.26 5.71 5.81 1310 
2018/02/02 5.86 5.92 5.72 5.78 714 
2018/02/09 5.69 5.84 5.2 5.25 643 
2018/02/16 5.25 5.38 5.25 5.26 51 
2018/02/23 5.38 5.59 5.23 5.52 535 
2018/03/02 5.58 6 5.41 5.75 974 
2018/03/09 5.75 5.8 5.5 5.61 514 
2018/03/16 5.68 5.68 5.33 5.35 686 
2018/03/23 5.41 5.42 5.1 5.15 1165 
2018/03/30 5.08 5.33 5.08 5.27 868 
2018/04/06 5.19 5.53 5.19 5.4 730 
2018/04/13 5.4 5.54 5.21 5.34 906 
2018/04/20 5.33 5.37 5.11 5.26 740 
2018/04/27 5.26 5.3 5.07 5.13 390 
2018/05/04 5.12 5.34 5.1 5.17 594 
2018/05/11 5.15 5.29 5.1 5.15 461 
2018/05/18 5.1 5.25 5.08 5.15 394 
2018/05/25 5.15 5.2 5.09 5.1 581 
2018/06/01 5.03 5.22 4.9 5.06 1594 
2018/06/08 5.07 5.19 5.06 5.09 935 
2018/06/15 5.09 5.15 5 5.08 686 
2018/06/22 5.01 5.08 4.92 4.97 425 
2018/06/29 4.99 5.08 4.91 5.04 457 
2018/07/06 5 5.08 4.86 4.99 668 
2018/07/13 5 5.05 4.94 5.02 524 
2018/07/20 5.02 5.02 4.93 4.93 666 
2018/07/27 4.95 4.99 4.88 4.97 416 
2018/08/03 4.97 4.98 4.9 4.91 384 
2018/08/10 4.91 4.99 4.9 4.94 369 
2018/08/17 4.95 4.95 4.88 4.9 433 
2018/08/24 4.89 5.27 4.89 5.06 1187 
2018/08/31 5.14 5.19 4.99 5.07 485 
2018/09/07 5.01 5.07 4.87 4.89 392 
2018/09/14 4.89 4.98 4.84 4.96 339 
2018/09/21 4.96 5 4.9 5 264 
2018/09/28 4.94 5.09 4.92 4.92 480 
2018/10/05 4.93 4.98 4.83 4.86 422 
2018/10/12 4.86 4.94 4.37 4.79 775 
2018/10/19 4.78 4.94 4.69 4.89 502 
2018/10/26 4.88 4.93 4.62 4.66 464 
2018/11/02 4.66 4.85 4.61 4.8 433 
2018/11/09 4.78 4.84 4.7 4.75 206 
2018/11/16 4.8 4.97 4.76 4.92 540 
2018/11/23 4.92 5.03 4.84 4.95 722 
2018/11/30 4.96 5.3 4.96 5.16 1263 
2018/12/07 5.22 5.98 5.22 5.73 3577 
2018/12/14 5.67 5.9 5.52 5.6 1217 
2018/12/21 5.5 5.93 5.29 5.67 1040 
2018/12/28 5.68 5.7 5.42 5.52 410 
2019/01/04 5.48 5.54 5.24 5.33 249 
2019/01/11 5.36 5.5 5.35 5.46 435 
2019/01/18 5.46 5.46 5.31 5.39 193 
2019/01/25 5.38 5.83 5.31 5.6 1106 
2019/02/01 5.61 5.62 5.47 5.57 268 
2019/02/15 5.6 5.6 5.41 5.49 443 
2019/02/22 5.44 5.53 5.4 5.45 506 
2019/03/01 5.45 5.48 5.3 5.38 668 
2019/03/08 5.31 5.38 5.21 5.33 604 
2019/03/15 5.3 5.36 5.25 5.31 382 
2019/03/22 5.31 5.36 5.23 5.25 621 
2019/03/29 5.24 5.3 5.14 5.2 431 
2019/04/05 5.19 5.19 5.12 5.18 171 
2019/04/12 5.18 5.18 5.04 5.05 539 
2019/04/19 5.05 5.2 4.98 5.05 563 
2019/04/26 5.05 5.18 4.96 4.98 675 
2019/05/03 4.97 5 4.93 4.99 174 
2019/05/10 4.96 5 4.93 4.93 221 
2019/05/17 4.91 4.95 4.8 4.86 439 
2019/05/24 4.85 4.89 4.77 4.86 210 
2019/05/31 4.86 4.86 4.76 4.77 85 
2019/06/07 4.77 4.84 4.75 4.82 509 
2019/06/14 4.78 4.96 4.74 4.93 532 
2019/06/21 4.95 4.98 4.85 4.95 223 
2019/06/28 4.95 4.97 4.79 4.91 323 
2019/07/05 4.9 4.9 4.78 4.82 181 
2019/07/12 4.82 4.83 4.71 4.75 208 
2019/07/19 4.76 4.76 4.5 4.56 577 
2019/07/26 4.54 4.61 4.48 4.51 323 
2019/08/02 4.51 4.53 4.39 4.47 258 
2019/08/09 4.4 4.47 4.3 4.42 149 
2019/08/16 4.39 4.43 4.26 4.4 291 
2019/08/23 4.4 4.65 4.4 4.6 920 
2019/08/30 4.59 4.81 4.54 4.79 444 
2019/09/06 4.82 4.86 4.72 4.83 327 
2019/09/13 4.81 4.81 4.68 4.75 158 
2019/09/20 4.78 4.78 4.65 4.7 157 
2019/09/27 4.73 4.73 4.42 4.61 242 
2019/10/04 4.6 4.68 4.53 4.63 192 
2019/10/11 4.63 4.72 4.57 4.6 107 
2019/10/18 4.6 4.68 4.56 4.64 286 
2019/10/25 4.65 4.7 4.55 4.63 215 
2019/11/01 4.58 4.64 4.48 4.51 279 
2019/11/08 4.5 4.57 4.46 4.5 274 
2019/11/15 4.49 4.5 4.35 4.38 337 
2019/11/22 4.37 4.38 4.24 4.38 421 
