2016/09/08 60.3 61.2 58.5 60 5291 0 0 1823 0 373 2196 0 0 0 
2016/09/09 60 60.3 59.2 59.4 1202 0 0 1824 0 385 2209 0 0 0 
2016/09/10 58.5 59 58 59 836 0 0 1824 0 389 2213 0 0 0 
2016/09/12 60 60.9 59.4 59.8 819 0 0 1826 0 399 2225 0 0 0 
2016/09/13 60 60.2 58.5 58.8 637 0 0 1838 0 419 2257 0 0 0 
2016/09/14 58.7 59.7 58.7 59.2 218 0 0 1838 0 419 2257 0 0 0 
2016/09/19 59.2 60.1 59.2 59.3 330 0 0 1838 0 419 2257 0 0 0 
2016/09/20 59.6 59.6 58.3 58.5 673 0 0 1840 0 314 2154 0 0 0 
2016/09/21 58.8 58.9 57.6 58 552 0 0 1840 0 209 2049 0 0 0 
2016/09/22 58.3 58.4 55.8 56.9 983 0 0 1892 0 222 2114 0 0 0 
2016/09/23 56.9 58.8 56.1 58.2 493 0 0 1929 0 227 2156 0 0 0 
2016/09/26 58 58 56.8 57.3 309 0 0 1944 0 219 2163 0 0 0 
2016/09/29 58.2 58.2 57 57.5 184 0 0 1936 0 219 2155 0 0 0 
2016/09/30 57.5 57.6 57 57.2 103 0 0 1932 0 219 2151 0 0 0 
2016/10/03 57.7 57.7 56.5 56.5 262 0 0 1946 0 202 2148 0 0 0 
2016/10/04 56.7 57.4 56.6 56.9 159 0 0 1955 0 202 2157 0 0 0 
2016/10/05 57 57 56.2 56.3 334 0 0 1965 0 185 2150 0 0 0 
2016/10/06 56.5 56.8 56.2 56.3 130 0 0 1963 13 180 2156 0 0 0 
2016/10/07 56.5 56.6 56.2 56.3 210 0 0 1957 26 178 2161 0 0 0 
2016/10/11 56.7 57.4 56.1 56.3 439 0 0 1936 26 178 2140 0 0 0 
2016/10/12 56.5 57.5 56.3 57.2 319 0 0 1926 26 173 2124 0 0 0 
2016/10/13 57 57.5 56.6 56.8 218 0 0 1915 26 173 2113 0 0 0 
2016/10/14 56.8 56.8 56.1 56.2 261 0 0 1918 26 173 2116 0 0 0 
2016/10/17 56.5 56.5 55.7 55.9 419 0 0 1896 26 173 2094 0 0 0 
2016/10/18 55.9 56.2 55.4 55.5 395 0 0 1900 26 156 2081 0 0 0 
2016/10/19 55.9 56 55.1 55.3 268 0 0 1913 26 139 2077 0 0 0 
2016/10/20 55.3 55.4 54.3 54.5 615 0 0 1924 26 88 2037 0 0 0 
2016/10/21 55 56.6 55 55.7 423 0 0 1927 6 84 2016 0 0 0 
2016/10/24 55.7 55.7 54.7 54.7 269 0 0 1931 6 89 2025 0 0 0 
2016/10/25 55 55.3 54.6 54.7 181 0 0 1940 6 89 2034 0 0 0 
2016/10/26 54.6 54.7 54 54.5 202 0 0 1944 13 87 2043 0 0 0 
2016/10/27 54.7 54.7 54 54 347 0 0 1938 13 79 2029 0 0 0 
2016/10/28 54 54.2 53.1 53.8 399 0 0 1941 13 72 2025 0 0 0 
2016/10/31 54.2 54.4 53.8 53.8 142 0 0 1945 13 72 2029 0 0 0 
2016/11/01 54.3 54.3 53.4 53.5 150 0 0 1940 13 72 2024 0 0 0 
2016/11/02 53.5 53.5 51.9 52.6 437 0 0 1945 20 72 2036 0 0 0 
2016/11/03 52.5 52.9 52.2 52.4 185 0 0 1956 20 57 2032 0 0 0 
2016/11/04 52.1 52.8 52 52.4 149 0 0 1961 20 27 2007 0 0 0 
2016/11/07 52.6 52.6 52.2 52.4 104 0 0 1971 27 27 2024 0 0 0 
2016/11/08 52.7 52.7 52.3 52.6 78 0 0 1975 27 27 2028 0 0 0 
2016/11/09 50.3 52.4 50.1 50.9 485 0 0 1963 27 0 1990 0 0 0 
2016/11/10 51.8 54 51.8 53.1 270 0 0 1978 27 0 2005 0 0 0 
2016/11/11 53.6 54.6 52.9 54.5 279 0 0 1964 27 0 1991 0 0 0 
2016/11/14 54.4 54.4 52.6 53.5 235 0 0 1950 27 0 1977 0 0 0 
2016/11/15 53.5 54 53.4 53.6 88 0 0 1944 27 0 1971 0 0 0 
2016/11/16 53.6 53.6 53 53.1 59 0 0 1943 27 0 1970 0 0 0 
2016/11/17 53.1 53.2 52.5 53 147 0 0 1939 15 0 1954 0 0 0 
2016/11/18 53.2 53.3 53.1 53.2 52 0 0 1940 15 0 1955 0 0 0 
2016/11/21 53.5 54.2 53.4 53.8 127 0 0 1940 15 0 1955 0 0 0 
2016/11/22 53.7 53.8 53.4 53.5 97 0 0 1936 15 0 1951 0 0 0 
2016/11/23 53.5 53.7 53.3 53.4 60 0 0 1926 15 0 1941 0 0 0 
2016/11/24 53.4 53.4 52.6 52.9 94 0 0 1914 15 0 1929 0 0 0 
2016/11/25 53 53.1 52.4 52.5 148 0 0 1914 15 0 1929 0 0 0 
2016/11/28 52.5 52.9 52.5 52.8 32 0 0 1915 15 0 1930 0 0 0 
2016/11/29 52.8 53 52.7 53 42 0 0 1909 15 0 1924 0 0 0 
2016/11/30 52.9 53 52.8 52.9 41 0 0 1909 15 0 1924 0 0 0 
2016/12/01 52.9 53.5 52.9 53.5 73 0 0 1933 15 0 1948 0 0 0 
2016/12/02 53.1 53.4 53 53.1 59 0 0 1930 15 0 1945 0 0 0 
2016/12/05 53.9 53.9 53 53.4 49 0 0 1919 15 0 1934 0 0 0 
2016/12/06 53.4 53.4 53 53 38 0 0 1917 15 0 1932 0 0 0 
2016/12/07 53 53.4 52.9 53.1 72 0 0 1917 15 0 1932 0 0 0 
2016/12/08 53.2 53.2 52.9 53 61 0 0 1917 15 0 1932 0 0 0 
2016/12/09 53 53.2 52.9 53 52 0 0 1912 15 0 1927 0 0 0 
2016/12/12 53 53 52.5 52.5 133 0 0 1909 0 4 1913 0 0 0 
2016/12/13 52.5 53 52.4 52.7 58 0 0 1918 0 4 1922 0 0 0 
2016/12/14 53 53 52.3 52.5 127 0 0 1904 0 0 1904 0 0 0 
2016/12/15 52.5 52.5 52 52.5 180 0 0 1887 0 0 1887 0 0 0 
2016/12/16 52.3 53 52.2 53 92 0 0 1882 0 0 1882 0 0 0 
2016/12/19 52.5 52.8 52.1 52.6 80 0 0 1872 0 0 1872 0 0 0 
2016/12/20 52.6 52.6 52.2 52.6 61 0 0 1864 0 0 1864 0 0 0 
2016/12/21 52.4 52.4 52.2 52.4 57 0 0 1857 0 0 1857 0 0 0 
2016/12/22 52.4 52.5 52 52.3 96 0 0 1856 0 0 1856 0 0 0 
2016/12/23 52.3 52.4 52 52.2 89 0 0 1856 0 0 1856 0 0 0 
2016/12/26 52.2 52.3 52 52.3 108 0 0 1847 0 0 1847 0 0 0 
2016/12/27 52.2 52.2 52 52.2 41 0 0 1846 0 0 1846 0 0 0 
2016/12/28 52.2 52.3 52 52.1 68 0 0 1844 0 0 1844 0 0 0 
2016/12/29 52 52.1 51.6 52.1 147 0 0 1844 0 0 1844 0 0 0 
2016/12/30 52.1 52.1 51.9 51.9 78 0 0 1844 0 0 1844 0 0 0 
2017/01/03 51.9 52 51.6 52 107 0 0 1840 0 0 1840 0 0 0 
2017/01/04 52 52 51.5 51.6 200 0 0 1840 0 0 1840 0 0 0 
2017/01/05 51.8 52 51.6 52 118 0 0 1844 0 0 1844 0 0 0 
2017/01/06 52 52.5 51.8 52.5 72 0 0 1859 0 0 1859 0 0 0 
2017/01/09 52.5 52.7 52.1 52.1 39 0 0 1860 0 0 1860 0 0 0 
2017/01/10 52.3 52.3 52 52.1 34 0 0 1861 0 0 1861 0 0 0 
2017/01/11 52.7 52.8 52.3 52.6 140 0 0 1852 0 0 1852 0 0 0 
2017/01/12 52.8 54.4 52.7 53.8 347 0 0 1858 0 13 1871 0 0 0 
2017/01/13 53.5 54 53.2 53.7 148 0 0 1860 0 13 1873 0 0 0 
2017/01/16 53.8 53.8 52.9 53.2 88 0 0 1865 0 13 1878 0 0 0 
2017/01/17 53.1 53.1 52.7 52.8 57 0 0 1865 0 13 1878 0 0 0 
2017/01/18 52.9 53 52.8 53 77 0 0 1879 0 11 1890 0 0 0 
2017/01/19 53 55.5 52.7 54.5 332 0 0 1866 0 11 1877 0 0 0 
2017/01/20 53.9 54.3 53.8 53.9 127 0 0 1864 0 11 1875 0 0 0 
2017/01/23 53.7 54.4 53.6 54.1 114 0 0 1862 0 11 1873 0 0 0 
2017/01/24 54 54 53.7 54 64 0 0 1872 0 11 1883 0 0 0 
2017/02/02 53.9 54.1 53.8 54.1 108 0 0 1873 0 11 1884 0 0 0 
2017/02/03 54.2 54.3 53.9 54.1 84 0 0 1874 0 11 1885 0 0 0 
2017/02/06 54.2 54.3 53.8 54.1 95 0 0 1877 0 11 1888 0 0 0 
2017/02/07 54.5 54.9 54.2 54.8 156 0 0 1879 0 11 1890 0 0 0 
2017/02/08 55 55.4 54.7 55.3 219 0 0 1879 0 11 1890 0 0 0 
2017/02/09 55.6 56.3 55.4 55.4 301 0 0 1897 0 8 1905 0 0 0 
2017/02/10 55.4 55.4 55 55.1 106 0 0 1896 0 8 1904 0 0 0 
2017/02/13 55.2 55.5 54.9 55.2 124 0 0 1899 0 18 1917 0 0 0 
2017/02/14 55.4 55.5 55 55.1 101 0 0 1911 0 18 1929 0 0 0 
2017/02/15 55.1 55.1 54.5 55 241 0 0 1948 0 19 1967 0 0 0 
2017/02/16 55.1 55.6 54.7 55.5 192 0 0 1968 0 19 1987 0 0 0 
2017/02/17 55.8 56.5 55.8 56.5 357 0 0 1977 0 37 2014 0 0 0 
2017/02/18 56.7 56.7 56.2 56.4 136 0 0 1977 0 37 2014 0 0 0 
2017/02/20 56.3 56.3 55.7 55.7 206 0 0 1984 0 37 2021 0 0 0 
2017/02/21 55.8 56 55.6 55.6 89 0 0 1986 0 37 2023 0 0 0 
2017/02/22 55.6 56.9 55.6 56.3 323 0 0 2012 0 34 2046 0 0 0 
2017/02/23 56.1 56.3 55.8 55.9 121 0 0 2013 0 34 2047 0 0 0 
2017/02/24 55.9 56.1 55.8 55.9 76 0 0 2026 0 34 2060 0 0 0 
2017/03/01 56 56 55.8 55.9 54 0 0 2034 0 34 2068 0 0 0 
2017/03/02 56.2 56.2 55.9 55.9 85 0 0 2035 0 34 2069 0 0 0 
2017/03/03 55.8 56.3 55.8 56.1 97 0 0 2046 0 34 2080 0 0 0 
2017/03/06 56.1 56.6 56.1 56.6 161 0 0 2048 0 34 2082 0 0 0 
2017/03/07 56.9 56.9 56.1 56.5 135 0 0 2047 0 34 2081 0 0 0 
2017/03/08 56.5 56.5 56.1 56.4 66 0 0 2047 0 34 2081 0 0 0 
2017/03/09 56.2 56.2 55.8 55.8 140 0 0 2036 0 34 2070 0 0 0 
2017/03/10 55.7 55.7 54.8 55.7 212 0 0 2028 0 34 2062 0 0 0 
2017/03/13 56 56.7 56 56.4 242 0 0 2039 0 33 2072 0 0 0 
2017/03/14 56.5 56.6 56.1 56.4 106 0 0 2041 0 33 2074 0 0 0 
2017/03/15 56.6 61.4 56.6 59.6 1828 514 0 1992 0 0 1992 91 1.56 0 
2017/03/16 60.3 61.4 58.5 58.7 1312 633 0 1987 0 0 1987 27 1.92 0 
2017/03/17 59.4 59.8 58.7 59.4 417 596 0 2003 0 0 2003 3 1.8 0 
2017/03/20 59.2 59.8 58.7 58.9 283 537 0 2002 0 0 2002 2 1.62 0 
2017/03/21 59.4 61 59.4 60.1 1668 858 0 1977 0 0 1977 64 2.6 0 
2017/03/22 59.8 61.3 59.3 60.9 909 1003 0 1948 0 11 1959 22 3.03 0 
2017/03/23 61.5 62.7 61.1 61.3 1314 968 0 1907 0 31 1938 54 2.93 0 
2017/03/24 61.5 62.3 60.4 60.8 638 983 0 1924 0 36 1960 0 2.97 0 
2017/03/27 61 61.1 59.8 59.8 556 884 0 1963 0 36 1999 5 2.67 0 
2017/03/28 60.9 61.1 59.1 59.8 723 886 0 1986 0 0 1986 1 2.68 0 
2017/03/29 60 60.7 60 60.3 315 859 0 2004 0 2 2006 0 2.6 0 
2017/03/30 60.6 62.2 59.9 60.8 1097 963 0 2036 0 2 2038 27 2.91 0 
2017/03/31 61.8 61.8 60.8 60.8 358 957 0 2054 0 2 2056 0 2.9 0 
2017/04/05 61.3 64.5 61.3 63.9 3511 1327 0 2057 0 21 2078 533 4.01 0 
2017/04/06 63.8 66.7 63.8 65.1 4004 1773 7 2035 0 27 2062 285 5.36 0.39 
2017/04/07 65.7 70.5 65.3 70.1 5119 2850 0 1729 0 17 1746 0 8.62 0 
2017/04/10 70.3 70.3 66.2 66.6 3684 2573 0 1667 34 83 1784 0 7.78 0 
2017/04/11 67.6 68.4 66.5 66.9 1731 2539 0 1686 34 94 1814 0 7.68 0 
2017/04/12 67 67.5 65.1 65.5 1619 2615 0 1712 34 96 1842 0 7.91 0 
2017/04/13 65 67.4 65 66.2 1305 2746 5 1735 34 101 1870 53 8.31 0.18 
2017/04/14 66.2 67 64 64 1271 2575 5 1724 34 151 1909 35 7.79 0.19 
2017/04/17 64.4 64.4 60.8 61.7 1331 2460 11 1832 34 159 2025 47 7.44 0.45 
2017/04/18 63.5 64.6 62.5 64 942 2499 8 1941 34 163 2138 40 7.56 0.32 
2017/04/19 64 64 61.7 61.7 1113 2457 8 1942 34 162 2138 24 7.43 0.33 
2017/04/20 61.7 63 61 62.1 657 2412 14 1919 34 147 2100 28 7.3 0.58 
2017/04/21 62.9 62.9 61.5 61.9 414 2439 13 1909 34 98 2041 13 7.38 0.53 
2017/04/24 62.1 62.6 61.7 62.2 381 2361 12 1906 34 98 2038 5 7.14 0.51 
2017/04/25 62.6 64.8 62.6 64.6 1200 2342 8 1917 34 84 2035 18 7.09 0.34 
2017/04/26 64.9 65.3 63.7 65.2 685 2343 5 1898 34 84 2016 18 7.09 0.21 
2017/04/27 65.2 65.9 64.5 65.8 689 2290 5 1868 34 84 1986 15 6.93 0.22 
2017/04/28 66 67.1 65.4 66 1605 2078 1 1836 34 77 1947 11 6.29 0.05 
2017/05/02 66 66.4 64.9 66.2 801 2035 2 1830 34 74 1938 7 6.16 0.1 
2017/05/03 66.5 66.5 65.3 65.8 661 2034 3 1840 34 90 1964 0 6.15 0.15 
2017/05/04 65.6 65.6 65 65.4 457 2046 3 2044 34 84 2162 0 6.19 0.15 
2017/05/05 65.2 65.3 63.8 64.4 623 2060 15 2096 34 79 2209 0 6.23 0.73 
2017/05/08 64.1 64.2 63.5 64 368 2065 15 1978 34 79 2091 0 6.25 0.73 
2017/05/09 64 64.1 62.9 63.6 490 2026 14 1912 34 60 2006 0 6.13 0.69 
2017/05/10 63 64.5 63 64.5 319 1994 14 1838 34 60 1932 0 6.03 0.7 
2017/05/11 64 64.9 64 64.3 412 1969 14 1802 34 70 1906 1 5.96 0.71 
2017/05/12 64.3 64.3 62.7 63.6 410 1925 14 1723 34 70 1827 0 5.82 0.73 
2017/05/15 63.9 66.3 63.6 66.3 559 1893 15 1758 34 69 1861 3 5.73 0.79 
2017/05/16 66.1 66.2 65.1 65.1 490 1893 16 1712 34 44 1790 0 5.73 0.85 
2017/05/17 65.1 65.1 64.3 65 275 1903 15 1728 34 4 1766 0 5.76 0.79 
2017/05/18 64 64.8 64 64.5 172 1920 15 1709 34 4 1747 0 5.81 0.78 
2017/05/19 64.8 64.8 64.5 64.7 140 1913 14 1718 34 4 1756 0 5.79 0.73 
2017/05/22 65 66.1 64.9 65.4 568 1914 14 1732 34 0 1766 1 5.79 0.73 
2017/05/23 65.8 66.3 65.4 65.5 470 1872 15 1771 34 0 1805 4 5.66 0.8 
2017/05/24 65.5 65.9 65 65.1 277 1866 15 1778 34 0 1812 0 5.65 0.8 
2017/05/25 65.2 65.2 64.8 64.9 213 1869 15 1780 34 0 1814 0 5.65 0.8 
2017/05/26 64.8 65 64.3 64.3 168 1866 14 1773 34 0 1807 2 5.65 0.75 
2017/05/31 64.3 64.3 64 64 153 1854 14 1770 34 0 1804 0 5.61 0.76 
2017/06/01 64 65.1 63.8 64.9 242 1827 15 1770 34 0 1804 0 5.53 0.82 
2017/06/02 64.9 65 64.4 64.7 104 1829 14 1776 34 0 1810 0 5.53 0.77 
2017/06/03 64.6 64.7 64.2 64.7 141 1813 14 1776 34 0 1810 0 5.49 0.77 
2017/06/05 65 66.4 64.9 65.6 849 1821 14 1838 34 0 1872 1 5.51 0.77 
2017/06/06 65.7 66.1 65 65.1 258 1827 14 1845 34 0 1879 0 5.53 0.77 
2017/06/07 64.8 65 64.5 64.5 201 1803 14 1838 34 0 1872 0 5.45 0.78 
2017/06/08 64.5 65 64.5 65 153 1799 14 1827 34 7 1868 0 5.44 0.78 
2017/06/09 65 65 64.4 64.8 195 1771 14 1815 34 6 1855 0 5.36 0.79 
2017/06/12 66 67.2 65.9 66 993 1758 15 1819 34 0 1853 1 5.32 0.85 
2017/06/13 66.5 66.8 65.6 66.5 498 1835 15 1881 34 0 1915 7 5.55 0.82 
2017/06/14 67 68.2 65 65 1351 1856 1 1870 34 0 1904 20 5.62 0.05 
2017/06/15 66 66.2 65.2 65.9 278 1834 2 1877 34 0 1911 1 5.55 0.11 
2017/06/16 66.2 66.2 65.1 65.1 385 1864 1 1885 34 0 1919 0 5.64 0.05 
2017/06/19 65.1 65.1 64 64.5 634 1770 4 1888 34 0 1922 0 5.36 0.23 
2017/06/20 64.9 65.2 64.5 64.6 373 1655 2 1890 34 0 1924 2 5.01 0.12 
2017/06/21 64.6 64.7 64 64.6 288 1568 2 1898 34 3 1935 0 4.74 0.13 
2017/06/22 64.6 64.8 64.5 64.8 230 1566 1 1894 34 3 1931 0 4.74 0.06 
2017/06/23 64.8 65 64.5 64.5 219 1550 0 1866 34 3 1903 0 4.69 0 
2017/06/26 64.5 65.3 64.4 64.7 389 1583 0 1898 34 10 1942 0 4.79 0 
2017/06/27 64.9 65.3 64.8 65.1 368 1543 0 1842 34 36 1912 0 4.67 0 
2017/06/28 64.9 65.1 64.6 64.6 633 1434 0 1842 34 99 1975 0 4.34 0 
2017/06/29 61.8 62.8 61.7 62.2 797 1295 6 1832 34 16 1882 0 3.92 0.46 
2017/06/30 62.2 62.6 62 62 224 1281 5 1725 34 16 1775 0 3.88 0.39 
2017/07/03 62 62.2 61.7 61.8 169 1257 5 1722 34 16 1772 1 3.8 0.4 
2017/07/04 62 62 61.6 61.7 171 1227 5 1748 34 16 1798 0 3.71 0.41 
2017/07/05 61.8 61.9 61.4 61.7 189 1216 5 1720 34 16 1770 0 3.68 0.41 
2017/07/06 61.8 61.9 61.6 61.7 99 1198 5 1712 34 16 1762 0 3.62 0.42 
2017/07/07 62.1 62.6 61.8 61.8 198 1207 5 1836 34 16 1886 1 3.65 0.41 
2017/07/10 61.9 62 61.3 61.4 256 1211 0 1666 34 20 1720 0 3.66 0 
2017/07/11 62.1 62.1 61.3 61.5 222 1144 0 1596 34 32 1662 0 3.46 0 
2017/07/12 61.3 61.8 61 61.4 228 1095 0 1577 34 32 1643 0 3.31 0 
2017/07/13 61.6 61.8 61.3 61.5 151 1091 0 1584 34 38 1656 0 3.3 0 
2017/07/14 61.8 62.4 61.7 61.9 204 1140 0 1665 34 42 1741 0 3.45 0 
2017/07/17 62.1 62.1 61.3 61.5 175 1121 0 1602 34 39 1675 0 3.39 0 
2017/07/18 61.5 61.7 61.2 61.4 130 1108 0 1573 34 38 1645 0 3.35 0 
2017/07/19 61.4 61.5 61.3 61.3 170 1079 0 1554 34 40 1628 0 3.26 0 
2017/07/20 61.6 62.1 61.3 62.1 224 1136 0 1542 34 58 1634 0 3.44 0 
2017/07/21 62.1 62.3 61.6 62 195 1097 0 1552 34 47 1633 0 3.32 0 
2017/07/24 62 62.3 61.7 61.9 86 1093 0 1550 34 50 1634 0 3.31 0 
2017/07/25 61.9 62 61.6 61.9 139 1103 0 1579 34 46 1659 0 3.34 0 
2017/07/26 61.6 62 61.3 61.3 218 1099 0 1572 34 43 1649 0 3.32 0 
2017/07/27 61.3 61.6 61 61.1 216 1095 0 1571 0 23 1594 0 3.31 0 
2017/07/28 61.2 61.2 60.5 60.6 218 1078 1 1557 0 22 1579 0 3.26 0.09 
2017/07/31 60.6 60.6 59.5 59.9 387 1065 1 1579 0 24 1603 0 3.22 0.09 
2017/08/01 59.9 60.9 59.6 60.7 200 1043 2 1585 0 24 1609 0 3.16 0.19 
2017/08/02 60.6 61.3 60.5 61 144 1024 2 1595 0 32 1627 0 3.1 0.2 
2017/08/03 61 61.2 60.5 60.5 167 1013 2 1557 0 31 1588 0 3.06 0.2 
2017/08/04 60.6 60.9 60.5 60.5 82 984 2 1556 0 31 1587 0 2.98 0.2 
2017/08/07 60.6 60.9 60.4 60.7 128 985 1 1561 0 30 1591 0 2.98 0.1 
2017/08/08 60.7 60.7 60 60.3 166 995 1 1543 0 23 1566 0 3.01 0.1 
2017/08/09 60.4 60.4 59.9 60.1 121 993 1 1536 0 23 1559 0 3 0.1 
2017/08/10 60 60 59 59.2 325 966 1 1533 0 23 1556 1 2.92 0.1 
2017/08/11 58.6 58.8 57.9 58.2 403 964 1 1554 0 23 1577 0 2.92 0.1 
2017/08/14 57.8 57.8 55.6 55.6 835 971 1 1724 0 7 1731 0 2.94 0.1 
2017/08/15 55.6 56.5 55 56 405 933 1 1780 0 21 1801 3 2.82 0.11 
2017/08/16 56 58 56 56.6 259 919 0 1793 0 13 1806 0 2.78 0 
2017/08/17 56.7 57.2 56.6 57.2 152 918 0 1827 0 3 1830 0 2.78 0 
2017/08/18 56.8 57.2 56.6 57.1 49 911 0 1816 0 3 1819 0 2.76 0 
2017/08/21 57.1 57.1 56.4 56.7 140 918 0 1827 0 3 1830 0 2.78 0 
2017/08/22 56.7 56.9 56.3 56.5 121 936 0 1797 0 3 1800 0 2.83 0 
2017/08/23 56.5 56.7 56.3 56.5 81 933 0 1798 0 3 1801 0 2.82 0 
2017/08/24 56.6 56.7 56.4 56.6 167 966 0 1706 0 3 1709 0 2.92 0 
2017/08/25 56.7 56.7 56.1 56.5 218 957 0 1636 0 3 1639 0 2.9 0 
2017/08/28 56.5 56.8 56.4 56.6 185 957 0 1543 0 3 1546 0 2.9 0 
2017/08/29 57.5 58.7 57.5 58.4 707 948 0 1357 0 0 1357 0 2.87 0 
2017/08/30 58.9 60.3 58.9 60.1 679 905 0 1369 0 17 1386 0 2.74 0 
2017/08/31 61 61.3 59.3 59.7 858 867 0 1317 0 0 1317 0 2.62 0 
2017/09/01 60 60 58.8 58.8 337 901 0 1288 0 0 1288 0 2.73 0 
2017/09/04 58.4 58.5 57.4 57.9 282 911 0 1230 0 0 1230 0 2.76 0 
2017/09/05 58 58 57.6 57.7 150 864 4 1484 0 0 1484 0 2.61 0.46 
2017/09/06 57.7 57.7 57.3 57.3 154 870 4 1448 0 0 1448 0 2.63 0.46 
2017/09/07 57.9 58.5 57.7 58 225 868 4 1420 0 1 1421 0 2.63 0.46 
2017/09/08 58 58 57.7 57.8 93 865 4 1383 0 1 1384 0 2.62 0.46 
2017/09/11 58.1 58.5 57.7 58.1 201 872 4 1342 0 0 1342 0 2.64 0.46 
2017/09/12 58.1 58.1 57.7 57.7 202 863 4 1278 0 0 1278 0 2.61 0.46 
2017/09/13 57.7 58 57.5 57.5 119 846 4 1278 0 0 1278 0 2.56 0.47 
2017/09/14 57.5 58 57.5 57.6 106 849 4 1249 0 0 1249 0 2.57 0.47 
2017/09/15 57.6 57.8 57.2 57.2 214 856 4 1181 0 0 1181 0 2.59 0.47 
2017/09/18 57.6 58.3 57.4 58.3 210 894 4 1152 0 4 1156 4 2.7 0.45 
2017/09/19 59.1 59.1 57.9 58 295 859 4 1125 0 19 1144 2 2.6 0.47 
2017/09/20 58.6 58.6 57.5 57.8 118 843 4 1106 0 0 1106 0 2.55 0.47 
2017/09/21 57.9 58 57.5 57.9 90 851 4 1090 0 0 1090 0 2.57 0.47 
2017/09/22 57.9 57.9 57.4 57.5 163 860 4 1027 0 0 1027 0 2.6 0.47 
2017/09/25 57.5 57.7 57.1 57.2 175 859 4 1037 0 0 1037 0 2.6 0.47 
2017/09/26 57.3 57.3 56.8 56.9 211 858 4 1007 0 1 1008 0 2.6 0.47 
2017/09/27 57.1 57.3 57.1 57.2 58 853 4 998 0 1 999 0 2.58 0.47 
2017/09/28 57.3 57.3 57 57 82 851 4 995 0 1 996 0 2.57 0.47 
2017/09/29 57 57.2 56.6 57 93 844 4 986 0 6 992 0 2.55 0.47 
2017/09/30 57 57.3 57 57.2 44 844 4 986 0 1 987 0 2.55 0.47 
2017/10/02 57.6 57.7 57.1 57.7 81 844 4 1006 0 2 1008 0 2.55 0.47 
2017/10/03 58.2 59.8 58.2 58.9 431 911 4 998 0 22 1020 7 2.76 0.44 
2017/10/05 58.9 59.5 58.9 59 130 912 4 1006 0 15 1021 0 2.76 0.44 
2017/10/06 59 59 58 58.6 96 878 4 1015 0 15 1030 0 2.66 0.46 
2017/10/11 59 59.4 58.7 58.8 123 892 4 1011 0 15 1026 1 2.7 0.45 
2017/10/12 58.8 59 58.6 58.9 90 893 4 1004 0 24 1028 1 2.7 0.45 
2017/10/13 59.4 60 59.1 59.2 165 916 4 1005 0 22 1027 0 2.77 0.44 
2017/10/16 59.5 59.5 58.5 59 88 914 0 1004 0 18 1022 0 2.77 0 
2017/10/17 59 59 58.6 58.9 117 916 0 1010 60 17 1087 0 2.77 0 
2017/10/18 59 59.4 58.7 59.4 186 902 0 1018 120 25 1163 0 2.73 0 
2017/10/19 59.7 60.6 59.7 60.2 488 943 0 1029 180 30 1239 0 2.85 0 
2017/10/20 60.6 60.6 59.8 60.1 271 942 0 1028 240 25 1293 0 2.85 0 
2017/10/23 60.1 60.5 59.9 60 194 953 0 1043 300 25 1368 0 2.88 0 
2017/10/24 60 60.4 59.9 60.2 221 951 0 1041 300 29 1370 1 2.88 0 
2017/10/25 60.3 60.9 59.9 59.9 246 930 0 1060 300 29 1389 1 2.81 0 
2017/10/26 59.9 60.2 59.6 59.8 121 918 0 1077 300 30 1407 0 2.78 0 
2017/10/27 59.8 59.8 59.4 59.4 112 917 0 1086 300 29 1415 0 2.77 0 
2017/10/30 59.5 60 59.3 59.5 60 911 0 1091 300 28 1419 0 2.76 0 
2017/10/31 59.5 59.5 59 59.2 119 873 0 1096 300 37 1433 0 2.64 0 
2017/11/01 59.7 59.7 59.3 59.7 104 866 0 1122 320 23 1465 0 2.62 0 
2017/11/02 59.7 59.8 58.8 58.8 244 858 0 1012 320 25 1357 0 2.6 0 
2017/11/03 59 59.8 59 59 66 856 0 1021 320 25 1366 0 2.59 0 
2017/11/06 59.2 59.6 58.6 59.3 127 834 0 1032 320 22 1374 0 2.52 0 
2017/11/07 59.3 59.5 59.1 59.3 53 829 0 1017 320 22 1359 0 2.51 0 
2017/11/08 59.2 59.5 59.1 59.5 85 858 0 1018 320 19 1357 0 2.6 0 
2017/11/09 59.6 59.7 59.2 59.2 93 865 0 1021 320 21 1362 0 2.62 0 
2017/11/10 59.2 59.4 58.7 59.4 111 871 0 1024 320 25 1369 0 2.64 0 
2017/11/13 59.8 59.8 59 59 124 865 0 1002 320 3 1325 0 2.62 0 
2017/11/14 58.9 59.2 58.8 59.2 61 869 0 1002 320 4 1326 0 2.63 0 
2017/11/15 58.4 58.4 57.5 58 383 847 0 1005 320 5 1330 0 2.56 0 
2017/11/16 58 58.2 57.9 58.1 112 840 0 1019 320 0 1339 0 2.54 0 
2017/11/17 58.2 58.2 57.8 58.1 161 839 0 1063 320 1 1384 0 2.54 0 
2017/11/20 58 58.2 57.8 58.2 108 846 0 1079 320 1 1400 0 2.56 0 
2017/11/21 58.2 58.5 58 58.4 148 858 0 1111 320 1 1432 0 2.6 0 
2017/11/22 58.6 59.1 58.4 58.6 111 851 0 1130 320 0 1450 0 2.57 0 
2017/11/23 58.9 58.9 58 58.7 152 849 0 1147 320 0 1467 0 2.57 0 
2017/11/24 58.7 58.8 57.9 58.3 202 850 0 1157 320 2 1479 0 2.57 0 
2017/11/27 58.3 58.4 58.1 58.4 81 854 0 1165 320 1 1486 0 2.58 0 
2017/11/28 58.6 58.9 58.6 58.6 102 863 0 1174 320 1 1495 0 2.61 0 
2017/11/29 58.6 59 58.6 59 99 866 0 1189 320 1 1510 0 2.62 0 
2017/11/30 59.1 60 59.1 59.3 223 877 0 1168 320 1 1489 0 2.65 0 
2017/12/01 59.5 59.5 58.3 58.5 174 887 0 1175 320 1 1496 0 2.68 0 
2017/12/04 58.6 59.2 58.6 58.9 55 878 0 1190 320 1 1511 0 2.66 0 
2017/12/05 58.9 58.9 58.2 58.8 184 871 0 1205 320 1 1526 0 2.64 0 
2017/12/06 58.8 58.9 58.3 58.4 67 861 0 1205 320 0 1525 0 2.6 0 
2017/12/07 58.7 58.7 58.3 58.6 56 854 0 1203 320 0 1523 0 2.58 0 
2017/12/08 58.8 58.8 58.1 58.5 29 856 0 1126 320 0 1446 0 2.59 0 
2017/12/11 59 59.4 58.8 59.2 120 860 0 1124 320 0 1444 0 2.6 0 
2017/12/12 59.2 59.4 59 59 72 873 0 1125 320 0 1445 0 2.64 0 
2017/12/13 59.3 59.3 58.9 59 57 877 0 1126 320 0 1446 0 2.65 0 
2017/12/14 58.8 59 58.6 59 118 879 0 1138 320 0 1458 0 2.66 0 
2017/12/15 59 59 58.5 58.5 124 883 0 1076 320 0 1396 0 2.67 0 
2017/12/18 58.6 59 58.5 58.8 58 879 0 1073 320 0 1393 0 2.66 0 
2017/12/19 58.5 59 58.5 58.7 55 859 0 1069 320 0 1389 0 2.6 0 
2017/12/20 58.5 58.9 58.4 58.5 62 860 0 1072 320 0 1392 0 2.6 0 
2017/12/21 58.6 59.1 58.6 58.7 77 869 0 1076 320 0 1396 0 2.63 0 
2017/12/22 58.7 58.9 58.5 58.8 39 874 0 1076 320 0 1396 0 2.64 0 
2017/12/25 58.8 58.8 58.5 58.7 64 868 0 1078 320 0 1398 0 2.63 0 
2017/12/26 59.8 63 59.8 61.2 902 961 0 1067 320 30 1417 0 2.91 0 
2017/12/27 61.2 61.2 60.2 60.9 179 955 0 1070 320 30 1420 0 2.89 0 
2017/12/28 60.9 62.7 60.9 61.9 515 1022 0 1059 320 28 1407 0 3.09 0 
2017/12/29 62.2 62.8 61.7 61.8 349 1023 0 1067 320 28 1415 0 3.1 0 
2018/01/02 62.2 62.2 61.5 61.7 166 1011 0 1068 320 46 1434 0 3.06 0 
2018/01/03 61.8 61.9 61.2 61.5 201 989 0 1069 320 51 1440 0 2.99 0 
2018/01/04 61.5 61.6 61 61.5 167 990 0 1057 320 29 1406 0 3 0 
2018/01/05 61.5 61.5 61.1 61.1 119 970 0 1055 320 22 1397 0 2.93 0 
2018/01/08 61.2 61.3 60.9 60.9 137 974 0 1067 320 6 1393 0 2.95 0 
2018/01/09 61 61.2 60.2 60.6 174 969 0 1063 320 0 1383 0 2.93 0 
2018/01/10 60.3 61 59.7 60.3 231 966 0 1062 320 1 1383 0 2.92 0 
2018/01/11 61.2 62.1 61 61.6 483 1073 0 1059 320 1 1380 0 3.25 0 
2018/01/12 62.5 67 62.2 65.3 2174 1286 0 1066 364 0 1430 8 3.89 0 
2018/01/15 66.6 67.2 64.2 65.5 1048 1314 0 1021 364 7 1392 4 3.98 0 
2018/01/16 65.5 65.5 64.5 64.5 468 1224 0 1014 364 7 1385 0 3.7 0 
2018/01/17 64.5 65.5 64.1 64.4 399 1152 0 1022 434 5 1461 0 3.49 0 
2018/01/18 65.2 65.4 64.3 64.3 352 1136 0 1015 434 7 1456 0 3.44 0 
2018/01/19 64.5 64.7 64.2 64.2 194 1123 0 1019 464 7 1490 0 3.4 0 
2018/01/22 64.3 65.4 64.3 64.8 305 1217 0 1036 464 7 1507 2 3.68 0 
2018/01/23 64.4 64.8 64.1 64.2 206 1204 0 1049 464 7 1520 3 3.64 0 
2018/01/24 64.2 64.2 63.2 63.2 282 1182 0 1062 464 7 1533 0 3.58 0 
2018/01/25 63.2 64 63.2 63.4 104 1162 0 1083 464 7 1554 0 3.52 0 
2018/01/26 63.4 63.9 63.3 63.9 102 1163 0 1098 464 7 1569 0 3.52 0 
2018/01/29 64 65.5 64 64.6 304 1221 0 1083 464 7 1554 0 3.69 0 
2018/01/30 64.1 65.1 64.1 64.5 210 1218 0 1101 464 7 1572 0 3.68 0 
2018/01/31 63.7 64.8 63.7 64.3 149 1210 0 1096 464 7 1567 0 3.66 0 
2018/02/01 64 65 64 64.3 144 1201 0 1087 464 7 1558 1 3.63 0 
2018/02/02 64.3 64.8 63.8 63.9 239 1161 0 1108 464 7 1579 0 3.51 0 
2018/02/05 63.5 65.1 62.7 63.9 249 1179 2 1116 464 7 1587 0 3.57 0.17 
2018/02/06 63.5 63.6 61.1 61.9 1042 1033 0 1129 464 5 1598 0 3.13 0 
2018/02/07 63.3 63.5 62.1 62.4 249 1048 0 1153 464 5 1622 0 3.17 0 
2018/02/08 62.5 63.5 62.5 63.3 203 1124 0 1166 464 5 1635 0 3.4 0 
2018/02/09 61.4 62.9 61.4 62.9 251 1104 0 1151 464 5 1620 0 3.34 0 
2018/02/12 64 65 64 64.5 438 1136 0 1138 464 15 1617 0 3.44 0 
2018/02/21 65.5 66 64.7 65.3 430 1280 0 1122 464 15 1601 0 3.87 0 
2018/02/22 65.3 66 64.9 65.2 286 1328 0 1230 464 15 1709 0 4.02 0 
2018/02/23 64.8 65.3 64.6 64.6 203 1298 0 1260 464 15 1739 0 3.93 0 
2018/02/26 64.7 64.8 64.3 64.5 119 1296 0 1263 464 15 1742 0 3.92 0 
2018/02/27 65 65 64.5 64.6 79 1301 0 1271 464 13 1748 0 3.94 0 
2018/03/01 64 65 64 64.8 125 1245 0 1289 464 13 1766 0 3.77 0 
2018/03/02 64.7 64.8 64.4 64.7 69 1236 0 1287 464 13 1764 0 3.74 0 
2018/03/05 64.8 65 64.3 64.6 109 1224 0 1277 464 17 1758 0 3.7 0 
2018/03/06 64.4 64.8 64.4 64.6 112 1210 0 1294 464 16 1774 0 3.66 0 
2018/03/07 64.6 65 64.6 64.6 102 1200 0 1316 464 17 1797 0 3.63 0 
2018/03/08 64.6 65 64.5 64.9 125 1222 0 1335 464 18 1817 0 3.7 0 
2018/03/09 65.5 65.8 65 65.4 201 1275 0 1340 464 18 1822 0 3.86 0 
2018/03/12 66.7 70.5 66.7 69 2577 1556 1 1374 464 72 1910 5 4.71 0.06 
2018/03/13 69 69.5 67.9 68.8 552 1552 2 1385 464 72 1921 0 4.7 0.13 
2018/03/14 68.8 68.8 67.8 68.2 479 1539 1 1435 464 72 1971 1 4.66 0.06 
2018/03/15 68.2 71 67.4 68.8 1198 1611 1 1457 464 92 2013 2 4.87 0.06 
2018/03/16 69 69.6 68.1 68.9 462 1553 1 1459 464 92 2015 0 4.7 0.06 
2018/03/19 69.3 71.6 69.3 69.9 796 1631 1 1456 464 96 2016 0 4.93 0.06 
2018/03/20 69.2 70 69.2 69.4 247 1602 1 1373 464 99 1936 1 4.85 0.06 
2018/03/21 69.1 71.8 69.1 71.5 1009 1396 12 1404 464 102 1970 0 4.22 0.86 
2018/03/22 73.5 74 70.2 70.2 1146 1326 12 1397 464 74 1935 1 4.01 0.9 
2018/03/23 67 69.8 67 69.5 774 1278 21 1441 464 69 1974 7 3.87 1.64 
2018/03/26 70.5 70.5 69.7 70 291 1295 24 1490 464 74 2028 0 3.92 1.85 
2018/03/27 72 72 70.3 71.1 399 1282 23 1498 464 74 2036 1 3.88 1.79 
2018/03/28 71.1 71.8 70.5 70.8 304 1195 27 1515 464 74 2053 0 3.62 2.26 
2018/03/29 71 71.4 70.2 70.5 273 1161 27 1559 464 75 2098 0 3.51 2.33 
2018/03/30 71 72.5 70.8 71.1 437 1146 23 1573 464 99 2136 1 3.47 2.01 
2018/03/31 72.3 72.5 71.3 71.4 330 1184 23 1573 464 101 2138 0 3.58 1.94 
2018/04/02 69.6 70.7 69.6 70.4 782 1203 0 1630 464 83 2177 0 3.64 0 
2018/04/03 70.4 73.8 70.4 72.5 1371 1402 0 1675 464 63 2202 0 4.24 0 
2018/04/09 73.2 78 73 75.6 1778 1605 0 1712 464 85 2261 0 4.86 0 
2018/04/10 77 78.5 74 74.1 1337 1551 0 1686 464 104 2254 0 4.69 0 
2018/04/11 74.7 75.3 72.5 72.8 680 1477 1 1702 464 104 2270 1 4.47 0.07 
2018/04/12 73 73.5 72.9 73.2 251 1515 2 1711 464 104 2279 0 4.58 0.13 
2018/04/13 73 73.8 71.7 72 430 1537 2 1714 464 104 2282 1 4.65 0.13 
2018/04/16 72 72.8 71 71.1 500 1532 2 1714 464 106 2284 1 4.63 0.13 
2018/04/17 71.1 71.1 69 69.2 710 1483 2 1765 464 81 2310 0 4.49 0.13 
2018/04/18 69.5 71.7 69.5 69.7 318 1474 2 1776 464 81 2321 0 4.46 0.14 
2018/04/19 69.7 70.5 69.7 70.2 254 1420 1 1804 464 81 2349 0 4.3 0.07 
2018/04/20 70.8 70.8 69.7 69.9 148 1410 1 1803 464 82 2349 0 4.27 0.07 
2018/04/23 69.8 70 69.1 69.2 161 1406 1 1797 464 82 2343 0 4.25 0.07 
2018/04/24 69.3 69.5 67.1 67.4 436 1371 1 1773 464 82 2319 0 4.15 0.07 
2018/04/25 67.2 68.5 66 67.9 363 1347 1 1803 464 80 2347 1 4.08 0.07 
2018/04/26 68.8 68.8 66.2 66.5 240 1315 2 1781 464 77 2322 2 3.98 0.15 
2018/04/27 66.9 67.4 65.6 66.8 326 1217 1 1797 464 77 2338 0 3.68 0.08 
2018/04/30 66.5 68.4 66.5 68.2 106 1211 1 1795 464 78 2337 0 3.66 0.08 
2018/05/02 68.3 68.6 67.4 68 163 1184 1 1789 464 53 2306 0 3.58 0.08 
2018/05/03 67.8 67.8 67.2 67.2 156 1190 1 1723 464 52 2239 0 3.6 0.08 
2018/05/04 67.2 67.5 66.6 67.3 163 1168 1 1688 464 52 2204 1 3.53 0.09 
2018/05/07 67.5 67.8 67 67.5 127 1199 1 1678 464 52 2194 0 3.63 0.08 
2018/05/08 67.5 67.5 66.8 67.2 91 1183 0 1661 464 52 2177 0 3.58 0 
2018/05/09 67.4 67.5 66.8 67.2 95 1175 1 1644 464 52 2160 0 3.55 0.09 
2018/05/10 67.6 67.7 66.9 67.1 131 1163 1 1629 464 52 2145 0 3.52 0.09 
2018/05/11 68.1 68.7 67.7 68.2 398 1195 1 1587 464 53 2104 0 3.62 0.08 
2018/05/14 68.8 70 68.5 69.6 291 1188 1 1556 464 53 2073 0 3.59 0.08 
2018/05/15 69.7 69.7 67.9 68.6 186 1167 1 1534 464 53 2051 0 3.53 0.09 
2018/05/16 67.5 67.5 66.1 66.8 497 1148 1 1495 464 22 1981 1 3.47 0.09 
2018/05/17 66.7 67.1 66.5 67 148 1139 1 1515 464 22 2001 0 3.45 0.09 
2018/05/18 66.9 67 66.6 66.6 157 1110 1 1494 464 22 1980 0 3.36 0.09 
2018/05/21 67 67.3 66.7 67 115 1111 1 1486 464 22 1972 0 3.36 0.09 
2018/05/22 66.6 67.2 66.3 66.5 269 1129 2 1448 464 9 1921 1 3.42 0.18 
2018/05/23 66.5 67 66.5 66.8 72 1138 2 1441 464 9 1914 0 3.44 0.18 
2018/05/24 67 68.6 67 68.1 273 1160 2 1438 464 9 1911 0 3.51 0.17 
2018/05/25 68.6 69.6 68.1 69 351 1190 2 1422 464 9 1895 0 3.6 0.17 
2018/05/28 69.5 69.5 68.5 68.6 150 1183 2 1415 464 9 1888 0 3.58 0.17 
2018/05/29 68.6 68.6 66.9 67 322 1203 2 1403 362 9 1774 0 3.64 0.17 
2018/05/30 66.2 67 66 66.3 344 1158 1 1396 232 9 1637 0 3.5 0.09 
2018/05/31 66.5 66.9 65.7 66 369 1157 1 1388 81 9 1478 0 3.5 0.09 
2018/06/01 66.2 66.3 65.7 66 170 1172 1 1402 0 9 1411 0 3.55 0.09 
2018/06/04 66.4 66.8 66.1 66.4 93 1173 1 1402 0 9 1411 0 3.55 0.09 
2018/06/05 66.5 66.8 66.2 66.5 105 1171 1 1401 0 9 1410 0 3.54 0.09 
2018/06/06 66.3 66.6 66.1 66.3 196 1169 1 1400 0 9 1409 0 3.54 0.09 
2018/06/07 66.5 66.5 66.2 66.2 99 1167 1 1396 0 0 1396 0 3.53 0.09 
2018/06/08 66.5 66.8 66.2 66.4 89 1155 1 1395 0 0 1395 0 3.49 0.09 
2018/06/11 67 67.5 66.9 67.2 204 1159 1 1372 0 0 1372 0 3.51 0.09 
2018/06/12 67.3 67.3 66.5 66.9 168 1160 1 1338 0 0 1338 0 3.51 0.09 
2018/06/13 66.9 67.3 66.5 66.9 100 1155 1 1321 0 0 1321 0 3.49 0.09 
2018/06/14 67 67.2 66.6 66.6 108 1142 1 1316 0 0 1316 0 3.46 0.09 
2018/06/15 66.6 67.3 66.6 67.1 108 1140 1 1322 0 0 1322 0 3.45 0.09 
2018/06/19 67 67 66.6 66.6 78 1122 1 1306 0 0 1306 0 3.39 0.09 
2018/06/20 66.2 66.4 66.2 66.3 109 1123 1 1296 0 0 1296 0 3.4 0.09 
2018/06/21 66.3 66.7 66.3 66.5 51 1123 1 1294 0 0 1294 0 3.4 0.09 
2018/06/22 66.5 67 66.3 66.8 86 1100 0 1305 0 0 1305 0 3.33 0 
2018/06/25 66.7 67 66.6 66.6 60 1092 0 1293 0 0 1293 0 3.3 0 
2018/06/26 66.4 66.4 66 66.3 150 1069 0 1289 0 2 1291 0 3.23 0 
2018/06/27 66.5 66.6 66.3 66.3 61 1055 0 1283 0 2 1285 0 3.19 0 
2018/06/28 66.3 67.1 66.1 66.7 115 1038 0 1302 0 3 1305 0 3.14 0 
2018/06/29 66.8 67.1 66.6 66.8 41 1035 0 1295 0 3 1298 0 3.13 0 
2018/07/02 66.7 66.9 66.4 66.9 55 1034 0 1293 0 3 1296 0 3.13 0 
2018/07/03 67.1 68.1 67.1 67.3 203 1043 0 1314 0 3 1317 0 3.16 0 
2018/07/04 67.1 67.7 66.8 67.6 80 1031 0 1316 0 3 1319 0 3.12 0 
2018/07/05 67.6 67.9 67.4 67.8 118 1028 0 1321 0 3 1324 0 3.11 0 
2018/07/06 67.8 67.9 66.6 67.9 179 1014 0 1328 0 4 1332 0 3.07 0 
2018/07/09 67.2 68 67.2 67.9 92 1011 0 1325 0 4 1329 0 3.06 0 
2018/07/10 67.9 67.9 67.2 67.7 127 1008 0 1333 0 5 1338 0 3.05 0 
2018/07/11 67.6 68 67.2 67.8 103 999 0 1334 0 4 1338 0 3.02 0 
2018/07/12 67.9 68.8 67.5 68.3 150 1006 0 1371 0 4 1375 0 3.04 0 
2018/07/13 73.5 73.5 70.4 70.9 612 1041 0 1383 0 4 1387 6 3.15 0 
2018/07/16 71 71.5 70.4 70.6 189 994 0 1330 0 3 1333 0 3.01 0 
2018/07/17 70.8 70.8 70.5 70.6 108 989 0 1334 0 3 1337 0 2.99 0 
2018/07/18 71.3 72.5 71.2 71.5 256 973 0 1339 0 3 1342 0 2.94 0 
2018/07/19 71.9 72.1 71.3 71.3 133 981 0 1338 0 3 1341 0 2.97 0 
2018/07/20 71.3 71.7 71.2 71.3 163 976 0 1345 0 3 1348 0 2.95 0 
2018/07/23 71.7 72 71.1 71.6 715 981 0 1175 0 3 1178 0 2.97 0 
2018/07/24 69.2 70.3 69.2 70 453 900 3 1206 0 3 1209 2 2.72 0.33 
2018/07/25 70.1 70.1 69.4 69.8 76 897 3 1163 0 3 1166 0 2.71 0.33 
2018/07/26 68.6 69.4 68.6 69 185 902 1 1164 0 3 1167 0 2.73 0.11 
2018/07/27 69.5 69.5 68.3 68.5 112 891 1 1160 0 3 1163 0 2.7 0.11 
2018/07/30 68.6 69.6 68.6 69.1 119 914 2 1191 0 3 1194 0 2.77 0.22 
2018/07/31 68.8 69.2 68.8 69.1 29 908 2 1184 0 3 1187 0 2.75 0.22 
2018/08/01 69 69.6 69 69.5 67 907 2 1182 0 3 1185 0 2.74 0.22 
2018/08/02 69.7 69.7 69 69 77 888 2 1178 0 3 1181 0 2.69 0.23 
2018/08/03 69.4 69.4 68.9 69.3 54 887 2 1179 0 3 1182 0 2.68 0.23 
2018/08/06 69.7 69.7 69 69.3 61 887 1 1186 0 3 1189 0 2.68 0.11 
2018/08/07 69.6 69.6 68.7 69 102 854 0 1192 0 3 1195 0 2.58 0 
2018/08/08 69 69.4 68.8 69 65 845 0 1205 0 3 1208 0 2.56 0 
2018/08/09 69 69 68.8 68.9 55 831 0 1205 0 3 1208 0 2.51 0 
2018/08/10 69 69 68.6 68.6 102 838 0 1199 0 3 1202 0 2.54 0 
2018/08/13 68.7 69 68 68.1 167 815 0 1179 0 4 1183 0 2.47 0 
2018/08/14 68.2 68.8 68 68.6 78 814 0 1183 0 4 1187 0 2.46 0 
2018/08/15 68 68 66.3 67.2 410 814 2 1179 0 4 1183 0 2.46 0.25 
2018/08/16 66.6 66.7 66 66.6 294 811 2 1172 0 4 1176 0 2.45 0.25 
2018/08/17 66.6 66.8 66.3 66.6 77 816 2 1174 0 4 1178 0 2.47 0.25 
2018/08/20 66.1 66.1 65 65 327 825 2 1159 0 4 1163 0 2.5 0.24 
2018/08/21 64.9 65 64.2 64.4 225 787 2 1182 0 4 1186 0 2.38 0.25 
2018/08/22 64.4 64.8 64.4 64.6 49 787 2 1167 0 4 1171 0 2.38 0.25 
2018/08/23 64.8 64.9 64.5 64.8 43 785 2 1174 0 3 1177 0 2.37 0.25 
2018/08/24 65 65.1 64.7 64.8 38 777 2 1167 0 3 1170 0 2.35 0.26 
2018/08/27 65 65.4 65 65.4 47 774 2 1161 0 3 1164 0 2.34 0.26 
2018/08/28 65.9 65.9 65.4 65.6 54 779 2 1155 0 3 1158 0 2.36 0.26 
2018/08/29 65.6 65.6 65.1 65.2 52 773 2 1135 0 3 1138 0 2.34 0.26 
2018/08/30 65.2 65.2 65 65.2 45 768 2 1127 0 3 1130 0 2.32 0.26 
2018/08/31 65.2 65.2 64.6 64.9 66 768 2 1116 0 3 1119 0 2.32 0.26 
2018/09/03 64.8 64.8 64 64.3 136 767 6 1104 0 3 1107 0 2.32 0.78 
2018/09/04 64.3 64.5 64.1 64.5 47 766 6 1092 0 3 1095 0 2.32 0.78 
2018/09/05 64.5 64.8 64.4 64.6 19 765 4 1085 0 2 1087 0 2.31 0.52 
2018/09/06 64.5 64.5 63.5 64 79 769 4 1082 0 2 1084 0 2.33 0.52 
2018/09/07 63.7 63.8 62 62.1 218 752 0 1065 0 2 1067 0 2.28 0 
2018/09/10 62 62.1 60.1 60.9 239 753 1 1086 0 4 1090 1 2.28 0.13 
2018/09/11 61.2 62.8 61.2 62.2 73 749 6 1080 0 2 1082 0 2.27 0.8 
2018/09/12 62.5 62.5 62.1 62.2 77 736 11 1069 0 2 1071 0 2.23 1.49 
2018/09/13 62.2 63.4 62.2 62.7 98 723 32 1114 0 2 1116 0 2.19 4.43 
2018/09/14 62.9 63 62.4 63 84 724 35 1113 0 2 1115 0 2.19 4.83 
2018/09/17 63 63 62.6 62.6 38 724 35 1107 0 2 1109 0 2.19 4.83 
2018/09/18 62.5 62.5 62.1 62.5 34 723 30 1104 0 2 1106 0 2.19 4.15 
2018/09/19 62.5 63.2 62.3 62.8 74 721 33 1145 0 2 1147 0 2.18 4.58 
2018/09/20 62.8 63.5 62.8 63.3 55 720 38 1139 0 2 1141 0 2.18 5.28 
2018/09/21 63.5 63.5 62.8 62.8 94 710 33 1124 0 2 1126 0 2.15 4.65 
2018/09/25 63 63.2 62.7 62.9 45 704 34 1122 0 2 1124 0 2.13 4.83 
2018/09/26 63 63.2 62.8 62.9 38 704 34 1119 0 2 1121 0 2.13 4.83 
2018/09/27 62.9 63 62.8 62.9 38 697 34 1289 0 2 1291 0 2.11 4.88 
2018/09/28 63 63.4 63 63.2 54 702 38 1282 0 2 1284 0 2.12 5.41 
2018/10/01 62.8 63.2 62.7 62.9 40 699 35 1279 0 2 1281 0 2.11 5.01 
2018/10/02 62.9 63 62.7 63 33 707 35 1273 0 2 1275 0 2.14 4.95 
2018/10/03 63 63 62.6 62.6 24 699 35 1271 0 2 1273 0 2.11 5.01 
2018/10/04 62.3 62.5 62.1 62.2 49 698 30 1262 0 2 1264 0 2.11 4.3 
2018/10/05 62.2 62.2 61.2 61.3 86 698 25 1246 0 4 1250 0 2.11 3.58 
2018/10/08 61.3 61.3 60.9 61 77 699 20 1244 0 5 1249 0 2.11 2.86 
2018/10/09 61 61.5 61 61.3 54 702 25 1248 0 5 1253 0 2.12 3.56 
2018/10/11 61 61 58.5 58.8 418 557 15 1250 0 2 1252 1 1.69 2.69 
2018/10/12 58.6 60.2 58.2 59.9 135 574 15 1217 0 2 1219 0 1.74 2.61 
2018/10/15 59.9 59.9 58.5 58.8 145 578 5 1187 0 2 1189 0 1.75 0.87 
2018/10/16 58.5 60 58.5 59.9 78 576 5 1176 0 2 1178 0 1.74 0.87 
2018/10/17 60.8 60.8 59 59.3 66 578 5 1141 0 2 1143 0 1.75 0.87 
2018/10/18 59.9 59.9 58.7 58.8 57 573 0 1136 0 2 1138 0 1.73 0 
2018/10/19 58.8 58.8 57.8 58.5 94 575 0 1140 0 2 1142 0 1.74 0 
2018/10/22 58.8 59.3 58.5 59.1 36 569 0 1145 0 2 1147 0 1.72 0 
2018/10/23 58.9 58.9 58.2 58.2 37 569 0 1137 0 2 1139 0 1.72 0 
2018/10/24 57.8 58.2 57.7 58.1 60 551 0 1137 0 2 1139 0 1.67 0 
2018/10/25 57.7 57.7 56.9 57.5 144 515 0 1134 0 2 1136 0 1.56 0 
2018/10/26 57.5 57.6 56.1 57.1 108 511 0 1130 0 2 1132 0 1.55 0 
2018/10/29 57 57 56.1 56.5 81 517 0 1128 0 2 1130 0 1.56 0 
2018/10/30 56.5 56.5 56 56.4 62 511 0 1112 0 2 1114 0 1.55 0 
2018/10/31 56.8 57.3 56.5 56.6 71 510 0 1054 0 2 1056 0 1.54 0 
2018/11/01 56.6 57.3 56.6 57.2 69 514 0 1058 0 2 1060 0 1.56 0 
2018/11/02 57.8 59 57.8 57.9 113 508 0 1062 0 2 1064 1 1.54 0 
2018/11/05 57.9 57.9 57.3 57.9 23 506 0 1062 0 2 1064 0 1.53 0 
2018/11/06 57.9 58.5 57.9 57.9 37 509 0 1059 0 2 1061 0 1.54 0 
2018/11/07 58.9 58.9 57.9 58.3 75 509 0 1059 0 2 1061 0 1.54 0 
2018/11/08 58.5 58.9 58.5 58.6 33 509 0 1059 0 2 1061 0 1.54 0 
2018/11/09 58.6 58.8 58.1 58.1 26 503 0 1057 0 2 1059 0 1.52 0 
2018/11/12 58.8 58.8 58.4 58.5 40 510 0 1059 0 2 1061 0 1.54 0 
2018/11/13 58.2 58.4 58 58.3 51 512 0 1060 0 2 1062 0 1.55 0 
2018/11/14 58 58 56.5 56.8 263 516 0 1060 0 7 1067 0 1.56 0 
2018/11/15 56.8 56.8 56.2 56.6 96 524 0 1058 0 7 1065 0 1.59 0 
2018/11/16 57 57 56.6 56.7 42 526 0 1063 0 4 1067 0 1.59 0 
2018/11/19 56.7 57.3 56.7 57 49 526 0 1071 0 4 1075 0 1.59 0 
2018/11/20 56.7 57.2 56.7 56.9 32 526 0 1076 0 4 1080 0 1.59 0 
2018/11/21 56.2 57 56.2 57 23 527 0 1076 0 4 1080 0 1.59 0 
2018/11/22 57 57 56.1 56.3 66 525 0 1079 0 4 1083 0 1.59 0 
2018/11/23 56.7 56.7 56 56.3 111 517 0 1083 0 3 1086 0 1.56 0 
2018/11/26 57 57.2 56.5 56.6 53 521 0 1102 0 3 1105 0 1.58 0 
2018/11/27 56.6 56.6 56.4 56.5 35 522 0 1102 0 3 1105 0 1.58 0 
2018/11/28 56.5 56.6 56 56.6 82 517 0 1107 0 3 1110 0 1.56 0 
2018/11/29 57.3 57.3 56.3 56.7 50 520 0 1110 0 3 1113 0 1.57 0 
2018/11/30 56.5 56.9 56.1 56.2 128 522 1 1111 0 6 1117 0 1.58 0.19 
2018/12/03 56.2 56.9 56.2 56.7 87 519 1 1098 0 6 1104 0 1.57 0.19 
2018/12/04 56.7 57 56.6 57 30 521 1 1107 0 6 1113 0 1.58 0.19 
2018/12/05 56.8 56.8 56.1 56.5 45 521 1 1110 0 6 1116 0 1.58 0.19 
2018/12/06 56.2 56.4 56 56.2 58 519 1 1090 0 6 1096 0 1.57 0.19 
2018/12/07 56.2 56.4 56.1 56.2 40 522 1 1091 0 6 1097 0 1.58 0.19 
2018/12/10 56 56 55.3 55.3 121 527 2 1090 0 6 1096 0 1.59 0.38 
2018/12/11 55.6 56 55.6 55.7 37 529 2 1090 0 6 1096 0 1.6 0.38 
2018/12/12 56.4 56.4 55.9 56.2 40 527 2 1094 0 6 1100 0 1.59 0.38 
2018/12/13 56.4 56.6 56.1 56.6 38 520 2 1099 0 6 1105 0 1.57 0.38 
2018/12/14 56.6 56.9 56.4 56.9 50 519 2 1253 0 6 1259 0 1.57 0.39 
2018/12/17 56.9 57 56.5 56.7 68 539 2 1136 0 6 1142 0 1.63 0.37 
2018/12/18 56.5 57 56.5 56.6 41 538 2 1136 0 6 1142 0 1.63 0.37 
2018/12/19 56.5 56.5 56.3 56.3 16 538 2 1136 0 6 1142 0 1.63 0.37 
2018/12/20 56.3 56.5 56 56 45 533 2 1133 0 6 1139 0 1.61 0.38 
2018/12/21 56 56 55.6 55.7 45 532 2 1118 0 6 1124 0 1.61 0.38 
2018/12/22 55.7 56.8 55.7 56.7 40 524 2 1118 0 6 1124 0 1.59 0.38 
2018/12/24 56.7 56.7 56.1 56.3 42 530 2 1116 0 6 1122 0 1.6 0.38 
2018/12/25 56.3 56.4 55.8 56.4 40 532 0 1114 0 6 1120 0 1.61 0 
2018/12/26 56.4 56.5 56 56 41 526 0 1113 0 6 1119 0 1.59 0 
2018/12/27 56.1 56.5 56.1 56.1 24 533 0 1111 0 6 1117 0 1.61 0 
2018/12/28 56.1 56.2 56.1 56.2 21 534 0 1111 0 6 1117 0 1.62 0 
2019/01/02 56.2 56.6 56.1 56.1 45 532 0 1101 0 6 1107 0 1.61 0 
2019/01/03 56.2 56.6 56.2 56.5 43 532 0 1101 0 6 1107 0 1.61 0 
2019/01/04 56.4 59 56.2 58.1 231 558 24 1106 0 3 1109 0 1.69 4.3 
2019/01/07 58.4 59.9 58.4 59 236 575 30 1102 0 3 1105 0 1.74 5.22 
2019/01/08 59.4 59.5 58.5 58.6 63 578 30 1095 0 3 1098 0 1.75 5.19 
2019/01/09 58.7 59 58.5 58.5 82 568 32 1095 0 3 1098 0 1.72 5.63 
2019/01/10 58.5 58.8 58.3 58.6 55 564 37 1085 0 3 1088 0 1.71 6.56 
2019/01/11 59 59.5 58.1 58.4 97 548 49 1076 0 3 1079 0 1.66 8.94 
2019/01/14 58.6 58.8 58.6 58.6 70 562 44 1069 0 3 1072 0 1.7 7.83 
2019/01/15 58.6 58.6 56.7 57.9 130 567 67 1063 0 3 1066 0 1.72 11.82 
2019/01/16 57.4 58 57.4 57.9 73 568 79 1064 0 3 1067 0 1.72 13.91 
2019/01/17 57.5 57.9 57.5 57.7 34 567 84 1064 0 3 1067 0 1.72 14.81 
2019/01/18 57.7 57.7 57.5 57.5 51 568 84 1066 0 3 1069 0 1.72 14.79 
2019/01/21 57.6 59 57.5 58.7 93 565 85 1069 0 3 1072 0 1.71 15.04 
2019/01/22 58.9 59.1 58.6 58.7 60 565 95 1069 0 3 1072 0 1.71 16.81 
2019/01/23 58.4 58.6 58.4 58.5 14 566 102 1066 0 3 1066 0 1.71 18.02 
2019/01/24 58.8 59.2 58.7 58.8 107 573 105 1059 0 3 1059 0 1.73 18.32 
2019/01/25 58.8 59.1 58.5 58.6 97 568 102 1088 0 3 1091 0 1.72 17.96 
2019/01/28 58.7 58.7 58.4 58.4 57 560 108 1092 0 3 1095 0 1.69 19.29 
2019/01/29 58.4 58.4 57.8 57.8 66 565 124 1089 0 3 1089 0 1.64 21.95 
2019/01/30 57.5 58 57 57.7 407 562 20 1085 0 3 1088 0 1.63 3.56 
2019/02/11 57.6 58 57.6 57.9 145 574 8 1087 0 3 1090 0 1.67 1.39 
2019/02/12 57.9 58.9 57.9 58.6 135 581 8 1097 0 3 1100 0 1.69 1.38 
2019/02/13 58.6 58.7 58.2 58.3 70 581 8 1098 0 3 1101 0 1.69 1.38 
2019/02/14 58.2 58.4 58.1 58.2 69 589 8 1102 0 3 1105 0 1.71 1.36 
2019/02/15 58.1 58.3 57.9 58.1 87 594 8 1106 0 3 1109 0 1.72 1.35 
2019/02/18 58.5 59.2 58.2 58.8 215 596 6 1121 0 3 1124 0 1.73 1.01 
2019/02/19 59.3 59.5 58.8 59 155 580 3 1131 0 3 1134 0 1.68 0.52 
2019/02/20 59 59.5 58.8 59.5 137 592 3 1150 0 3 1153 0 1.72 0.51 
2019/02/21 59.6 59.6 59 59.3 91 606 3 1145 0 3 1148 0 1.76 0.5 
2019/02/22 59.1 59.2 58.8 58.9 72 598 3 1150 0 3 1153 0 1.74 0.5 
2019/02/25 58.9 59.3 58.8 59 90 602 3 1157 0 3 1160 0 1.75 0.5 
2019/02/26 59.2 60.4 59.1 60.4 206 625 4 1177 0 3 1180 0 1.81 0.64 
2019/02/27 60.5 60.9 59.8 60.1 110 627 4 1181 0 3 1184 0 1.82 0.64 
2019/03/04 60.1 61.5 60.1 61.2 205 636 5 1179 0 3 1182 0 1.85 0.79 
2019/03/05 61.2 61.2 60.8 61 99 639 5 1182 0 3 1185 0 1.85 0.78 
2019/03/06 61.3 61.4 60.6 60.8 72 628 5 1184 0 3 1187 0 1.82 0.8 
2019/03/07 60.8 60.8 59.5 59.7 148 613 4 1187 0 0 1187 0 1.78 0.65 
2019/03/08 60.4 60.4 59.7 60 65 616 4 1190 0 0 1190 0 1.79 0.65 
2019/03/11 60 60.4 59.8 60 58 636 4 1191 0 0 1191 0 1.85 0.63 
2019/03/12 60 60 59.5 59.6 77 634 4 1187 0 0 1187 0 1.84 0.63 
2019/03/13 59.4 59.8 59.4 59.7 38 634 4 1184 0 0 1184 0 1.84 0.63 
2019/03/14 59.7 59.8 59 59.3 94 632 4 1183 0 0 1183 0 1.83 0.63 
2019/03/15 59.4 59.5 58.9 59.1 90 626 4 1187 0 0 1187 0 1.82 0.64 
2019/03/18 59.3 59.5 58.9 59.3 72 629 4 1196 0 0 1196 0 1.83 0.64 
2019/03/19 59.2 59.3 58.8 59.1 73 632 4 1195 0 0 1195 0 1.83 0.63 
2019/03/20 58.8 59.1 58.6 59.1 79 634 4 1211 0 0 1211 0 1.84 0.63 
2019/03/21 59.2 59.2 58.7 58.7 63 632 4 1199 0 0 1199 0 1.83 0.63 
2019/03/22 58.9 58.9 58 58.5 115 634 4 1198 0 0 1198 0 1.84 0.63 
2019/03/25 58 58.9 58 58.9 81 633 4 1196 0 0 1196 0 1.84 0.63 
2019/03/26 58.9 59.4 58.9 59.4 27 635 4 1195 0 0 1195 0 1.84 0.63 
2019/03/27 59.8 59.8 59 59.1 76 633 4 1200 0 0 1200 0 1.84 0.63 
2019/03/28 59.3 59.6 59 59.1 70 633 4 1197 0 0 1197 0 1.84 0.63 
2019/03/29 59 59 58.3 58.9 66 610 3 1197 0 0 1197 0 1.77 0.49 
2019/04/01 58.7 58.7 58 58.5 110 621 3 1203 0 0 1203 0 1.8 0.48 
2019/04/02 58.5 58.5 58 58.2 131 629 3 1196 0 0 1196 0 1.83 0.48 
2019/04/03 58.2 58.2 57.9 58.1 100 622 0 1199 0 0 1199 0 1.81 0 
2019/04/08 58.1 58.3 58 58.3 66 628 0 1200 0 0 1200 0 1.82 0 
2019/04/09 58.3 58.8 58.2 58.8 88 633 0 1201 0 0 1201 0 1.84 0 
2019/04/10 58.6 58.8 58.3 58.6 61 639 0 1200 0 0 1200 0 1.85 0 
2019/04/11 58.7 58.8 58.3 58.4 51 639 0 1197 0 0 1197 0 1.85 0 
2019/04/12 58.3 58.4 58 58.1 87 626 0 1192 0 0 1192 0 1.82 0 
2019/04/15 58.1 58.1 57.9 58.1 67 623 0 1192 0 0 1192 0 1.81 0 
2019/04/16 58.1 58.2 58 58.1 29 623 0 1192 0 0 1192 0 1.81 0 
2019/04/17 58.1 59 58 59 70 622 0 1207 0 0 1207 0 1.81 0 
2019/04/18 58.8 59 58.5 58.5 102 631 0 1177 0 0 1177 0 1.83 0 
2019/04/19 58.5 58.5 58.1 58.3 47 624 0 1176 0 0 1176 0 1.81 0 
2019/04/22 58.4 58.6 58.3 58.4 52 617 0 1178 0 0 1178 0 1.79 0 
2019/04/23 58.4 58.4 58.2 58.3 62 617 0 1182 0 0 1182 0 1.79 0 
2019/04/24 58.3 58.3 58.2 58.2 45 625 0 1180 0 0 1180 0 1.81 0 
2019/04/25 58.1 58.3 58.1 58.2 28 628 0 1181 0 0 1181 0 1.82 0 
2019/04/26 58.2 58.2 58.1 58.2 28 628 0 1182 0 0 1182 0 1.82 0 
2019/04/29 58.2 58.2 58 58.1 56 628 0 1182 0 0 1182 0 1.82 0 
2019/04/30 58.2 58.4 58.1 58.4 58 627 3 1183 0 0 1183 0 1.82 0.48 
2019/05/02 58.4 58.4 58.2 58.3 39 626 3 1182 0 0 1182 0 1.82 0.48 
2019/05/03 58.4 58.4 58.2 58.3 52 616 3 1186 0 0 1186 0 1.79 0.49 
2019/05/06 58.4 58.4 58 58.1 66 612 3 1178 0 0 1178 0 1.78 0.49 
2019/05/07 58 58.1 58 58.1 50 613 3 1178 0 0 1178 0 1.78 0.49 
2019/05/08 58 58 57.5 57.6 98 609 4 1175 0 0 1175 0 1.77 0.66 
2019/05/09 57.5 57.5 57.1 57.1 101 616 6 1098 0 0 1098 0 1.79 0.97 
2019/05/10 56.9 57.7 56.9 57.1 57 621 6 1102 0 1 0 0 1.8 0.97 
2019/05/13 57.1 57.2 56.3 56.5 127 604 6 1104 0 4 0 0 1.75 0.99 
2019/05/14 56.3 56.5 55.7 56.2 171 597 5 1107 0 6 1113 0 1.73 0.84 
2019/05/15 56.2 57 56.2 57 63 597 5 1116 0 6 1122 0 1.73 0.84 
2019/05/16 54 54.1 52.9 53 1132 656 7 1111 0 14 1125 0 1.9 1.07 
2019/05/17 52.8 52.9 50.2 51.7 956 702 6 1126 0 15 1141 0 2.04 0.85 
2019/05/20 50.8 50.8 47.05 47.2 1640 671 22 1155 0 18 1173 10 1.95 3.28 
2019/05/21 45.2 49 43.55 49 2334 799 51 1228 0 18 1246 4 2.32 6.38 
2019/05/22 50.8 50.8 49.1 49.9 1055 846 45 1196 0 18 1214 2 2.46 5.32 
2019/05/23 50.1 50.6 49.9 50.5 579 885 52 1226 0 18 1244 0 2.57 5.88 
2019/05/24 50.5 52.3 50.5 52.2 620 900 53 1275 0 18 1293 1 2.61 5.89 
2019/05/27 52.6 54.2 52.6 54 909 900 44 1274 0 18 1292 1 2.61 4.89 
2019/05/28 54.1 54.8 54.1 54.8 578 863 46 1358 0 17 1375 0 2.5 5.33 
2019/05/29 54.5 54.9 54.1 54.5 551 830 46 1334 0 17 1351 1 2.41 5.54 
2019/05/30 54.2 54.5 54 54.5 271 837 45 1313 0 17 1330 0 2.43 5.38 
2019/05/31 54.3 54.8 54.1 54.4 237 835 47 1328 0 15 1343 0 2.42 5.63 
2019/06/03 54.4 54.4 52.2 52.7 341 842 42 1336 0 14 1350 0 2.44 4.99 
2019/06/04 52.7 53.1 52.5 52.9 213 825 42 1341 0 13 1354 0 2.39 5.09 
2019/06/05 52.7 52.9 52.3 52.8 162 784 43 1343 0 13 1356 0 2.28 5.48 
2019/06/06 52.4 52.7 51.6 52.7 262 745 43 1348 0 13 1361 0 2.16 5.77 
2019/06/10 52.7 52.7 50.1 52 297 740 41 1231 0 13 1244 0 2.15 5.54 
2019/06/11 51.8 53 50.8 53 370 711 39 1249 0 13 1262 0 2.06 5.49 
2019/06/12 52.9 53 52.2 53 247 691 34 1236 0 13 1249 0 2.01 4.92 
2019/06/13 52.8 53 52.3 52.9 169 669 34 1231 0 13 1244 0 1.94 5.08 
2019/06/14 53 53.1 52.5 53 86 662 34 1229 0 12 1241 0 1.92 5.14 
2019/06/17 53 53 52 52.3 137 652 34 1224 0 13 1237 0 1.89 5.21 
2019/06/18 52.4 52.4 50.9 50.9 277 649 42 1244 0 13 1257 0 1.88 6.47 
2019/06/19 50.9 51 50.3 50.9 266 651 20 1257 0 14 1271 0 1.89 3.07 
2019/06/20 50.9 50.9 50.5 50.8 138 653 20 1249 0 15 1264 0 1.9 3.06 
2019/06/21 50.8 51.1 50.7 51 228 655 17 1270 0 15 1285 0 1.9 2.6 
2019/06/24 51 51 50.2 50.2 166 658 7 1303 0 15 1318 0 1.91 1.06 
2019/06/25 50.2 50.5 50.2 50.5 96 658 7 1309 0 15 1324 0 1.91 1.06 
2019/06/26 50.4 50.5 50.3 50.5 55 646 7 1311 0 15 1326 0 1.88 1.08 
2019/06/27 50.6 50.6 50.3 50.6 67 643 7 1328 0 15 1343 0 1.87 1.09 
2019/06/28 50.6 50.8 50.5 50.8 64 643 6 1318 0 15 1333 0 1.87 0.93 
2019/07/01 50.7 51.1 50.6 51 94 647 6 1339 0 15 1354 0 1.88 0.93 
2019/07/02 51 51.4 50.9 51.3 65 643 4 1339 0 15 1354 0 1.87 0.62 
2019/07/03 51.4 51.8 51.4 51.6 102 645 4 1335 0 15 1350 0 1.87 0.62 
2019/07/04 51.5 51.6 51.1 51.4 28 646 4 1351 0 15 1366 0 1.88 0.62 
2019/07/05 51.6 52.2 51.5 51.7 82 655 4 1344 0 15 1359 0 1.9 0.61 
2019/07/08 51.7 51.7 51.4 51.4 48 655 4 1339 0 15 1354 0 1.9 0.61 
2019/07/09 51.6 51.6 50.9 51.4 82 642 2 1342 0 13 1355 0 1.86 0.31 
2019/07/10 51.4 51.7 51.2 51.7 111 682 1 1343 0 13 1356 0 1.98 0.15 
2019/07/11 51.7 52.4 51.7 52.3 144 701 0 1355 0 13 1368 0 2.03 0 
2019/07/12 52.3 52.8 52.3 52.4 68 697 0 1359 0 13 1372 0 2.02 0 
2019/07/15 52.5 52.7 52.3 52.6 92 691 0 1368 0 12 1380 0 2.01 0 
2019/07/16 52.9 53 52.8 52.9 82 691 0 1366 0 12 1378 0 2.01 0 
2019/07/17 52.8 53.4 52.7 53.3 149 692 0 1343 0 12 1355 0 2.01 0 
2019/07/18 53.3 53.4 52.9 53.3 173 637 0 1192 0 12 1204 0 1.85 0 
2019/07/19 53.3 53.9 53.2 53.9 620 654 0 1212 0 12 1224 0 1.9 0 
2019/07/22 51.3 51.4 50.4 51.3 204 652 0 1201 0 13 1214 0 1.89 0 
2019/07/23 51.3 51.8 51.3 51.7 83 655 0 1168 0 12 1180 0 1.9 0 
2019/07/24 51.7 51.9 51.6 51.6 52 634 0 1253 0 12 1265 0 1.84 0 
2019/07/25 51.8 52.4 51.7 52.4 74 635 0 1272 0 12 1284 0 1.84 0 
2019/07/26 52.8 52.8 52.1 52.6 71 635 0 1250 0 12 1262 0 1.84 0 
2019/07/29 52.6 52.6 51.5 51.5 75 630 6 1258 0 12 1270 0 1.83 0.95 
2019/07/30 52.4 52.4 51.6 52 53 626 6 1255 0 12 1267 0 1.82 0.96 
2019/07/31 52 52 51.4 51.6 60 626 6 1235 0 12 1247 0 1.82 0.96 
2019/08/01 51.5 51.5 50.7 50.8 96 626 6 1218 0 12 1230 0 1.82 0.96 
2019/08/02 50.8 50.8 50.3 50.7 70 619 6 1220 0 12 1232 0 1.8 0.97 
2019/08/05 50.4 50.5 50.1 50.3 112 636 7 1212 0 12 1224 0 1.85 1.1 
2019/08/06 50 50.3 49.1 50.3 190 644 8 1221 0 12 1233 0 1.87 1.24 
2019/08/07 50.9 50.9 50.1 50.5 34 644 8 1219 0 12 1231 0 1.87 1.24 
2019/08/08 50.6 50.6 50.2 50.4 33 641 8 1213 0 12 1225 0 1.86 1.25 
2019/08/12 50.4 50.5 49.9 49.9 132 644 8 1220 0 12 1232 0 1.87 1.24 
2019/08/13 50.1 50.2 49.9 50 123 643 8 1222 0 12 1234 0 1.87 1.24 
2019/08/14 50.5 51 50.3 50.6 76 645 8 1244 0 12 1256 1 1.87 1.24 
2019/08/15 50.6 50.6 50 50.3 53 652 8 1241 0 12 1253 0 1.89 1.23 
2019/08/16 50.3 50.7 50.3 50.6 39 653 8 1250 0 12 1262 0 1.9 1.23 
2019/08/19 50.6 51 50.5 50.7 84 653 8 1241 0 12 1253 0 1.9 1.23 
2019/08/20 50.7 51 50.2 50.5 85 633 8 1242 0 12 1254 0 1.84 1.26 
2019/08/21 50.4 50.9 50.4 50.5 69 634 10 1243 0 12 1255 0 1.84 1.58 
2019/08/22 50.7 50.9 50.7 50.8 29 633 10 1249 0 12 1261 0 1.84 1.58 
2019/08/23 50.5 51 50.5 51 45 636 10 1254 0 12 1266 0 1.85 1.57 
2019/08/26 50.9 51 50.3 50.6 62 637 8 1254 0 12 1266 0 1.85 1.26 
2019/08/27 50.5 51.2 50.5 50.8 101 628 8 1272 0 12 1284 0 1.82 1.27 
2019/08/28 51 51.3 51 51 34 627 8 1290 0 12 1302 0 1.82 1.28 
2019/08/29 51.1 52.3 51.1 51.6 121 609 8 1304 0 12 1316 0 1.77 1.31 
2019/08/30 51.6 52.4 51.6 51.8 41 608 8 1303 0 12 1315 0 1.76 1.32 
2019/09/02 52.7 52.7 51.8 51.8 73 610 2 1306 0 12 1318 0 1.77 0.33 
2019/09/03 51.4 52 51.4 51.6 40 608 8 1307 0 12 1319 0 1.76 1.32 
2019/09/04 51.6 52.1 51.5 51.6 75 580 12 1316 0 12 1328 0 1.68 2.07 
2019/09/05 51.6 52.2 51.6 52.1 50 581 12 1328 0 12 1340 0 1.69 2.07 
2019/09/06 51.7 52 51.7 51.8 35 581 12 1329 0 12 1341 0 1.69 2.07 
2019/09/09 51.5 52.7 51.5 52.7 172 586 12 1362 0 12 1374 0 1.7 2.05 
2019/09/10 52.7 52.8 52 52.3 89 585 12 1364 0 12 1376 0 1.7 2.05 
2019/09/11 52.4 53.2 52.4 53 182 584 12 1405 0 12 1417 0 1.7 2.05 
2019/09/12 52.8 53.6 52.8 53.4 131 609 12 1437 0 12 1449 0 1.77 1.97 
2019/09/16 52.9 53.1 52.7 52.7 55 599 12 1439 0 12 1451 0 1.74 2 
2019/09/17 52.7 53.1 52.5 52.6 90 588 12 1441 0 12 1453 0 1.74 2.04 
2019/09/18 52.6 53.9 52.6 53.6 159 587 17 1494 0 12 1506 0 1.74 2.9 
2019/09/19 53.6 54.2 53.4 53.9 190 568 23 1552 0 12 1564 0 1.69 4.05 
