2016/09/08 60.3 61.2 55.8 57.2 12630 
2016/10/03 57.7 57.7 53.1 53.8 5989 
2016/11/01 54.3 54.6 50.1 52.9 3361 
2016/12/01 52.9 53.9 51.6 51.9 1820 
2017/01/03 51.9 55.5 51.5 54 2062 
2017/02/02 53.9 56.9 53.8 55.9 3036 
2017/03/01 56 62.7 54.8 60.8 12716 
2017/04/05 61.3 70.5 60.8 66 31262 
2017/05/02 66 66.5 62.7 64 8025 
2017/06/01 64 68.2 61.7 62 9802 
2017/07/03 62 62.6 59.5 59.9 4047 
2017/08/01 59.9 61.3 55 59.7 6593 
2017/09/01 60 60 56.6 57.2 3620 
2017/10/02 57.6 60.9 57.1 59.2 3339 
2017/11/01 59.7 60 57.5 59.3 2949 
2017/12/01 59.5 63 58.1 61.8 3355 
2018/01/02 62.2 67.2 59.7 64.3 7974 
2018/02/01 64 66 61.1 64.6 3931 
2018/03/01 64 74 64 71.4 12117 
2018/04/02 69.6 78.5 65.6 68.2 10189 
2018/05/02 68.3 70 65.7 66 4867 
2018/06/01 66.2 67.5 65.7 66.8 2191 
2018/07/02 66.7 73.5 66.4 69.1 4258 
2018/08/01 69 69.7 64.2 64.9 2555 
2018/09/03 64.8 64.8 60.1 63.2 1537 
2018/10/01 62.8 63.2 56 56.6 1956 
2018/11/01 56.6 59 56.6 58.5 416 
