2011/07/13 7.06 7.06 6.93 7.02 398 0 0 0 0 0 0 0 0 0 
2011/07/14 6.55 7.05 6.55 7.02 336 0 0 0 0 0 0 0 0 0 
2011/07/15 7 7.33 7 7.18 200 0 0 0 0 0 0 0 0 0 
2011/07/18 7.05 7.19 7 7.05 240 0 0 0 0 0 0 0 0 0 
2011/07/19 7.05 7.24 7.05 7.06 89 0 0 0 0 0 0 0 0 0 
2011/07/20 7.06 7.12 7.05 7.12 148 0 0 0 0 0 0 0 0 0 
2011/07/21 7.12 7.12 7.02 7.1 39 0 0 0 0 0 0 0 0 0 
2011/07/22 7.01 7.12 7 7.05 71 0 0 0 0 0 0 0 0 0 
2011/07/25 7.2 7.2 7 7 148 0 0 0 0 0 0 0 0 0 
2011/07/26 7 7.08 7 7 233 0 0 0 0 0 0 0 0 0 
2011/07/27 7 7.05 7 7 149 0 0 0 0 0 0 0 0 0 
2011/07/28 7 7.1 7 7.04 216 0 0 0 0 0 0 0 0 0 
2011/07/29 7.09 7.09 7.01 7.05 171 0 0 0 0 0 0 0 0 0 
2011/08/01 7.05 7.1 7.01 7.01 189 0 0 0 0 0 0 0 0 0 
2011/08/02 7.01 7.05 6.92 7.01 76 0 0 0 0 0 0 0 0 0 
2011/08/03 7 7.03 7 7 525 0 0 0 0 0 0 0 0 0 
2011/08/04 7.02 7.1 7 7.05 112 0 0 0 0 0 0 0 0 0 
2011/08/05 6.92 7 6.75 6.82 495 0 0 0 0 0 0 0 0 0 
2011/08/08 6.35 6.82 6.35 6.7 1267 0 0 0 0 0 0 0 0 0 
2011/08/09 6.25 6.43 6.24 6.4 881 0 0 0 0 0 0 0 0 0 
2011/08/10 6.5 6.84 6.5 6.81 147 0 0 0 0 0 0 0 0 0 
2011/08/11 6.71 6.8 6.51 6.8 145 0 0 0 0 0 0 0 0 0 
2011/08/12 7.15 7.15 6.8 7 255 0 0 0 0 0 0 0 0 0 
2011/08/15 7 7 6.86 6.99 56 0 0 0 0 0 0 0 0 0 
2011/08/16 7 7 6.87 6.98 240 0 0 0 0 0 0 0 0 0 
2011/08/17 7 7 6.89 6.98 87 0 0 0 0 0 0 0 0 0 
2011/08/18 6.99 6.99 6.89 6.98 82 0 0 0 0 0 0 0 0 0 
2011/08/19 6.9 6.9 6.52 6.61 165 0 0 0 0 0 0 0 0 0 
2011/08/22 6.61 6.85 6.26 6.66 126 0 0 0 0 0 0 0 0 0 
2011/08/23 6.56 6.9 6.56 6.9 89 0 0 0 0 0 0 0 0 0 
2011/08/24 7.05 7.05 6.75 6.83 33 0 0 0 0 0 0 0 0 0 
2011/08/25 6.83 6.93 6.72 6.93 120 0 0 0 0 0 0 0 0 0 
2011/08/26 6.8 7 6.7 6.9 62 0 0 0 0 0 0 0 0 0 
2011/08/29 6.99 7 6.82 6.9 76 0 0 0 0 0 0 0 0 0 
2011/08/30 6.96 6.96 6.8 6.89 45 0 0 0 0 0 0 0 0 0 
2011/08/31 6.81 6.9 6.81 6.86 86 0 0 0 0 0 0 0 0 0 
2011/09/01 6.75 6.91 6.75 6.86 63 0 0 0 0 0 0 0 0 0 
2011/09/02 6.75 6.79 6.67 6.75 80 0 0 0 0 0 0 0 0 0 
2011/09/05 6.51 6.74 6.51 6.6 78 0 0 0 0 0 0 0 0 0 
2011/09/06 6.61 6.72 6.52 6.71 269 0 0 0 0 0 0 0 0 0 
2011/09/07 6.72 6.85 6.68 6.75 48 0 0 0 0 0 0 0 0 0 
2011/09/08 6.75 6.75 6.6 6.65 239 0 0 0 0 0 0 0 0 0 
2011/09/09 6.65 6.8 6.65 6.72 85 0 0 0 0 0 0 0 0 0 
2011/09/13 6.7 6.73 6.54 6.59 144 0 0 0 0 0 0 0 0 0 
2011/09/14 6.61 6.8 6.22 6.5 530 0 0 0 0 0 0 0 0 0 
2011/09/15 6.51 6.67 6.43 6.54 131 0 0 0 0 0 0 0 0 0 
2011/09/16 6.6 6.85 6.54 6.62 147 0 0 0 0 0 0 0 0 0 
2011/09/19 6.66 6.7 6.61 6.67 82 0 0 0 0 0 0 0 0 0 
2011/09/20 6.69 6.7 6.61 6.7 107 0 0 0 0 0 0 0 0 0 
2011/09/21 6.64 6.68 6.61 6.67 53 0 0 0 0 0 0 0 0 0 
2011/09/22 6.62 6.69 6.55 6.65 63 0 0 0 0 0 0 0 0 0 
2011/09/23 6.2 6.65 6.2 6.65 212 0 0 0 0 0 0 0 0 0 
2011/09/26 6.33 6.7 6.33 6.65 183 0 0 0 0 0 0 0 0 0 
2011/09/27 6.44 6.66 6.44 6.6 113 0 0 0 0 0 0 0 0 0 
2011/09/28 6.47 6.58 6.45 6.5 36 0 0 0 0 0 0 0 0 0 
2011/09/29 6.5 6.59 6.37 6.5 151 0 0 0 0 0 0 0 0 0 
2011/09/30 6.38 6.59 6.38 6.5 114 0 0 0 0 0 0 0 0 0 
2011/10/03 6.4 6.57 6.4 6.4 129 0 0 0 0 0 0 0 0 0 
2011/10/04 6.29 6.38 6.21 6.38 466 0 0 0 0 0 0 0 0 0 
2011/10/05 6.38 6.38 6.24 6.33 99 0 0 0 0 0 0 0 0 0 
2011/10/06 6.4 6.4 6.2 6.2 342 0 0 0 0 0 0 0 0 0 
2011/10/07 6.2 6.32 6.2 6.21 121 0 0 0 0 0 0 0 0 0 
2011/10/11 6.31 6.32 6.2 6.25 240 0 0 0 0 0 0 0 0 0 
2011/10/12 6.25 6.29 6.09 6.23 284 0 0 0 0 0 0 0 0 0 
2011/10/13 6.13 6.45 6.1 6.23 601 0 0 0 0 0 0 0 0 0 
2011/10/14 6.13 6.18 6 6.1 298 0 0 0 0 0 0 0 0 0 
2011/10/17 6.1 6.25 6.1 6.25 464 0 0 0 0 0 0 0 0 0 
2011/10/18 6.22 6.22 6.07 6.08 67 0 0 0 0 0 0 0 0 0 
2011/10/19 6.01 6.08 6 6 60 0 0 0 0 0 0 0 0 0 
2011/10/20 5.95 6 5.88 6 29 0 0 0 0 0 0 0 0 0 
2011/10/21 5.87 6.02 5.87 6.02 435 0 0 0 0 0 0 0 0 0 
2011/10/24 6.12 6.12 6 6.06 526 0 0 0 0 0 0 0 0 0 
2011/10/25 6.05 6.11 5.93 6.04 363 0 0 0 0 0 0 0 0 0 
2011/10/26 5.96 6.06 5.96 5.99 83 0 0 0 0 0 0 0 0 0 
2011/10/27 5.99 6.03 5.95 5.98 590 0 0 0 0 0 0 0 0 0 
2011/10/28 5.97 6.06 5.97 6 384 0 0 0 0 0 0 0 0 0 
2011/10/31 6 6.02 5.91 6 41 0 0 0 0 0 0 0 0 0 
2011/11/01 5.89 6 5.89 5.95 22 0 0 0 0 0 0 0 0 0 
2011/11/02 5.95 5.98 5.89 5.98 357 0 0 0 0 0 0 0 0 0 
2011/11/03 5.9 5.95 5.7 5.8 685 0 0 0 0 0 0 0 0 0 
2011/11/04 5.81 5.99 5.8 5.99 71 0 0 0 0 0 0 0 0 0 
2011/11/07 5.99 6.17 5.99 6.01 425 0 0 0 0 0 0 0 0 0 
2011/11/08 6.06 6.28 6.06 6.15 139 0 0 0 0 0 0 0 0 0 
2011/11/09 6.07 6.39 6.07 6.25 145 0 0 0 0 0 0 0 0 0 
2011/11/10 6.2 6.25 6.02 6.25 96 0 0 0 0 0 0 0 0 0 
2011/11/11 6.4 6.4 6.1 6.25 77 0 0 0 0 0 0 0 0 0 
2011/11/14 6.3 6.5 6.26 6.45 224 0 0 0 0 0 0 0 0 0 
2011/11/15 6.21 6.49 6.21 6.46 83 0 0 0 0 0 0 0 0 0 
2011/11/16 6.46 6.57 6.31 6.49 66 0 0 0 0 0 0 0 0 0 
2011/11/17 6.33 6.5 6.33 6.33 100 0 0 0 0 0 0 0 0 0 
2011/11/18 6.21 6.42 6.02 6.29 135 0 0 0 0 0 0 0 0 0 
2011/11/21 6.07 6.28 5.88 6.28 163 0 0 0 0 0 0 0 0 0 
2011/11/22 6.04 6.19 5.91 6.19 70 0 0 0 0 0 0 0 0 0 
2011/11/23 6.02 6.15 5.78 6.15 208 0 0 0 0 0 0 0 0 0 
2011/11/24 5.85 6.34 5.85 6.19 82 0 0 0 0 0 0 0 0 0 
2011/11/25 5.96 6.3 5.96 6.3 97 0 0 0 0 0 0 0 0 0 
2011/11/28 6.3 6.49 6.28 6.46 151 0 0 0 0 0 0 0 0 0 
2011/11/29 6.32 6.47 6.31 6.41 56 0 0 0 0 0 0 0 0 0 
2011/11/30 6.22 6.29 6.22 6.23 48 0 0 0 0 0 0 0 0 0 
2011/12/01 6.35 6.5 6.25 6.43 106 0 0 0 0 0 0 0 0 0 
2011/12/02 6.45 6.45 6.26 6.38 133 0 0 0 0 0 0 0 0 0 
2011/12/05 6.38 6.38 6.38 6.38 3 0 0 0 0 0 0 0 0 0 
2011/12/06 6.38 6.38 6.38 6.38 1 0 0 0 0 0 0 0 0 0 
2011/12/07 6.3 6.3 6.19 6.28 32 0 0 0 0 0 0 0 0 0 
2011/12/08 6.1 6.26 6.1 6.25 26 0 0 0 0 0 0 0 0 0 
2011/12/09 6.04 6.15 6.04 6.1 45 0 0 0 0 0 0 0 0 0 
2011/12/12 6.1 6.1 6 6.07 27 0 0 0 0 0 0 0 0 0 
2011/12/13 5.96 6 5.9 5.98 77 0 0 0 0 0 0 0 0 0 
2011/12/14 6 6 5.98 5.98 23 0 0 0 0 0 0 0 0 0 
2011/12/15 5.71 5.97 5.71 5.9 65 0 0 0 0 0 0 0 0 0 
2011/12/16 5.9 5.9 5.8 5.9 30 0 0 0 0 0 0 0 0 0 
2011/12/19 6.28 6.28 5.81 5.98 20 0 0 0 0 0 0 0 0 0 
2011/12/20 5.9 5.9 5.71 5.8 58 0 0 0 0 0 0 0 0 0 
2011/12/21 5.8 5.99 5.78 5.81 148 0 0 0 0 0 0 0 0 0 
2011/12/22 5.78 5.86 5.78 5.84 15 0 0 0 0 0 0 0 0 0 
2011/12/23 5.77 6.08 5.77 5.91 59 0 0 0 0 0 0 0 0 0 
2011/12/26 5.91 5.97 5.9 5.9 8 0 0 0 0 0 0 0 0 0 
2011/12/27 5.82 5.88 5.78 5.85 16 0 0 0 0 0 0 0 0 0 
2011/12/28 5.8 5.86 5.73 5.83 91 0 0 0 0 0 0 0 0 0 
2011/12/29 5.68 5.73 5.61 5.73 21 0 0 0 0 0 0 0 0 0 
2011/12/30 5.83 5.83 5.69 5.7 107 0 0 0 0 0 0 0 0 0 
2012/01/02 5.73 5.73 5.5 5.63 23 0 0 0 0 0 0 0 0 0 
2012/01/03 5.53 5.65 5.53 5.6 24 0 0 0 0 0 0 0 0 0 
2012/01/04 5.7 5.7 5.57 5.57 28 0 0 0 0 0 0 0 0 0 
2012/01/05 5.51 5.59 5.5 5.56 42 0 0 0 0 0 0 0 0 0 
2012/01/06 5.6 5.94 5.6 5.66 115 0 0 0 0 0 0 0 0 0 
2012/01/09 5.75 5.75 5.46 5.5 170 0 0 0 0 0 0 0 0 0 
2012/01/10 5.41 5.57 5.41 5.51 355 0 0 0 0 0 0 0 0 0 
2012/01/11 5.53 5.57 5.46 5.52 36 0 0 0 0 0 0 0 0 0 
2012/01/12 5.38 5.52 5.38 5.52 41 0 0 0 0 0 0 0 0 0 
2012/01/13 5.52 5.52 5.3 5.3 38 0 0 0 0 0 0 0 0 0 
2012/01/16 5.3 5.67 5.3 5.67 287 0 0 0 0 0 0 0 0 0 
2012/01/17 5.85 6.06 5.7 6.06 358 0 0 0 0 0 0 0 0 0 
2012/01/18 6 6.1 5.78 6 227 0 0 0 0 0 0 0 0 0 
2012/01/30 6.1 6.42 6.02 6.1 437 0 0 0 0 0 0 0 0 0 
2012/01/31 6.1 6.48 6.1 6.48 554 0 0 0 0 0 0 0 0 0 
2012/02/01 6.35 6.58 6.31 6.53 421 0 0 0 0 0 0 0 0 0 
2012/02/02 6.53 6.89 6.53 6.89 313 0 0 0 0 0 0 0 0 0 
2012/02/03 6.89 7 6.65 7 374 0 0 0 0 0 0 0 0 0 
2012/02/04 6.88 7.13 6.66 7.12 321 0 0 0 0 0 0 0 0 0 
2012/02/06 7.24 7.24 6.82 6.98 288 0 0 0 0 0 0 0 0 0 
2012/02/07 6.94 6.97 6.74 6.92 91 0 0 0 0 0 0 0 0 0 
2012/02/08 6.94 6.94 6.64 6.89 157 0 0 0 0 0 0 0 0 0 
2012/02/09 6.89 6.98 6.73 6.87 287 0 0 0 0 0 0 0 0 0 
2012/02/10 6.86 7.01 6.78 6.98 271 0 0 0 0 0 0 0 0 0 
2012/02/13 6.78 7 6.78 6.95 148 0 0 0 0 0 0 0 0 0 
2012/02/14 6.85 6.94 6.61 6.94 346 0 0 0 0 0 0 0 0 0 
2012/02/15 6.82 6.92 6.8 6.92 329 0 0 0 0 0 0 0 0 0 
2012/02/16 6.81 6.91 6.74 6.85 351 0 0 0 0 0 0 0 0 0 
2012/02/17 6.81 6.9 6.78 6.86 128 0 0 0 0 0 0 0 0 0 
2012/02/20 6.86 6.97 6.86 6.9 136 0 0 0 0 0 0 0 0 0 
2012/02/21 6.9 6.9 6.75 6.89 70 0 0 0 0 0 0 0 0 0 
2012/02/22 6.87 6.9 6.81 6.86 171 0 0 0 0 0 0 0 0 0 
2012/02/23 6.77 6.86 6.77 6.86 68 0 0 0 0 0 0 0 0 0 
2012/02/24 6.86 6.86 6.77 6.86 108 0 0 0 0 0 0 0 0 0 
2012/02/29 6.8 6.85 6.63 6.82 123 0 0 0 0 0 0 0 0 0 
2012/03/01 6.7 6.79 6.7 6.74 62 0 0 0 0 0 0 0 0 0 
2012/03/02 6.7 6.74 6.64 6.7 89 0 0 0 0 0 0 0 0 0 
2012/03/03 6.69 6.76 6.61 6.7 53 0 0 0 0 0 0 0 0 0 
2012/03/05 6.61 6.7 6.61 6.69 39 0 0 0 0 0 0 0 0 0 
2012/03/06 6.69 6.7 6.6 6.67 35 0 0 0 0 0 0 0 0 0 
2012/03/07 6.6 6.62 6.46 6.59 71 0 0 0 0 0 0 0 0 0 
2012/03/08 6.59 6.59 6.5 6.55 52 0 0 0 0 0 0 0 0 0 
2012/03/09 6.55 6.55 6.43 6.55 110 0 0 0 0 0 0 0 0 0 
2012/03/12 6.55 6.7 6.55 6.65 83 0 0 0 0 0 0 0 0 0 
2012/03/13 6.68 6.68 6.62 6.66 39 0 0 0 0 0 0 0 0 0 
2012/03/14 6.67 6.72 6.61 6.67 47 0 0 0 0 0 0 0 0 0 
2012/03/15 6.67 6.68 6.56 6.56 32 0 0 0 0 0 0 0 0 0 
2012/03/16 6.46 6.78 6.46 6.67 145 0 0 0 0 0 0 0 0 0 
2012/03/19 6.7 6.7 6.55 6.64 45 0 0 0 0 0 0 0 0 0 
2012/03/20 6.6 6.6 6.46 6.5 132 0 0 0 0 0 0 0 0 0 
2012/03/21 6.5 6.54 6.44 6.54 35 0 0 0 0 0 0 0 0 0 
2012/03/22 6.54 6.54 6.46 6.49 30 0 0 0 0 0 0 0 0 0 
2012/03/23 6.44 6.54 6.41 6.52 38 0 0 0 0 0 0 0 0 0 
2012/03/26 6.52 6.52 6.3 6.47 124 0 0 0 0 0 0 0 0 0 
2012/03/27 6.45 6.47 6.4 6.47 22 0 0 0 0 0 0 0 0 0 
2012/03/28 6.37 6.42 6.2 6.42 45 0 0 0 0 0 0 0 0 0 
2012/03/29 6.26 6.39 6.22 6.37 45 0 0 0 0 0 0 0 0 0 
2012/03/30 6.22 6.28 6.22 6.28 24 0 0 0 0 0 0 0 0 0 
2012/04/02 6.23 6.39 6.16 6.33 67 0 0 0 0 0 0 0 0 0 
2012/04/03 6.21 6.21 6 6 86 0 0 0 0 0 0 0 0 0 
2012/04/05 5.59 5.83 5.59 5.74 83 0 0 0 0 0 0 0 0 0 
2012/04/06 5.75 5.82 5.61 5.74 66 0 0 0 0 0 0 0 0 0 
2012/04/09 5.52 5.99 5.52 5.8 62 0 0 0 0 0 0 0 0 0 
2012/04/10 5.79 5.98 5.75 5.85 52 0 0 0 0 0 0 0 0 0 
2012/04/11 5.47 5.98 5.47 5.83 28 0 0 0 0 0 0 0 0 0 
2012/04/12 5.7 5.94 5.61 5.8 58 0 0 0 0 0 0 0 0 0 
2012/04/13 5.66 5.76 5.65 5.76 87 0 0 0 0 0 0 0 0 0 
2012/04/16 5.65 5.7 5.54 5.7 74 0 0 0 0 0 0 0 0 0 
2012/04/17 5.68 5.9 5.52 5.6 63 0 0 0 0 0 0 0 0 0 
2012/04/18 5.55 5.65 5.55 5.58 49 0 0 0 0 0 0 0 0 0 
2012/04/19 5.38 5.59 5.38 5.47 32 0 0 0 0 0 0 0 0 0 
2012/04/20 5.39 5.48 5.21 5.47 66 0 0 0 0 0 0 0 0 0 
2012/04/23 5.71 5.71 5.27 5.4 22 0 0 0 0 0 0 0 0 0 
2012/04/24 5.4 5.41 5.13 5.37 38 0 0 0 0 0 0 0 0 0 
2012/04/25 5.36 5.37 5.26 5.3 40 0 0 0 0 0 0 0 0 0 
2012/04/26 5.31 5.31 5.16 5.3 50 0 0 0 0 0 0 0 0 0 
2012/04/27 5.29 5.29 5.04 5.1 93 0 0 0 0 0 0 0 0 0 
2012/04/30 5.08 5.15 5.04 5.05 33 0 0 0 0 0 0 0 0 0 
2012/05/02 5.1 5.14 5.02 5.03 54 0 0 0 0 0 0 0 0 0 
2012/05/03 5.06 5.1 5.01 5.01 71 0 0 0 0 0 0 0 0 0 
2012/05/04 5.02 5.08 5.02 5.02 36 0 0 0 0 0 0 0 0 0 
2012/05/07 5 5.33 4.9 5.03 94 0 0 0 0 0 0 0 0 0 
2012/05/08 5.03 5.12 4.92 5.08 80 0 0 0 0 0 0 0 0 0 
2012/05/09 5.01 5.07 5 5.07 43 0 0 0 0 0 0 0 0 0 
2012/05/10 5.06 5.07 4.96 5.07 48 0 0 0 0 0 0 0 0 0 
2012/05/11 4.97 5.1 4.95 5.1 40 0 0 0 0 0 0 0 0 0 
2012/05/14 5 5 4.91 5 79 0 0 0 0 0 0 0 0 0 
2012/05/15 5.09 5.09 4.95 5.05 14 0 0 0 0 0 0 0 0 0 
2012/05/16 4.94 5.03 4.9 5 40 0 0 0 0 0 0 0 0 0 
2012/05/17 5 5 4.88 5 64 0 0 0 0 0 0 0 0 0 
2012/05/18 4.89 4.89 4.74 4.8 80 0 0 0 0 0 0 0 0 0 
2012/05/21 4.83 4.84 4.7 4.7 12 0 0 0 0 0 0 0 0 0 
2012/05/22 4.7 4.9 4.7 4.89 99 0 0 0 0 0 0 0 0 0 
2012/05/23 4.71 4.88 4.7 4.85 131 0 0 0 0 0 0 0 0 0 
2012/05/24 4.7 4.8 4.7 4.8 33 0 0 0 0 0 0 0 0 0 
2012/05/25 4.7 4.8 4.7 4.8 71 0 0 0 0 0 0 0 0 0 
2012/05/28 4.71 4.8 4.71 4.79 29 0 0 0 0 0 0 0 0 0 
2012/05/29 4.8 4.93 4.71 4.89 53 0 0 0 0 0 0 0 0 0 
2012/05/30 4.74 4.8 4.72 4.8 29 0 0 0 0 0 0 0 0 0 
2012/05/31 4.7 4.78 4.7 4.78 34 0 0 0 0 0 0 0 0 0 
2012/06/01 4.7 4.78 4.7 4.78 35 0 0 0 0 0 0 0 0 0 
2012/06/04 4.7 4.7 4.5 4.58 84 0 0 0 0 0 0 0 0 0 
2012/06/05 4.6 4.8 4.53 4.77 47 0 0 0 0 0 0 0 0 0 
2012/06/06 4.7 4.75 4.59 4.75 93 0 0 0 0 0 0 0 0 0 
2012/06/07 4.63 4.73 4.62 4.7 40 0 0 0 0 0 0 0 0 0 
2012/06/08 4.65 4.69 4.6 4.69 38 0 0 0 0 0 0 0 0 0 
2012/06/11 4.7 4.7 4.6 4.69 37 0 0 0 0 0 0 0 0 0 
2012/06/12 4.61 4.67 4.6 4.67 71 0 0 0 0 0 0 0 0 0 
2012/06/13 4.61 4.61 4.56 4.6 30 0 0 0 0 0 0 0 0 0 
2012/06/14 4.56 4.63 4.5 4.5 112 0 0 0 0 0 0 0 0 0 
2012/06/15 4.5 4.65 4.5 4.65 91 0 0 0 0 0 0 0 0 0 
2012/06/18 4.65 4.69 4.53 4.64 197 0 0 0 0 0 0 0 0 0 
2012/06/19 4.75 4.75 4.55 4.6 52 0 0 0 0 0 0 0 0 0 
2012/06/20 4.52 4.6 4.5 4.54 193 0 0 0 0 0 0 0 0 0 
2012/06/21 4.53 4.58 4.52 4.56 49 0 0 0 0 0 0 0 0 0 
2012/06/22 4.5 4.56 4.49 4.56 414 0 0 0 0 0 0 0 0 0 
2012/06/25 4.41 4.54 4.41 4.54 36 0 0 0 0 0 0 0 0 0 
2012/06/26 4.43 4.53 4.42 4.53 30 0 0 0 0 0 0 0 0 0 
2012/06/27 4.52 4.53 4.47 4.5 27 0 0 0 0 0 0 0 0 0 
2012/06/28 4.5 4.5 4.5 4.5 32 0 0 0 0 0 0 0 0 0 
2012/06/29 4.46 4.53 4.46 4.53 36 0 0 0 0 0 0 0 0 0 
2012/07/02 4.5 4.56 4.45 4.56 19 0 0 0 0 0 0 0 0 0 
2012/07/03 4.56 4.56 4.5 4.55 56 0 0 0 0 0 0 0 0 0 
2012/07/04 4.55 4.56 4.5 4.52 54 0 0 0 0 0 0 0 0 0 
2012/07/05 4.52 4.62 4.5 4.59 363 0 0 0 0 0 0 0 0 0 
2012/07/06 4.6 4.6 4.51 4.51 25 0 0 0 0 0 0 0 0 0 
2012/07/09 4.48 4.48 4.47 4.48 20 0 0 0 0 0 0 0 0 0 
2012/07/10 4.47 4.49 4.44 4.46 50 0 0 0 0 0 0 0 0 0 
2012/07/11 4.45 4.49 4.4 4.43 33 0 0 0 0 0 0 0 0 0 
2012/07/12 4.38 4.41 4.35 4.41 345 0 0 0 0 0 0 0 0 0 
2012/07/13 4.5 4.5 4.37 4.4 332 0 0 0 0 0 0 0 0 0 
2012/07/16 4.2 4.45 4.2 4.38 110 0 0 0 0 0 0 0 0 0 
2012/07/17 4.38 4.38 4.3 4.36 9 0 0 0 0 0 0 0 0 0 
2012/07/18 4.32 4.38 4.28 4.35 24 0 0 0 0 0 0 0 0 0 
2012/07/19 4.31 4.39 4.31 4.35 91 0 0 0 0 0 0 0 0 0 
2012/07/20 4.28 4.33 4.24 4.33 99 0 0 0 0 0 0 0 0 0 
2012/07/23 4.32 4.35 4.21 4.32 104 0 0 0 0 0 0 0 0 0 
2012/07/24 4.3 4.3 4.3 4.3 312 0 0 0 0 0 0 0 0 0 
2012/07/25 4.3 4.39 4.3 4.35 47 0 0 0 0 0 0 0 0 0 
2012/07/26 4.3 4.31 4.3 4.31 55 0 0 0 0 0 0 0 0 0 
2012/07/27 4.35 4.44 4.3 4.4 53 0 0 0 0 0 0 0 0 0 
2012/07/30 4.31 4.38 4.3 4.33 13 0 0 0 0 0 0 0 0 0 
2012/07/31 4.3 4.34 4.3 4.34 157 0 0 0 0 0 0 0 0 0 
2012/08/01 4.3 4.5 4.28 4.42 169 0 0 0 0 0 0 0 0 0 
2012/08/03 4.32 4.38 4.32 4.38 17 0 0 0 0 0 0 0 0 0 
2012/08/06 4.39 4.39 4.33 4.39 22 0 0 0 0 0 0 0 0 0 
2012/08/07 4.39 4.42 4.32 4.35 235 0 0 0 0 0 0 0 0 0 
2012/08/08 4.35 4.35 4.15 4.26 76 0 0 0 0 0 0 0 0 0 
2012/08/09 4.3 4.37 4.3 4.33 72 0 0 0 0 0 0 0 0 0 
2012/08/10 4.3 4.35 4.3 4.35 39 0 0 0 0 0 0 0 0 0 
2012/08/13 4.44 4.44 4.12 4.32 41 0 0 0 0 0 0 0 0 0 
2012/08/14 4.43 4.43 4.3 4.36 53 0 0 0 0 0 0 0 0 0 
2012/08/15 4.36 4.36 4.28 4.31 101 0 0 0 0 0 0 0 0 0 
2012/08/16 4.3 4.37 4.3 4.35 94 0 0 0 0 0 0 0 0 0 
2012/08/17 4.35 4.4 4.32 4.38 60 0 0 0 0 0 0 0 0 0 
2012/08/20 4.35 4.35 4.35 4.35 21 0 0 0 0 0 0 0 0 0 
2012/08/21 4.4 4.59 4.4 4.54 494 0 0 0 0 0 0 0 0 0 
2012/08/22 4.55 4.83 4.55 4.74 101 0 0 0 0 0 0 0 0 0 
2012/08/23 4.75 4.88 4.7 4.8 104 0 0 0 0 0 0 0 0 0 
2012/08/24 4.8 4.8 4.61 4.76 33 0 0 0 0 0 0 0 0 0 
2012/08/27 4.78 4.9 4.7 4.84 517 0 0 0 0 0 0 0 0 0 
2012/08/28 4.89 4.9 4.75 4.85 46 0 0 0 0 0 0 0 0 0 
2012/08/29 4.71 4.9 4.71 4.86 57 0 0 0 0 0 0 0 0 0 
2012/08/30 4.85 5.17 4.85 5.02 681 0 0 0 0 0 0 0 0 0 
2012/08/31 5 5.13 5 5.02 123 0 0 0 0 0 0 0 0 0 
2012/09/03 5.06 5.07 5 5.07 53 0 0 0 0 0 0 0 0 0 
2012/09/04 5.07 5.24 5.07 5.23 520 0 0 0 0 0 0 0 0 0 
2012/09/05 5.23 5.26 5.15 5.2 93 0 0 0 0 0 0 0 0 0 
2012/09/06 5.18 5.31 5.18 5.3 88 0 0 0 0 0 0 0 0 0 
2012/09/07 5.45 5.64 5.31 5.5 351 0 0 0 0 0 0 0 0 0 
2012/09/10 5.53 5.86 5.53 5.85 328 0 0 0 0 0 0 0 0 0 
2012/09/11 5.81 6.06 5.8 6 487 0 0 0 0 0 0 0 0 0 
2012/09/12 6 6.16 5.95 6.15 310 0 0 0 0 0 0 0 0 0 
2012/09/13 6.1 6.21 6.08 6.1 103 0 0 0 0 0 0 0 0 0 
2012/09/14 6.09 6.12 5.75 6 317 0 0 0 0 0 0 0 0 0 
2012/09/17 5.8 6.05 5.76 5.91 181 0 0 0 0 0 0 0 0 0 
2012/09/18 5.7 6.32 5.7 6.32 1065 0 0 0 0 0 0 0 0 0 
2012/09/19 6.44 6.72 6.4 6.7 448 0 0 0 0 0 0 0 0 0 
2012/09/20 6.7 6.71 6.48 6.7 211 0 0 0 0 0 0 0 0 0 
2012/09/21 6.5 6.93 6.5 6.9 482 0 0 0 0 0 0 0 0 0 
2012/09/24 6.9 7 6.78 6.91 195 0 0 0 0 0 0 0 0 0 
2012/09/25 6.9 7.03 6.81 7.03 455 0 0 0 0 0 0 0 0 0 
2012/09/26 7 7.06 6.88 6.95 127 0 0 0 0 0 0 0 0 0 
2012/09/27 6.9 7 6.9 6.95 312 0 0 0 0 0 0 0 0 0 
2012/09/28 6.9 7.05 6.7 6.99 715 0 0 0 0 0 0 0 0 0 
2012/10/01 6.9 7.02 6.86 7 32 0 0 0 0 0 0 0 0 0 
2012/10/02 7 7 6.88 6.94 27 0 0 0 0 0 0 0 0 0 
2012/10/03 6.9 6.9 6.66 6.85 145 0 0 0 0 0 0 0 0 0 
2012/10/04 6.56 6.78 6.55 6.74 295 0 0 0 0 0 0 0 0 0 
2012/10/05 6.7 6.76 6.61 6.7 344 0 0 0 0 0 0 0 0 0 
2012/10/08 6.69 6.76 6.49 6.7 87 0 0 0 0 0 0 0 0 0 
2012/10/09 6.68 6.68 6.5 6.59 41 0 0 0 0 0 0 0 0 0 
2012/10/11 6.51 6.59 6.13 6.2 339 0 0 0 0 0 0 0 0 0 
2012/10/12 6.05 6.29 6.05 6.05 74 0 0 0 0 0 0 0 0 0 
2012/10/15 6 6 5.71 5.9 810 0 0 0 0 0 0 0 0 0 
2012/10/16 5.98 6 5.76 5.81 60 0 0 0 0 0 0 0 0 0 
2012/10/17 5.76 5.76 5.62 5.69 65 0 0 0 0 0 0 0 0 0 
2012/10/18 5.6 5.75 5.46 5.47 67 0 0 0 0 0 0 0 0 0 
2012/10/19 5.36 5.55 5.36 5.55 81 0 0 0 0 0 0 0 0 0 
2012/10/22 5.54 5.55 5.43 5.43 42 0 0 0 0 0 0 0 0 0 
2012/10/23 5.44 5.59 5.31 5.5 118 0 0 0 0 0 0 0 0 0 
2012/10/24 5.32 5.5 5.14 5.44 33 0 0 0 0 0 0 0 0 0 
2012/10/25 5.44 5.47 5.23 5.25 53 0 0 0 0 0 0 0 0 0 
2012/10/26 5.25 5.25 5.1 5.12 36 0 0 0 0 0 0 0 0 0 
2012/10/29 5.12 5.12 4.92 5 25 0 0 0 0 0 0 0 0 0 
2012/10/30 4.65 5.15 4.65 4.86 35 0 0 0 0 0 0 0 0 0 
2012/10/31 4.75 4.75 4.71 4.74 7 0 0 0 0 0 0 0 0 0 
2012/11/01 4.69 4.75 4.45 4.57 69 0 0 0 0 0 0 0 0 0 
2012/11/02 4.48 4.55 4.4 4.49 75 0 0 0 0 0 0 0 0 0 
2012/11/05 4.37 4.48 4.35 4.35 5 0 0 0 0 0 0 0 0 0 
2012/11/06 4.35 4.57 4.35 4.45 34 0 0 0 0 0 0 0 0 0 
2012/11/07 4.23 4.55 4.23 4.47 42 0 0 0 0 0 0 0 0 0 
2012/11/08 4.44 4.78 4.44 4.78 114 0 0 0 0 0 0 0 0 0 
2012/11/09 5.11 5.11 5 5.11 56 0 0 0 0 0 0 0 0 0 
2012/11/12 5.46 5.46 5.45 5.46 75 0 0 0 0 0 0 0 0 0 
2012/11/13 5.84 5.84 5.53 5.57 342 0 0 0 0 0 0 0 0 0 
2012/11/14 5.53 5.72 5.19 5.51 475 0 0 0 0 0 0 0 0 0 
2012/11/15 5.36 5.59 5.21 5.51 68 0 0 0 0 0 0 0 0 0 
2012/11/16 5.35 5.89 5.35 5.89 394 0 0 0 0 0 0 0 0 0 
2012/11/19 6.3 6.3 6.2 6.23 337 0 0 0 0 0 0 0 0 0 
2012/11/20 5.8 6.05 5.8 5.87 175 0 0 0 0 0 0 0 0 0 
2012/11/21 5.6 5.9 5.52 5.62 64 0 0 0 0 0 0 0 0 0 
2012/11/22 5.52 5.59 5.46 5.59 39 0 0 0 0 0 0 0 0 0 
2012/11/23 5.6 5.98 5.6 5.98 230 0 0 0 0 0 0 0 0 0 
2012/11/26 5.85 6.39 5.85 6.39 471 0 0 0 0 0 0 0 0 0 
2012/11/27 6.28 6.57 6 6.46 115 0 0 0 0 0 0 0 0 0 
2012/11/28 6.4 6.5 6.2 6.5 238 0 0 0 0 0 0 0 0 0 
2012/11/29 6.88 6.88 6.4 6.8 136 0 0 0 0 0 0 0 0 0 
2012/11/30 6.51 6.98 6.51 6.88 290 0 0 0 0 0 0 0 0 0 
2012/12/03 6.85 7.05 6.76 6.94 280 0 0 0 0 0 0 0 0 0 
2012/12/04 6.76 7 6.51 7 233 0 0 0 0 0 0 0 0 0 
2012/12/05 6.95 7 6.77 6.8 45 0 0 0 0 0 0 0 0 0 
2012/12/06 6.7 6.95 6.52 6.8 129 0 0 0 0 0 0 0 0 0 
2012/12/07 6.73 6.97 6.73 6.9 199 0 0 0 0 0 0 0 0 0 
2012/12/10 6.72 7.06 6.72 7 334 0 0 0 0 0 0 0 0 0 
2012/12/11 6.95 6.95 6.81 6.81 28 0 0 0 0 0 0 0 0 0 
2012/12/12 6.72 7.03 6.72 7 171 0 0 0 0 0 0 0 0 0 
2012/12/13 7 7 6.87 6.93 18 0 0 0 0 0 0 0 0 0 
2012/12/14 6.8 7 6.75 6.99 130 0 0 0 0 0 0 0 0 0 
2012/12/17 6.8 6.85 6.8 6.85 6 0 0 0 0 0 0 0 0 0 
2012/12/18 6.85 6.86 6.75 6.86 29 0 0 0 0 0 0 0 0 0 
2012/12/19 6.7 6.75 6.45 6.53 55 0 0 0 0 0 0 0 0 0 
2012/12/20 6.5 6.65 6.5 6.5 118 0 0 0 0 0 0 0 0 0 
2012/12/21 6.5 6.95 6.5 6.95 860 0 0 0 0 0 0 0 0 0 
2012/12/22 7.3 7.41 7.1 7.17 778 0 0 0 0 0 0 0 0 0 
2012/12/24 7.15 7.3 6.68 7.22 277 0 0 0 0 0 0 0 0 0 
2012/12/25 7.1 7.3 6.81 7.23 299 0 0 0 0 0 0 0 0 0 
2012/12/26 7.2 7.23 7.04 7.04 94 0 0 0 0 0 0 0 0 0 
2012/12/27 6.8 7.4 6.8 7.11 326 0 0 0 0 0 0 0 0 0 
2012/12/28 7.11 7.19 7 7.14 153 0 0 0 0 0 0 0 0 0 
2013/01/02 7.14 7.29 7.02 7.08 32 0 0 0 0 0 0 0 0 0 
2013/01/03 7 7.16 6.95 7.11 241 0 0 0 0 0 0 0 0 0 
2013/01/04 7.11 7.16 7.01 7.1 99 0 0 0 0 0 0 0 0 0 
2013/01/07 7.05 7.1 6.85 7.1 314 0 0 0 0 0 0 0 0 0 
2013/01/08 7 7.03 6.92 6.92 26 0 0 0 0 0 0 0 0 0 
2013/01/09 7 7.01 6.75 7 124 0 0 0 0 0 0 0 0 0 
2013/01/10 6.99 7.49 6.9 7.3 1146 0 0 0 0 0 0 0 0 0 
2013/01/11 7.55 7.55 7.32 7.35 130 0 0 0 0 0 0 0 0 0 
2013/01/14 7.32 7.45 7.03 7.15 50 0 0 0 0 0 0 0 0 0 
2013/01/15 7.12 7.38 7.08 7.38 217 0 0 0 0 0 0 0 0 0 
2013/01/16 7.38 7.38 7.11 7.11 30 0 0 0 0 0 0 0 0 0 
2013/01/17 7.1 7.1 6.62 6.83 202 0 0 0 0 0 0 0 0 0 
2013/01/18 6.72 7.1 6.72 7.1 68 0 0 0 0 0 0 0 0 0 
2013/01/21 7.11 7.11 6.81 6.81 55 0 0 0 0 0 0 0 0 0 
2013/01/22 6.95 6.95 6.76 6.79 25 0 0 0 0 0 0 0 0 0 
2013/01/23 6.8 6.93 6.8 6.9 28 0 0 0 0 0 0 0 0 0 
2013/01/24 6.85 6.92 6.78 6.78 21 0 0 0 0 0 0 0 0 0 
2013/01/25 6.78 6.84 6.7 6.76 29 0 0 0 0 0 0 0 0 0 
2013/01/28 6.64 6.86 6.64 6.81 8 0 0 0 0 0 0 0 0 0 
2013/01/29 6.7 6.98 6.7 6.98 131 0 0 0 0 0 0 0 0 0 
2013/01/30 6.98 7.12 6.82 6.97 57 0 0 0 0 0 0 0 0 0 
2013/01/31 6.89 6.94 6.76 6.79 12 0 0 0 0 0 0 0 0 0 
2013/02/01 6.77 6.89 6.61 6.83 23 0 0 0 0 0 0 0 0 0 
2013/02/04 6.8 6.85 6.75 6.8 51 0 0 0 0 0 0 0 0 0 
2013/02/05 6.8 6.8 6.7 6.74 42 0 0 0 0 0 0 0 0 0 
2013/02/06 6.75 6.87 6.36 6.87 160 0 0 0 0 0 0 0 0 0 
2013/02/18 6.87 6.87 6.62 6.62 17 0 0 0 0 0 0 0 0 0 
2013/02/19 6.64 6.79 6.62 6.63 35 0 0 0 0 0 0 0 0 0 
2013/02/20 6.75 6.75 6.63 6.64 23 0 0 0 0 0 0 0 0 0 
2013/02/21 6.71 6.71 6.62 6.63 12 0 0 0 0 0 0 0 0 0 
2013/02/22 6.62 6.62 6.62 6.62 1 0 0 0 0 0 0 0 0 0 
2013/02/23 6.63 6.71 6.5 6.6 61 0 0 0 0 0 0 0 0 0 
2013/02/25 6.52 6.6 6.42 6.42 49 0 0 0 0 0 0 0 0 0 
2013/02/26 6.43 6.55 6.3 6.5 203 0 0 0 0 0 0 0 0 0 
2013/02/27 6.4 6.47 6.4 6.41 27 0 0 0 0 0 0 0 0 0 
2013/03/01 6.41 6.6 6.41 6.53 105 0 0 0 0 0 0 0 0 0 
2013/03/04 6.3 6.5 6.3 6.36 49 0 0 0 0 0 0 0 0 0 
2013/03/05 6.36 6.5 6.25 6.5 80 0 0 0 0 0 0 0 0 0 
2013/03/06 6.5 6.54 6.3 6.49 149 0 0 0 0 0 0 0 0 0 
2013/03/07 6.45 6.47 6.45 6.47 46 0 0 0 0 0 0 0 0 0 
2013/03/08 6.52 6.52 6.39 6.4 134 0 0 0 0 0 0 0 0 0 
2013/03/11 6.45 6.54 6.39 6.4 100 0 0 0 0 0 0 0 0 0 
2013/03/12 6.4 6.7 6.4 6.61 148 0 0 0 0 0 0 0 0 0 
2013/03/13 6.45 6.6 6.45 6.6 29 0 0 0 0 0 0 0 0 0 
2013/03/14 6.65 6.68 6.65 6.68 11 0 0 0 0 0 0 0 0 0 
2013/03/15 6.51 7 6.49 6.9 258 0 0 0 0 0 0 0 0 0 
2013/03/18 6.9 6.9 6.61 6.81 27 0 0 0 0 0 0 0 0 0 
2013/03/19 6.9 6.9 6.89 6.89 8 0 0 0 0 0 0 0 0 0 
2013/03/20 6.89 6.9 6.65 6.65 24 0 0 0 0 0 0 0 0 0 
2013/03/21 6.65 6.8 6.65 6.8 16 0 0 0 0 0 0 0 0 0 
2013/03/22 6.78 6.78 6.75 6.76 12 0 0 0 0 0 0 0 0 0 
2013/03/25 6.5 6.95 6.5 6.82 16 0 0 0 0 0 0 0 0 0 
2013/03/26 6.82 6.85 6.69 6.7 7 0 0 0 0 0 0 0 0 0 
2013/03/27 6.65 6.81 6.5 6.5 44 0 0 0 0 0 0 0 0 0 
2013/03/28 6.5 6.57 6.4 6.53 41 0 0 0 0 0 0 0 0 0 
2013/03/29 6.56 6.58 6.51 6.51 43 0 0 0 0 0 0 0 0 0 
2013/04/01 6.4 6.96 6.4 6.96 452 0 0 0 0 0 0 0 0 0 
2013/04/02 7 7.33 6.97 7.19 659 0 0 0 0 0 0 0 0 0 
2013/04/03 7.33 7.5 7.13 7.15 252 0 0 0 0 0 0 0 0 0 
2013/04/08 7.1 7.1 6.65 6.89 246 0 0 0 0 0 0 0 0 0 
2013/04/09 6.88 7.13 6.52 7.1 91 0 0 0 0 0 0 0 0 0 
2013/04/10 7.1 7.1 6.88 6.9 43 0 0 0 0 0 0 0 0 0 
2013/04/11 6.9 7.07 6.9 6.92 13 0 0 0 0 0 0 0 0 0 
2013/04/12 7.01 7.01 7.01 7.01 2 0 0 0 0 0 0 0 0 0 
2013/04/15 7.1 7.1 6.9 7.08 10 0 0 0 0 0 0 0 0 0 
2013/04/16 6.7 6.91 6.7 6.91 50 0 0 0 0 0 0 0 0 0 
2013/04/17 6.68 7 6.68 6.9 31 0 0 0 0 0 0 0 0 0 
2013/04/18 6.9 7.3 6.89 6.93 58 0 0 0 0 0 0 0 0 0 
2013/04/19 7.07 7.16 6.84 6.9 287 0 0 0 0 0 0 0 0 0 
2013/04/22 7.09 7.09 6.9 6.9 42 0 0 0 0 0 0 0 0 0 
2013/04/23 7 7.07 6.95 6.95 432 0 0 0 0 0 0 0 0 0 
2013/04/24 6.95 7.1 6.9 6.9 83 0 0 0 0 0 0 0 0 0 
2013/04/25 6.9 6.9 6.78 6.83 40 0 0 0 0 0 0 0 0 0 
2013/04/26 6.89 6.98 6.85 6.85 14 0 0 0 0 0 0 0 0 0 
2013/04/29 6.8 6.83 6.7 6.8 39 0 0 0 0 0 0 0 0 0 
2013/04/30 6.9 7.1 6.9 7 278 0 0 0 0 0 0 0 0 0 
2013/05/02 7 7 6.81 7 131 0 0 0 0 0 0 0 0 0 
2013/05/03 6.87 7 6.87 6.9 241 0 0 0 0 0 0 0 0 0 
2013/05/06 6.84 6.9 6.8 6.9 32 0 0 0 0 0 0 0 0 0 
2013/05/07 6.95 6.95 6.8 6.95 7 0 0 0 0 0 0 0 0 0 
2013/05/08 6.85 6.9 6.76 6.9 71 0 0 0 0 0 0 0 0 0 
2013/05/09 6.89 6.94 6.78 6.89 86 0 0 0 0 0 0 0 0 0 
2013/05/10 6.89 6.9 6.75 6.89 64 0 0 0 0 0 0 0 0 0 
2013/05/13 6.84 6.9 6.77 6.9 11 0 0 0 0 0 0 0 0 0 
2013/05/14 6.9 6.9 6.72 6.85 12 0 0 0 0 0 0 0 0 0 
2013/05/15 6.88 6.9 6.88 6.9 33 0 0 0 0 0 0 0 0 0 
2013/05/16 6.9 7 6.42 7 143 0 0 0 0 0 0 0 0 0 
2013/05/17 6.87 7 6.81 6.99 48 0 0 0 0 0 0 0 0 0 
2013/05/20 6.98 6.99 6.85 6.99 19 0 0 0 0 0 0 0 0 0 
2013/05/21 7 7 6.83 6.98 24 0 0 0 0 0 0 0 0 0 
2013/05/22 6.9 7 6.86 6.99 88 0 0 0 0 0 0 0 0 0 
2013/05/23 6.88 6.98 6.83 6.97 19 0 0 0 0 0 0 0 0 0 
2013/05/24 6.97 6.97 6.8 6.94 38 0 0 0 0 0 0 0 0 0 
2013/05/27 6.94 7.1 6.94 7.1 195 0 0 0 0 0 0 0 0 0 
2013/05/28 7.13 7.59 7.1 7.59 2101 0 0 0 0 0 0 0 0 0 
2013/05/29 7.4 7.4 7.06 7.13 970 0 0 0 0 0 0 0 0 0 
2013/05/30 6.71 7.2 6.71 7.08 253 0 0 0 0 0 0 0 0 0 
2013/05/31 7.02 7.26 7.02 7.15 164 0 0 0 0 0 0 0 0 0 
2013/06/03 6.98 7.18 6.98 6.99 147 0 0 0 0 0 0 0 0 0 
2013/06/04 7 7.15 7 7.07 155 0 0 0 0 0 0 0 0 0 
2013/06/05 6.96 7.13 6.96 7.03 65 0 0 0 0 0 0 0 0 0 
2013/06/06 7.07 7.33 7.07 7.3 338 0 0 0 0 0 0 0 0 0 
2013/06/07 7.35 7.35 7.15 7.21 195 0 0 0 0 0 0 0 0 0 
2013/06/10 7.23 7.35 7.15 7.16 39 0 0 0 0 0 0 0 0 0 
2013/06/11 7.27 7.66 7.21 7.66 825 0 0 0 0 0 0 0 0 0 
2013/06/13 7.66 7.66 7.14 7.22 442 0 0 0 0 0 0 0 0 0 
2013/06/14 7.4 7.47 7.3 7.36 357 0 0 0 0 0 0 0 0 0 
2013/06/17 7.3 7.5 7.3 7.4 275 0 0 0 0 0 0 0 0 0 
2013/06/18 7.47 7.47 7.38 7.38 84 0 0 0 0 0 0 0 0 0 
2013/06/19 7.4 7.49 7.2 7.36 225 0 0 0 0 0 0 0 0 0 
2013/06/20 7.4 7.4 6.85 7.31 159 0 0 0 0 0 0 0 0 0 
2013/06/21 7.04 7.3 7.04 7.25 173 0 0 0 0 0 0 0 0 0 
2013/06/24 7.22 7.38 7.05 7.28 180 0 0 0 0 0 0 0 0 0 
2013/06/25 7.25 7.35 7.15 7.25 217 0 0 0 0 0 0 0 0 0 
2013/06/26 7.1 7.31 7.1 7.21 212 0 0 0 0 0 0 0 0 0 
2013/06/27 7.03 7.28 7.03 7.28 36 0 0 0 0 0 0 0 0 0 
2013/06/28 7.28 7.42 7.28 7.4 415 0 0 0 0 0 0 0 0 0 
2013/07/01 7.28 7.29 7.16 7.16 9 0 0 0 0 0 0 0 0 0 
2013/07/02 7.2 7.32 7.2 7.2 141 0 0 0 0 0 0 0 0 0 
2013/07/03 7.14 7.3 7.14 7.2 226 0 0 0 0 0 0 0 0 0 
2013/07/04 7.2 7.28 7.2 7.28 50 0 0 0 0 0 0 0 0 0 
2013/07/05 7.28 7.42 7.28 7.3 144 0 0 0 0 0 0 0 0 0 
2013/07/08 7.3 7.35 7.18 7.25 31 0 0 0 0 0 0 0 0 0 
2013/07/09 7.31 7.33 7.18 7.2 34 0 0 0 0 0 0 0 0 0 
2013/07/10 7.24 7.47 7.24 7.47 164 0 0 0 0 0 0 0 0 0 
2013/07/11 7.47 7.53 7.31 7.53 94 0 0 0 0 0 0 0 0 0 
2013/07/12 7.52 7.58 7.4 7.58 140 0 0 0 0 0 0 0 0 0 
2013/07/15 7.65 8.11 7.65 8.11 551 0 0 0 0 0 0 0 0 0 
2013/07/16 8.67 8.67 8.05 8.11 1679 0 0 0 0 0 0 0 0 0 
2013/07/17 7.99 8.05 7.56 7.94 539 0 0 0 0 0 0 0 0 0 
2013/07/18 7.8 8 7.72 7.95 305 0 0 0 0 0 0 0 0 0 
2013/07/19 7.77 8.1 7.77 8 178 0 0 0 0 0 0 0 0 0 
2013/07/22 7.85 8 7.76 8 196 0 0 0 0 0 0 0 0 0 
2013/07/23 7.99 8.09 7.77 7.96 112 0 0 0 0 0 0 0 0 0 
2013/07/24 7.96 8.03 7.91 7.91 167 0 0 0 0 0 0 0 0 0 
2013/07/25 7.9 8 7.9 7.9 148 0 0 0 0 0 0 0 0 0 
2013/07/26 7.81 7.91 7.71 7.9 90 0 0 0 0 0 0 0 0 0 
2013/07/29 7.9 8.01 7.88 7.95 992 0 0 0 0 0 0 0 0 0 
2013/07/30 7.96 7.99 7.71 7.75 70 0 0 0 0 0 0 0 0 0 
2013/07/31 7.75 7.9 7.75 7.89 89 0 0 0 0 0 0 0 0 0 
2013/08/01 7.77 7.77 7.71 7.77 80 0 0 0 0 0 0 0 0 0 
2013/08/02 7.81 8.01 7.61 7.81 174 0 0 0 0 0 0 0 0 0 
2013/08/05 7.85 7.89 7.71 7.89 45 0 0 0 0 0 0 0 0 0 
2013/08/06 7.79 7.83 7.79 7.83 31 0 0 0 0 0 0 0 0 0 
2013/08/07 7.78 7.8 7.71 7.71 56 0 0 0 0 0 0 0 0 0 
2013/08/08 7.71 7.75 7.63 7.63 66 0 0 0 0 0 0 0 0 0 
2013/08/09 7.61 7.81 7.61 7.8 56 0 0 0 0 0 0 0 0 0 
2013/08/12 7.75 7.75 7.56 7.56 87 0 0 0 0 0 0 0 0 0 
2013/08/13 7.51 7.58 7.51 7.57 108 0 0 0 0 0 0 0 0 0 
2013/08/14 7.65 7.66 7.65 7.65 120 0 0 0 0 0 0 0 0 0 
2013/08/15 7.56 7.67 7.56 7.65 67 0 0 0 0 0 0 0 0 0 
2013/08/16 7.56 7.6 7.52 7.6 80 0 0 0 0 0 0 0 0 0 
2013/08/19 7.55 7.62 7.46 7.6 159 0 0 0 0 0 0 0 0 0 
2013/08/20 7.5 7.7 7.47 7.63 82 0 0 0 0 0 0 0 0 0 
2013/08/22 7.63 7.7 7.51 7.7 21 0 0 0 0 0 0 0 0 0 
2013/08/23 7.63 7.8 7.63 7.8 87 0 0 0 0 0 0 0 0 0 
2013/08/26 7.8 7.85 7.71 7.8 51 0 0 0 0 0 0 0 0 0 
2013/08/27 7.81 7.81 7.71 7.8 85 0 0 0 0 0 0 0 0 0 
2013/08/28 7.79 7.79 7.62 7.62 72 0 0 0 0 0 0 0 0 0 
2013/08/29 7.62 7.7 7.61 7.61 131 0 0 0 0 0 0 0 0 0 
2013/08/30 7.61 7.8 7.61 7.8 86 0 0 0 0 0 0 0 0 0 
2013/09/02 7.71 7.99 7.71 7.8 69 0 0 0 0 0 0 0 0 0 
2013/09/03 7.87 8.2 7.87 8.15 136 0 0 0 0 0 0 0 0 0 
2013/09/04 8.2 8.2 8 8.18 16 0 0 0 0 0 0 0 0 0 
2013/09/05 8.18 8.2 7.92 8.2 118 0 0 0 0 0 0 0 0 0 
2013/09/06 8.2 8.2 8 8 23 0 0 0 0 0 0 0 0 0 
2013/09/09 7.93 8.4 7.93 8.2 74 0 0 0 0 0 0 0 0 0 
2013/09/10 8.3 8.32 8.06 8.25 298 0 0 0 0 0 0 0 0 0 
2013/09/11 8.25 8.25 8.06 8.06 114 0 0 0 0 0 0 0 0 0 
2013/09/12 8.01 8.16 7.93 7.93 33 0 0 0 0 0 0 0 0 0 
2013/09/13 8 8.01 8 8.01 143 0 0 0 0 0 0 0 0 0 
2013/09/14 7.97 8.15 7.97 8.15 21 0 0 0 0 0 0 0 0 0 
2013/09/16 8.11 8.2 7.95 8.2 54 0 0 0 0 0 0 0 0 0 
2013/09/17 8.1 8.1 7.91 7.94 38 0 0 0 0 0 0 0 0 0 
2013/09/18 7.94 8.1 7.92 8.1 64 0 0 0 0 0 0 0 0 0 
2013/09/23 8.08 8.08 7.94 8.08 107 0 0 0 0 0 0 0 0 0 
2013/09/24 7.96 8.04 7.95 7.96 18 0 0 0 0 0 0 0 0 0 
2013/09/25 7.95 8 7.91 8 33 0 0 0 0 0 0 0 0 0 
2013/09/26 7.92 7.92 7.85 7.92 60 0 0 0 0 0 0 0 0 0 
2013/09/27 7.92 7.96 7.87 7.87 31 0 0 0 0 0 0 0 0 0 
2013/09/30 7.86 7.94 7.86 7.86 12 0 0 0 0 0 0 0 0 0 
2013/10/01 7.9 7.9 7.9 7.9 92 0 0 0 0 0 0 0 0 0 
2013/10/02 7.9 8.06 7.9 8 55 0 0 0 0 0 0 0 0 0 
2013/10/03 8 8.05 7.91 7.91 28 0 0 0 0 0 0 0 0 0 
2013/10/04 7.86 7.91 7.81 7.9 131 0 0 0 0 0 0 0 0 0 
2013/10/07 7.9 7.91 7.85 7.91 36 0 0 0 0 0 0 0 0 0 
2013/10/08 7.91 8.09 7.81 7.91 52 0 0 0 0 0 0 0 0 0 
2013/10/09 7.82 7.9 7.75 7.9 147 0 0 0 0 0 0 0 0 0 
2013/10/11 7.9 8.09 7.9 8 91 0 0 0 0 0 0 0 0 0 
2013/10/14 8 8.3 7.83 8.01 83 0 0 0 0 0 0 0 0 0 
2013/10/15 8.01 8.15 7.94 8.09 14 0 0 0 0 0 0 0 0 0 
2013/10/16 8.01 8.19 7.88 8.1 56 0 0 0 0 0 0 0 0 0 
2013/10/17 8.1 8.2 8 8.2 137 0 0 0 0 0 0 0 0 0 
2013/10/18 8.2 8.2 8.02 8.02 39 0 0 0 0 0 0 0 0 0 
2013/10/21 8.02 8.25 7.91 8.2 51 0 0 0 0 0 0 0 0 0 
2013/10/22 8.1 8.18 8.1 8.1 125 0 0 0 0 0 0 0 0 0 
2013/10/23 8.02 8.11 8.02 8.1 139 0 0 0 0 0 0 0 0 0 
2013/10/24 8.01 8.1 8.01 8.1 5 0 0 0 0 0 0 0 0 0 
2013/10/25 8.14 8.15 8.1 8.1 32 0 0 0 0 0 0 0 0 0 
2013/10/28 8 8.08 8 8.08 11 0 0 0 0 0 0 0 0 0 
2013/10/29 8 8.02 8 8.01 19 0 0 0 0 0 0 0 0 0 
2013/10/30 8.01 8.01 7.93 8.01 161 0 0 0 0 0 0 0 0 0 
2013/10/31 8.1 8.3 8.01 8.05 145 0 0 0 0 0 0 0 0 0 
2013/11/01 8.05 8.11 8.05 8.11 10 0 0 0 0 0 0 0 0 0 
2013/11/04 8.16 8.16 8.1 8.16 58 0 0 0 0 0 0 0 0 0 
2013/11/05 8.16 8.2 8.1 8.2 90 0 0 0 0 0 0 0 0 0 
2013/11/06 8.2 8.25 8.16 8.16 32 0 0 0 0 0 0 0 0 0 
2013/11/07 8.16 8.2 8.16 8.2 20 0 0 0 0 0 0 0 0 0 
2013/11/08 8.3 8.77 8.2 8.77 487 0 0 0 0 0 0 0 0 0 
2013/11/11 9.38 9.38 9.38 9.38 438 0 0 0 0 0 0 0 0 0 
2013/11/12 10 10 10 10 262 0 0 0 0 0 0 0 0 0 
2013/11/13 10.7 10.7 10.7 10.7 326 0 0 0 0 0 0 0 0 0 
2013/11/14 11.4 11.4 10.5 10.95 3308 0 0 0 0 0 0 0 0 0 
2013/11/15 10.6 10.9 10.5 10.75 807 0 0 0 0 0 0 0 0 0 
2013/11/18 10.85 10.85 10 10 798 0 0 0 0 0 0 0 0 0 
2013/11/19 10 10 9.69 10 307 0 0 0 0 0 0 0 0 0 
2013/11/20 10 10.45 10 10.4 403 0 0 0 0 0 0 0 0 0 
2013/11/21 10.3 10.45 10 10.3 206 0 0 0 0 0 0 0 0 0 
2013/11/22 10.3 10.3 10 10.05 191 0 0 0 0 0 0 0 0 0 
2013/11/25 10.05 10.05 9.85 9.9 238 0 0 0 0 0 0 0 0 0 
2013/11/26 9.72 10.25 9.72 10.15 292 0 0 0 0 0 0 0 0 0 
2013/11/27 10.2 10.2 9.86 9.86 200 0 0 0 0 0 0 0 0 0 
2013/11/28 9.96 10.15 9.91 10.1 109 0 0 0 0 0 0 0 0 0 
2013/11/29 10.05 10.8 10.05 10.8 815 0 0 0 0 0 0 0 0 0 
2013/12/02 10.7 10.7 10.25 10.5 412 0 0 0 0 0 0 0 0 0 
2013/12/03 10.3 10.5 10.1 10.35 125 0 0 0 0 0 0 0 0 0 
2013/12/04 10.2 10.5 10.1 10.3 91 0 0 0 0 0 0 0 0 0 
2013/12/05 10.3 10.45 10.3 10.4 90 0 0 0 0 0 0 0 0 0 
2013/12/06 10.4 10.45 10.2 10.3 134 0 0 0 0 0 0 0 0 0 
2013/12/09 10.5 10.5 10 10.25 133 0 0 0 0 0 0 0 0 0 
2013/12/10 10.1 10.5 10.1 10.3 89 0 0 0 0 0 0 0 0 0 
2013/12/11 10.8 10.8 10.45 10.55 184 0 0 0 0 0 0 0 0 0 
2013/12/12 10.5 10.8 10.5 10.6 79 0 0 0 0 0 0 0 0 0 
2013/12/13 10.55 10.7 10.55 10.55 185 0 0 0 0 0 0 0 0 0 
2013/12/16 10.5 10.7 10.5 10.65 102 0 0 0 0 0 0 0 0 0 
2013/12/17 10.8 10.8 10.05 10.25 134 0 0 0 0 0 0 0 0 0 
2013/12/18 10.4 10.4 10.15 10.35 101 0 0 0 0 0 0 0 0 0 
2013/12/19 10.3 10.4 10.15 10.35 188 0 0 0 0 0 0 0 0 0 
2013/12/20 10.35 10.7 10.2 10.4 161 0 0 0 0 0 0 0 0 0 
2013/12/23 10.45 11 10.45 10.7 156 0 0 0 0 0 0 0 0 0 
2013/12/24 10.7 10.7 10.45 10.5 92 0 0 0 0 0 0 0 0 0 
2013/12/25 10.4 10.55 10.25 10.3 103 0 0 0 0 0 0 0 0 0 
2013/12/26 10.25 10.5 10.25 10.4 95 0 0 0 0 0 0 0 0 0 
2013/12/27 10.4 10.55 10.35 10.45 95 0 0 0 0 0 0 0 0 0 
2013/12/30 10.45 10.7 10.4 10.4 89 0 0 0 0 0 0 0 0 0 
2013/12/31 10.45 10.75 10.45 10.75 192 0 0 0 0 0 0 0 0 0 
2014/01/02 10.95 11.5 10.95 11.5 2073 0 0 0 0 0 0 0 0 0 
2014/01/03 11.45 11.45 10.7 10.7 1383 0 0 0 0 0 0 0 0 0 
2014/01/06 10.5 10.6 10.25 10.5 437 0 0 0 0 0 0 0 0 0 
2014/01/07 10.3 10.8 10.3 10.65 367 0 0 0 0 0 0 0 0 0 
2014/01/08 10.5 10.9 10.5 10.65 246 0 0 0 0 0 0 0 0 0 
2014/01/09 10.8 10.8 10.6 10.65 280 0 0 0 0 0 0 0 0 0 
2014/01/10 10.8 10.8 10.6 10.65 144 0 0 0 0 0 0 0 0 0 
2014/01/13 10.65 10.85 10.6 10.6 282 0 0 0 0 0 0 0 0 0 
2014/01/14 10.6 10.8 10.6 10.7 108 0 0 0 0 0 0 0 0 0 
2014/01/15 10.7 11 10.7 10.8 155 0 0 0 0 0 0 0 0 0 
2014/01/16 10.8 11.2 10.7 11 275 0 0 0 0 0 0 0 0 0 
2014/01/17 11 11.15 10.8 11.15 218 0 0 0 0 0 0 0 0 0 
2014/01/20 11.2 11.4 11 11 373 0 0 0 0 0 0 0 0 0 
2014/01/21 11.05 11.15 10.75 10.8 616 0 0 0 0 0 0 0 0 0 
2014/01/22 10.9 10.9 10.75 10.9 130 0 0 0 0 0 0 0 0 0 
2014/01/23 10.9 11 10.7 10.8 58 0 0 0 0 0 0 0 0 0 
2014/01/24 10.8 10.95 10.7 10.95 109 0 0 0 0 0 0 0 0 0 
2014/01/27 10.55 11 10.4 11 277 0 0 0 0 0 0 0 0 0 
2014/02/05 10.55 10.85 10.45 10.6 225 0 0 0 0 0 0 0 0 0 
2014/02/06 10.7 10.7 10.5 10.55 317 0 0 0 0 0 0 0 0 0 
2014/02/07 10.55 10.65 10.4 10.65 314 0 0 0 0 0 0 0 0 0 
2014/02/10 10.55 10.55 10.15 10.3 439 0 0 0 0 0 0 0 0 0 
2014/02/11 10.25 10.8 10.25 10.6 182 0 0 0 0 0 0 0 0 0 
2014/02/12 10.7 10.7 10.35 10.5 106 0 0 0 0 0 0 0 0 0 
2014/02/13 10.4 10.6 10.25 10.5 115 0 0 0 0 0 0 0 0 0 
2014/02/14 10.55 10.75 10.5 10.5 121 0 0 0 0 0 0 0 0 0 
2014/02/17 10.5 10.8 10.5 10.65 72 0 0 0 0 0 0 0 0 0 
2014/02/18 10.65 10.75 10.5 10.7 203 0 0 0 0 0 0 0 0 0 
2014/02/19 10.7 10.8 10.55 10.6 135 0 0 0 0 0 0 0 0 0 
2014/02/20 10.7 10.8 10.6 10.65 76 0 0 0 0 0 0 0 0 0 
2014/02/21 10.7 10.85 10.55 10.55 74 0 0 0 0 0 0 0 0 0 
2014/02/24 10.6 10.8 10.6 10.6 75 0 0 0 0 0 0 0 0 0 
2014/02/25 10.7 10.7 10.55 10.6 85 0 0 0 0 0 0 0 0 0 
2014/02/26 10.6 10.75 10.6 10.6 150 0 0 0 0 0 0 0 0 0 
2014/02/27 10.6 10.7 10.55 10.65 111 0 0 0 0 0 0 0 0 0 
2014/03/03 10.7 10.8 10.55 10.6 103 0 0 0 0 0 0 0 0 0 
2014/03/04 10.6 10.6 10.45 10.6 52 0 0 0 0 0 0 0 0 0 
2014/03/05 10.55 10.75 10.55 10.6 163 0 0 0 0 0 0 0 0 0 
2014/03/06 10.6 10.75 10.5 10.55 77 0 0 0 0 0 0 0 0 0 
2014/03/07 10.6 10.85 10.55 10.85 202 0 0 0 0 0 0 0 0 0 
2014/03/10 11 11.6 11 11.6 1967 0 0 0 0 0 0 0 0 0 
2014/03/11 11.55 11.55 10.8 11 1247 0 0 0 0 0 0 0 0 0 
2014/03/12 10.55 10.95 10.55 10.8 271 0 0 0 0 0 0 0 0 0 
2014/03/13 10.8 10.8 10.65 10.65 153 0 0 0 0 0 0 0 0 0 
2014/03/14 10.65 10.65 10.5 10.5 218 0 0 0 0 0 0 0 0 0 
2014/03/17 10.5 10.8 10.5 10.7 180 0 0 0 0 0 0 0 0 0 
2014/03/18 10.7 10.85 10.7 10.75 55 0 0 0 0 0 0 0 0 0 
2014/03/19 10.85 11 10.85 10.9 224 0 0 0 0 0 0 0 0 0 
2014/03/20 10.8 11 10.8 10.9 187 0 0 0 0 0 0 0 0 0 
2014/03/21 11 11.55 11 11.3 473 0 0 0 0 0 0 0 0 0 
2014/03/24 11.45 11.45 11 11.35 230 0 0 0 0 0 0 0 0 0 
2014/03/25 11.3 11.6 11.2 11.2 276 0 0 0 0 0 0 0 0 0 
2014/03/26 11.25 11.5 11.15 11.35 116 0 0 0 0 0 0 0 0 0 
2014/03/27 11.35 11.35 11.05 11.3 116 0 0 0 0 0 0 0 0 0 
2014/03/28 11.15 11.5 11.15 11.45 260 0 0 0 0 0 0 0 0 0 
2014/03/31 11.5 11.95 11.5 11.6 373 0 0 0 0 0 0 0 0 0 
2014/04/01 11.75 11.8 11.5 11.5 211 0 0 0 0 0 0 0 0 0 
2014/04/02 11.5 11.7 11.3 11.6 87 0 0 0 0 0 0 0 0 0 
2014/04/03 11.6 11.7 11.5 11.7 150 0 0 0 0 0 0 0 0 0 
2014/04/07 11.65 11.8 11.5 11.75 129 0 0 0 0 0 0 0 0 0 
2014/04/08 11.65 11.65 11.55 11.6 178 0 0 0 0 0 0 0 0 0 
2014/04/09 11.8 11.8 11.45 11.45 141 0 0 0 0 0 0 0 0 0 
2014/04/10 11.5 12.25 11.5 12.05 1137 0 0 0 0 0 0 0 0 0 
2014/04/11 12 12.1 11.5 12.05 366 0 0 0 0 0 0 0 0 0 
2014/04/14 12.05 12.45 11.75 11.9 191 0 0 0 0 0 0 0 0 0 
2014/04/15 12.4 12.4 11.85 11.9 122 0 0 0 0 0 0 0 0 0 
2014/04/16 11.9 12.1 11.5 12.05 125 0 0 0 0 0 0 0 0 0 
2014/04/17 12 12.1 11.8 12.1 106 0 0 0 0 0 0 0 0 0 
2014/04/18 12.1 12.15 11.85 11.95 123 0 0 0 0 0 0 0 0 0 
2014/04/21 12 12.7 11.95 12.55 380 0 0 0 0 0 0 0 0 0 
2014/04/22 12.55 13.4 12.55 12.85 1416 0 0 0 0 0 0 0 0 0 
2014/04/23 12.5 12.75 12 12.3 1507 0 0 0 0 0 0 0 0 0 
2014/04/24 12.3 12.3 11.5 12.3 530 0 0 0 0 0 0 0 0 0 
2014/04/25 12.2 12.2 11.7 11.95 261 0 0 0 0 0 0 0 0 0 
2014/04/28 11.85 12.1 11.7 12 76 0 0 0 0 0 0 0 0 0 
2014/04/29 11.85 12.05 11.8 12.05 56 0 0 0 0 0 0 0 0 0 
2014/04/30 12.1 12.1 11.85 11.85 90 0 0 0 0 0 0 0 0 0 
2014/05/02 11.9 12.35 11.9 12.35 187 0 0 0 0 0 0 0 0 0 
2014/05/05 12.35 12.9 12.25 12.75 130 0 0 0 0 0 0 0 0 0 
2014/05/06 12.75 13 12.5 12.6 100 0 0 0 0 0 0 0 0 0 
2014/05/07 12.55 12.7 12.4 12.65 89 0 0 0 0 0 0 0 0 0 
2014/05/08 12.55 12.8 12.5 12.5 112 0 0 0 0 0 0 0 0 0 
2014/05/09 12.55 12.6 12.4 12.45 103 0 0 0 0 0 0 0 0 0 
2014/05/12 12.2 12.45 11.6 12.45 216 0 0 0 0 0 0 0 0 0 
2014/05/13 11.8 12.15 11.8 11.9 48 0 0 0 0 0 0 0 0 0 
2014/05/14 11.9 11.9 11.3 11.65 163 0 0 0 0 0 0 0 0 0 
2014/05/15 11.65 11.8 11.4 11.8 48 0 0 0 0 0 0 0 0 0 
2014/05/16 11 11.55 11 11.5 318 0 0 0 0 0 0 0 0 0 
2014/05/19 11.45 11.7 11.1 11.45 40 0 0 0 0 0 0 0 0 0 
2014/05/20 11.15 11.5 11.15 11.35 78 0 0 0 0 0 0 0 0 0 
2014/05/21 11.3 11.45 11.25 11.3 32 0 0 0 0 0 0 0 0 0 
2014/05/22 11.25 11.5 11.1 11.3 205 0 0 0 0 0 0 0 0 0 
2014/05/23 11.35 11.5 11.15 11.35 71 0 0 0 0 0 0 0 0 0 
2014/05/26 11.4 11.5 11.2 11.3 71 0 0 0 0 0 0 0 0 0 
2014/05/27 11.1 11.35 11.1 11.3 65 0 0 0 0 0 0 0 0 0 
2014/05/28 11.15 11.15 11.05 11.1 65 0 0 0 0 0 0 0 0 0 
2014/05/29 11.1 11.3 11.05 11.1 128 0 0 0 0 0 0 0 0 0 
2014/05/30 11.2 11.25 11 11.15 168 0 0 0 0 0 0 0 0 0 
2014/06/03 11.25 11.3 11.05 11.05 110 0 0 0 0 0 0 0 0 0 
2014/06/04 11.05 11.5 11.05 11.3 50 0 0 0 0 0 0 0 0 0 
2014/06/05 11.3 11.3 11.15 11.2 48 0 0 0 0 0 0 0 0 0 
2014/06/06 11.25 11.25 10.85 11.1 170 0 0 0 0 0 0 0 0 0 
2014/06/09 11.1 11.1 10.75 10.9 80 0 0 0 0 0 0 0 0 0 
2014/06/10 10.9 11.15 10.8 10.9 105 0 0 0 0 0 0 0 0 0 
2014/06/11 11.1 11.65 11.05 11.55 247 0 0 0 0 0 0 0 0 0 
2014/06/12 11.7 11.9 11.4 11.45 61 0 0 0 0 0 0 0 0 0 
2014/06/13 11.5 12.15 11.3 11.8 105 0 0 0 0 0 0 0 0 0 
2014/06/16 11.8 12.1 11.65 11.9 29 0 0 0 0 0 0 0 0 0 
2014/06/17 11.9 12.15 11.9 12 38 0 0 0 0 0 0 0 0 0 
2014/06/18 11.7 11.95 11.5 11.5 63 0 0 0 0 0 0 0 0 0 
2014/06/19 11.4 11.6 11.4 11.6 59 0 0 0 0 0 0 0 0 0 
2014/06/20 11.5 11.6 11.35 11.6 20 0 0 0 0 0 0 0 0 0 
2014/06/23 11.3 11.35 11.25 11.35 19 0 0 0 0 0 0 0 0 0 
2014/06/24 11.35 11.9 11.2 11.55 121 0 0 0 0 0 0 0 0 0 
2014/06/25 11.5 11.5 11.1 11.35 15 0 0 0 0 0 0 0 0 0 
2014/06/26 11.35 11.5 11.3 11.3 47 0 0 0 0 0 0 0 0 0 
2014/06/27 11.2 11.7 11.2 11.6 57 0 0 0 0 0 0 0 0 0 
2014/06/30 11.4 11.55 11.3 11.35 82 0 0 0 0 0 0 0 0 0 
2014/07/01 11.35 11.5 11.25 11.25 91 0 0 0 0 0 0 0 0 0 
2014/07/02 11.2 12 11.2 11.7 399 0 0 0 0 0 0 0 0 0 
2014/07/03 11.65 12.5 11.5 12.35 520 0 0 0 0 0 0 0 0 0 
2014/07/04 12.3 12.3 11.65 11.8 160 0 0 0 0 0 0 0 0 0 
2014/07/07 11.75 11.75 11.1 11.65 89 0 0 0 0 0 0 0 0 0 
2014/07/08 11.3 11.45 11.15 11.15 150 0 0 0 0 0 0 0 0 0 
2014/07/09 11.2 11.45 11.2 11.3 31 0 0 0 0 0 0 0 0 0 
2014/07/10 11.2 11.45 11.2 11.3 60 0 0 0 0 0 0 0 0 0 
2014/07/11 11.3 11.35 11 11 70 0 0 0 0 0 0 0 0 0 
2014/07/14 11 11.2 11 11 58 0 0 0 0 0 0 0 0 0 
2014/07/15 11.1 11.2 11.05 11.15 64 0 0 0 0 0 0 0 0 0 
2014/07/16 11.1 11.2 10.9 11 55 0 0 0 0 0 0 0 0 0 
2014/07/17 11 11.05 10.8 10.9 83 0 0 0 0 0 0 0 0 0 
2014/07/18 10.9 11.1 10.85 10.95 15 0 0 0 0 0 0 0 0 0 
2014/07/21 11 11.15 10.6 10.9 32 0 0 0 0 0 0 0 0 0 
2014/07/22 11 11.15 10.75 10.95 47 0 0 0 0 0 0 0 0 0 
2014/07/24 10.9 10.9 10.7 10.7 73 0 0 0 0 0 0 0 0 0 
2014/07/25 10.75 10.85 9.96 10.3 165 0 0 0 0 0 0 0 0 0 
2014/07/28 10.2 10.55 10.2 10.4 32 0 0 0 0 0 0 0 0 0 
2014/07/29 10.4 10.6 10.35 10.6 46 0 0 0 0 0 0 0 0 0 
2014/07/30 10.6 10.85 10.4 10.8 31 0 0 0 0 0 0 0 0 0 
2014/07/31 10.75 10.95 10.6 10.9 41 0 0 0 0 0 0 0 0 0 
2014/08/01 10.9 11.15 10.5 10.85 15 0 0 0 0 0 0 0 0 0 
2014/08/04 10.85 10.95 10.6 10.85 25 0 0 0 0 0 0 0 0 0 
2014/08/05 10.65 10.65 10.4 10.4 53 0 0 0 0 0 0 0 0 0 
2014/08/06 10.45 10.8 10.4 10.8 32 0 0 0 0 0 0 0 0 0 
2014/08/07 10.75 10.8 10.55 10.55 12 0 0 0 0 0 0 0 0 0 
2014/08/08 10.8 10.8 10.5 10.5 35 0 0 0 0 0 0 0 0 0 
2014/08/11 10.6 10.8 10.4 10.8 18 0 0 0 0 0 0 0 0 0 
2014/08/12 10.5 10.5 10.45 10.45 10 0 0 0 0 0 0 0 0 0 
2014/08/13 10.05 10.2 9.96 10.15 161 0 0 0 0 0 0 0 0 0 
2014/08/14 10 10 9.68 9.7 165 0 0 0 0 0 0 0 0 0 
2014/08/15 9.7 9.88 9.61 9.64 87 0 0 0 0 0 0 0 0 0 
2014/08/18 9.56 9.64 9.56 9.57 19 0 0 0 0 0 0 0 0 0 
2014/08/19 9.68 10.1 9.68 9.9 27 0 0 0 0 0 0 0 0 0 
2014/08/20 9.9 9.9 9.66 9.66 18 0 0 0 0 0 0 0 0 0 
2014/08/21 9.65 9.65 9.6 9.6 2 0 0 0 0 0 0 0 0 0 
2014/08/22 9.58 9.91 9.58 9.91 35 0 0 0 0 0 0 0 0 0 
2014/08/25 9.9 9.9 9.9 9.9 4 0 0 0 0 0 0 0 0 0 
2014/08/26 10.1 10.1 9.9 10.05 5 0 0 0 0 0 0 0 0 0 
2014/08/27 10.15 10.25 10 10.25 24 0 0 0 0 0 0 0 0 0 
2014/08/28 10.25 10.25 10.25 10.25 3 0 0 0 0 0 0 0 0 0 
2014/08/29 10 10.95 10 10.95 249 0 0 0 0 0 0 0 0 0 
2014/09/01 10.95 10.95 10.8 10.95 64 0 0 0 0 0 0 0 0 0 
2014/09/02 10.75 10.75 10.55 10.55 26 0 0 0 0 0 0 0 0 0 
2014/09/03 10.5 10.55 10.5 10.55 10 0 0 0 0 0 0 0 0 0 
2014/09/04 10.25 10.8 10.25 10.55 10 0 0 0 0 0 0 0 0 0 
2014/09/05 10.9 10.9 10.7 10.9 5 0 0 0 0 0 0 0 0 0 
2014/09/09 11.65 11.65 11 11.25 372 0 0 0 0 0 0 0 0 0 
2014/09/10 10.75 11.05 10.5 10.65 69 0 0 0 0 0 0 0 0 0 
2014/09/11 10.65 10.8 10.55 10.6 40 0 0 0 0 0 0 0 0 0 
2014/09/12 10.35 10.55 10.35 10.35 66 0 0 0 0 0 0 0 0 0 
2014/09/15 10.25 10.5 10.25 10.5 43 0 0 0 0 0 0 0 0 0 
2014/09/16 10.5 10.5 10.25 10.35 30 0 0 0 0 0 0 0 0 0 
2014/09/17 10.35 10.4 10.35 10.4 25 0 0 0 0 0 0 0 0 0 
2014/09/18 10.4 10.8 10.4 10.4 19 0 0 0 0 0 0 0 0 0 
2014/09/19 10.4 10.4 10.25 10.25 14 0 0 0 0 0 0 0 0 0 
2014/09/22 10.25 10.4 10.05 10.3 73 0 0 0 0 0 0 0 0 0 
2014/09/23 10.3 10.3 10.15 10.15 43 0 0 0 0 0 0 0 0 0 
2014/09/24 10.2 10.75 10.15 10.35 41 0 0 0 0 0 0 0 0 0 
2014/09/25 10.35 10.35 10.2 10.2 8 0 0 0 0 0 0 0 0 0 
2014/09/26 10.1 10.2 9.96 10 137 0 0 0 0 0 0 0 0 0 
2014/09/29 10 10 10 10 8 0 0 0 0 0 0 0 0 0 
2014/09/30 9.98 10.35 9.98 10.2 48 0 0 0 0 0 0 0 0 0 
2014/10/01 10.2 10.2 10 10.2 8 0 0 0 0 0 0 0 0 0 
2014/10/02 9.93 10.1 9.75 10 272 0 0 0 0 0 0 0 0 0 
2014/10/03 9.83 9.96 9.76 9.82 107 0 0 0 0 0 0 0 0 0 
2014/10/06 9.85 9.85 9.81 9.81 28 0 0 0 0 0 0 0 0 0 
2014/10/07 9.8 9.8 9.65 9.66 166 0 0 0 0 0 0 0 0 0 
2014/10/08 9.63 10 9.63 9.8 52 0 0 0 0 0 0 0 0 0 
2014/10/09 9.76 9.77 9.76 9.76 8 0 0 0 0 0 0 0 0 0 
2014/10/13 9.31 9.68 9.31 9.32 68 0 0 0 0 0 0 0 0 0 
2014/10/14 9.32 9.32 9.25 9.25 74 0 0 0 0 0 0 0 0 0 
2014/10/15 9.25 9.31 8.61 9 92 0 0 0 0 0 0 0 0 0 
2014/10/16 8.99 9.35 8.99 9.35 33 0 0 0 0 0 0 0 0 0 
2014/10/17 9.16 9.4 9.02 9.4 54 0 0 0 0 0 0 0 0 0 
2014/10/20 9.58 9.7 9.3 9.3 28 0 0 0 0 0 0 0 0 0 
2014/10/21 9.3 9.4 9.16 9.4 23 0 0 0 0 0 0 0 0 0 
2014/10/22 9.56 9.56 9.4 9.4 89 0 0 0 0 0 0 0 0 0 
2014/10/23 9.03 9.99 9.03 9.53 114 0 0 0 0 0 0 0 0 0 
2014/10/24 9.77 9.91 9.53 9.53 81 0 0 0 0 0 0 0 0 0 
2014/10/27 9.37 9.89 9.35 9.75 28 0 0 0 0 0 0 0 0 0 
2014/10/28 9.84 9.9 9.74 9.75 22 0 0 0 0 0 0 0 0 0 
2014/10/29 9.37 9.88 9.37 9.88 22 0 0 0 0 0 0 0 0 0 
2014/10/30 10.15 10.2 10.1 10.1 124 0 0 0 0 0 0 0 0 0 
2014/10/31 10.15 10.25 10 10.15 23 0 0 0 0 0 0 0 0 0 
2014/11/03 10 10 9.81 9.95 25 0 0 0 0 0 0 0 0 0 
2014/11/04 9.82 10.3 9.82 10.2 30 0 0 0 0 0 0 0 0 0 
2014/11/05 10.15 10.35 10 10 8 0 0 0 0 0 0 0 0 0 
2014/11/06 10.25 10.4 10.2 10.2 85 0 0 0 0 0 0 0 0 0 
2014/11/07 10.2 10.2 10 10.2 20 0 0 0 0 0 0 0 0 0 
2014/11/10 10.35 10.35 10.2 10.3 10 0 0 0 0 0 0 0 0 0 
2014/11/11 10.5 11 10.5 11 744 0 0 0 0 0 0 0 0 0 
2014/11/12 11.2 11.2 10.5 11 86 0 0 0 0 0 0 0 0 0 
2014/11/13 11 11 10.4 10.75 54 0 0 0 0 0 0 0 0 0 
2014/11/14 10.45 10.8 10.35 10.5 19 0 0 0 0 0 0 0 0 0 
2014/11/17 9.81 9.92 9.81 9.91 13 0 0 0 0 0 0 0 0 0 
2014/11/18 9.8 9.81 9.8 9.81 35 0 0 0 0 0 0 0 0 0 
2014/11/19 9.53 10.2 9.53 10.2 21 0 0 0 0 0 0 0 0 0 
2014/11/20 10.2 10.5 10.1 10.15 32 0 0 0 0 0 0 0 0 0 
2014/11/21 10.4 10.4 10 10 18 0 0 0 0 0 0 0 0 0 
2014/11/24 9.77 10.25 9.77 10.1 53 0 0 0 0 0 0 0 0 0 
2014/11/25 10 10 9.92 9.92 19 0 0 0 0 0 0 0 0 0 
2014/11/26 10 10 10 10 53 0 0 0 0 0 0 0 0 0 
2014/11/27 10 10.05 10 10 12 0 0 0 0 0 0 0 0 0 
2014/11/28 10 10.3 10 10.3 16 0 0 0 0 0 0 0 0 0 
2014/12/01 10.25 10.45 10 10.4 33 0 0 0 0 0 0 0 0 0 
2014/12/02 10.65 10.65 10.1 10.15 6 0 0 0 0 0 0 0 0 0 
2014/12/03 9.93 10.15 9.93 10.15 12 0 0 0 0 0 0 0 0 0 
2014/12/04 10.3 10.7 10.3 10.6 365 0 0 0 0 0 0 0 0 0 
2014/12/05 10.05 10.8 10.05 10.8 28 0 0 0 0 0 0 0 0 0 
2014/12/08 10.6 10.6 10.35 10.35 6 0 0 0 0 0 0 0 0 0 
2014/12/09 10.1 10.4 10.1 10.4 51 0 0 0 0 0 0 0 0 0 
2014/12/10 10.4 10.4 10.2 10.2 13 0 0 0 0 0 0 0 0 0 
2014/12/11 10.4 10.55 10.2 10.2 12 0 0 0 0 0 0 0 0 0 
2014/12/12 10.5 10.5 10.2 10.2 33 0 0 0 0 0 0 0 0 0 
2014/12/15 10.7 10.7 10.25 10.4 8 0 0 0 0 0 0 0 0 0 
2014/12/16 10.4 10.65 10.05 10.6 30 0 0 0 0 0 0 0 0 0 
2014/12/17 10.6 10.6 10.35 10.35 7 0 0 0 0 0 0 0 0 0 
2014/12/18 10.45 10.75 10.4 10.6 9 0 0 0 0 0 0 0 0 0 
2014/12/19 10.3 10.45 9.88 10.45 34 0 0 0 0 0 0 0 0 0 
2014/12/22 9.95 10.2 9.95 10.2 4 0 0 0 0 0 0 0 0 0 
2014/12/23 10.2 10.5 10.2 10.45 377 0 0 0 0 0 0 0 0 0 
2014/12/24 10.7 10.7 10.05 10.55 47 0 0 0 0 0 0 0 0 0 
2014/12/25 10.1 10.45 10.1 10.45 12 0 0 0 0 0 0 0 0 0 
2014/12/26 10.45 10.45 10.2 10.45 7 0 0 0 0 0 0 0 0 0 
2014/12/27 10.45 10.5 10.1 10.1 48 0 0 0 0 0 0 0 0 0 
2014/12/29 10.3 10.4 10.2 10.2 13 0 0 0 0 0 0 0 0 0 
2014/12/30 10.2 10.5 10.2 10.3 45 0 0 0 0 0 0 0 0 0 
2014/12/31 10.3 10.7 10.3 10.7 56 0 0 0 0 0 0 0 0 0 
2015/01/05 10.5 10.5 10.2 10.45 69 0 0 0 0 0 0 0 0 0 
2015/01/06 10.3 10.45 10.2 10.45 17 0 0 0 0 0 0 0 0 0 
2015/01/07 10.3 10.4 10.3 10.3 6 0 0 0 0 0 0 0 0 0 
2015/01/08 10.5 10.5 10.35 10.35 10 0 0 0 0 0 0 0 0 0 
2015/01/09 10.35 10.4 10.35 10.35 26 0 0 0 0 0 0 0 0 0 
2015/01/12 10.3 10.9 10.3 10.55 99 0 0 0 0 0 0 0 0 0 
2015/01/13 10.55 10.85 10.55 10.55 37 0 0 0 0 0 0 0 0 0 
2015/01/14 10.5 10.9 10.5 10.55 12 0 0 0 0 0 0 0 0 0 
2015/01/15 10.8 10.8 10.35 10.35 17 0 0 0 0 0 0 0 0 0 
2015/01/16 10.3 10.45 10.3 10.35 27 0 0 0 0 0 0 0 0 0 
2015/01/19 10.4 10.5 10.4 10.45 5 0 0 0 0 0 0 0 0 0 
2015/01/20 10.55 10.55 10.3 10.3 10 0 0 0 0 0 0 0 0 0 
2015/01/21 10.35 10.5 10.3 10.3 36 0 0 0 0 0 0 0 0 0 
2015/01/22 10.3 10.5 10.2 10.2 24 0 0 0 0 0 0 0 0 0 
2015/01/23 10.2 10.8 10.2 10.5 76 0 0 0 0 0 0 0 0 0 
2015/01/26 10.35 10.4 10.35 10.35 14 0 0 0 0 0 0 0 0 0 
2015/01/27 10.3 10.5 10.25 10.25 28 0 0 0 0 0 0 0 0 0 
2015/01/28 10.25 10.25 10.2 10.2 31 0 0 0 0 0 0 0 0 0 
2015/01/29 10.15 10.35 10.15 10.25 13 0 0 0 0 0 0 0 0 0 
2015/01/30 10.25 10.25 10.15 10.25 8 0 0 0 0 0 0 0 0 0 
2015/02/02 10.25 10.3 10.05 10.3 86 0 0 0 0 0 0 0 0 0 
2015/02/03 10.3 10.3 10.3 10.3 0 0 0 0 0 0 0 0 0 0 
2015/02/04 10.1 10.55 10.1 10.55 43 0 0 0 0 0 0 0 0 0 
2015/02/05 10.5 10.5 10.45 10.45 4 0 0 0 0 0 0 0 0 0 
2015/02/06 10.4 10.4 10.4 10.4 0 0 0 0 0 0 0 0 0 0 
2015/02/09 9.91 10.4 9.91 10.25 8 0 0 0 0 0 0 0 0 0 
2015/02/10 10.25 10.35 10.1 10.3 20 0 0 0 0 0 0 0 0 0 
2015/02/11 10.05 10.1 10.05 10.05 53 0 0 0 0 0 0 0 0 0 
2015/02/12 10.2 10.2 10.1 10.1 7 0 0 0 0 0 0 0 0 0 
2015/02/13 10.25 10.65 10.25 10.65 92 0 0 0 0 0 0 0 0 0 
2015/02/24 10.65 10.65 10.2 10.5 8 0 0 0 0 0 0 0 0 0 
2015/02/25 10.2 10.2 10.15 10.15 22 0 0 0 0 0 0 0 0 0 
2015/02/26 10.2 10.25 10.2 10.25 7 0 0 0 0 0 0 0 0 0 
2015/03/02 10.2 10.2 10 10 35 0 0 0 0 0 0 0 0 0 
2015/03/03 10.2 10.2 9.99 10.05 10 0 0 0 0 0 0 0 0 0 
2015/03/04 10.15 10.15 10 10 18 0 0 0 0 0 0 0 0 0 
2015/03/05 10.05 10.05 10 10 16 0 0 0 0 0 0 0 0 0 
2015/03/06 9.93 10.3 9.93 10.3 27 0 0 0 0 0 0 0 0 0 
2015/03/09 10.3 10.35 10.1 10.3 11 0 0 0 0 0 0 0 0 0 
2015/03/10 10.3 10.3 10 10.3 19 0 0 0 0 0 0 0 0 0 
2015/03/11 10.3 10.3 10 10.2 31 0 0 0 0 0 0 0 0 0 
2015/03/12 10.2 10.2 10.2 10.2 0 0 0 0 0 0 0 0 0 0 
2015/03/13 10.2 10.2 10.2 10.2 2 0 0 0 0 0 0 0 0 0 
2015/03/16 10.2 10.2 10.05 10.05 9 0 0 0 0 0 0 0 0 0 
2015/03/17 10.05 10.05 9.9 9.9 18 0 0 0 0 0 0 0 0 0 
2015/03/18 9.81 10.1 9.81 9.9 34 0 0 0 0 0 0 0 0 0 
2015/03/19 10.05 10.15 10 10 17 0 0 0 0 0 0 0 0 0 
2015/03/20 10.1 10.1 10 10 18 0 0 0 0 0 0 0 0 0 
2015/03/23 9.92 10 9.9 10 12 0 0 0 0 0 0 0 0 0 
2015/03/24 10.15 10.15 9.9 9.9 3 0 0 0 0 0 0 0 0 0 
2015/03/25 9.84 10.05 9.82 10 18 0 0 0 0 0 0 0 0 0 
2015/03/26 10 10 9.8 10 17 0 0 0 0 0 0 0 0 0 
2015/03/27 10 10 9.98 10 29 0 0 0 0 0 0 0 0 0 
2015/03/30 9.86 9.99 9.85 9.86 24 0 0 0 0 0 0 0 0 0 
2015/03/31 9.85 9.9 9.85 9.9 14 0 0 0 0 0 0 0 0 0 
2015/04/01 9.9 9.9 9.73 9.73 16 0 0 0 0 0 0 0 0 0 
2015/04/02 9.6 9.96 9.6 9.96 8 0 0 0 0 0 0 0 0 0 
2015/04/07 9.92 9.92 9.67 9.67 30 0 0 0 0 0 0 0 0 0 
2015/04/08 9.65 9.91 9.65 9.91 12 0 0 0 0 0 0 0 0 0 
2015/04/09 9.8 9.9 9.8 9.8 12 0 0 0 0 0 0 0 0 0 
2015/04/10 9.75 9.89 9.75 9.89 5 0 0 0 0 0 0 0 0 0 
2015/04/13 9.22 9.8 9.22 9.77 8 0 0 0 0 0 0 0 0 0 
2015/04/14 9.09 9.74 9.09 9.5 22 0 0 0 0 0 0 0 0 0 
2015/04/15 9.5 9.5 9.2 9.49 30 0 0 0 0 0 0 0 0 0 
2015/04/16 9.16 9.66 9.16 9.16 21 0 0 0 0 0 0 0 0 0 
2015/04/17 9.11 9.39 9.11 9.39 38 0 0 0 0 0 0 0 0 0 
2015/04/20 9.6 9.6 9.17 9.56 11 0 0 0 0 0 0 0 0 0 
2015/04/21 9.87 9.87 9.77 9.77 12 0 0 0 0 0 0 0 0 0 
2015/04/22 9.35 9.35 9.35 9.35 4 0 0 0 0 0 0 0 0 0 
2015/04/23 9.21 9.36 9 9.36 20 0 0 0 0 0 0 0 0 0 
2015/04/24 9.34 9.59 9.34 9.54 26 0 0 0 0 0 0 0 0 0 
2015/04/27 9.82 10 9.67 9.7 23 0 0 0 0 0 0 0 0 0 
2015/04/28 9.98 10 9.9 9.9 18 0 0 0 0 0 0 0 0 0 
2015/04/29 9.98 10.05 9.8 9.95 36 0 0 0 0 0 0 0 0 0 
2015/04/30 10 10 9.98 9.99 14 0 0 0 0 0 0 0 0 0 
2015/05/04 10 10 10 10 1 0 0 0 0 0 0 0 0 0 
2015/05/05 9.8 9.8 9.65 9.68 8 0 0 0 0 0 0 0 0 0 
2015/05/06 9.68 9.96 9.68 9.96 46 0 0 0 0 0 0 0 0 0 
2015/05/07 9.96 9.99 9.65 9.96 25 0 0 0 0 0 0 0 0 0 
2015/05/08 10 10.05 9.9 10.05 19 0 0 0 0 0 0 0 0 0 
2015/05/11 10.05 10.3 10 10 58 0 0 0 0 0 0 0 0 0 
2015/05/12 10 10.15 9.7 9.99 21 0 0 0 0 0 0 0 0 0 
2015/05/13 10.1 10.1 10.1 10.1 3 0 0 0 0 0 0 0 0 0 
2015/05/14 10.1 10.1 9.9 9.9 3 0 0 0 0 0 0 0 0 0 
2015/05/15 10.05 10.05 10.05 10.05 3 0 0 0 0 0 0 0 0 0 
2015/05/18 9.82 9.99 9.42 9.98 19 0 0 0 0 0 0 0 0 0 
2015/05/19 9.98 9.98 9.46 9.86 15 0 0 0 0 0 0 0 0 0 
2015/05/20 9.22 9.83 9.22 9.35 27 0 0 0 0 0 0 0 0 0 
2015/05/21 9.14 9.48 9.14 9.18 19 0 0 0 0 0 0 0 0 0 
2015/05/22 9.1 9.14 9 9 23 0 0 0 0 0 0 0 0 0 
2015/05/25 9 9 8.65 8.68 31 0 0 0 0 0 0 0 0 0 
2015/05/26 8.5 8.88 8.5 8.88 10 0 0 0 0 0 0 0 0 0 
2015/05/27 8.79 9.24 8.7 8.72 28 0 0 0 0 0 0 0 0 0 
2015/05/28 8.5 9.1 8.5 8.61 15 0 0 0 0 0 0 0 0 0 
2015/05/29 8.5 8.55 8.32 8.5 36 0 0 0 0 0 0 0 0 0 
2015/06/01 8.68 8.9 8.53 8.78 13 0 0 0 0 0 0 0 0 0 
2015/06/02 8.65 9.25 8.63 9.25 55 0 0 0 0 0 0 0 0 0 
2015/06/03 9.09 9.09 8.73 8.74 13 0 0 0 0 0 0 0 0 0 
2015/06/04 8.67 9.17 8 8 39 0 0 0 0 0 0 0 0 0 
2015/06/05 8.4 8.4 7.55 7.55 97 0 0 0 0 0 0 0 0 0 
2015/06/08 7.41 7.65 7.22 7.22 44 0 0 0 0 0 0 0 0 0 
2015/06/09 7.54 7.54 7.31 7.33 38 0 0 0 0 0 0 0 0 0 
2015/06/10 7.58 7.58 7.38 7.54 12 0 0 0 0 0 0 0 0 0 
2015/06/11 7.4 7.4 7 7.21 44 0 0 0 0 0 0 0 0 0 
2015/06/12 7.19 7.2 7.02 7.02 31 0 0 0 0 0 0 0 0 0 
2015/06/15 7.03 7.04 7.02 7.02 10 0 0 0 0 0 0 0 0 0 
2015/06/16 6.85 7.2 6.85 7.1 23 0 0 0 0 0 0 0 0 0 
2015/06/17 7 7 6.76 6.84 122 0 0 0 0 0 0 0 0 0 
2015/06/18 6.88 7.51 6.88 7.13 106 0 0 0 0 0 0 0 0 0 
2015/06/22 6.81 7.5 6.81 7.12 21 0 0 0 0 0 0 0 0 0 
2015/06/23 7.12 7.4 7.01 7.01 61 0 0 0 0 0 0 0 0 0 
2015/06/24 7.01 7.24 7.01 7.24 22 0 0 0 0 0 0 0 0 0 
2015/06/25 7.08 7.3 7.08 7.2 15 0 0 0 0 0 0 0 0 0 
2015/06/26 7.2 7.51 7.2 7.51 36 0 0 0 0 0 0 0 0 0 
2015/06/29 7.8 7.8 7.23 7.5 34 0 0 0 0 0 0 0 0 0 
2015/06/30 7.45 7.75 7.45 7.45 15 0 0 0 0 0 0 0 0 0 
2015/07/01 7.7 7.7 7.7 7.7 1 0 0 0 0 0 0 0 0 0 
2015/07/02 7.68 8 7.68 7.7 13 0 0 0 0 0 0 0 0 0 
2015/07/03 7.68 8 7.4 8 43 0 0 0 0 0 0 0 0 0 
2015/07/06 8.05 8.69 8.05 8.1 10 0 0 0 0 0 0 0 0 0 
2015/07/07 8 8.67 8 8.67 13 0 0 0 0 0 0 0 0 0 
2015/07/08 8.65 9.23 8.65 9 36 0 0 0 0 0 0 0 0 0 
2015/07/09 9.25 9.35 8.95 8.95 66 0 0 0 0 0 0 0 0 0 
2015/07/13 9.15 9.37 9.04 9.04 3 0 0 0 0 0 0 0 0 0 
2015/07/14 8.94 9.3 8.94 9.3 35 0 0 0 0 0 0 0 0 0 
2015/07/15 9.74 9.74 9.01 9.01 2 0 0 0 0 0 0 0 0 0 
2015/07/16 9.74 9.74 9.64 9.64 2 0 0 0 0 0 0 0 0 0 
2015/07/17 9.02 9.7 9.02 9.5 29 0 0 0 0 0 0 0 0 0 
2015/07/20 9.87 9.87 9.3 9.31 30 0 0 0 0 0 0 0 0 0 
2015/07/21 9.75 9.75 9.3 9.3 22 0 0 0 0 0 0 0 0 0 
2015/07/22 9.6 9.6 9.6 9.6 1 0 0 0 0 0 0 0 0 0 
2015/07/23 9.88 9.88 9.64 9.85 13 0 0 0 0 0 0 0 0 0 
2015/07/24 9.99 9.99 8.95 8.95 4 0 0 0 0 0 0 0 0 0 
2015/07/27 9 9.4 8.97 8.99 66 0 0 0 0 0 0 0 0 0 
2015/07/28 9.3 9.69 9.29 9.5 17 0 0 0 0 0 0 0 0 0 
2015/07/29 9.84 9.84 8.97 8.97 17 0 0 0 0 0 0 0 0 0 
2015/07/30 9.35 9.35 8.88 9 42 0 0 0 0 0 0 0 0 0 
2015/07/31 9.15 9.15 9.15 9.15 1 0 0 0 0 0 0 0 0 0 
2015/08/03 8.99 9 8.79 9 12 0 0 0 0 0 0 0 0 0 
2015/08/04 8.1 9 8.1 9 17 0 0 0 0 0 0 0 0 0 
2015/08/05 8.64 8.98 8.64 8.98 6 0 0 0 0 0 0 0 0 0 
2015/08/06 8.96 8.96 8.96 8.96 0 0 0 0 0 0 0 0 0 0 
2015/08/07 9 9.3 9 9.14 9 0 0 0 0 0 0 0 0 0 
2015/08/10 8.23 9.1 8.23 8.95 28 0 0 0 0 0 0 0 0 0 
2015/08/11 8.5 9.68 8.5 9.68 74 0 0 0 0 0 0 0 0 0 
2015/08/12 9.01 9.59 9.01 9.54 3 0 0 0 0 0 0 0 0 0 
2015/08/13 9.49 10 9.49 9.91 20 0 0 0 0 0 0 0 0 0 
2015/08/14 9.55 10.4 9.4 10.05 23 0 0 0 0 0 0 0 0 0 
2015/08/17 10.1 10.1 10.05 10.05 6 0 0 0 0 0 0 0 0 0 
2015/08/18 9.61 9.95 9.25 9.57 5 0 0 0 0 0 0 0 0 0 
2015/08/19 9.7 9.7 8.65 8.68 41 0 0 0 0 0 0 0 0 0 
2015/08/20 7.9 9 7.9 9 6 0 0 0 0 0 0 0 0 0 
2015/08/21 9.15 9.15 8.21 8.21 16 0 0 0 0 0 0 0 0 0 
2015/08/24 7.62 8.1 7.39 7.97 55 0 0 0 0 0 0 0 0 0 
2015/08/25 7.82 8.76 7.55 8.76 47 0 0 0 0 0 0 0 0 0 
2015/08/26 8 9.1 8 9.1 2 0 0 0 0 0 0 0 0 0 
2015/08/27 9.47 9.47 8.5 8.56 14 0 0 0 0 0 0 0 0 0 
2015/08/28 8.83 8.83 8.3 8.3 2 0 0 0 0 0 0 0 0 0 
2015/08/31 8.61 8.7 8.3 8.7 5 0 0 0 0 0 0 0 0 0 
2015/09/01 9.05 9.05 8.12 8.79 5 0 0 0 0 0 0 0 0 0 
2015/09/02 8.52 9 8.18 8.93 10 0 0 0 0 0 0 0 0 0 
2015/09/03 8.66 8.88 8.27 8.88 17 0 0 0 0 0 0 0 0 0 
2015/09/04 8.4 8.7 8.31 8.7 11 0 0 0 0 0 0 0 0 0 
2015/09/07 8.5 8.5 8.5 8.5 7 0 0 0 0 0 0 0 0 0 
2015/09/08 8.6 8.7 8.6 8.7 6 0 0 0 0 0 0 0 0 0 
2015/09/09 8.7 8.7 8.7 8.7 8 0 0 0 0 0 0 0 0 0 
2015/09/10 9.01 9.01 9.01 9.01 1 0 0 0 0 0 0 0 0 0 
2015/09/11 8.73 8.92 8.36 8.92 29 0 0 0 0 0 0 0 0 0 
2015/09/14 8.66 8.9 8.18 8.9 8 0 0 0 0 0 0 0 0 0 
2015/09/15 8.83 8.83 8.83 8.83 1 0 0 0 0 0 0 0 0 0 
2015/09/16 9.08 9.08 8.33 8.33 2 0 0 0 0 0 0 0 0 0 
2015/09/17 8.5 9.09 8.5 8.58 16 0 0 0 0 0 0 0 0 0 
2015/09/18 8.58 8.58 8.57 8.57 2 0 0 0 0 0 0 0 0 0 
2015/09/21 9.08 9.08 8.58 8.58 2 0 0 0 0 0 0 0 0 0 
2015/09/22 8.49 8.49 8.29 8.48 6 0 0 0 0 0 0 0 0 0 
2015/09/23 8.47 8.47 8.01 8.25 15 0 0 0 0 0 0 0 0 0 
2015/09/24 8.77 8.77 8.77 8.77 1 0 0 0 0 0 0 0 0 0 
2015/09/25 8.67 8.67 8.67 8.67 1 0 0 0 0 0 0 0 0 0 
2015/09/30 8.66 8.66 8.66 8.66 0 0 0 0 0 0 0 0 0 0 
2015/10/01 8.21 8.49 8.2 8.49 8 0 0 0 0 0 0 0 0 0 
2015/10/02 8.2 8.45 8.2 8.45 4 0 0 0 0 0 0 0 0 0 
2015/10/05 8.44 8.55 8.44 8.55 2 0 0 0 0 0 0 0 0 0 
2015/10/06 8.23 8.23 8.23 8.23 1 0 0 0 0 0 0 0 0 0 
2015/10/07 8.26 8.26 8.25 8.26 8 0 0 0 0 0 0 0 0 0 
2015/10/08 8.26 8.45 8 8.4 14 0 0 0 0 0 0 0 0 0 
2015/10/12 8.35 8.75 8.35 8.75 11 0 0 0 0 0 0 0 0 0 
2015/10/13 8.13 8.73 8.13 8.73 3 0 0 0 0 0 0 0 0 0 
2015/10/14 8.21 8.45 8.21 8.45 2 0 0 0 0 0 0 0 0 0 
2015/10/15 8.22 8.23 8.21 8.21 27 0 0 0 0 0 0 0 0 0 
2015/10/16 8.21 8.21 8.21 8.21 55 0 0 0 0 0 0 0 0 0 
2015/10/19 8.15 8.15 8.15 8.15 1 0 0 0 0 0 0 0 0 0 
2015/10/20 8.28 8.29 8.16 8.16 13 0 0 0 0 0 0 0 0 0 
2015/10/21 8.16 8.16 8.03 8.03 3 0 0 0 0 0 0 0 0 0 
2015/10/22 8.08 8.08 8.08 8.08 2 0 0 0 0 0 0 0 0 0 
2015/10/23 8.08 8.08 8.08 8.08 0 0 0 0 0 0 0 0 0 0 
2015/10/26 8.06 8.06 8.06 8.06 4 0 0 0 0 0 0 0 0 0 
2015/10/27 8.06 8.06 8.06 8.06 0 0 0 0 0 0 0 0 0 0 
2015/10/28 7.95 8.05 7.95 8.05 10 0 0 0 0 0 0 0 0 0 
2015/10/29 8.04 8.04 7.95 7.95 3 0 0 0 0 0 0 0 0 0 
2015/10/30 7.81 7.95 7.81 7.94 10 0 0 0 0 0 0 0 0 0 
2015/11/02 8.18 8.18 8.18 8.18 2 0 0 0 0 0 0 0 0 0 
2015/11/03 7.96 8.19 7.96 8.18 7 0 0 0 0 0 0 0 0 0 
2015/11/04 7.96 8.16 7.95 8.1 24 0 0 0 0 0 0 0 0 0 
2015/11/05 8.18 8.18 8.18 8.18 1 0 0 0 0 0 0 0 0 0 
2015/11/06 8.23 8.23 8.05 8.05 3 0 0 0 0 0 0 0 0 0 
2015/11/09 8.05 8.1 8.05 8.1 7 0 0 0 0 0 0 0 0 0 
2015/11/10 8.13 8.15 8.12 8.15 6 0 0 0 0 0 0 0 0 0 
2015/11/11 8.18 8.21 7.97 7.97 11 0 0 0 0 0 0 0 0 0 
2015/11/12 8.21 8.21 7.97 8.15 3 0 0 0 0 0 0 0 0 0 
2015/11/13 7.97 8.13 7.97 8.13 3 0 0 0 0 0 0 0 0 0 
2015/11/16 8.24 8.24 7.75 7.75 4 0 0 0 0 0 0 0 0 0 
2015/11/17 7.91 8 7.9 8 5 0 0 0 0 0 0 0 0 0 
2015/11/18 7.9 7.93 7.52 7.93 8 0 0 0 0 0 0 0 0 0 
2015/11/19 7.7 8.05 7.61 8.05 20 0 0 0 0 0 0 0 0 0 
2015/11/20 8.25 8.25 7.91 8.14 5 0 0 0 0 0 0 0 0 0 
2015/11/23 8.22 8.22 7.85 8.1 7 0 0 0 0 0 0 0 0 0 
2015/11/24 7.9 7.9 7.85 7.89 13 0 0 0 0 0 0 0 0 0 
2015/11/25 7.75 7.82 7.58 7.58 6 0 0 0 0 0 0 0 0 0 
2015/11/26 7.58 7.79 7.1 7.75 21 0 0 0 0 0 0 0 0 0 
2015/11/27 7.21 7.3 7.21 7.3 4 0 0 0 0 0 0 0 0 0 
2015/11/30 7.3 7.3 7.3 7.3 0 0 0 0 0 0 0 0 0 0 
2015/12/01 7.9 7.9 7.9 7.9 1 0 0 0 0 0 0 0 0 0 
2015/12/02 7.85 7.85 7.85 7.85 0 0 0 0 0 0 0 0 0 0 
2015/12/03 7.5 7.85 7.5 7.85 8 0 0 0 0 0 0 0 0 0 
2015/12/04 7.89 7.89 7.89 7.89 2 0 0 0 0 0 0 0 0 0 
2015/12/07 7.9 8.15 7.9 8.09 21 0 0 0 0 0 0 0 0 0 
2015/12/08 8.08 8.08 7.9 7.9 8 0 0 0 0 0 0 0 0 0 
2015/12/09 7.3 7.9 7.16 7.9 42 0 0 0 0 0 0 0 0 0 
2015/12/10 7.32 7.32 7.32 7.32 4 0 0 0 0 0 0 0 0 0 
2015/12/11 7.74 7.74 7.33 7.33 6 0 0 0 0 0 0 0 0 0 
2015/12/14 7.73 7.73 7.73 7.73 1 0 0 0 0 0 0 0 0 0 
2015/12/15 7.63 7.63 7.63 7.63 1 0 0 0 0 0 0 0 0 0 
2015/12/16 7.32 7.55 7.32 7.55 4 0 0 0 0 0 0 0 0 0 
2015/12/17 7.31 7.6 7.31 7.6 3 0 0 0 0 0 0 0 0 0 
2015/12/18 7.45 7.45 7.45 7.45 0 0 0 0 0 0 0 0 0 0 
2015/12/21 7.49 7.5 7.49 7.5 5 0 0 0 0 0 0 0 0 0 
2015/12/22 7.5 7.5 7.5 7.5 2 0 0 0 0 0 0 0 0 0 
2015/12/23 7.5 7.5 7.5 7.5 1 0 0 0 0 0 0 0 0 0 
2015/12/24 7.4 7.9 7.4 7.9 6 0 0 0 0 0 0 0 0 0 
2015/12/25 8.6 8.6 7.61 7.95 8 0 0 0 0 0 0 0 0 0 
2015/12/28 7.49 7.83 7.49 7.83 2 0 0 0 0 0 0 0 0 0 
2015/12/29 7.98 7.98 7.83 7.83 2 0 0 0 0 0 0 0 0 0 
2015/12/30 7.45 7.6 7.45 7.5 18 0 0 0 0 0 0 0 0 0 
2015/12/31 7.3 7.69 7.3 7.69 22 0 0 0 0 0 0 0 0 0 
2016/01/04 7.36 7.36 7.3 7.3 7 0 0 0 0 0 0 0 0 0 
2016/01/05 7.47 7.47 7.15 7.35 6 0 0 0 0 0 0 0 0 0 
2016/01/06 7.35 7.35 7.07 7.32 4 0 0 0 0 0 0 0 0 0 
2016/01/07 7.27 7.3 7.24 7.3 7 0 0 0 0 0 0 0 0 0 
2016/01/08 7.33 7.33 7.05 7.29 18 0 0 0 0 0 0 0 0 0 
2016/01/11 7.2 7.32 7.2 7.29 31 0 0 0 0 0 0 0 0 0 
2016/01/12 7.29 7.29 7.29 7.29 0 0 0 0 0 0 0 0 0 0 
2016/01/13 7.15 7.32 7.15 7.32 8 0 0 0 0 0 0 0 0 0 
2016/01/14 7.32 7.32 7.16 7.16 4 0 0 0 0 0 0 0 0 0 
2016/01/15 7.28 7.28 7.15 7.15 3 0 0 0 0 0 0 0 0 0 
2016/01/18 7.27 7.86 7.27 7.3 27 0 0 0 0 0 0 0 0 0 
2016/01/19 7.82 7.82 7.82 7.82 1 0 0 0 0 0 0 0 0 0 
2016/01/20 8.15 8.15 7.32 7.8 7 0 0 0 0 0 0 0 0 0 
2016/01/21 7.23 7.8 7.23 7.8 35 0 0 0 0 0 0 0 0 0 
2016/01/22 8.05 8.05 8.05 8.05 1 0 0 0 0 0 0 0 0 0 
2016/01/25 8.1 8.1 8.1 8.1 1 0 0 0 0 0 0 0 0 0 
2016/01/26 7.83 7.83 7.83 7.83 0 0 0 0 0 0 0 0 0 0 
2016/01/27 7.52 7.52 7.52 7.52 1 0 0 0 0 0 0 0 0 0 
2016/01/28 7.9 7.9 7.9 7.9 1 0 0 0 0 0 0 0 0 0 
2016/01/29 8.04 8.04 7.84 7.84 3 0 0 0 0 0 0 0 0 0 
2016/01/30 7.5 7.75 7.5 7.75 4 0 0 0 0 0 0 0 0 0 
2016/02/01 8.11 8.11 7.6 8.06 8 0 0 0 0 0 0 0 0 0 
2016/02/02 8.03 8.2 7.75 8.2 43 0 0 0 0 0 0 0 0 0 
2016/02/03 8.14 8.16 7.85 8.16 7 0 0 0 0 0 0 0 0 0 
2016/02/15 8.18 8.18 7.66 8.17 11 0 0 0 0 0 0 0 0 0 
2016/02/16 8.12 8.16 7.87 8.12 21 0 0 0 0 0 0 0 0 0 
2016/02/17 8.12 8.12 8.08 8.08 16 0 0 0 0 0 0 0 0 0 
2016/02/18 7.82 7.82 7.82 7.82 3 0 0 0 0 0 0 0 0 0 
2016/02/19 7.94 7.94 7.94 7.94 2 0 0 0 0 0 0 0 0 0 
2016/02/22 8.14 8.14 7.83 8.02 16 0 0 13363 0 0 13363 0 0 0 
2016/02/23 8 8.01 8 8.01 3 0 0 13363 0 0 13363 0 0 0 
2016/02/24 8 8 8 8 1 0 0 13363 0 0 13363 0 0 0 
2016/02/25 8.07 8.07 8.07 8.07 2 0 0 13363 0 0 13363 0 0 0 
2016/02/26 8.07 8.08 8.07 8.08 10 0 0 13363 0 0 13363 0 0 0 
2016/03/01 8.08 8.08 8.08 8.08 2 0 0 13363 0 0 13363 0 0 0 
2016/03/02 8.08 8.08 8.08 8.08 7 0 0 13363 0 0 13363 0 0 0 
2016/03/03 8.15 8.15 7.65 8 6 0 0 13363 0 0 13363 0 0 0 
2016/03/04 7.76 7.76 7.76 7.76 1 0 0 13363 0 0 13363 0 0 0 
2016/03/07 8.04 8.04 7.57 7.99 42 0 0 13367 0 0 13367 0 0 0 
2016/03/08 7.7 8 7.48 8 49 0 0 13369 0 0 13369 0 0 0 
2016/03/09 7.92 8.1 7.53 7.85 165 0 0 13368 0 0 13368 0 0 0 
2016/03/10 7.89 7.89 7.89 7.89 14 0 0 13368 0 0 13368 0 0 0 
2016/03/11 7.66 7.99 7.66 7.99 11 0 0 13371 0 0 13371 0 0 0 
2016/03/14 8 8.39 7.95 8.35 551 0 0 13056 0 0 13056 0 0 0 
2016/03/15 8.35 8.43 8.25 8.4 57 0 0 13056 0 0 13056 0 0 0 
2016/03/16 8.4 8.9 8.25 8.55 582 0 0 12722 0 0 12722 0 0 0 
2016/03/17 8.5 8.5 8.3 8.49 41 0 0 12722 0 0 12722 0 0 0 
2016/03/18 8.6 8.6 8.25 8.4 15 0 0 12722 0 0 12722 0 0 0 
2016/03/21 8.41 8.99 8.15 8.99 557 0 0 12215 0 0 12215 0 0 0 
2016/03/22 9.1 9.1 8.4 8.4 90 0 0 12215 0 1 12216 0 0 0 
2016/03/23 8.4 8.6 8.4 8.41 15 0 0 12213 0 1 12214 0 0 0 
2016/03/24 8.4 8.45 8.4 8.45 4 0 0 12213 0 1 12214 0 0 0 
2016/03/25 7.85 8.48 7.85 8.48 16 0 0 12213 0 1 12214 0 0 0 
2016/03/28 8.11 8.49 7.9 8.45 62 0 0 12213 0 0 12213 0 0 0 
2016/03/29 8.38 8.45 8.38 8.45 135 0 0 12175 0 0 12175 0 0 0 
2016/03/30 8.12 8.4 8.12 8.4 111 0 0 12075 0 0 12075 0 0 0 
2016/03/31 8.4 8.4 8.2 8.4 103 0 0 11976 0 0 11976 0 0 0 
2016/04/01 8.38 8.4 8.2 8.39 156 0 0 11842 0 0 11842 0 0 0 
2016/04/06 8.38 8.48 8.08 8.14 221 0 0 11638 0 0 11638 0 0 0 
2016/04/07 8.13 8.2 8.1 8.1 220 0 0 11432 0 0 11432 0 0 0 
2016/04/08 8.29 8.29 8.05 8.19 216 0 0 11232 0 0 11232 0 0 0 
2016/04/11 8.19 8.2 8.05 8.19 340 0 0 10927 0 1 10928 0 0 0 
2016/04/12 8.05 8.19 8.05 8.18 331 0 0 10622 0 0 10622 0 0 0 
2016/04/13 8.18 8.8 7.95 8.79 107 0 0 10621 0 0 10621 0 0 0 
2016/04/14 8.77 9.26 8.77 8.83 101 0 0 10619 0 0 10619 0 0 0 
2016/04/15 8.86 9.55 8.86 8.99 50 0 0 10619 0 3 10622 0 0 0 
2016/04/18 9.15 9.35 9.15 9.16 70 0 0 10619 0 0 10619 0 0 0 
2016/04/19 9.2 9.25 8.9 9.24 90 0 0 10586 0 0 10586 0 0 0 
2016/04/20 9.2 9.25 9 9.04 48 0 0 10581 0 0 10581 0 0 0 
2016/04/21 9 9 8.85 8.85 103 0 0 10544 0 0 10544 0 0 0 
2016/04/22 8.55 8.55 8.54 8.54 6 0 0 10544 0 0 10544 0 0 0 
2016/04/25 8.24 8.6 8.24 8.6 12 0 0 10553 0 0 10553 0 0 0 
2016/04/26 8.58 8.85 8.38 8.85 22 0 0 10559 0 1 10560 0 0 0 
2016/04/27 8.51 8.89 8.51 8.77 32 0 0 10558 0 0 10558 0 0 0 
2016/04/28 8.77 8.77 8.77 8.77 51 0 0 10558 0 0 10558 0 0 0 
2016/04/29 8.51 8.7 8.51 8.7 25 0 0 10556 0 0 10556 0 0 0 
2016/05/03 8.36 8.36 8.36 8.36 12 0 0 10556 0 0 10556 0 0 0 
2016/05/04 8.36 8.6 8.15 8.6 22 0 0 10556 0 0 10556 0 0 0 
2016/05/05 8.6 8.89 8.6 8.89 17 0 0 10556 0 2 10558 0 0 0 
2016/05/06 9.14 9.14 8.98 8.98 3 0 0 10556 0 2 10558 0 0 0 
2016/05/09 8.11 8.99 8.11 8.98 22 0 0 10556 0 1 10557 0 0 0 
2016/05/10 8.64 9 8.42 8.42 25 0 0 10561 0 2 10563 0 0 0 
2016/05/11 8.6 8.9 8.43 8.61 8 0 0 10561 0 1 10562 0 0 0 
2016/05/12 9.35 9.35 8.53 8.97 12 0 0 10561 0 1 10562 0 0 0 
2016/05/13 9.17 9.17 8.56 8.95 6 0 0 10565 0 1 10566 0 0 0 
2016/05/16 9.17 9.17 8.93 8.93 2 0 0 10566 0 0 10566 0 0 0 
2016/05/17 9.21 9.21 8.98 8.98 13 0 0 10559 0 0 10559 0 0 0 
2016/05/18 9.25 9.25 9.25 9.25 1 0 0 10559 0 0 10559 0 0 0 
2016/05/19 9.2 9.2 9.1 9.1 6 0 0 10559 0 0 10559 0 0 0 
2016/05/20 8.59 9.03 8.59 9.03 4 0 0 10560 0 0 10560 0 0 0 
2016/05/23 8.6 8.6 8.6 8.6 1 0 0 10560 0 0 10560 0 0 0 
2016/05/24 8.52 8.52 8.5 8.5 4 0 0 10559 0 0 10559 0 0 0 
2016/05/25 8.63 8.63 8.34 8.34 11 0 0 10559 0 0 10559 0 0 0 
2016/05/26 8.27 8.27 8.27 8.27 1 0 0 10559 0 0 10559 0 0 0 
2016/05/27 8.56 8.56 8.25 8.25 5 0 0 10561 0 0 10561 0 0 0 
2016/05/30 8.52 8.95 8.21 8.95 17 0 0 10561 0 0 10561 0 0 0 
2016/05/31 8.91 8.99 8.69 8.99 37 0 0 10561 0 0 10561 0 0 0 
2016/06/01 8.95 9.25 8.95 9 9 0 0 10561 0 0 10561 0 0 0 
2016/06/02 8.71 9.1 8.71 9.1 13 0 0 10562 0 0 10562 0 0 0 
2016/06/03 8.8 9.09 8.8 9.09 12 0 0 10562 0 0 10562 0 0 0 
2016/06/04 9.2 9.2 9 9.15 4 0 0 10562 0 0 10562 0 0 0 
2016/06/06 9 9 8.71 8.8 4 0 0 10562 0 0 10562 0 0 0 
2016/06/07 8.8 8.8 8.8 8.8 5 0 0 10562 0 0 10562 0 0 0 
2016/06/08 8.8 9.1 8.5 9.1 15 0 0 10563 0 0 10563 0 0 0 
2016/06/13 9.1 9.1 9.08 9.08 5 0 0 10561 0 0 10561 0 0 0 
2016/06/14 8.35 9.07 8.31 9.07 6 0 0 10561 0 0 10561 0 0 0 
2016/06/15 9.04 9.04 9.04 9.04 1 0 0 10562 0 0 10562 0 0 0 
2016/06/16 8.99 8.99 8.99 8.99 1 0 0 10562 0 0 10562 0 0 0 
2016/06/17 8.45 8.9 8.45 8.9 6 0 0 10561 0 2 10563 0 0 0 
2016/06/20 8.87 8.87 8.87 8.87 1 0 0 10561 0 3 10564 0 0 0 
2016/06/21 8.78 8.78 8.74 8.74 2 0 0 10561 0 4 10565 0 0 0 
2016/06/22 8.5 8.5 8.5 8.5 1 0 0 10562 0 4 10566 0 0 0 
2016/06/23 8.5 8.5 8.48 8.5 28 0 0 10562 0 4 10566 0 0 0 
2016/06/24 8.49 8.5 8.35 8.48 28 0 0 10555 0 2 10557 0 0 0 
2016/06/27 8.48 8.48 8.48 8.48 1 0 0 10555 0 2 10557 0 0 0 
2016/06/28 8.85 8.85 8.5 8.53 4 0 0 10555 0 2 10557 0 0 0 
2016/06/29 8.5 8.5 8.5 8.5 1 0 0 10555 0 2 10557 0 0 0 
2016/06/30 8.25 8.5 8.25 8.5 17 0 0 10555 0 2 10557 0 0 0 
2016/07/01 8.29 8.31 8.29 8.31 5 0 0 10555 0 2 10557 0 0 0 
2016/07/04 8.33 8.33 8.3 8.3 12 0 0 10555 0 2 10557 0 0 0 
2016/07/05 8.28 8.28 8.16 8.16 12 0 0 10548 0 2 10550 0 0 0 
2016/07/06 8.18 8.35 8.16 8.16 16 0 0 10548 0 2 10550 0 0 0 
2016/07/07 8.24 8.25 8.16 8.25 16 0 0 10548 0 1 10549 0 0 0 
2016/07/11 8.27 8.5 8.27 8.4 11 0 0 10548 0 1 10549 0 0 0 
2016/07/12 8.4 8.4 8.4 8.4 0 0 0 10548 0 1 10549 0 0 0 
2016/07/13 8.95 8.95 8.21 8.21 4 0 0 10547 0 0 10547 0 0 0 
2016/07/14 8.21 8.46 8.21 8.46 11 0 0 10547 0 0 10547 0 0 0 
2016/07/15 8.15 8.48 7.85 8.42 9 0 0 10546 0 0 10546 0 0 0 
2016/07/18 8.31 8.31 8.31 8.31 1 0 0 10546 0 0 10546 0 0 0 
2016/07/19 8.13 8.13 8.01 8.13 27 0 0 10547 0 0 10547 0 0 0 
2016/07/20 8.13 8.15 8.13 8.15 4 0 0 10547 0 0 10547 0 0 0 
2016/07/21 8.24 8.24 8.22 8.22 4 0 0 10547 0 0 10547 0 0 0 
2016/07/22 8.22 8.22 8.22 8.22 0 0 0 10547 0 0 10547 0 0 0 
2016/07/25 8.28 8.28 8.11 8.11 5 0 0 10545 0 0 10545 0 0 0 
2016/07/26 8.11 8.11 8.11 8.11 1 0 0 10545 0 0 10545 0 0 0 
2016/07/27 8.11 8.3 8.11 8.2 19 0 0 10545 0 0 10545 0 0 0 
2016/07/28 8.09 8.3 8.09 8.3 4 0 0 10547 0 0 10547 0 0 0 
2016/07/29 8.3 8.3 8.3 8.3 6 0 0 10553 0 0 10553 0 0 0 
2016/08/01 8.27 8.27 8.27 8.27 1 0 0 10553 0 0 10553 0 0 0 
2016/08/02 8.1 8.1 8.1 8.1 2 0 0 10553 0 0 10553 0 0 0 
2016/08/03 8.1 8.1 7.9 8.05 10 0 0 10553 0 0 10553 0 0 0 
2016/08/04 7.32 7.32 7.32 7.32 7 0 0 10553 0 0 10553 0 0 0 
2016/08/05 7.83 7.83 7.7 7.7 8 0 0 10553 0 0 10553 0 0 0 
2016/08/08 7.7 7.7 7.7 7.7 13 0 0 10553 0 0 10553 0 0 0 
2016/08/09 7.68 7.85 7.67 7.84 11 0 0 10549 0 0 10549 0 0 0 
2016/08/10 7.96 8.61 7.96 8.2 19 0 0 10549 0 0 10549 0 0 0 
2016/08/11 8.2 8.2 8.2 8.2 0 0 0 10549 0 0 10549 0 0 0 
2016/08/12 7.85 8.2 7.85 7.87 14 0 0 10544 0 0 10544 0 0 0 
2016/08/15 7.69 8.19 7.66 8.19 36 0 0 10544 0 0 10544 0 0 0 
2016/08/16 7.88 8.2 7.88 8.2 21 0 0 10544 0 0 10544 0 0 0 
2016/08/17 7.97 9 7.97 8.98 27 0 0 10563 0 0 10563 0 0 0 
2016/08/18 9 9 8.36 8.36 8 0 0 10563 0 0 10563 0 0 0 
2016/08/19 8.34 8.58 8.13 8.13 13 0 0 10557 0 0 10557 0 0 0 
2016/08/22 8.12 8.25 7.81 7.81 28 0 0 10551 0 0 10551 0 0 0 
2016/08/23 8.21 8.21 7.78 8.1 8 0 0 10552 0 0 10552 0 0 0 
2016/08/24 7.88 8.11 7.88 8.11 13 0 0 10552 0 0 10552 0 0 0 
2016/08/25 7.93 8.33 7.93 8.3 28 0 0 10552 0 0 10552 0 0 0 
2016/08/26 8.05 8.69 8.03 8.69 9 0 0 10552 0 0 10552 0 0 0 
2016/08/29 8.6 8.89 8.3 8.89 65 0 0 10551 0 0 10551 0 0 0 
2016/08/30 8.7 8.7 8.7 8.7 0 0 0 10551 0 0 10551 0 0 0 
2016/08/31 8.76 9.54 8.62 9.3 33 0 0 10551 0 0 10551 0 0 0 
2016/09/01 8.82 9.3 8.82 9.3 36 0 0 10551 0 0 10551 0 0 0 
2016/09/02 8.83 8.83 8.83 8.83 5 0 0 10551 0 0 10551 0 0 0 
2016/09/05 7.95 8.66 7.95 8.66 6 0 0 10551 0 0 10551 0 0 0 
2016/09/06 8.2 8.21 8.2 8.2 11 0 0 10547 0 1 10548 0 0 0 
2016/09/07 8.25 9.02 8.25 9 123 0 0 10494 0 1 10495 0 0 0 
2016/09/08 8.95 9.66 8.95 9.49 140 0 0 10492 0 0 10492 0 0 0 
2016/09/09 9.49 9.98 9.2 9.79 63 0 0 10482 0 0 10482 0 0 0 
2016/09/10 8.84 9.47 8.84 9.05 27 0 0 10482 0 1 10483 0 0 0 
2016/09/12 8.67 8.68 8.67 8.68 4 0 0 10482 0 1 10483 0 0 0 
2016/09/13 9.32 9.32 8.8 8.8 2 0 0 10482 0 1 10483 0 0 0 
2016/09/14 8.8 9.08 8.8 9.05 42 0 0 10482 0 0 10482 0 0 0 
2016/09/19 9.21 9.21 9.05 9.05 3 0 0 10481 0 0 10481 0 0 0 
2016/09/20 8.8 8.82 8.7 8.82 10 0 0 10483 0 0 10483 0 0 0 
2016/09/21 8.25 8.78 8.25 8.78 55 0 0 10494 0 0 10494 0 0 0 
2016/09/22 8.45 8.51 8.45 8.51 6 0 0 10494 0 1 10495 0 0 0 
2016/09/23 8.27 8.68 8.22 8.68 13 0 0 10496 0 1 10497 0 0 0 
2016/09/26 8.3 8.62 8.3 8.62 3 0 0 10496 0 1 10497 0 0 0 
2016/09/29 8.32 8.32 8.32 8.32 3 0 0 10498 0 1 10499 0 0 0 
2016/09/30 8.61 8.61 8.5 8.5 2 0 0 10498 0 1 10499 0 0 0 
2016/10/03 8.46 8.46 8.46 8.46 0 0 0 10498 0 1 10499 0 0 0 
2016/10/04 8.46 8.46 8.46 8.46 0 0 0 10498 0 1 10499 0 0 0 
2016/10/05 8.35 8.59 8.15 8.15 17 0 0 10494 0 2 10496 0 0 0 
2016/10/06 8 8.3 8 8.23 18 0 0 10495 0 2 10497 0 0 0 
2016/10/07 8.23 8.4 8.2 8.38 15 0 0 10495 0 2 10497 0 0 0 
2016/10/11 8.25 8.45 8.16 8.45 13 0 0 10495 0 2 10497 0 0 0 
2016/10/12 8.45 8.45 8.3 8.4 12 0 0 10493 0 2 10495 0 0 0 
2016/10/13 8.4 8.4 8.4 8.4 0 0 0 10493 0 2 10495 0 0 0 
2016/10/14 8.21 8.45 8.21 8.45 2 0 0 10493 0 2 10495 0 0 0 
2016/10/17 8.44 8.44 8.2 8.2 3 0 0 10493 0 2 10495 0 0 0 
2016/10/18 8.19 8.19 8.19 8.19 3 0 0 10493 0 2 10495 0 0 0 
2016/10/19 8.47 8.47 8.13 8.42 5 0 0 10493 0 2 10495 0 0 0 
2016/10/20 8.22 8.35 8 8.12 29 0 0 10490 0 2 10492 0 0 0 
2016/10/21 8.03 8.05 8.03 8.05 4 0 0 10487 0 2 10489 0 0 0 
2016/10/24 8.25 8.39 8.25 8.39 9 0 0 10487 0 2 10489 0 0 0 
2016/10/25 8.2 8.2 8.2 8.2 3 0 0 10487 0 2 10489 0 0 0 
2016/10/26 8.2 8.2 8.2 8.2 1 0 0 10488 0 2 10490 0 0 0 
2016/10/27 8.24 8.25 8.24 8.25 11 0 0 10486 0 2 10488 0 0 0 
2016/10/28 8.25 8.6 8.25 8.6 13 0 0 10486 0 2 10488 0 0 0 
2016/10/31 8.69 8.69 8.6 8.69 12 0 0 10486 0 2 10488 0 0 0 
2016/11/01 8.69 8.69 8.69 8.69 1 0 0 10486 0 2 10488 0 0 0 
2016/11/02 8.65 8.65 8.64 8.65 4 0 0 10486 0 2 10488 0 0 0 
2016/11/03 9.2 9.2 8.62 8.62 3 0 0 10486 0 2 10488 0 0 0 
2016/11/04 8.72 8.73 8.7 8.7 6 0 0 10486 0 2 10488 0 0 0 
2016/11/07 8.68 8.7 8.68 8.7 202 0 0 10335 0 2 10337 0 0 0 
2016/11/08 8.6 8.9 8.4 8.9 220 0 0 10135 0 2 10137 0 0 0 
2016/11/09 8.8 8.8 8.3 8.55 220 0 0 9949 0 2 9951 0 0 0 
2016/11/10 8.6 8.9 8.51 8.71 239 0 0 9721 0 2 9723 0 0 0 
2016/11/11 8.6 8.85 8.5 8.75 204 0 0 9561 0 3 9564 0 0 0 
2016/11/14 8.59 9.3 8.59 9.3 328 0 0 9261 0 0 9261 0 0 0 
2016/11/15 8.8 8.8 8.5 8.52 258 0 0 9075 0 1 9076 0 0 0 
2016/11/16 8.6 8.77 8.6 8.77 202 0 0 8875 0 0 8875 0 0 0 
2016/11/17 8.77 8.77 8.32 8.77 236 0 0 8673 0 1 8674 0 0 0 
2016/11/18 8.5 8.51 8.21 8.5 218 0 0 8464 0 2 8466 0 0 0 
2016/11/21 8.4 8.51 8.4 8.51 211 0 0 8264 0 1 8265 0 0 0 
2016/11/22 8.5 9.2 8.46 8.76 232 0 0 8064 0 1 8065 0 0 0 
2016/11/23 9.19 9.2 8.7 8.8 218 0 0 7875 0 1 7876 0 0 0 
2016/11/24 8.69 8.98 8.52 8.98 253 0 0 7655 0 1 7656 0 0 0 
2016/11/25 8.7 9 8.6 8.9 285 0 0 7455 0 2 7457 0 0 0 
2016/11/28 8.6 8.9 8.43 8.9 243 0 0 7255 0 1 7256 0 0 0 
2016/11/29 8.6 8.86 8.6 8.78 209 0 0 7055 0 1 7056 0 0 0 
2016/11/30 8.6 8.85 8.45 8.8 226 0 0 6852 0 3 6855 0 0 0 
2016/12/01 8.5 8.84 8.5 8.79 209 0 0 6652 0 0 6652 0 0 0 
2016/12/02 8.6 8.8 8.6 8.8 205 0 0 6452 0 1 6453 0 0 0 
2016/12/05 8.6 8.8 8.51 8.8 281 0 0 6252 0 0 6252 0 0 0 
2016/12/06 8.6 8.85 8.6 8.8 228 0 0 6052 0 0 6052 0 0 0 
2016/12/07 8.6 8.7 8.6 8.7 204 0 0 5985 0 0 5985 0 0 0 
2016/12/08 8.5 8.95 8.5 8.55 221 0 0 5788 0 0 5788 0 0 0 
2016/12/09 8.49 8.69 8.49 8.69 206 0 0 5586 0 0 5586 0 0 0 
2016/12/12 8.71 8.75 7.9 8.75 329 0 0 5286 0 0 5286 0 0 0 
2016/12/13 8.6 8.75 8.57 8.75 206 0 0 5086 0 0 5086 0 0 0 
2016/12/14 8.6 8.8 8.41 8.6 234 0 0 4883 0 0 4883 0 0 0 
2016/12/15 8.5 8.7 8.5 8.7 203 0 0 4683 0 0 4683 0 0 0 
2016/12/16 8.5 9.4 8.49 9 357 0 0 4483 0 1 4484 0 0 0 
2016/12/19 9 9.06 8.66 8.99 264 0 0 4271 0 2 4273 0 0 0 
2016/12/20 8.7 8.98 8.63 8.9 249 0 0 4070 0 2 4072 0 0 0 
2016/12/21 8.75 8.9 8.65 8.9 320 0 0 3868 0 4 3872 0 0 0 
2016/12/22 8.7 8.87 8.7 8.87 230 0 0 3667 0 2 3669 0 0 0 
2016/12/23 8.7 8.75 8.66 8.7 217 0 0 3464 0 4 3468 0 0 0 
2016/12/26 8.5 8.69 8.45 8.69 215 0 0 3256 0 2 3258 0 0 0 
2016/12/27 8.52 8.79 8.52 8.78 243 0 0 3056 0 4 3060 0 0 0 
2016/12/28 8.5 8.69 8.41 8.45 224 0 0 2854 0 12 2866 0 0 0 
2016/12/29 8.69 8.69 8.16 8.2 260 0 0 2653 0 4 2657 0 0 0 
2016/12/30 8.12 8.99 8.12 8.93 417 0 0 2449 0 3 2452 0 0 0 
2017/01/03 8.93 8.93 8.59 8.87 235 0 0 2239 0 5 2244 0 0 0 
2017/01/04 8.6 8.86 8.59 8.68 221 0 0 2034 0 4 2038 0 0 0 
2017/01/05 8.5 8.78 8.5 8.78 235 0 0 1834 0 2 1836 0 0 0 
2017/01/06 8.65 9.65 8.65 9.65 636 0 0 1616 0 4 1620 0 0 0 
2017/01/09 9.9 10.15 9.3 9.89 394 0 0 1401 0 2 1403 0 0 0 
2017/01/10 9.9 9.9 9.3 9.53 351 0 0 1200 0 4 1204 0 0 0 
2017/01/11 9.53 9.67 9.31 9.64 313 0 0 994 0 3 997 0 0 0 
2017/01/12 9.45 9.5 9.41 9.45 265 0 0 794 0 2 796 0 0 0 
2017/01/13 9.45 9.5 9.33 9.5 263 0 0 590 0 2 592 0 0 0 
2017/01/16 9.5 9.6 9.5 9.55 286 0 0 401 0 2 403 0 0 0 
2017/01/17 9.41 9.63 9.41 9.55 86 0 0 401 0 3 404 0 0 0 
2017/01/18 9.5 9.74 9.45 9.55 54 0 0 415 0 3 418 0 0 0 
2017/01/19 9.55 9.6 9.43 9.6 46 0 0 409 0 1 410 0 0 0 
2017/01/20 9.53 9.66 9.46 9.64 32 0 0 409 0 1 410 0 0 0 
2017/01/23 9.59 9.85 9.41 9.82 127 0 0 410 0 1 411 0 0 0 
2017/01/24 9.7 9.85 9.7 9.85 100 0 0 410 0 0 410 0 0 0 
2017/02/02 9.82 10 9.82 9.92 136 0 0 408 0 0 408 0 0 0 
2017/02/03 9.92 9.99 9.78 9.99 121 0 0 368 0 2 370 0 0 0 
2017/02/06 9.99 9.99 9.8 9.95 52 0 0 363 0 3 366 0 0 0 
2017/02/07 9.59 9.98 9.48 9.48 79 0 0 363 0 2 365 0 0 0 
2017/02/08 9.32 9.9 9.32 9.43 85 0 0 378 0 2 380 0 0 0 
2017/02/09 9.49 9.6 9.29 9.6 95 0 0 378 0 3 381 0 0 0 
2017/02/10 9.59 9.79 9.41 9.75 65 0 0 376 0 4 380 0 0 0 
2017/02/13 9.48 9.88 9.46 9.46 74 0 0 373 0 1 374 0 0 0 
2017/02/14 9.51 9.97 9.49 9.94 141 0 0 365 0 1 366 0 0 0 
2017/02/15 9.89 10.1 9.83 9.87 106 0 0 368 0 0 368 0 0 0 
2017/02/16 9.87 9.95 9.66 9.94 58 0 0 372 0 2 374 0 0 0 
2017/02/17 9.94 9.98 9.61 9.71 96 0 0 367 0 3 370 0 0 0 
2017/02/18 9.84 9.88 9.76 9.88 11 0 0 369 0 0 369 0 0 0 
2017/02/20 9.89 9.9 9.6 9.63 46 0 0 369 0 3 372 0 0 0 
2017/02/21 9.63 9.81 9.62 9.81 21 0 0 369 0 0 369 0 0 0 
2017/02/22 9.8 9.85 9.65 9.65 43 0 0 347 0 1 348 0 0 0 
2017/02/23 9.6 10.1 9.6 10 302 0 0 336 0 0 336 0 0 0 
2017/02/24 10 10.1 9.82 9.98 123 0 0 337 0 1 338 0 0 0 
2017/03/01 9.66 9.98 9.66 9.98 17 0 0 338 0 2 340 0 0 0 
2017/03/02 9.79 10 9.79 9.98 122 0 0 324 0 0 324 0 0 0 
2017/03/03 9.98 10 9.88 10 151 0 0 321 0 0 321 0 0 0 
2017/03/06 10 10 9.91 9.91 98 0 0 301 0 0 301 0 0 0 
2017/03/07 9.99 9.99 9.8 9.99 60 0 0 278 0 0 278 0 0 0 
2017/03/08 9.98 9.98 9.61 9.97 32 0 0 280 0 0 280 0 0 0 
2017/03/09 9.65 9.99 9.65 9.97 38 0 0 278 0 0 278 0 0 0 
2017/03/10 9.93 10 9.65 10 82 0 0 271 0 0 271 0 0 0 
2017/03/13 9.96 10 9.95 9.99 97 0 0 267 0 0 267 0 0 0 
2017/03/14 9.99 10 9.99 9.99 12 0 0 269 0 0 269 0 0 0 
2017/03/15 9.98 10.15 9.98 9.99 276 0 0 262 0 0 262 0 0 0 
2017/03/16 9.99 10 9.8 9.99 71 0 0 262 0 1 263 0 0 0 
2017/03/17 9.97 9.99 9.9 9.95 51 0 0 259 0 0 259 0 0 0 
2017/03/20 9.98 10 9.83 9.99 140 0 0 213 0 1 214 0 0 0 
2017/03/21 9.99 10 9.8 9.9 29 0 0 209 0 0 209 0 0 0 
2017/03/22 9.83 10.25 9.83 9.98 414 0 0 348 0 0 348 0 0 0 
2017/03/23 10 10.35 10 10.25 185 0 0 346 0 1 347 0 0 0 
2017/03/24 10.3 11.25 10.3 11.25 1287 0 0 335 0 0 335 0 0 0 
2017/03/27 11.1 11.1 10.15 10.5 703 0 0 318 0 0 318 0 0 0 
2017/03/28 10.5 10.7 10.1 10.5 294 0 0 318 0 0 318 0 0 0 
2017/03/29 10.7 10.7 10.3 10.5 111 0 0 312 0 0 312 0 0 0 
2017/03/30 10.6 11.2 10.6 10.7 134 0 0 310 0 0 310 0 0 0 
2017/03/31 10.7 11 10.5 10.7 110 0 0 310 0 0 310 0 0 0 
2017/04/05 10.7 11.15 10.3 10.7 127 0 0 300 0 1 301 0 0 0 
2017/04/06 10.7 10.95 10.6 10.9 166 0 0 298 0 0 298 0 0 0 
2017/04/07 10.8 11 10.5 10.95 233 0 0 283 0 1 284 0 0 0 
2017/04/10 10.8 10.85 10.55 10.85 84 0 0 271 0 0 271 0 0 0 
2017/04/11 10.9 11.05 10.65 10.7 171 0 0 271 0 0 271 0 0 0 
2017/04/12 10.65 11 10.65 10.85 107 0 0 265 0 0 265 0 0 0 
2017/04/13 10.6 10.85 10.6 10.7 41 0 0 267 0 0 267 0 0 0 
2017/04/14 10.6 10.9 10.55 10.6 150 0 0 268 0 0 268 0 0 0 
2017/04/17 10.6 10.6 10.05 10.2 97 0 0 262 0 1 263 0 0 0 
2017/04/18 10.25 10.3 10.1 10.1 32 0 0 266 0 0 266 0 0 0 
2017/04/19 10.1 10.3 9.98 10.05 49 0 0 265 0 1 266 0 0 0 
2017/04/20 10.1 10.2 9.98 10.2 102 0 0 265 0 0 265 0 0 0 
2017/04/21 10.2 10.2 10.1 10.1 25 0 0 265 0 0 265 0 0 0 
2017/04/24 9.95 10.1 9.8 9.85 83 0 0 259 0 1 260 0 0 0 
2017/04/25 9.85 9.98 9.85 9.98 34 0 0 261 0 0 261 0 0 0 
2017/04/26 9.96 9.96 9.87 9.87 18 0 0 262 0 0 262 0 0 0 
2017/04/27 9.78 9.95 9.78 9.94 22 0 0 262 0 0 262 0 0 0 
2017/04/28 9.94 10.65 9.94 10.5 104 0 0 262 0 0 262 0 0 0 
2017/05/02 10.65 10.65 10.3 10.3 52 0 0 264 0 1 265 0 0 0 
2017/05/03 10.15 10.15 10.1 10.1 21 0 0 264 0 1 265 0 0 0 
2017/05/04 10.2 11.1 10.05 10.5 173 0 0 255 0 0 255 0 0 0 
2017/05/05 10.35 10.95 10.35 10.65 101 0 0 239 0 0 239 0 0 0 
2017/05/08 11.2 11.2 10.6 10.7 64 0 0 223 0 0 223 0 0 0 
2017/05/09 10.5 10.8 10.2 10.75 40 0 0 224 0 0 224 0 0 0 
2017/05/10 10.75 10.8 10.6 10.8 89 0 0 222 0 0 222 0 0 0 
2017/05/11 10.65 10.85 10.6 10.85 45 0 0 221 0 1 222 0 0 0 
2017/05/12 9.9 10.7 9.9 10.7 103 0 0 218 0 0 218 0 0 0 
2017/05/15 10.35 10.85 10.3 10.7 88 0 0 219 0 0 219 0 0 0 
2017/05/16 10.7 10.7 10.45 10.45 15 0 0 219 0 1 220 0 0 0 
2017/05/17 10.4 10.6 10.3 10.3 33 0 0 225 0 0 225 0 0 0 
2017/05/18 10.4 10.45 10.4 10.4 21 0 0 225 0 0 225 0 0 0 
2017/05/19 10.4 10.4 10.1 10.1 54 0 0 225 0 1 226 0 0 0 
2017/05/22 10.1 10.15 10.05 10.1 42 0 0 225 0 1 226 0 0 0 
2017/05/23 10.15 10.25 10.1 10.15 33 0 0 223 0 0 223 0 0 0 
2017/05/24 10.1 11.15 10.1 10.95 159 0 0 221 0 1 222 0 0 0 
2017/05/25 11.05 11.05 10.45 10.45 56 0 0 221 0 3 224 0 0 0 
2017/05/26 10.5 10.6 10.5 10.5 11 0 0 220 0 2 222 0 0 0 
2017/05/31 10.35 11.1 10.3 10.95 84 0 0 219 0 0 219 0 0 0 
2017/06/01 10.55 10.6 10.45 10.45 32 0 0 218 0 0 218 0 0 0 
2017/06/02 10.45 10.65 10.45 10.6 9 0 0 218 0 0 218 0 0 0 
2017/06/03 10.5 10.5 10.2 10.4 26 0 0 218 0 0 218 0 0 0 
2017/06/05 10.5 10.8 10.35 10.45 98 0 0 214 0 0 214 0 0 0 
2017/06/06 10.55 10.75 10.4 10.75 21 0 0 214 0 0 214 0 0 0 
2017/06/07 10.6 10.75 10.45 10.6 17 0 0 214 0 0 214 0 0 0 
2017/06/08 10.7 10.7 10.4 10.5 19 0 0 214 0 1 215 0 0 0 
2017/06/09 10.5 10.6 10.4 10.45 23 0 0 210 0 1 211 0 0 0 
2017/06/12 10.4 10.4 10.2 10.2 32 0 0 210 0 1 211 0 0 0 
2017/06/13 10.2 10.35 10.2 10.3 18 0 0 208 0 1 209 0 0 0 
2017/06/14 10.4 10.4 9.9 10.15 89 0 0 208 0 1 209 0 0 0 
2017/06/15 10.25 10.25 10 10 53 0 0 208 0 1 209 0 0 0 
2017/06/16 10 10.15 9.96 10 70 0 0 208 0 1 209 0 0 0 
2017/06/19 10.2 10.45 10 10.4 42 0 0 208 0 1 209 0 0 0 
2017/06/20 10.3 10.55 10.2 10.3 58 0 0 208 0 1 209 0 0 0 
2017/06/21 10.25 10.3 10.15 10.2 41 0 0 212 0 3 215 0 0 0 
2017/06/22 10.2 10.2 10.05 10.1 24 0 0 212 0 3 215 0 0 0 
2017/06/23 10.1 10.2 10.1 10.2 16 0 0 212 0 3 215 0 0 0 
2017/06/26 10.2 11.2 10.2 11.2 460 0 0 226 0 7 233 0 0 0 
2017/06/27 11.25 12.2 10.7 11.5 473 0 0 222 0 13 235 0 0 0 
2017/06/28 11.5 11.75 11.1 11.25 70 0 0 216 0 12 228 0 0 0 
2017/06/29 11.2 11.2 10.75 10.75 59 0 0 218 0 12 230 0 0 0 
2017/06/30 10.6 10.6 10.45 10.5 42 0 0 218 0 14 232 0 0 0 
2017/07/03 10.5 11.5 10.5 11.45 148 0 0 216 0 9 225 0 0 0 
2017/07/04 11.4 11.5 10.9 11.5 61 0 0 216 0 6 222 0 0 0 
2017/07/05 11.1 11.7 11.1 11.2 92 0 0 209 0 6 215 0 0 0 
2017/07/06 11.1 11.4 11.05 11.4 47 0 0 209 0 6 215 0 0 0 
2017/07/07 11.35 11.45 11.2 11.45 44 0 0 207 0 6 213 0 0 0 
2017/07/10 11.45 11.45 11 11 80 0 0 206 0 6 212 0 0 0 
2017/07/11 11 11.3 10.9 11.05 29 0 0 206 0 9 215 0 0 0 
2017/07/12 10.95 10.95 10.8 10.9 29 0 0 206 0 9 215 0 0 0 
2017/07/13 10.75 11 10.75 11 25 0 0 206 0 5 211 0 0 0 
2017/07/14 10.75 11.5 10.65 11.45 83 0 0 206 0 3 209 0 0 0 
2017/07/17 11.3 11.3 11 11 40 0 0 206 0 3 209 0 0 0 
2017/07/18 11 11 10.8 10.8 59 0 0 206 0 9 215 0 0 0 
2017/07/19 10.75 10.85 10.65 10.85 37 0 0 207 0 9 216 0 0 0 
2017/07/20 10.7 10.8 10.65 10.75 18 0 0 207 0 9 216 0 0 0 
2017/07/21 10.65 10.65 10.55 10.55 34 0 0 207 0 9 216 0 0 0 
2017/07/24 10.55 10.85 10.55 10.7 39 0 0 207 0 7 214 0 0 0 
2017/07/25 10.6 10.6 10.5 10.5 26 0 0 208 0 7 215 0 0 0 
2017/07/26 10.55 11.2 10.5 10.8 215 0 0 206 0 6 212 0 0 0 
2017/07/27 10.8 10.8 10.6 10.75 24 0 0 206 0 6 212 0 0 0 
2017/07/28 10.6 10.65 10.6 10.65 20 0 0 206 0 6 212 0 0 0 
2017/07/31 10.55 10.65 10.55 10.65 15 0 0 206 0 6 212 0 0 0 
2017/08/01 10.65 10.7 10.5 10.5 31 0 0 207 0 6 213 0 0 0 
2017/08/02 10.6 10.7 10.5 10.7 30 0 0 208 0 6 214 0 0 0 
2017/08/03 10.55 10.7 10.55 10.55 8 0 0 209 0 6 215 0 0 0 
2017/08/04 10.5 10.5 10.45 10.45 61 0 0 210 0 6 216 0 0 0 
2017/08/07 10.5 10.5 10.35 10.35 71 0 0 210 0 6 216 0 0 0 
2017/08/08 10.35 10.6 10.35 10.4 53 0 0 210 0 6 216 0 0 0 
2017/08/09 10.4 10.5 10.25 10.45 26 0 0 212 0 6 218 0 0 0 
2017/08/10 10.35 10.45 10.25 10.4 34 0 0 213 0 6 219 0 0 0 
2017/08/11 10.4 10.45 10.3 10.4 17 0 0 213 0 6 219 0 0 0 
2017/08/14 10.5 10.5 9.98 10.2 136 0 0 213 0 6 219 0 0 0 
2017/08/15 10.2 10.2 10.1 10.1 22 0 0 214 0 6 220 0 0 0 
2017/08/16 10.1 10.2 10.1 10.2 7 0 0 214 0 6 220 0 0 0 
2017/08/17 10.1 10.2 10 10.2 24 0 0 214 0 6 220 0 0 0 
2017/08/18 10.2 10.2 10.2 10.2 6 0 0 214 0 6 220 0 0 0 
2017/08/21 10.2 10.2 10 10.2 30 0 0 214 0 6 220 0 0 0 
2017/08/22 10.2 10.2 10 10.15 16 0 0 214 0 6 220 0 0 0 
2017/08/23 10.2 10.2 9.95 9.95 101 0 0 207 0 6 213 0 0 0 
2017/08/24 10.1 10.1 9.96 10.05 34 0 0 209 0 6 215 0 0 0 
2017/08/25 10.05 10.1 10 10 30 0 0 210 0 6 216 0 0 0 
2017/08/28 9.96 10 9.9 9.9 103 0 0 214 0 6 220 0 0 0 
2017/08/29 9.9 10 9.8 10 154 0 0 214 0 6 220 0 0 0 
2017/08/30 10 10.1 9.92 10.1 15 0 0 214 0 6 220 0 0 0 
2017/08/31 10.1 10.15 10 10.1 19 0 0 215 0 6 221 0 0 0 
2017/09/01 10.05 10.2 10 10.2 91 0 0 214 0 0 214 0 0 0 
2017/09/04 10.15 10.2 10 10.2 40 0 0 214 0 0 214 0 0 0 
2017/09/05 10.15 10.15 9.95 10.05 93 0 0 168 0 0 168 0 0 0 
2017/09/06 9.9 10.05 9.9 10.05 23 0 0 172 0 0 172 0 0 0 
2017/09/07 10.1 10.35 10.1 10.2 55 0 0 173 0 0 173 0 0 0 
2017/09/08 10.2 10.55 10.2 10.55 96 0 0 174 0 0 174 0 0 0 
2017/09/11 10.6 10.7 10.55 10.6 109 0 0 175 0 0 175 0 0 0 
2017/09/12 10.7 10.85 10.5 10.55 47 0 0 177 0 0 177 0 0 0 
2017/09/13 10.55 10.55 10.5 10.55 10 0 0 178 0 0 178 0 0 0 
2017/09/14 10.2 10.5 10.2 10.5 16 0 0 178 0 0 178 0 0 0 
2017/09/15 10.25 10.3 10.25 10.3 15 0 0 178 0 0 178 0 0 0 
2017/09/18 10.2 10.35 10.2 10.35 19 0 0 178 0 0 178 0 0 0 
2017/09/19 10.35 10.35 10.25 10.25 10 0 0 178 0 0 178 0 0 0 
2017/09/20 10.25 10.35 10.25 10.35 35 0 0 185 0 0 185 0 0 0 
2017/09/21 10.4 10.6 10.35 10.4 34 0 0 186 0 0 186 0 0 0 
2017/09/22 10.8 10.8 10.3 10.35 71 0 0 186 0 0 186 0 0 0 
2017/09/25 10.35 10.35 10.2 10.2 6 0 0 185 0 0 185 0 0 0 
2017/09/26 10.15 10.15 10.15 10.15 2 0 0 185 0 0 185 0 0 0 
2017/09/27 10.35 10.45 10.2 10.45 57 0 0 185 0 0 185 0 0 0 
2017/09/28 10.55 10.55 10.25 10.3 39 0 0 184 0 0 184 0 0 0 
2017/09/29 10.4 10.4 10.15 10.2 38 0 0 184 0 2 186 0 0 0 
2017/09/30 10.2 10.3 10.2 10.2 11 0 0 184 0 2 186 0 0 0 
2017/10/02 10.25 10.3 10.15 10.15 10 0 0 183 0 2 185 0 0 0 
2017/10/03 10.15 10.25 10.15 10.25 10 0 0 181 0 2 183 0 0 0 
2017/10/05 10.25 10.55 10.25 10.3 136 0 0 181 0 3 184 0 0 0 
2017/10/06 10.5 10.5 10.3 10.3 26 0 0 178 0 3 181 0 0 0 
2017/10/11 10.5 10.65 10.3 10.4 80 0 0 178 0 3 181 0 0 0 
2017/10/12 10.6 10.65 10.5 10.5 71 0 0 177 0 3 180 0 0 0 
2017/10/13 10.4 10.65 10.4 10.65 7 0 0 177 0 3 180 0 0 0 
2017/10/16 10.5 10.65 10.45 10.65 12 0 0 177 0 3 180 0 0 0 
2017/10/17 10.5 10.5 10.25 10.3 33 0 0 177 0 4 181 0 0 0 
2017/10/18 10.35 10.45 10.3 10.4 15 0 0 177 0 4 181 0 0 0 
2017/10/19 10.5 10.8 10.5 10.8 89 0 0 175 0 4 179 0 0 0 
2017/10/20 10.75 10.75 10.3 10.55 54 0 0 175 0 4 179 0 0 0 
2017/10/23 10.55 10.6 10.4 10.6 34 0 0 170 0 4 174 0 0 0 
2017/10/24 10.4 10.65 10.3 10.65 35 0 0 170 0 4 174 0 0 0 
2017/10/25 10.65 10.75 10.6 10.7 73 0 0 169 0 4 173 0 0 0 
2017/10/26 10.5 10.55 10.5 10.55 25 0 0 169 0 4 173 0 0 0 
2017/10/27 10.5 10.65 10.5 10.5 21 0 0 170 0 4 174 0 0 0 
2017/10/30 10.6 10.6 10.4 10.55 45 0 0 169 0 4 173 0 0 0 
2017/10/31 10.4 10.45 10.3 10.35 50 0 0 169 0 4 173 0 0 0 
2017/11/01 10.45 10.7 10.4 10.4 35 0 0 169 0 4 173 0 0 0 
2017/11/02 10.4 10.55 10.3 10.55 12 0 0 169 0 4 173 0 0 0 
2017/11/03 10.5 10.5 10.4 10.4 3 0 0 167 0 4 171 0 0 0 
2017/11/06 10.35 10.45 10.3 10.45 44 0 0 167 0 4 171 0 0 0 
2017/11/07 10.45 10.5 10.4 10.5 16 0 0 167 0 4 171 0 0 0 
2017/11/08 10.5 10.6 10.5 10.6 23 0 0 167 0 4 171 0 0 0 
2017/11/09 10.65 10.75 10.6 10.7 35 0 0 167 0 4 171 0 0 0 
2017/11/10 10.7 10.7 10.45 10.65 21 0 0 164 0 4 168 0 0 0 
2017/11/13 10.65 10.65 10.5 10.55 14 0 0 164 0 4 168 0 0 0 
2017/11/14 10.45 10.6 10.45 10.6 4 0 0 164 0 4 168 0 0 0 
2017/11/15 10.6 10.7 10.5 10.6 69 0 0 168 0 4 172 0 0 0 
2017/11/16 10.6 10.6 10.4 10.5 53 0 0 168 0 4 172 0 0 0 
2017/11/17 10.55 10.6 10.45 10.55 40 0 0 167 0 4 171 0 0 0 
2017/11/20 10.6 10.65 10.55 10.6 58 0 0 162 0 4 166 0 0 0 
2017/11/21 10.75 11.4 10.75 10.8 182 0 0 151 0 4 155 0 0 0 
2017/11/22 10.7 11 10.65 10.8 44 0 0 154 0 4 158 0 0 0 
2017/11/23 10.6 10.85 10.6 10.65 33 0 0 156 0 4 160 0 0 0 
2017/11/24 10.55 10.8 10.5 10.75 34 0 0 156 0 4 160 0 0 0 
2017/11/27 10.8 10.8 10.55 10.7 26 0 0 154 0 4 158 0 0 0 
2017/11/28 10.7 10.8 10.6 10.6 30 0 0 149 0 4 153 0 0 0 
2017/11/29 10.7 10.75 10.45 10.65 70 0 0 151 0 4 155 0 0 0 
2017/11/30 10.65 10.7 10.4 10.45 42 0 0 151 0 4 155 0 0 0 
2017/12/01 10.45 10.55 10.4 10.45 29 0 0 151 0 4 155 0 0 0 
2017/12/04 10.4 10.45 10.25 10.4 44 0 0 149 0 4 153 0 0 0 
2017/12/05 10.5 10.55 10.5 10.5 15 0 0 149 0 4 153 0 0 0 
2017/12/06 10.55 10.55 10.2 10.45 26 0 0 151 0 4 155 0 0 0 
2017/12/07 10.2 10.3 9.81 10.2 129 0 0 151 0 4 155 0 0 0 
2017/12/08 10.2 10.25 10 10.25 38 0 0 151 0 4 155 0 0 0 
2017/12/11 10.3 10.35 10.15 10.3 36 0 0 152 0 3 155 0 0 0 
2017/12/12 10.25 10.4 10.2 10.3 50 0 0 154 0 3 157 0 0 0 
2017/12/13 10.35 10.45 10.35 10.45 18 0 0 154 0 3 157 0 0 0 
2017/12/14 10.35 10.45 10.35 10.4 12 0 0 156 0 3 159 0 0 0 
2017/12/15 10.3 10.3 10 10.2 34 0 0 161 0 3 164 0 0 0 
2017/12/18 10.1 10.25 10 10 45 0 0 161 0 3 164 0 0 0 
2017/12/19 10.05 10.15 10 10.05 53 0 0 161 0 5 166 0 0 0 
2017/12/20 10.1 10.25 10.1 10.15 31 0 0 161 0 5 166 0 0 0 
2017/12/21 10.1 10.1 10 10 50 0 0 161 0 5 166 0 0 0 
2017/12/22 10 10.15 10 10.15 21 0 0 161 0 5 166 0 0 0 
2017/12/25 10.05 10.1 9.98 10.1 48 0 0 161 0 4 165 0 0 0 
2017/12/26 10.15 10.15 10 10.1 30 0 0 161 0 4 165 0 0 0 
2017/12/27 10.1 10.45 10.1 10.35 124 0 0 152 0 4 156 0 0 0 
2017/12/28 10.4 10.6 10 10.6 57 0 0 152 0 4 156 0 0 0 
2017/12/29 10.3 10.45 10.3 10.3 53 0 0 154 0 5 159 0 0 0 
2018/01/02 10.45 10.45 10.15 10.3 31 0 0 154 0 5 159 0 0 0 
2018/01/03 10.2 10.35 10.2 10.35 25 0 0 154 0 5 159 0 0 0 
2018/01/04 10.35 10.5 10.3 10.3 100 0 0 149 0 5 154 0 0 0 
2018/01/05 10.4 10.55 10.3 10.4 33 0 0 149 0 5 154 0 0 0 
2018/01/08 10.4 10.45 10.25 10.45 41 0 0 148 0 5 153 0 0 0 
2018/01/09 10.45 10.7 10.3 10.5 66 0 0 148 0 5 153 0 0 0 
2018/01/10 10.35 10.6 10.35 10.4 111 0 0 138 0 5 143 0 0 0 
2018/01/11 10.45 10.55 10.3 10.5 89 0 0 138 0 5 143 0 0 0 
2018/01/12 10.35 10.5 10.3 10.5 56 0 0 138 0 4 142 0 0 0 
2018/01/15 10.45 10.55 10.3 10.45 57 0 0 138 0 5 143 0 0 0 
2018/01/16 10.6 10.6 10.35 10.5 40 0 0 147 0 5 152 0 0 0 
2018/01/17 10.5 10.7 10.5 10.55 112 0 0 170 0 5 175 0 0 0 
2018/01/18 10.6 11 10.55 10.8 104 0 0 164 0 6 170 0 0 0 
2018/01/19 11 11.2 10.5 10.55 225 0 0 152 0 7 159 0 0 0 
2018/01/22 10.5 10.8 10.5 10.75 61 0 0 153 0 7 160 0 0 0 
2018/01/23 10.7 10.9 10.55 10.55 39 0 0 158 0 14 172 0 0 0 
2018/01/24 10.55 10.6 10.4 10.4 52 0 0 164 0 13 177 0 0 0 
2018/01/25 10.45 10.55 10.4 10.55 61 0 0 170 0 13 183 0 0 0 
2018/01/26 10.4 10.5 10.35 10.5 39 0 0 170 0 13 183 0 0 0 
2018/01/29 10.5 10.5 10.25 10.3 31 0 0 170 0 13 183 0 0 0 
2018/01/30 10.3 10.3 10.05 10.2 82 0 0 171 0 12 183 0 0 0 
2018/01/31 10.2 10.25 10.2 10.2 33 0 0 171 0 12 183 0 0 0 
2018/02/01 10.1 10.2 10.05 10.2 48 0 0 172 0 11 183 0 0 0 
2018/02/02 10.15 10.15 10.1 10.1 36 0 0 172 0 12 184 0 0 0 
2018/02/05 10.1 10.1 9.91 10.05 33 0 0 173 0 12 185 0 0 0 
2018/02/06 10 10 9.05 9.38 174 0 0 170 0 1 171 0 0 0 
2018/02/07 9.45 9.59 9.4 9.41 32 0 0 164 0 2 166 0 0 0 
2018/02/08 9.41 9.73 9.41 9.66 24 0 0 164 0 1 165 0 0 0 
2018/02/09 9.45 9.7 9.06 9.7 162 0 0 156 0 1 157 0 0 0 
2018/02/12 10.3 10.65 10.1 10.65 939 0 0 242 0 1 243 0 0 0 
2018/02/21 11.1 11.25 10.7 10.85 790 0 0 177 0 0 177 0 0 0 
2018/02/22 10.55 10.9 10.45 10.9 160 0 0 177 0 0 177 0 0 0 
2018/02/23 10.95 11 10.8 10.8 260 0 0 165 0 0 165 0 0 0 
2018/02/26 10.95 11.1 10.6 10.9 258 0 0 94 0 1 95 0 0 0 
2018/02/27 10.95 10.95 10.7 10.7 112 0 0 86 0 6 92 0 0 0 
2018/03/01 10.6 11.75 10.55 11.75 356 0 0 84 0 5 89 0 0 0 
2018/03/02 12 12.9 11.8 12.9 2643 0 0 149 0 5 154 0 0 0 
2018/03/05 14.15 14.15 13.65 14.15 6703 0 0 69 0 5 74 0 0 0 
2018/03/06 14 15.55 13.65 15.5 7796 0 0 495 0 6 501 0 0 0 
2018/03/07 15.9 17.05 15.8 17.05 6744 0 0 500 0 5 505 0 0 0 
2018/03/08 15.35 15.35 15.35 15.35 1776 0 0 500 0 5 505 0 0 0 
2018/03/09 13.85 13.85 13.85 13.85 420 0 0 500 0 5 505 0 0 0 
2018/03/12 12.5 14.5 12.5 14 4888 0 0 500 0 6 506 0 0 0 
2018/03/13 12.85 13.75 12.85 13.65 2133 0 0 510 0 5 515 0 0 0 
2018/03/14 13.65 14 13.25 13.6 1713 0 0 510 0 6 516 0 0 0 
2018/03/15 14 14 13.8 13.8 1413 0 0 501 0 6 507 0 0 0 
2018/03/16 14 14 13.1 13.3 1019 0 0 501 0 5 506 0 0 0 
2018/03/19 13.3 13.4 13 13 832 0 0 501 0 5 506 0 0 0 
2018/03/20 13 14.15 13 14.1 1453 0 0 500 0 5 505 0 0 0 
2018/03/21 13.8 15.5 13.8 15.25 2653 0 0 500 0 5 505 0 0 0 
2018/03/22 15.1 15.1 13.85 14.2 2012 0 0 500 0 5 505 0 0 0 
2018/03/23 12.9 14.3 12.85 13.6 1382 0 0 362 0 0 362 0 0 0 
2018/03/26 13.6 13.9 13.05 13.05 1148 0 0 139 0 1 140 0 0 0 
2018/03/27 13.4 13.4 11.75 12.15 2368 0 0 79 0 1 80 0 0 0 
2018/03/28 12.05 12.6 11.8 12.2 1031 0 0 80 0 29 109 0 0 0 
2018/03/29 12.45 12.8 11.9 12.25 1001 0 0 79 0 5 84 0 0 0 
2018/03/30 12.3 12.55 11.9 12.4 889 0 0 80 0 2 82 0 0 0 
2018/03/31 12.2 13.3 12.2 13 1239 0 0 80 0 2 82 0 0 0 
2018/04/02 12.8 13.3 12.6 12.7 1094 0 0 127 0 1 128 0 0 0 
2018/04/03 12.5 12.85 12.2 12.35 690 0 0 85 0 1 86 0 0 0 
2018/04/09 12.5 12.5 11.75 12.2 774 0 0 107 0 2 109 0 0 0 
2018/04/10 12 12.95 12 12.55 1241 0 0 102 0 2 104 0 0 0 
2018/04/11 12.75 12.75 12.3 12.65 674 0 0 97 0 2 99 0 0 0 
2018/04/12 12.75 13 12.5 12.6 767 0 0 101 0 1 102 0 0 0 
2018/04/13 12.85 12.85 12.4 12.5 484 0 0 108 0 1 109 0 0 0 
2018/04/16 12.5 12.5 11.9 12 796 0 0 102 0 1 103 0 0 0 
2018/04/17 12 12.25 11.9 12 375 0 0 104 0 1 105 0 0 0 
2018/04/18 12.1 12.15 11.95 12 420 0 0 110 0 1 111 0 0 0 
2018/04/19 12 12.6 12 12.2 386 0 0 123 0 21 144 0 0 0 
2018/04/20 12.5 12.5 12.1 12.2 280 0 0 119 0 22 141 0 0 0 
2018/04/23 12.2 12.2 11.9 12 307 0 0 106 0 22 128 0 0 0 
2018/04/24 12.1 12.1 10.9 11.1 799 0 0 116 0 22 138 0 0 0 
2018/04/25 11 11.5 10.6 11.25 370 0 0 163 0 22 185 0 0 0 
2018/04/26 11.35 11.7 10.9 11.05 419 0 0 178 0 22 200 0 0 0 
2018/04/27 11.05 11.2 10.8 11 440 0 0 213 0 21 234 0 0 0 
2018/04/30 11.2 11.7 11.05 11.35 315 0 0 239 0 15 254 0 0 0 
2018/05/02 11.35 11.5 11.3 11.4 175 0 0 233 0 15 248 0 0 0 
2018/05/03 11.35 11.4 11.05 11.2 335 0 0 190 0 16 206 0 0 0 
2018/05/04 11.2 11.45 11.1 11.2 221 0 0 190 0 15 205 0 0 0 
2018/05/07 11.25 11.3 11.1 11.1 92 0 0 185 0 16 201 0 0 0 
2018/05/08 11.1 11.7 11.1 11.6 312 0 0 194 0 15 209 0 0 0 
2018/05/09 11.65 12.25 11.55 11.6 491 0 0 125 0 15 140 0 0 0 
2018/05/10 11.6 11.9 11.55 11.55 291 0 0 121 0 35 156 0 0 0 
2018/05/11 11.2 11.35 11 11.2 381 0 0 135 0 35 170 0 0 0 
2018/05/14 11.5 11.5 11.25 11.25 164 0 0 136 0 35 171 0 0 0 
2018/05/15 11.05 11.3 11 11.05 382 0 0 146 0 35 181 0 0 0 
2018/05/16 10.95 11.4 10.95 11.1 302 0 0 172 0 34 206 0 0 0 
2018/05/17 11.15 11.2 11.05 11.2 178 0 0 193 0 34 227 0 0 0 
2018/05/18 11.2 11.8 11.2 11.35 337 0 0 183 0 34 217 0 0 0 
2018/05/21 11.5 11.5 11.25 11.25 199 0 0 198 0 34 232 0 0 0 
2018/05/22 11.3 11.4 10.5 11.25 396 0 0 245 0 1 246 0 0 0 
2018/05/23 11.1 11.3 11.05 11.05 189 0 0 256 0 1 257 0 0 0 
2018/05/24 11.05 11.3 11.05 11.05 219 0 0 272 0 1 273 0 0 0 
2018/05/25 11.25 11.25 11.05 11.05 207 0 0 284 0 1 285 0 0 0 
2018/05/28 11.25 11.25 11 11.1 369 0 0 309 0 1 310 0 0 0 
2018/05/29 11.1 11.15 11 11 496 0 0 333 0 1 334 0 0 0 
2018/05/30 11 11.1 10.85 10.95 245 0 0 333 0 1 334 0 0 0 
2018/05/31 10.95 11.2 10.9 11.1 251 0 0 333 0 1 334 0 0 0 
2018/06/01 11.2 12.2 11.2 12.2 794 0 0 336 0 1 337 0 0 0 
2018/06/04 13.4 13.4 12.8 13 2391 0 0 461 0 10 471 0 0 0 
2018/06/05 12.25 12.85 12.25 12.75 771 0 0 412 0 1 413 0 0 0 
2018/06/06 12.75 12.85 12.35 12.6 559 0 0 251 0 0 251 0 0 0 
2018/06/07 12.8 13.25 12.6 12.85 562 0 0 154 0 0 154 0 0 0 
2018/06/08 12.95 12.95 12.35 12.35 515 0 0 158 0 1 159 0 0 0 
2018/06/11 13 13.55 12.65 13.55 2185 0 0 404 0 0 404 0 0 0 
2018/06/12 13.25 13.35 12.7 13 1356 0 0 137 0 1 138 0 0 0 
2018/06/13 13 13 12.7 12.7 277 0 0 139 0 1 140 0 0 0 
2018/06/14 12.7 13.3 12.7 12.85 316 0 0 146 0 0 146 0 0 0 
2018/06/15 12.85 13 12.35 12.7 496 0 0 149 0 1 150 0 0 0 
2018/06/19 12.7 12.7 12.35 12.6 204 0 0 151 0 0 151 0 0 0 
2018/06/20 12.5 12.6 12.2 12.6 365 0 0 157 0 0 157 0 0 0 
2018/06/21 13.35 13.35 12.65 12.75 271 0 0 154 0 0 154 0 0 0 
2018/06/22 12.7 12.8 12.4 12.65 350 0 0 173 0 1 174 0 0 0 
2018/06/25 13 13 12.45 12.6 254 0 0 160 0 0 160 0 0 0 
2018/06/26 12.5 12.55 12 12.4 518 0 0 163 0 1 164 0 0 0 
2018/06/27 12.4 12.4 11.95 12 492 0 0 185 0 1 186 0 0 0 
2018/06/28 11.8 12.25 11.8 12 103 0 0 209 0 3 212 0 0 0 
2018/06/29 12.15 12.15 11.8 12 194 0 0 206 0 0 206 0 0 0 
2018/07/02 12 12 11.6 11.65 231 0 0 206 0 2 208 0 0 0 
2018/07/03 11.7 11.7 11.2 11.3 242 0 0 243 0 2 245 0 0 0 
2018/07/04 11.2 11.55 11 11.2 333 0 0 264 0 3 267 0 0 0 
2018/07/05 11.2 11.3 11 11.2 116 0 0 273 0 3 276 0 0 0 
2018/07/06 11.2 11.2 11 11.05 167 0 0 280 0 3 283 0 0 0 
2018/07/09 11.3 11.35 11.2 11.3 112 0 0 284 0 2 286 0 0 0 
2018/07/10 11.2 11.35 11.05 11.1 129 0 0 286 0 2 288 0 0 0 
2018/07/11 11.2 11.25 10.9 10.9 158 0 0 277 0 3 280 0 0 0 
2018/07/12 11 11.1 10.9 11.05 59 0 0 276 0 3 279 0 0 0 
2018/07/13 11.05 11.05 10.85 10.9 180 0 0 284 0 3 287 0 0 0 
2018/07/16 10.9 10.95 10.8 10.85 117 0 0 284 0 3 287 0 0 0 
2018/07/17 10.8 10.9 10.75 10.8 97 0 0 273 17 3 293 0 0 0 
2018/07/18 10.85 11.2 10.85 11.1 151 0 0 276 17 3 296 0 0 0 
2018/07/19 11 11 10.9 10.9 102 0 0 267 17 3 287 0 0 0 
2018/07/20 10.85 10.95 10.55 10.8 210 0 0 255 17 2 274 0 0 0 
2018/07/23 10.8 11.2 10.75 10.75 100 0 0 246 17 2 265 0 0 0 
2018/07/24 10.7 10.75 10.7 10.7 58 0 0 243 17 2 262 0 0 0 
2018/07/25 10.75 10.85 10.7 10.85 83 0 0 250 18 0 268 0 0 0 
2018/07/26 11 11.1 10.8 11 236 0 0 254 18 0 272 0 0 0 
2018/07/27 11 11.2 10.95 11 168 0 0 256 18 0 274 0 0 0 
2018/07/30 10.9 10.9 10.6 10.75 267 0 0 263 18 0 281 0 0 0 
