1998/03/13 45.6 46.9 43 43.2 25470 
1998/03/20 43.2 43.9 41 42.4 14909 
1998/03/27 42.9 44 41.8 43.4 9760 
1998/04/03 43.5 43.7 42.2 42.8 10348 
1998/04/10 43 43 42.4 42.7 3835 
1998/04/17 42.4 42.7 41.3 42 6511 
1998/04/24 42 42 40.2 40.9 2621 
1998/05/01 41 41 38.3 38.3 2554 
1998/05/08 38.3 39.3 38.3 38.8 1389 
1998/05/15 38.8 40.8 38.7 40.5 3635 
1998/05/22 40.1 41.8 39 39.1 4687 
1998/05/29 39.1 39.7 38.5 39 1419 
1998/06/05 38.7 39 34.9 35.6 2506 
1998/06/12 35.6 36.9 30.5 30.5 1525 
1998/06/19 30.3 33.1 29.2 31.7 4505 
1998/06/26 31.9 32.3 28.1 28.9 5965 
1998/07/03 28.6 29.7 28.2 29.1 4263 
1998/07/10 28.9 29.2 28.4 28.7 3374 
1998/07/17 28.3 28.6 26.8 26.9 1994 
1998/07/24 27 27.8 26 27.2 1182 
1998/07/31 27.7 27.7 23 23.2 1977 
1998/08/07 23.5 23.9 22.2 23.5 1417 
1998/08/14 23.5 23.9 23.1 23.6 988 
1998/08/21 23.6 23.6 22.1 22.5 583 
1998/08/28 22.7 22.7 18.9 20.5 1668 
1998/09/04 20.6 20.7 18.1 20.7 2051 
1998/09/11 20.9 21.5 19 20.9 5847 
1998/09/18 21.5 25 21.2 23.3 15959 
1998/09/25 23.4 23.9 21.5 21.7 5503 
1998/10/02 21.7 21.9 19 20.6 3449 
1998/10/09 20.1 22.4 20 21.2 3118 
1998/10/16 20.9 21.7 20.3 20.7 1875 
1998/10/23 20.7 21 20 20.5 3046 
1998/10/30 20.4 20.4 19.1 19.7 2267 
1998/11/06 19.5 19.9 16.6 19.2 6420 
1998/11/13 19.1 19.3 17.6 17.9 1378 
1998/11/20 18 19.6 18 19.1 3398 
1998/11/27 19 19.2 17.5 18.4 1918 
1998/12/04 18.4 18.4 17.7 18 1049 
1998/12/11 18.3 20.5 18.1 19 11702 
1998/12/18 19 19.5 17 17.7 3221 
1998/12/25 17.5 18.2 17.5 18.1 2235 
1999/01/01 18.2 18.4 15.4 18.4 8162 
1999/01/08 17.5 19.4 17.5 18.8 6594 
1999/01/15 18.8 19.3 17.6 18.3 7874 
1999/01/22 18.3 18.4 17.3 17.4 1869 
1999/01/29 17.5 18.7 16.5 17 4340 
1999/02/05 17.1 17.4 14.5 16.2 3149 
1999/02/12 16.2 17 15.7 16.7 1641 
1999/02/19 17.5 17.5 17 17.4 583 
1999/02/26 17.4 18.1 16.6 17 2260 
1999/03/05 17.1 19 17 18.2 19733 
1999/03/12 18.2 18.6 17.5 17.7 1724 
1999/03/19 17.7 19.9 17.7 19.3 8294 
1999/03/26 19.6 20.4 18.5 19.3 10550 
1999/04/02 19.3 19.7 18.5 18.9 2970 
1999/04/09 19 19.5 18.6 18.6 3277 
1999/04/16 18.3 19 18.1 18.9 3407 
1999/04/23 19 21 18.8 20 12457 
1999/04/30 20.1 20.7 19.5 20.4 5893 
1999/05/07 20.6 22.1 20.6 21.2 7846 
1999/05/14 21.4 21.4 19.5 20.4 2211 
1999/05/21 20.7 20.9 20 20.5 1513 
1999/05/28 20.3 20.5 19.3 20 1558 
1999/06/04 20.3 20.3 18.8 19.3 1972 
1999/06/11 19.2 19.3 17.9 18.8 1550 
1999/06/18 17.5 18.8 17.5 18 1775 
1999/06/25 18 18.6 17.6 18.1 2299 
1999/07/02 18.3 18.4 17.6 18.1 2511 
1999/07/09 18 18.3 17.3 17.5 875 
1999/07/16 17.5 17.7 15 15.2 2004 
1999/07/23 14.5 17 14.5 16.9 726 
1999/07/30 16.9 17.4 16.1 16.8 697 
1999/08/06 17.2 17.2 16.2 17.1 660 
1999/08/13 16.7 17.6 16.1 17.2 379 
1999/08/20 17 18.5 17 18.5 1165 
1999/08/27 18 18.7 17.7 18.7 807 
1999/09/03 18.8 19.5 17.7 18.5 802 
1999/09/10 18.5 18.7 17.3 18 824 
1999/09/17 18.1 18.5 17 17.4 433 
1999/09/24 17.7 17.7 17.2 17.3 16 
1999/10/01 16.7 17 15.8 16.7 697 
1999/10/08 16.8 17.4 16.6 16.9 419 
1999/10/15 16.5 17.8 16.5 17 303 
1999/10/22 17 17.8 16.3 16.5 135 
1999/10/29 16.6 17 16 16.7 300 
1999/11/05 16.7 17.2 15.3 15.3 509 
1999/11/12 15 17.6 15 17.5 784 
1999/11/19 17.5 17.9 16.6 17.1 627 
1999/11/26 17.2 17.5 16.7 17.5 299 
1999/12/03 17 17.5 16.8 17.5 409 
1999/12/10 17.5 18.3 17 17.2 538 
1999/12/17 16.8 17 15.4 16.5 312 
1999/12/24 16.5 16.6 15.5 16.5 256 
1999/12/31 16 16.6 15.2 15.5 257 
2000/01/07 15.5 16.9 15.2 16.8 416 
2000/01/14 16.8 17 15.8 16 1088 
2000/01/21 16.2 17.3 15.9 16.2 3446 
2000/01/28 16.4 18.6 16.2 17.4 6039 
2000/02/04 17.5 18 17.4 17.5 1093 
2000/02/11 18 20.5 17.7 19.8 3869 
2000/02/18 20.1 24.1 19.1 24.1 13386 
2000/02/25 25.7 25.7 19.7 20 13606 
2000/03/03 20.7 20.8 19.5 19.9 3892 
2000/03/10 20 20.7 19.5 20 3517 
2000/03/17 19.1 21.6 18.6 20.5 7925 
2000/03/24 19.8 21.6 19.2 20.4 3094 
2000/03/31 20.1 21 19.7 19.9 3864 
2000/04/07 19.8 22.1 19.1 22.1 1619 
2000/04/14 23.6 24.9 21.1 23.5 9235 
2000/04/21 25 25 23.1 24.2 146383 
2000/04/28 25 25 20.6 21 64599 
2000/05/05 21.3 21.5 20 20.6 439 
2000/05/12 20.6 20.6 19 19.7 426 
2000/05/19 19.7 20.4 19 19.3 547 
2000/05/26 19.2 20.2 18.6 19.9 443 
2000/06/02 19.9 22.4 19.3 20.3 1274 
2000/06/09 20.1 21.2 19.5 20.5 238 
2000/06/16 20.3 21.2 20.1 20.3 513 
2000/06/23 20.3 20.5 19.8 20.2 162 
2000/06/30 19.8 20.1 18.6 19.9 1497 
2000/07/07 20.9 21 19.1 19.7 408 
2000/07/14 19.4 20.4 19.1 20 316 
2000/07/21 19.9 20.9 19.3 20.1 201 
2000/07/28 20.1 20.2 19.1 19.5 232 
2000/08/04 19.6 20 18.6 19.6 202 
2000/08/11 19.5 19.9 19.2 19.5 377 
2000/08/18 19.3 20 19.1 19.8 348 
2000/08/25 19.5 20 19.3 19.3 160 
2000/09/01 19.3 20 18.7 19.2 632 
2000/09/08 19.1 19.2 17.8 19 306 
2000/09/15 18.1 18.8 17.9 18 170 
2000/09/22 16.8 18 16 16.8 301 
2000/09/29 16.8 17.5 16.1 16.1 163 
2000/10/06 16.1 18 16 17.1 729 
2000/10/13 17 17.4 16.5 16.8 463 
2000/10/20 17.4 17.9 16.5 17.3 719 
2000/10/27 17.3 17.5 17.1 17.3 479 
2000/11/03 16.8 17.4 16.7 17.3 943 
2000/11/10 17.3 18 17.1 17.8 679 
2000/11/17 17.6 18.2 16.7 17.9 970 
2000/11/24 17.5 19.4 17.3 19.2 1195 
2000/12/01 19.3 19.6 19.1 19.5 928 
2000/12/08 19.7 20.3 19.3 20.2 994 
2000/12/15 20.2 20.7 20 20.6 1099 
2000/12/22 21.1 21.3 20.4 21 1237 
2000/12/29 21.6 23.5 20.3 23.4 6937 
2001/01/05 25 25 21 21.8 44545 
2001/01/12 21 21.8 20.4 20.6 404 
2001/01/19 20.6 21.5 20 20.7 426 
2001/02/02 20.9 20.9 20 20.6 349 
2001/02/09 20.8 21.5 19.1 19.5 1140 
2001/02/16 19.5 19.8 18.1 19.4 490 
2001/02/23 19.5 19.8 18.2 18.2 623 
2001/03/02 18.2 19 18 18.5 122 
2001/03/09 18.6 19.4 18.3 18.5 493 
2001/03/16 18 19.1 17.8 18.2 406 
2001/03/23 18.2 18.6 18 18 352 
2001/03/30 18.1 18.4 17.7 18 594 
2001/04/06 18 18 16.1 16.7 757 
2001/04/13 16.7 17.3 16.5 16.8 797 
2001/04/20 16.8 17.7 16 16.5 1573 
2001/04/27 16.5 16.7 16.1 16.3 381 
2001/05/04 16.1 16.1 15.5 15.6 288 
2001/05/11 15.6 15.9 14.6 15.5 312 
2001/05/18 15 15.4 14.7 15.2 434 
2001/05/25 15.2 15.2 13.85 14.2 1522 
2001/06/01 14.2 14.4 14 14.3 243 
2001/06/08 14 14.85 14 14.85 122 
2001/06/15 14.85 16.5 14.85 16.1 174 
2001/06/22 16.1 16.3 14.8 15.5 111 
2001/06/29 15.3 16.5 15.1 16.5 163 
2001/07/06 17.2 17.2 15.8 16.8 87 
2001/07/13 16.5 16.8 16 16 106 
2001/07/20 14.9 15.8 14.7 15.6 206 
2001/07/27 15.7 15.7 15 15.2 89 
2001/08/03 15.2 15.5 14.7 15.2 52 
2001/08/10 15.2 15.9 15.2 15.2 107 
2001/08/17 14.7 16 14.7 15.6 145 
2001/08/24 15 15.5 14.8 15 331 
2001/08/31 15.1 17 14.8 16.2 679 
2001/09/07 16.2 16.4 14.9 15.5 93 
2001/09/14 15.3 15.5 14.05 14.1 318 
2001/09/21 13.65 13.9 13.65 13.7 228 
2001/09/28 13.7 14.5 13.7 14.45 197 
2001/10/05 14.45 14.5 13.8 14.2 96 
2001/10/12 14.3 14.4 13.9 14.1 143 
2001/10/19 14 14.1 13.8 14.1 107 
2001/10/26 14 14.5 13.9 14.5 137 
2001/11/02 14.05 14.5 14 14.1 112 
2001/11/09 14.1 14.7 14.1 14.4 106 
2001/11/16 14.4 14.7 14.25 14.4 180 
2001/11/23 14.4 15.3 14.2 15.3 776 
2001/11/30 15.3 15.3 14.15 14.2 594 
2001/12/07 14.4 15 14.2 15 541 
2001/12/14 15 16 14.9 15.5 1251 
2001/12/21 15.7 16.4 15.3 15.9 789 
2001/12/28 15.9 16.1 15 15.3 644 
2002/01/04 15.5 15.5 15.2 15.3 228 
2002/01/11 15.3 16 15.3 15.3 646 
2002/01/18 15.2 15.2 14.3 14.8 224 
2002/01/25 14.8 15.3 14.7 14.9 150 
2002/02/01 15.2 15.8 15 15.4 216 
2002/02/08 15.4 16 14.6 15.8 908 
2002/02/22 16.4 16.4 15.1 15.5 257 
2002/03/01 15.4 15.5 15 15 206 
2002/03/08 15.2 15.2 14.7 15 698 
2002/03/15 15.2 15.7 14.9 15.5 4907 
2002/03/22 16 18.2 15.6 18.2 2206 
2002/03/29 19.4 22.1 19.4 19.9 9216 
2002/04/05 19.5 20.9 19.4 19.8 2356 
2002/04/12 20 20 18 18.7 1458 
2002/04/19 18.7 20 18.5 19.5 2161 
2002/04/26 19.8 20.8 19.5 19.7 4445 
2002/05/03 19.7 19.8 18.6 19 1332 
2002/05/10 19 19 18 18.5 952 
2002/05/17 18.7 18.7 18.1 18.2 467 
2002/05/24 18.3 18.3 17.6 18 435 
2002/05/31 18 18.4 18 18.4 273 
2002/06/07 18.5 19.2 18.4 19 588 
2002/06/14 19 20.7 19 19.7 9375 
2002/06/21 19.8 21.5 19.5 21.1 5807 
2002/06/28 20.6 20.6 18.3 18.7 2736 
2002/07/05 18.7 19.1 18.1 18.5 755 
2002/07/12 18.5 18.7 17.8 18.2 1120 
2002/07/19 18.2 18.4 18 18.3 437 
2002/07/26 18.2 18.5 17.8 18 460 
2002/08/02 17.9 18.2 17.8 17.9 390 
2002/08/09 17 17.4 17 17.3 650 
2002/08/16 17.3 18.4 17 18.4 1637 
2002/08/23 18.9 18.9 18 18.2 1320 
2002/08/30 18.2 18.2 17.8 18 551 
2002/09/06 18.2 18.2 17.7 17.7 219 
2002/09/13 17.8 18.8 17.7 18.5 624 
2002/09/20 18.5 19.5 18.4 19.3 2336 
2002/09/27 19.3 19.7 19.2 19.7 1845 
2002/10/04 19.4 19.8 19.3 19.6 1374 
2002/10/11 19.5 19.9 19.3 19.6 1168 
2002/10/18 19.6 19.9 19.4 19.6 3569 
2002/10/25 19.6 19.6 19.6 19.6 0 
2002/11/01 19.6 19.6 19.6 19.6 0 
2002/11/08 19.6 19.6 19.6 19.6 0 
2002/11/15 19.6 19.6 19.6 19.6 0 
2002/11/22 19.6 19.6 19.6 19.6 0 
2002/11/29 31.2 31.5 29 29.4 2541 
2002/12/06 29.7 30.6 29.3 29.4 326 
2002/12/13 29.5 31 29.5 29.7 376 
2002/12/20 29.7 30 29.6 29.9 743 
2002/12/27 29.9 29.9 29.5 29.5 338 
2003/01/03 29.6 29.8 29.2 29.8 129 
2003/01/10 29.9 30.5 29.6 30 644 
2003/01/17 30.3 32.1 30 30.2 908 
2003/01/24 30.2 30.5 29.6 30.1 312 
2003/01/31 30.1 31 30 31 217 
2003/02/07 31 31 29.6 29.8 291 
2003/02/14 29.8 31 29.8 30.1 947 
2003/02/21 30.4 34.9 30.4 33.5 4318 
2003/02/28 33.5 35.2 33.5 34 1686 
2003/03/07 34 35.2 33.7 33.9 1543 
2003/03/14 36 41 34.2 38.8 5533 
2003/03/21 38 38.2 35.2 36.1 2496 
2003/03/28 36.8 36.9 35.8 36 1008 
2003/04/04 36 37.3 34 36.4 2685 
2003/04/11 36.4 36.5 35.2 35.5 2338 
2003/04/18 35.5 37 29 29.3 4370 
2003/04/25 28 28.7 24.3 24.5 2596 
2003/05/02 24 25 22.9 23.3 932 
2003/05/09 23.2 25.3 23 24.1 951 
2003/05/16 23.8 25.9 23.7 24.5 952 
2003/05/23 24.7 25.3 23.7 25.3 757 
2003/05/30 25.9 28.8 25.7 27.5 2756 
2003/06/06 28.9 28.9 27.6 28.4 686 
2003/06/13 28.3 28.6 27.9 28.1 540 
2003/06/20 28 30.3 28 29.2 1106 
2003/06/27 29 29 27.6 27.6 254 
2003/07/04 27.8 28.3 27 27.6 512 
2003/07/11 28 28.8 27.2 28.8 1405 
2003/07/18 28.8 28.8 27.8 28.2 324 
2003/07/25 28.2 29.1 28 28.2 4146 
2003/08/01 28.2 28.8 28.2 28.3 384 
2003/08/08 28.3 28.8 28 28.2 329 
2003/08/15 28.2 28.6 28 28.5 246 
2003/08/22 28.4 29.8 28.2 29.5 1158 
2003/08/29 29.8 30.9 28.1 30.9 4057 
2003/09/05 30.8 30.9 29.1 29.4 1852 
2003/09/12 29.1 29.7 28.8 29 585 
2003/09/19 28.5 29.9 28.5 29.5 500 
2003/09/26 29.5 30 28.6 30 236 
2003/10/03 30 31 29.2 29.9 274 
2003/10/10 29.9 33.1 29.9 31.7 2179 
2003/10/17 31.5 36.5 31.2 35.4 3597 
2003/10/24 35.4 38 33.7 34.9 1821 
2003/10/31 33.6 35.2 33.5 33.8 803 
2003/11/07 34.9 36 34.6 36 289 
2003/11/14 36.1 36.8 35.3 36.4 382 
2003/11/21 36 37.5 36 37.1 538 
2003/11/28 37.2 37.2 35.6 36.3 457 
2003/12/05 36 36.7 35.7 36 237 
2003/12/12 36 36.6 35.1 36.3 300 
2003/12/19 36.9 36.9 36 36.3 808 
2003/12/26 36.3 37.5 36.2 37 450 
2004/01/02 37 38.3 37 37.5 268 
2004/01/09 37.5 38.5 37.4 38.5 277 
2004/01/16 38.5 39.8 38.3 39.8 487 
2004/01/30 39.9 40.5 39.8 40.2 239 
2004/02/06 39.5 45.1 39.1 45.1 3872 
2004/02/13 48.2 48.2 43.4 43.7 6562 
2004/02/20 43.6 43.9 41.6 41.6 480 
2004/02/27 41.7 44.5 41.7 42.8 498 
2004/03/05 42.9 47.2 42.9 45.8 768 
2004/03/12 43.6 46.3 42.9 46 1468 
2004/03/19 46 46.8 39.7 45.2 1145 
2004/03/26 42.1 42.1 39.2 42 1320 
2004/04/02 42 44.9 42 43.9 323 
2004/04/09 43.9 44 42 42.1 141 
2004/04/16 42.8 43.9 42.1 42.4 177 
2004/04/23 42.2 43.9 42.1 42.4 248 
2004/04/30 42.4 43 39.9 42.8 260 
2004/05/07 42.6 42.6 38.3 39 215 
2004/05/14 36.8 38.5 36.3 38.5 125 
2004/05/21 38.5 40 35.9 39.2 170 
2004/05/28 39.9 42 38.9 40.9 171 
2004/06/04 41 41 36.2 36.8 832 
2004/06/11 37 37 34.2 35.2 577 
2004/06/18 35.2 36.8 35 36 260 
2004/06/25 36.3 38.1 35.7 35.8 391 
2004/07/02 35.6 36 35 35.8 1004 
2004/07/09 36 37.2 36 36.2 185 
2004/07/16 36.4 37.7 36.4 36.9 264 
2004/07/23 37.4 37.4 34.8 36.7 180 
2004/07/30 36 38 35.8 37.7 481 
2004/08/06 37.8 38 36 36 1020 
2004/08/13 36.9 37.5 36.6 37 9 
2004/08/20 36.3 38 36.3 38 966 
2004/08/27 37.5 37.9 36.9 37.3 141 
2004/09/03 37.1 38.3 37 38 85 
2004/09/10 37.4 38.2 37.2 37.7 45 
2004/09/17 37.5 38.2 37.5 37.5 38 
2004/09/24 37.5 40 37.5 39.5 102 
2004/10/01 38.1 38.6 37.8 38.2 390 
2004/10/08 38.1 39.4 38.1 39.4 194 
2004/10/15 38.5 39.9 38.2 38.5 57 
2004/10/22 38 38.5 37.2 37.4 107 
2004/10/29 37.3 38.3 37.3 37.7 52 
2004/11/05 37.7 38.4 36.9 37.5 96 
2004/11/12 37.5 38 36.8 37.3 260 
2004/11/19 37.1 38.5 37 38.2 246 
2004/11/26 38.2 40 37.5 38 117 
2004/12/03 37.2 40.6 37.2 37.7 218 
2004/12/10 37.7 38.5 37.5 37.7 254 
2004/12/17 37.7 37.7 37.1 37.5 294 
2004/12/24 37.5 37.9 37.3 37.6 71 
2004/12/31 37.8 39.5 37.5 39.3 339 
2005/01/07 39.4 39.8 38.6 38.6 196 
2005/01/14 39 39.8 38.5 39 230 
2005/01/21 39.6 39.6 38.5 38.8 108 
2005/01/28 38.8 40 38.7 39.5 168 
2005/02/04 39.9 40.2 39 39 258 
2005/02/18 39.1 39.5 37.9 38 492 
2005/02/25 38.3 39.7 38.2 39.7 354 
2005/03/04 39.7 41 39.7 41 855 
2005/03/11 41 41.4 41 41.05 776 
2005/03/18 41 42.2 40.9 41 645 
2005/03/25 41 43 41 41.55 1327 
2005/04/01 41.7 42 40.2 40.2 1671 
2005/04/08 40.2 41.4 40.2 41.05 288 
2005/04/15 41.1 42.1 40.7 41 461 
2005/04/22 41 41 37.7 39 958 
2005/04/29 39.45 41.5 39.45 40.3 327 
2005/05/06 40.3 44.9 40.3 43.1 1275 
2005/05/13 42.7 44.7 41.3 43.8 1116 
2005/05/20 43.8 51.8 42 51.6 5072 
2005/05/27 51.6 54.5 49 51.4 6920 
2005/06/03 51.8 55.9 50.4 53.5 9368 
2005/06/10 53.5 56 52 53 5465 
2005/06/17 53 56.6 52.2 52.5 6367 
2005/06/24 53 53.1 50.5 53 2703 
2005/07/01 53.3 56.7 52 52.7 5743 
2005/07/08 52.7 55.8 52.1 53.5 3277 
2005/07/15 53.5 54.5 52.9 54.5 2553 
2005/07/22 54 54.4 51.3 52.6 1682 
2005/07/29 52.7 54.9 51.6 54 2534 
2005/08/05 54.3 56 54 55.3 3239 
2005/08/12 55.4 55.7 53.4 54.3 1975 
2005/08/19 53.6 54.5 52 52.7 1042 
2005/08/26 52.7 53.5 51 53 1251 
2005/09/02 52.9 53 51.7 52.2 1186 
2005/09/09 52.2 52.7 51.6 51.8 798 
2005/09/16 51.9 52.7 51.4 52.2 1186 
2005/09/23 52.1 52.1 50 51.4 1736 
2005/09/30 50.5 51.7 49.5 50 3374 
2005/10/07 50.5 50.6 49.5 50.4 1687 
2005/10/14 50.6 53.2 50 50.6 818 
2005/10/21 51.2 52.9 49.5 52.3 1467 
2005/10/28 52.8 55 51.7 52.1 1906 
2005/11/04 52.8 53.3 51.8 53.1 370 
2005/11/11 53 53.2 52 52.7 457 
2005/11/18 52.1 53 52 53 410 
2005/11/25 52.8 54.3 51.4 51.4 1764 
2005/12/02 51.7 55.7 51.7 53.9 3023 
2005/12/09 54.9 65.1 54.9 62.6 16050 
2005/12/16 63 66.5 60 64.6 22795 
2005/12/23 65 66.8 61.6 63 5527 
2005/12/30 63.5 66 61.8 65.5 4340 
2006/01/06 61 65 61 64.3 2970 
2006/01/13 64.3 64.8 63.5 64.2 932 
2006/01/20 64 65.9 62.3 64 1280 
2006/01/27 64 64.5 62.9 63.5 547 
2006/02/03 63.6 63.8 63.5 63.8 117 
2006/02/10 64.2 67 62.8 63.2 1015 
2006/02/17 63.2 63.7 61.5 62.9 1231 
2006/02/24 62.9 66.5 61.3 66.5 1996 
2006/03/03 64.3 65.9 62.4 63.6 1336 
2006/03/10 63.6 64.8 62.4 62.4 796 
2006/03/17 62.1 64 62 62.3 660 
2006/03/24 62.3 65.5 62.3 64 959 
2006/03/31 64 65 63.7 65 240 
2006/04/07 64.5 65.2 64 64.2 775 
2006/04/14 65 73.8 64 73.8 3602 
2006/04/21 77.7 78.4 70.5 70.5 4643 
2006/04/28 73.9 84 72.3 77.6 6630 
2006/05/05 78.5 82 75.8 79.6 4015 
2006/05/12 79.6 87 76.3 84 8296 
2006/05/19 82.2 83.9 72.6 76.7 5744 
2006/05/26 77 82.4 74.2 81.8 2692 
2006/06/02 82.2 87.5 79.2 87.5 2870 
2006/06/09 88.5 88.5 75 84.8 3631 
2006/06/16 78.7 83.8 75.3 79.6 2685 
2006/06/23 79.3 80.5 75 79 1973 
2006/06/30 80.3 83.3 79.1 83.3 2056 
2006/07/07 83.3 84.8 79.8 80 981 
2006/07/14 78.1 79.5 77.2 78 1533 
2006/07/21 77.5 79.6 75.6 79 717 
2006/07/28 78.5 82 77.8 81 488 
2006/08/04 82 84.5 80.3 80.7 897 
2006/08/11 79.1 81 79.1 80.7 935 
2006/08/18 81 92.5 79.6 92.5 2255 
2006/08/25 98.9 103.5 93 93 14667 
2006/09/01 95 97.4 90.1 90.1 6622 
2006/09/08 90.2 92.7 87.5 89 4759 
2006/09/15 89 90 85 85.2 2345 
2006/09/22 86.1 92.8 85.7 90 4062 
2006/09/29 90 91.5 89.8 90 1973 
2006/10/06 90.5 94.8 90.5 93 2845 
2006/10/13 93 96 91.5 92.7 1617 
2006/10/20 94.5 95 89.1 89.8 1217 
2006/10/27 89.8 89.8 87 88.5 1596 
2006/11/03 88.5 90 88.2 89.3 989 
2006/11/10 88.1 90.3 87.6 89 2432 
2006/11/17 89.5 94.6 88.5 92.9 3504 
2006/11/24 93.3 93.5 90.2 90.8 1677 
2006/12/01 90.8 93.8 90.3 93.5 3153 
2006/12/08 93.7 100.5 92.7 100.5 5125 
2006/12/15 101 105 97.1 98.3 3322 
2006/12/22 98.3 99.2 97.5 98 1364 
2006/12/29 98.1 102 97.8 99.6 828 
2007/01/05 99.5 100.5 97.6 98.1 1183 
2007/01/12 98.1 110 98.1 104 2461 
2007/01/19 104 113 102 108 3373 
2007/02/02 387.5 387.5 387.5 387.5 302 
2007/02/09 414.5 414.5 384 409 948 
2007/02/16 399 399 381 391 290 
2007/03/02 405 405 370 384 465 
2007/03/09 382.5 382.5 350 371 210 
2007/03/16 368 372 361 369 125 
2007/03/23 375 384 367 370 143 
2007/03/30 370 377 366 368 39 
2007/04/06 368.5 371 363.5 363.5 85 
2007/04/13 363 367 347 365 299 
2007/04/20 363 371 363 365.5 140 
2007/04/27 365 371 360 371 134 
2007/05/04 370 370 350 355.5 73 
2007/05/11 356 360 320.5 323 421 
2007/05/18 323 351 305 330.5 386 
2007/05/25 331 335 330.5 332.5 106 
2007/06/01 332.5 332.5 314 316.5 130 
2007/06/08 320 344 316.5 343.5 501 
2007/06/15 343.5 348.5 321 325.5 414 
2007/06/22 328 347 328 334 211 
2007/06/29 334 358 334 354 254 
2007/07/06 354 355 341 343.5 118 
2007/07/13 348.5 365 339 361 262 
2007/07/20 360 363 343 346 202 
2007/07/27 340 346 316 316 339 
2007/08/03 315 322 306 316 246 
2007/08/10 300 319 300 304.5 189 
2007/08/17 304.5 304.5 257.5 257.5 232 
2007/08/24 270 287.5 261 287 518 
2007/08/31 287.5 297 265.5 280 99 
2007/09/07 280 286 273 281 242 
2007/09/14 280.5 280.5 260 262 197 
2007/09/21 262 262 240 241 232 
2007/09/28 241 274.5 241 274.5 895 
2007/10/05 280 309 271 293 687 
2007/10/12 291 339.5 291 333.5 473 
2007/10/19 330 347 308 320 613 
2007/10/26 310 329 300.5 322 279 
2007/11/02 328 335 319 321 289 
2007/11/09 323 326 305 311 222 
2007/11/16 311 313 294 311 158 
2007/11/23 316 317 295 303.5 365 
2007/11/30 306 324.5 306 313 328 
2007/12/07 320 320 300 317 270 
2007/12/14 315 318 297 297 656 
2007/12/21 293 297 267 269 134 
2007/12/28 270 296 265 290 140 
2008/01/04 290 297 282 292 77 
2008/01/11 290 324 277 324 216 
2008/01/18 346.5 370 341 360 1079 
2008/01/25 355 370 310 334.5 587 
2008/02/01 335.5 371.5 324.5 362 533 
2008/02/15 370 414 362 364 1096 
2008/02/22 367 403.5 365 399 1006 
2008/02/29 406 493 394 460 1251 
2008/03/07 460 533 436 445.5 2472 
2008/03/14 423 450 399 429 2928 
2008/03/21 420 490 420 485 2411 
2008/03/28 518 524 471 487 2649 
2008/04/04 485 489 468 477 772 
2008/04/11 485 554 479 541 1960 
2008/04/18 555 590 532 560 1787 
2008/04/25 560 561 520 533 1027 
2008/05/02 544 544 512 538 700 
2008/05/09 540 565 535 555 812 
2008/05/16 558 583 541 577 807 
2008/05/23 592 690 588 681 3213 
2008/05/30 705 705 582 612 2860 
2008/06/06 616 729 616 728 3303 
2008/06/13 715 738 580 590 3587 
2008/06/20 601 664 595 631 3484 
2008/06/27 625 662 598 616 2725 
2008/07/04 620 632 500 510 3992 
2008/07/11 496 520 481 486 2756 
2008/07/18 486 518 400 400 3734 
2008/07/25 389 494 380 484.5 4792 
2008/08/01 475 525 465 515 1501 
2008/08/08 515 515 393.5 430 1559 
2008/08/15 435 519 430 500 2668 
2008/08/22 504 515 451 490 2437 
2008/08/29 504 536 495 505 2364 
2008/09/05 472 487 371.5 385 2488 
2008/09/12 411.5 431.5 385 398.5 2835 
2008/09/19 385 395 331.5 354.5 2046 
2008/09/26 366 404 350 354 2558 
2008/10/03 329.5 367 307 323 1319 
2008/10/10 316 316 242 242 758 
2008/10/17 234 250 225.5 225.5 1142 
2008/10/24 218 225 190 190 949 
2008/10/31 178 228.5 165 228.5 1791 
2008/11/07 244 264 224 254 2126 
2008/11/14 252 255 207 208 1208 
2008/11/21 203 232 203 228.5 1307 
2008/11/28 230 259 226 250 1048 
2008/12/05 254 264 235.5 253.5 1873 
2008/12/12 260 323 260 321 2424 
2008/12/19 343 343 320 326 2760 
2008/12/26 326 335 280 295 2094 
2009/01/02 295 342 292 326 1544 
2009/01/09 337 338 312 324 2610 
2009/01/16 327 332.5 309.5 310 1936 
2009/01/23 316 317.5 276 286.5 1301 
2009/02/06 280 291.5 270 291 2860 
2009/02/13 293 297 282 288 2464 
2009/02/20 291.5 295.5 266 271 3324 
2009/02/27 271 282 262 275 2201 
2009/03/06 275 284 253 276 2831 
2009/03/13 282 304.5 278 301 3415 
2009/03/20 315 328 308 317.5 3966 
2009/03/27 324 345 317.5 326 4342 
2009/04/03 325.5 385 316 367 4717 
2009/04/10 372 438 350 425 3759 
2009/04/17 430 430 380 392 4809 
2009/04/24 400 433 392 410 3885 
2009/05/01 410 410 349 378.5 3095 
2009/05/08 387 445 387 431 4686 
2009/05/15 423 470.5 406 470.5 2876 
2009/05/22 477.5 534 466.5 501 4408 
2009/05/29 506 512 459.5 486 2548 
2009/06/05 492 520 447 453 3505 
2009/06/12 462 474 416 452 3293 
2009/06/19 465.5 465.5 413 428 2515 
2009/06/26 434 468 432 455 2842 
2009/07/03 460 483 448 472 1946 
2009/07/10 479 495 466.5 485 1445 
2009/07/17 445 449.5 418 438 2295 
2009/07/24 447.5 451 435 435 1477 
2009/07/31 435 449 425 426 1843 
2009/08/07 420 425 404 412 1194 
2009/08/14 406 448.5 400 437 2065 
2009/08/21 437 437 378 380 1376 
2009/08/28 390 396 339 396 1965 
2009/09/04 391 410 386 400 1217 
2009/09/11 410 413 394 411 1643 
2009/09/18 419 422 408 412 1089 
2009/09/25 412 416 397 400 947 
2009/10/02 394 412 394 397 1121 
2009/10/09 397 429 396.5 410 2044 
2009/10/16 406 415 400 407 851 
2009/10/23 405.5 422.5 399 410 1194 
2009/10/30 420.5 428 410.5 412.5 1122 
2009/11/06 404 412 401 401 6070 
2009/11/13 404 425 400 423.5 1278 
2009/11/20 418 425 411 411 863 
2009/11/27 410 418 404 405 808 
2009/12/04 405 406.5 396 397 1202 
2009/12/11 401.5 426 400 414 2278 
2009/12/18 416 421.5 408 414 564 
2009/12/25 415 418 403.5 404.5 722 
2010/01/01 407.5 412 403 410.5 685 
2010/01/08 413 417 404 406.5 1438 
2010/01/15 407.5 413 400 402.5 1392 
2010/01/22 402.5 406 376.5 377.5 1155 
2010/01/29 370 378 349.5 362.5 1051 
2010/02/05 366 367 326.5 328 927 
2010/02/12 328 360 322 350 464 
2010/02/26 362.5 362.5 337 340 459 
2010/03/05 340 349 334 348 534 
2010/03/12 352 355 346 348.5 332 
2010/03/19 346 348 335 342.5 848 
2010/03/26 344 355 344 348 820 
2010/04/02 350 357.5 346.5 350 920 
2010/04/09 352 364 351 354.5 872 
2010/04/16 360 377 357 370 1515 
2010/04/23 381.5 400 373 382 1791 
2010/04/30 380 389 371 371 713 
2010/05/07 374 383 346 351.5 810 
2010/05/14 353 364 347 357.5 789 
2010/05/21 351 363 335 339.5 936 
2010/05/28 339.5 346 324.5 333 868 
2010/06/04 337 384.5 333 375.5 1964 
2010/06/11 371 394 366.5 381.5 2228 
2010/06/18 381.5 395 381.5 391.5 1193 
2010/06/25 392 417 392 405 2017 
2010/07/02 409 415 383 390 2077 
2010/07/09 390 481 390 461 4797 
2010/07/16 455 474 454 461 2537 
2010/07/23 461 475 444 455.5 2212 
2010/07/30 460 473 450 459 2050 
2010/08/06 463 531 463 516 3766 
2010/08/13 521 524 473 473 2477 
2010/08/20 475 534 474 508 3373 
2010/08/27 515 553 509 514 3871 
2010/09/03 520 533 506 516 2823 
2010/09/10 520 534 483 490 3174 
2010/09/17 505 540 501 516 3510 
2010/09/24 516 533 513 519 2546 
2010/10/01 525 527 510 513 1623 
2010/10/08 518 552 518 534 3422 
2010/10/15 541 546 510 527 1645 
2010/10/22 529 529 512 520 967 
2010/10/29 510 521 494 497 1853 
2010/11/05 505 510 476 485 2282 
2010/11/12 492 493.5 475 486 2138 
2010/11/19 491 491 460 474 1968 
2010/11/26 479 495 460 483 2254 
2010/12/03 516 517 500 501 3055 
2010/12/10 501 513 496 496.5 1252 
2010/12/17 500 538 494 534 2350 
2010/12/24 540 550 517 521 2396 
2010/12/31 526 528 500 516 1268 
2011/01/07 522 544 490 491 2730 
2011/01/14 492 496 476 484.5 1944 
2011/01/21 487 487.5 476 483 819 
2011/01/28 488 513 478 505 1988 
2011/02/11 515 515 488 490 987 
2011/02/18 492 495 484 491 752 
2011/02/25 495 515 489 492 1819 
2011/03/04 495 500 487 492 800 
2011/03/11 492 505 485 504 750 
2011/03/18 495 495 406 448.5 3013 
2011/03/25 451 490 451 477 1671 
2011/04/01 483 508 473 499 1028 
2011/04/08 500 517 490 504 748 
2011/04/15 505 516 493 514 1579 
2011/04/22 516 539 515 530 1162 
2011/04/29 531 537 513 533 1058 
2011/05/06 533 537 508 534 1334 
2011/05/13 538 542 529 534 579 
2011/05/20 534 545 520 531 1137 
2011/05/27 529 567 526 558 1529 
2011/06/03 558 594 558 566 2441 
2011/06/10 566 572 529 530 1073 
2011/06/17 530 552 513 515 1682 
2011/06/24 515 565 515 546 2325 
2011/07/01 546 568 536 545 1986 
2011/07/08 545 554 518 523 2137 
2011/07/15 523 540 475 509 2308 
2011/07/22 509 526 504 510 1153 
2011/07/29 508 508 483 484 1442 
2011/08/05 485 502 457 457 1560 
2011/08/12 450 490 396.5 465 2404 
2011/08/19 471 479 436 437 736 
2011/08/26 430 458 416 449 815 
2011/09/02 449 479.5 449 474 851 
2011/09/09 471 471 446 467 859 
2011/09/16 423 438 410 431 796 
2011/09/23 432 440 412 417 685 
2011/09/30 417 430 405 421 956 
2011/10/07 419 426 408 415.5 658 
2011/10/14 428 443.5 421.5 430.5 925 
2011/10/21 433.5 450 425 432 797 
2011/10/28 439 470 437.5 454 914 
2011/11/04 454 460 435 449.5 740 
2011/11/11 446 458 437 448 1336 
2011/11/18 456.5 464 440 448.5 1311 
2011/11/25 448.5 448.5 406.5 417 979 
2011/12/02 422 440 413 422.5 776 
2011/12/09 422.5 422.5 399 400.5 715 
2011/12/16 404 408 365 366.5 934 
2011/12/23 361.5 396 352.5 390 1023 
2011/12/30 394 405 381.5 392 717 
2012/01/06 391 393.5 359.5 364 1463 
2012/01/13 368.5 407 362 401 2396 
2012/01/20 418 418 398.5 413.5 1823 
2012/02/03 417 463 409 445.5 2711 
2012/02/10 447.5 464 445 457 1332 
2012/02/17 462 465 438 441 1268 
2012/02/24 449 459 442 450 607 
2012/03/02 454 475 451 471.5 1072 
2012/03/09 475 479 442 451 880 
2012/03/16 450 453 439 441 737 
2012/03/23 442 448 433 435 728 
2012/03/30 437 438 411.5 417.5 734 
2012/04/06 418 421 397 402 637 
2012/04/13 400 418 394 418 722 
2012/04/20 417 417 400 401.5 745 
2012/04/27 401.5 405 392 398 579 
2012/05/04 398 413.5 397 408 787 
2012/05/11 407 407 382 385 712 
2012/05/18 385 385.5 336 339 1436 
2012/05/25 343 355 335 338.5 951 
2012/06/01 338.5 352 330 330 1791 
2012/06/08 315 324.5 301 315.5 1968 
2012/06/15 319.5 341 310 341 1755 
2012/06/22 348 348 331 333 1226 
2012/06/29 331.5 331.5 311.5 317 1699 
2012/07/06 320 332 315.5 319.5 2592 
2012/07/13 319.5 322 289 291 1778 
2012/07/20 293 293 270 275.5 2427 
2012/07/27 278 312 270.5 309 3383 
2012/08/03 314 343 309 331.5 4028 
2012/08/10 339.5 340 326.5 333 1623 
2012/08/17 334 335 324 326.5 1139 
2012/08/24 329 342 324.5 335.5 1635 
2012/08/31 339 342 325 328 1305 
2012/09/07 330 334.5 326.5 333 1220 
2012/09/14 305 333.5 304 333.5 3014 
2012/09/21 338 364 337 364 3968 
2012/09/28 367 369.5 348 351.5 1717 
2012/10/05 351.5 363 344 346.5 1075 
2012/10/12 352 352 330 333 900 
2012/10/19 333 345.5 326.5 341 1156 
2012/10/26 337 342 326 326 850 
2012/11/02 326.5 329.5 304 312 1206 
2012/11/09 310 334 310 332 1081 
2012/11/16 332 333 318.5 328 950 
2012/11/23 328 336 324 334 1078 
2012/11/30 335 347.5 333 345 1095 
2012/12/07 349 369 349 355.5 2225 
2012/12/14 355.5 364 354 360 1804 
2012/12/21 355 374 355 369 1433 
2012/12/28 369 396 365 389.5 1573 
2013/01/04 395 395 368.5 372 1084 
2013/01/11 372 380.5 365 372.5 1363 
2013/01/18 372 372.5 353 360 938 
2013/01/25 357.5 368 356 357 722 
2013/02/01 357 364.5 357 364.5 771 
2013/02/08 366 371.5 363 365.5 640 
2013/02/22 371 371 360 363.5 901 
2013/03/01 367 369 362 368.5 467 
2013/03/08 370 372 358 362.5 652 
2013/03/15 365 373 355.5 356 930 
2013/03/22 356 358 326.5 330 2185 
2013/03/29 331 343 331 342 1244 
2013/04/05 342 344 334 340 396 
2013/04/12 328 332 319 323 1487 
2013/04/19 320 325 309 325 1503 
2013/04/26 327 327.5 317 322 1050 
2013/05/03 320 334.5 318.5 330.5 836 
2013/05/10 334 344 331 342 1015 
2013/05/17 343 343 333.5 336.5 830 
2013/05/24 336 350.5 336 343.5 967 
2013/05/31 347 349.5 340 349.5 623 
2013/06/07 348.5 355 345 352 841 
2013/06/14 357 358.5 349.5 351.5 729 
2013/06/21 357 359 349.5 353 609 
2013/06/28 353 356 349 353 537 
2013/07/05 355 373 354.5 368.5 1548 
2013/07/12 370 380 362 378.5 1716 
2013/07/19 381 381 367.5 379 1280 
2013/07/26 379 405 379 394 1225 
2013/08/02 395 395 380 390.5 724 
2013/08/09 390.5 392 365 374 819 
2013/08/16 367.5 375 322 329.5 1758 
2013/08/23 329.5 333.5 322 325.5 814 
2013/08/30 325.5 330.5 321 330.5 616 
2013/09/06 332 340 328.5 338.5 728 
2013/09/13 337 352 334.5 348.5 918 
2013/09/20 345.5 350.5 338 339 441 
2013/09/27 348 348 333 338.5 707 
2013/10/04 333.5 338 330 333 896 
2013/10/11 333 335 328 328 571 
2013/10/18 328 348 328 347 1221 
2013/10/25 348 349.5 338 341 822 
2013/11/01 344 357.5 341 354 906 
2013/11/08 354.5 354.5 338.5 339.5 659 
2013/11/15 339.5 342 330 335 593 
2013/11/22 336 336.5 325.5 326 905 
2013/11/29 327 341.5 325.5 340 1499 
2013/12/06 343 343 335 335 914 
2013/12/13 342.5 342.5 332.5 334 550 
2013/12/20 330.5 342 328 335.5 1040 
2013/12/27 337.5 339 334.5 338 337 
2014/01/03 338 340.5 335 335 548 
2014/01/10 335 338 333 334 438 
2014/01/17 334 339 332 334 550 
2014/01/24 336 336 332 336 417 
2014/01/31 343.5 343.5 333 334 167 
2014/02/07 330 333 326.5 327.5 403 
2014/02/14 329.5 332.5 326 332.5 596 
2014/02/21 334.5 341 332 340 1388 
2014/02/28 340 344 337.5 340 1061 
2014/03/07 338 354 336 343 1192 
2014/03/14 345 350 340.5 348.5 620 
2014/03/21 350 364.5 349 353 1331 
2014/03/28 350 361.5 350 356 630 
2014/04/04 356.5 372 356.5 370 669 
2014/04/11 370 376 363 368 812 
2014/04/18 368 371 361.5 370 430 
2014/04/25 372 372.5 352 357 706 
2014/05/02 357 361 350 358.5 529 
2014/05/09 358.5 361 352 353 491 
2014/05/16 353 358.5 351 355 302 
2014/05/23 354 355.5 351 354 233 
2014/05/30 354 358 351.5 353.5 422 
2014/06/06 351.5 356 351 351.5 279 
2014/06/13 351.5 368.5 350.5 363 726 
2014/06/20 363 363 352 358 741 
2014/06/27 358 366 355.5 362 519 
2014/07/04 362.5 367 361 365 634 
2014/07/11 365 375 364 369.5 583 
2014/07/18 370 372 357.5 357.5 972 
2014/07/25 359 362.5 354.5 360 302 
2014/08/01 360 362.5 357 362.5 418 
2014/08/08 363.5 364.5 351 356 576 
2014/08/15 328 331 325.5 328 426 
2014/08/22 328 344 326 340.5 509 
2014/08/29 338.5 344 336 336 549 
2014/09/05 335 337.5 333 337 485 
2014/09/12 337 338 333 333.5 328 
2014/09/19 332 336.5 329.5 330 730 
2014/09/26 328.5 329 321 325.5 558 
2014/10/03 325 326 321 323 537 
2014/10/10 324 327 320.5 322 499 
2014/10/17 320 324.5 300 304 752 
2014/10/24 304.5 314 303.5 306 382 
2014/10/31 302 315 301 315 526 
2014/11/07 313.5 317 306 313.5 498 
2014/11/14 305 319 304 319 435 
2014/11/21 319 335 316 334 1016 
2014/11/28 334 335 320.5 320.5 1400 
2014/12/05 315 329 310.5 326 752 
2014/12/12 326 327.5 315 315 643 
2014/12/19 315 320.5 312 313 1046 
2014/12/26 314.5 320.5 313 319 395 
2015/01/02 319 338 319 338 979 
2015/01/09 335 335 320 323 658 
2015/01/16 327 327 317 318.5 538 
2015/01/23 319.5 327.5 318.5 323 508 
2015/01/30 324 325 319 320 365 
2015/02/06 320 323.5 320 322.5 433 
2015/02/13 325 325 318 318.5 559 
2015/02/27 321 328.5 317 328.5 600 
2015/03/06 328.5 330 325 328.5 606 
2015/03/13 327.5 331 324.5 327 586 
2015/03/20 326 332 325 331 494 
2015/03/27 331 333 325 326.5 618 
2015/04/03 332 332 327 328.5 331 
2015/04/10 327 329.5 325 329.5 280 
2015/04/17 330 330.5 326 330 456 
2015/04/24 328 330 325.5 328 454 
2015/05/01 330 330.5 327 327.5 512 
2015/05/08 329 329.5 325.5 328 352 
2015/05/15 330 330 302 305.5 2090 
2015/05/22 307.5 310 301 303 1129 
2015/05/29 303 305 288 288.5 5034 
2015/06/05 290 294.5 275.5 280 1705 
2015/06/12 278 278 260 264 1389 
2015/06/19 264 268.5 248.5 255.5 1559 
2015/06/26 257 275 257 264.5 977 
2015/07/03 264 265.5 257.5 261 636 
2015/07/10 261 261 235.5 244 1084 
2015/07/17 249 251 246 249.5 949 
2015/07/24 241 243 233.5 233.5 794 
2015/07/31 232.5 232.5 219 222.5 1328 
2015/08/07 222 228.5 216 228.5 910 
2015/08/14 228 240 225 238 954 
2015/08/21 238 239 215.5 216 1693 
2015/08/28 204 215 182.5 212.5 2731 
2015/09/04 216 216 206.5 212.5 1327 
2015/09/11 211 223 211 219 768 
2015/09/18 222 225 217 223.5 1018 
2015/09/25 221.5 221.5 217.5 219 1028 
2015/10/02 218.5 221.5 217.5 219 565 
2015/10/09 219.5 221 214.5 219.5 855 
2015/10/16 219.5 220.5 207 211.5 2442 
2015/10/23 211.5 220.5 211 220 1796 
2015/10/30 220 228 220 224.5 2136 
2015/11/06 224.5 233 222.5 230 2082 
2015/11/13 229 232.5 226 228.5 2314 
2015/11/20 226.5 229.5 223.5 225 2008 
2015/11/27 225 227 223 223 1182 
2015/12/04 222.5 227 221.5 225.5 1251 
2015/12/11 225.5 226 219 223 2222 
2015/12/18 222 224.5 221.5 223.5 1468 
2015/12/25 223 224 220.5 224 1299 
2016/01/01 224 228 224 227.5 1611 
2016/01/08 227.5 227.5 216 219 2492 
2016/01/15 219 219.5 216 219 2138 
2016/01/22 217.5 218.5 214.5 216 1932 
2016/01/29 216 218 213.5 215.5 2456 
2016/02/05 215.5 218.5 214 214 1128 
2016/02/19 213.5 216.5 213.5 216 1017 
2016/02/26 216 218 212 214 660 
2016/03/04 214 215 212.5 214.5 374 
2016/03/11 214.5 214.5 210 213 766 
2016/03/18 213 215 210 214 833 
2016/03/25 214 214.5 205 206.5 1043 
2016/04/01 205 206.5 189 193 2558 
2016/04/08 193 193 187 190.5 2007 
2016/04/15 190 190.5 183.5 190.5 3061 
2016/04/22 190.5 195 188.5 194.5 2723 
2016/04/29 193.5 195.5 191 195.5 2659 
2016/05/06 195.5 196 192.5 194.5 2344 
2016/05/13 194 195 190 193 1672 
2016/05/20 193 194 189.5 191 1767 
2016/05/27 191 193 186 189 2331 
2016/06/03 189 190.5 185.5 188.5 2446 
2016/06/10 188.5 189 183.5 185 1726 
2016/06/17 181 187 179.5 186 2652 
2016/06/24 185.5 187.5 180.5 185 1802 
2016/07/01 185 185.5 182 184.5 1505 
2016/07/08 184 188 180.5 188 1911 
2016/07/15 187 191.5 182 185 2288 
2016/07/22 184 188 183.5 188 1604 
2016/07/29 188 188.5 185.5 188 354 
2016/08/05 187.5 187.5 184 185 288 
2016/08/12 185.5 185.5 178 181.5 917 
2016/08/19 181.5 181.5 175 178 991 
2016/08/26 178 180 177 178.5 1097 
2016/09/02 178.5 182.5 177 180.5 1457 
2016/09/09 181 182.5 179 181.5 1576 
2016/09/16 181.5 183.5 178.5 178.5 1879 
2016/09/23 179 181 178.5 179.5 1172 
2016/09/30 179 180 177 179.5 1133 
2016/10/07 179 179.5 177 179 1460 
2016/10/14 179 179.5 177 178 911 
2016/10/21 178 179.5 175.5 178 1440 
2016/10/28 178 178 175.5 176.5 889 
2016/11/04 176.5 177 175 175.5 550 
2016/11/11 175.5 176.5 172.5 174 1037 
2016/11/18 174 174.5 170 170.5 957 
2016/11/25 171 172.5 170 171 571 
2016/12/02 171.5 171.5 168.5 170.5 616 
2016/12/09 170.5 171 168 169.5 431 
2016/12/16 170 170.5 168 169.5 471 
2016/12/23 170 170 168 169 416 
2016/12/30 169 170 168 169 313 
2017/01/06 169.5 169.5 167 168 255 
2017/01/13 168 169 167 168.5 289 
2017/01/20 167.5 168.5 166.5 167.5 339 
2017/01/27 167 167 165.5 166 159 
2017/02/03 166 167 164.5 165 178 
2017/02/10 165 173.5 164.5 169.5 1499 
2017/02/17 169.5 173 169.5 173 656 
2017/02/24 173 175 172.5 174 572 
2017/03/03 172.5 173 170.5 172 454 
2017/03/10 172 172 167 168 721 
2017/03/17 168 168 154 154 2383 
2017/03/24 157 163 156.5 159 1865 
2017/03/31 159 159.5 154.5 156.5 1287 
2017/04/07 157.5 157.5 155.5 157 194 
2017/04/14 157 157.5 154 154.5 1342 
2017/04/21 155 155 154 155 140 
2017/04/28 155 156 155 155.5 91 
2017/05/05 157.5 158 157 158 153 
2017/05/12 158.5 158.5 154.5 156 1126 
2017/05/19 155 156.5 155 156.5 603 
2017/05/26 156.5 157 155.5 156 637 
2017/06/02 156 158.5 154.5 157 1081 
2017/06/09 157 158.5 157 158 474 
2017/06/16 157 158 156.5 158 837 
2017/06/23 158.5 166 158.5 163 1952 
2017/06/30 162.5 165.5 161.5 165.5 1249 
2017/07/07 165.5 166.5 163.5 164.5 268 
2017/07/14 164 164 162 163 501 
2017/07/21 164.5 166.5 163.5 165.5 432 
2017/07/28 165 165.5 164 165 243 
2017/08/04 158 158 154.5 155 1005 
2017/08/11 155 156 154.5 155 510 
2017/08/18 152.5 153.5 150.5 152 821 
2017/08/25 151.5 153 151.5 153 204 
2017/09/01 155 155 153.5 155 193 
2017/09/08 155 155 154 154.5 122 
2017/09/15 155 155 153 154 289 
2017/09/22 154.5 154.5 153.5 154.5 110 
2017/09/29 154 154.5 153 154 292 
2017/10/06 154.5 155.5 154 154.5 229 
2017/10/13 154 154.5 154 154.5 160 
2017/10/20 154 154.5 153 153.5 155 
2017/10/27 151 152 150.5 151.5 761 
2017/11/03 151 152 150 151 656 
2017/11/10 151 151.5 150.5 151 491 
2017/11/17 151 151.5 150.5 151.5 134 
2017/11/24 150.5 151.5 150.5 151.5 96 
2017/12/01 151.5 151.5 150.5 151.5 389 
2017/12/08 152.5 158 152.5 153.5 658 
2017/12/15 154.5 155.5 152.5 155 408 
2017/12/22 154 154.5 152.5 153 641 
2017/12/29 155 155 152.5 154 382 
2018/01/05 154.5 155.5 154 155 392 
2018/01/12 156 156.5 153.5 154 519 
2018/01/19 154 155 154 155 405 
2018/01/26 155 157 154.5 156 593 
2018/02/02 157 157 154.5 155 442 
2018/02/09 154 155 149.5 151 982 
2018/02/16 151 151 149.5 150.5 215 
2018/02/23 150.5 152 150 151 487 
2018/03/02 151 151.5 150 151 465 
2018/03/09 151 151 149 150.5 628 
2018/03/16 150 160.5 149.5 154 1167 
2018/03/23 154 154.5 151 151.5 611 
2018/03/30 151.5 152.5 150.5 151.5 675 
2018/04/06 151.5 152 150.5 152 229 
2018/04/13 152 156 151.5 155 731 
2018/04/20 156 156 154 155 426 
2018/04/27 154.5 154.5 153 153.5 295 
2018/05/04 153.5 154.5 153 154 441 
2018/05/11 154 154 152.5 153.5 608 
2018/05/18 153.5 153.5 151.5 152 432 
2018/05/25 152.5 152.5 150.5 151.5 477 
2018/06/01 151.5 152 150.5 151 537 
2018/06/08 151.5 151.5 150.5 150.5 494 
2018/06/15 150.5 151.5 149 150.5 660 
2018/06/22 150.5 152.5 150 151 717 
2018/06/29 151 151.5 149 149 939 
2018/07/06 149.5 150 147 148.5 696 
2018/07/13 148.5 149 147.5 147.5 335 
2018/07/20 147.5 149.5 147.5 149.5 560 
2018/07/27 149.5 150.5 142.5 143.5 653 
2018/08/03 143.5 143.5 140.5 141.5 637 
2018/08/10 141.5 142.5 140 141.5 627 
2018/08/17 141 141.5 139 140.5 732 
2018/08/24 140.5 140.5 139 139.5 465 
2018/08/31 139.5 140 138.5 139.5 547 
2018/09/07 140 140 138 139 627 
2018/09/14 138.5 139 136.5 137.5 879 
2018/09/21 137 137.5 134.5 135.5 1145 
2018/09/28 135.5 135.5 135 135.5 877 
2018/10/05 135.5 136.5 133.5 134.5 1073 
2018/10/12 133.5 135 130 133.5 1124 
2018/10/19 133 134 132 134 1388 
2018/10/26 133.5 134.5 132.5 133 629 
2018/11/02 132.5 135 132 134 1045 
2018/11/09 134.5 142 133.5 141 1143 
2018/11/16 140.5 141 139 140 1281 
2018/11/23 140 140.5 139 139.5 633 
2018/11/30 142 148 139.5 142.5 1888 
2018/12/07 143 144.5 141.5 142 1087 
2018/12/14 142 142 139 140 876 
2018/12/21 140 140 136.5 138 1592 
2018/12/28 138 138 130.5 135 1552 
2019/01/04 134.5 135.5 133.5 133.5 568 
2019/01/11 134 135 133.5 134.5 854 
2019/01/18 134.5 134.5 133.5 134 611 
2019/01/25 134 138 133.5 137 932 
2019/02/01 137.5 137.5 136 136.5 525 
2019/02/15 137 137.5 135 137 910 
2019/02/22 137.5 138 136.5 137.5 1083 
2019/03/01 137.5 138 137 138 558 
2019/03/08 138 138 136 136.5 1100 
2019/03/15 136 138 135 138 1277 
2019/03/22 138.5 138.5 136.5 137 793 
2019/03/29 137 160 136 158.5 3269 
2019/04/05 160 160.5 153 155 1347 
2019/04/12 155 156 153 154 1118 
2019/04/19 154 158.5 152 157.5 1846 
2019/04/26 158.5 159 156.5 157.5 1095 
2019/05/03 157 157.5 156.5 157.5 1171 
2019/05/10 156.5 157.5 155.5 156 1146 
2019/05/17 156 157.5 155 157 1273 
2019/05/24 157 163 156.5 159.5 1495 
2019/05/31 160 162 159 161.5 1326 
2019/06/07 161.5 171 160.5 169 1672 
2019/06/14 169 181.5 168.5 180 3276 
2019/06/21 181 204 178.5 197.5 4505 
2019/06/28 200 200.5 188.5 189 3285 
2019/07/05 190 192.5 189.5 192.5 1478 
2019/07/12 192.5 193.5 188.5 189.5 1357 
2019/07/19 190 191 175.5 176 3614 
2019/07/26 176 176 165.5 170.5 2280 
2019/08/02 170.5 171.5 153 154.5 3153 
2019/08/09 154.5 158 150 151.5 1854 
2019/08/16 152.5 160 150 157 3163 
2019/08/23 159 166 156 163.5 3015 
2019/08/30 161 167 160 164.5 1667 
2019/09/06 165 167 163 164 1675 
2019/09/13 164 165.5 158 159.5 1675 
2019/09/20 159.5 160.5 158 159.5 1425 
2019/09/27 159.5 160 157 158 1224 
2019/10/04 158 159 157 158 624 
2019/10/11 158 158.5 157 157.5 587 
2019/10/18 157 157.5 153 156 1344 
2019/10/25 156.5 159.5 155 158 1090 
2019/11/01 158.5 166 157.5 162.5 1063 
2019/11/08 163 163.5 161 162.5 684 
2019/11/15 163 163.5 158.5 163 837 
2019/11/22 163.5 164.5 160.5 163 766 
2019/11/29 163.5 174 162.5 170 2056 
2019/12/06 170 172 167 168 799 
2019/12/13 168.5 171.5 167.5 170 622 
2019/12/20 170 171.5 169 169.5 656 
2019/12/27 169.5 171 168 169.5 511 
2020/01/03 169.5 170 168 168 484 
2020/01/10 167 173 164.5 172 1524 
2020/01/17 167.5 169 166 167.5 1447 
2020/01/24 167.5 169 167.5 167.5 149 
2020/01/31 155 158 151.5 153 1604 
2020/02/07 148.5 152 145.5 150 1983 
2020/02/14 148 154.5 148 153 1061 
2020/02/21 152 154 150.5 152 796 
2020/02/28 151.5 151.5 148 148.5 839 
2020/03/06 147.5 151 146.5 150 872 
2020/03/13 149 150.5 134 138 2092 
2020/03/20 135 136 99.5 100 3958 
2020/03/27 93.2 117.5 90 113.5 3673 
2020/04/03 110.5 114 107 108 1166 
2020/04/10 107.5 119.5 105 117 3057 
2020/04/17 116 117 114 116 475 
