1999/06/11 19 19.4 18.8 19.4 252 
1999/06/18 18.4 18.6 18.1 18.6 148 
1999/06/25 18.5 18.6 17.5 18.1 247 
1999/07/02 17.6 18.7 15.5 15.5 863 
1999/07/09 15.5 16.1 15.4 16.1 322 
1999/07/16 16.1 16.7 15.5 16.2 397 
1999/07/23 16.1 16.5 15.2 15.8 422 
1999/07/30 15.7 15.7 14.45 15.5 185 
1999/08/06 15.5 15.8 14.7 14.9 252 
1999/08/13 14.1 15.1 13.6 14.5 173 
1999/08/20 14.7 14.9 14.2 14.6 226 
1999/08/27 14.6 14.7 14.2 14.4 156 
1999/09/03 14.3 14.3 13.15 14.1 361 
1999/09/10 14.7 15.4 14.15 14.9 358 
1999/09/17 14.9 15.2 14.1 15.2 279 
1999/09/24 15.2 15.2 14.6 14.6 63 
1999/10/01 14.1 14.8 13.65 14.4 136 
1999/10/08 14.2 14.5 13.45 13.95 143 
1999/10/15 13.2 14 13 13.6 386 
1999/10/22 13.6 13.8 13 13 92 
1999/10/29 12.5 13.5 12.35 13.25 95 
1999/11/05 13.4 13.5 11.45 11.8 106 
1999/11/12 11.5 12.3 11.35 12.3 46 
1999/11/19 12.1 12.1 10.95 11.85 82 
1999/11/26 11.8 11.8 11.1 11.45 68 
1999/12/03 11.4 12.3 10.8 11.95 149 
1999/12/10 11.8 12.6 11.45 11.8 110 
1999/12/17 11.8 12.5 11.35 11.85 63 
1999/12/24 11.8 12.5 11.4 12.5 164 
1999/12/31 12.5 13.9 12.1 13.9 184 
2000/01/07 12.95 13.95 12.1 12.8 95 
2000/01/14 12.7 14 11.95 12.85 278 
2000/01/21 12.55 13.7 12.5 12.85 204 
2000/01/28 12.8 14.1 12.6 13.7 433 
2000/02/04 13.8 14 13.45 13.95 126 
2000/02/11 14.1 15.8 13.95 15.7 569 
2000/02/18 16.3 17.8 14.9 16.7 1836 
2000/02/25 16.6 17.4 14.65 15.6 662 
2000/03/03 15.8 15.8 14.1 14.5 347 
2000/03/10 14.45 14.45 12.5 12.6 418 
2000/03/17 12.5 13.35 11 12.35 174 
2000/03/24 12.35 13.85 11.95 13.25 174 
2000/03/31 12.9 14.5 12.35 13.9 467 
2000/04/07 14.2 14.2 13.2 13.2 187 
2000/04/14 13.6 14.95 12.85 14.95 1461 
2000/04/21 15.9 18.8 15.9 18.6 8208 
2000/04/28 18.3 18.4 13.95 15.8 3464 
2000/05/05 15.6 15.8 14 15.1 842 
2000/05/12 14.85 15.1 13.65 14.15 807 
2000/05/19 14.2 15 14 14.25 871 
2000/05/26 14.3 14.7 13.3 13.85 430 
2000/06/02 13.75 14.4 13 14.05 825 
2000/06/09 13.95 14.1 13.5 13.9 674 
2000/06/16 14.1 14.1 9.5 9.75 989 
2000/06/23 9.15 9.6 8.25 9.4 416 
2000/06/30 9.25 11.4 8.9 11.4 833 
2000/07/07 11.65 11.65 10.3 10.8 128 
2000/07/14 10.05 11 10 10.8 370 
2000/07/21 10.8 10.8 10.05 10.25 179 
2000/07/28 9.55 9.95 8.5 9.55 346 
2000/08/04 9.8 10.3 9.2 10.3 328 
2000/08/11 10.25 10.25 9.4 9.65 142 
2000/08/18 9.95 9.95 9.3 9.5 152 
2000/08/25 9.6 9.65 9.05 9.4 115 
2000/09/01 9.4 10 8.5 9.35 178 
2000/09/08 9.35 9.8 8.3 8.65 105 
2000/09/15 8.6 8.75 8 8.2 174 
2000/09/22 7.85 8.2 6.45 7.05 421 
2000/09/29 6.8 6.9 5.65 6 293 
2000/10/06 5.7 6.05 5.4 5.75 230 
2000/10/13 5.7 5.7 4.84 4.84 94 
2000/10/20 4.84 4.95 4.49 4.78 322 
2000/10/27 4.62 4.62 4.14 4.36 2045 
2000/11/03 4.21 4.91 3.96 4.78 3088 
2000/11/10 4.63 5.5 4.63 5.5 731 
2000/11/17 5.45 5.8 5.1 5.4 742 
2000/11/24 5.1 5.5 5.05 5.45 786 
2000/12/01 5.35 5.5 5.15 5.15 934 
2000/12/08 5 5.15 4.52 4.52 2558 
2000/12/15 4.37 4.37 3.97 4.01 2602 
2000/12/22 3.88 4.01 3.66 3.79 969 
2000/12/29 3.71 3.72 3.37 3.47 420 
2001/01/05 3.42 3.95 3.4 3.9 227 
2001/01/12 3.95 4.32 3.77 4.01 626 
2001/01/19 4.14 4.44 4 4.3 313 
2001/02/02 4.36 5.4 4.31 5.4 1296 
2001/02/09 5.4 5.6 4.71 5.1 648 
2001/02/16 5.1 5.25 4.77 5 1316 
2001/02/23 5 6.05 5 5.9 5399 
2001/03/02 6.1 6.2 4.84 4.84 3321 
2001/03/09 4.52 5.1 4.52 5 1467 
2001/03/16 4.98 4.98 4.53 4.84 677 
2001/03/23 4.87 5.15 4.61 5.15 1095 
2001/03/30 5.4 5.5 4.9 4.93 1381 
2001/04/06 4.93 5.1 4.8 4.98 221 
2001/04/13 4.65 5.2 4.65 5.05 4724 
2001/04/20 4.9 5.1 4.89 4.94 2869 
2001/04/27 4.97 5.1 4.7 4.94 2303 
2001/05/04 4.96 4.96 4.31 4.43 1466 
2001/05/11 4.5 4.54 4 4.3 358 
2001/05/18 4.29 4.38 4.04 4.19 533 
2001/05/25 4.3 4.3 4.05 4.14 429 
2001/06/01 4.1 4.1 3.8 3.81 373 
2001/06/08 3.89 3.98 3.63 3.95 319 
2001/06/15 3.94 3.94 3.75 3.82 198 
2001/06/22 3.9 3.9 3.71 3.88 336 
2001/06/29 3.08 3.18 2.8 3.18 187 
2001/07/06 3.18 3.25 3.06 3.2 201 
2001/07/13 3.2 3.4 2.98 3.34 386 
2001/07/20 3.33 3.33 2.93 3.05 262 
2001/07/27 3.1 3.26 2.91 3.2 404 
2001/08/03 3.16 3.2 3 3.05 93 
2001/08/10 3.15 3.15 2.71 2.9 217 
2001/08/17 2.94 3.37 2.9 3.36 518 
2001/08/24 3.13 3.28 2.95 2.99 371 
2001/08/31 3.09 3.36 2.98 3.16 559 
2001/09/07 3.2 3.2 2.9 2.99 147 
2001/09/14 2.96 3 2.7 2.86 52 
2001/09/21 2.92 2.92 2.82 2.89 20 
2001/09/28 2.89 2.99 2.66 2.8 93 
2001/10/05 2.9 2.9 2.64 2.84 83 
2001/10/12 2.78 2.87 2.71 2.86 84 
2001/10/19 2.84 2.85 2.64 2.8 173 
2001/10/26 2.83 2.83 2.71 2.8 55 
2001/11/02 2.77 2.83 2.59 2.72 156 
2001/11/09 2.73 2.85 2.65 2.81 224 
2001/11/16 2.8 2.81 2.56 2.79 249 
2001/11/23 2.73 2.76 2.64 2.74 158 
2001/11/30 2.75 2.85 2.75 2.81 69 
2001/12/07 2.81 2.85 2.63 2.8 685 
2001/12/14 2.82 3.2 2.79 3.12 681 
2001/12/21 3.1 3.27 3 3.08 682 
2001/12/28 3 3.14 2.87 3.02 357 
2002/01/04 3.02 3.1 2.83 3.07 234 
2002/01/11 3.1 3.34 2.97 3.3 723 
2002/01/18 3.1 3.34 3.05 3.25 210 
2002/01/25 3.25 3.35 3.07 3.23 273 
2002/02/01 3.28 3.3 3.06 3.28 333 
2002/02/08 3.3 3.32 3.1 3.25 203 
2002/02/22 3.3 3.3 2.93 3.07 248 
2002/03/01 2.89 3.03 2.79 2.88 229 
2002/03/08 2.9 3 2.76 2.91 469 
2002/03/15 2.91 3.57 2.91 3.57 1624 
2002/03/22 3.81 4.65 3.81 4.63 1676 
2002/03/29 4.69 5.55 4.51 4.51 2584 
2002/04/05 4.2 5.05 4.2 5.05 1592 
2002/04/12 5.4 5.75 4.95 5.1 4435 
2002/04/19 5 7 5 7 6392 
2002/04/26 7.45 9.5 7.45 8.45 9266 
2002/05/03 9 10.8 9 10.8 15921 
2002/05/10 11.55 12.6 10.75 11.3 15990 
2002/05/17 11.3 11.3 9.25 10.7 11524 
2002/05/24 10 10 8.65 9.8 4756 
2002/05/31 9.6 10.75 9.3 9.9 4149 
2002/06/07 9.8 11.05 8.8 10.95 5553 
2002/06/14 10.9 12 10.7 11.65 7988 
2002/06/21 11.85 12.25 10.3 11.15 7213 
2002/06/28 11.3 11.6 9.6 10.95 5383 
2002/07/05 11.15 11.3 10.3 10.3 4148 
2002/07/12 10.2 10.3 9.3 9.85 2145 
2002/07/19 10 10.95 9.6 10.45 3765 
2002/07/26 10.4 10.4 9.4 9.5 1455 
2002/08/02 9.55 9.85 9.3 9.4 1073 
2002/08/09 8.75 9 8 8.65 1493 
2002/08/16 9.1 9.1 8.1 8.2 1891 
2002/08/23 8.05 8.35 7.9 8.2 724 
2002/08/30 8.15 8.35 7.7 7.85 759 
2002/09/06 8.25 8.25 6.7 6.7 1141 
2002/09/13 6.3 7.7 6.3 7.25 1094 
2002/09/20 7.2 7.3 6.75 6.95 688 
2002/09/27 6.8 6.9 5.9 6.25 679 
2002/10/04 6.1 6.4 5.6 5.85 417 
2002/10/11 5.8 6 5.45 5.45 415 
2002/10/18 5.15 6.4 5.15 6.35 623 
2002/10/25 6.35 7 6.1 6.1 2305 
2002/11/01 6.2 7.05 6.05 6.7 2909 
2002/11/08 6.85 7 6.45 7 1822 
2002/11/15 7.2 7.2 6.65 7 1661 
2002/11/22 7.2 7.8 6.8 7 1873 
2002/11/29 7.15 7.25 6.95 7.1 354 
2002/12/06 7 7.4 6.9 7.1 740 
2002/12/13 7.3 7.8 7.05 7.15 1872 
2002/12/20 7.2 8.15 7.2 7.4 2690 
2002/12/27 7.8 7.8 6.55 6.95 996 
2003/01/03 6.9 7.1 6.6 7.1 281 
2003/01/10 7.3 8.5 6.8 8.5 4422 
2003/01/17 8.7 9.15 8 8 6448 
2003/01/24 8.1 9.4 7.9 9.4 6446 
2003/01/31 9.4 9.6 8.2 8.2 2609 
2003/02/07 8.3 8.3 7.5 7.8 889 
2003/02/14 7.6 7.8 6.8 7.2 1138 
2003/02/21 7.4 8.15 7.2 7.4 2798 
2003/02/28 7.9 7.95 7.55 7.75 2181 
2003/03/07 7.8 7.95 7.4 7.5 840 
2003/03/14 7.5 7.95 7.1 7.75 1039 
2003/03/21 7.8 7.8 7.25 7.7 1004 
2003/03/28 7.8 7.8 7.2 7.5 868 
2003/04/04 7.6 7.6 7.15 7.4 611 
2003/04/11 7.5 8.1 7.45 7.6 2627 
2003/04/18 7.6 7.75 7.4 7.7 1195 
2003/04/25 7.8 7.8 6.8 6.8 1129 
2003/05/02 6.6 6.8 6 6.15 1155 
2003/05/09 6 6.5 6 6.35 687 
2003/05/16 6.45 6.8 6.35 6.65 398 
2003/05/23 6.6 6.95 6.5 6.7 689 
2003/05/30 7.1 7.35 6.8 7.1 821 
2003/06/06 7.2 7.4 7 7 850 
2003/06/13 7 7.35 6.8 7.35 1447 
2003/06/20 7.35 8.3 7.25 8.1 2816 
2003/06/27 8.2 8.5 7.7 8 1836 
2003/07/04 8 8.2 7.85 8.05 2159 
2003/07/11 8.4 9.2 8.15 8.8 4876 
2003/07/18 8.95 10.15 8.8 9.25 8445 
2003/07/25 9.5 10.05 9 9.5 4283 
2003/08/01 9.7 9.9 9.2 9.55 2474 
2003/08/08 9.6 9.75 9.1 9.45 1494 
2003/08/15 9.45 10.05 9.2 9.75 2115 
2003/08/22 9.95 11.8 9.95 11.8 11597 
2003/08/29 11.5 12.7 11.2 12.15 24315 
2003/09/05 12.5 13.9 12.5 12.65 14870 
2003/09/12 12.5 13.25 12 12.3 4045 
2003/09/19 12.6 14.75 12.3 14.75 11849 
2003/09/26 14.9 16.4 14.2 15.8 26125 
2003/10/03 15.6 16.5 14.3 16.1 15382 
2003/10/10 16 17.1 15 16.3 12070 
2003/10/17 16.5 16.7 15 15.3 8603 
2003/10/24 15.3 15.6 14.3 14.4 4288 
2003/10/31 14.9 15 14.05 14.55 2684 
2003/11/07 14.55 16.9 14.2 15.5 10072 
2003/11/14 15.9 17.8 15.6 17.1 12072 
2003/11/21 16 16.8 15.5 16.3 2352 
2003/11/28 16.6 17.3 15.6 16.2 3745 
2003/12/05 16 16.9 15.6 16.3 2542 
2003/12/12 16.3 16.4 15.6 15.8 1228 
2003/12/19 15.8 16.8 15.8 16.2 3056 
2003/12/26 16.1 18.7 16.1 18.6 14396 
2004/01/02 19.9 19.9 18.3 19.4 10860 
2004/01/09 19.4 21.2 19.1 20.3 12289 
2004/01/16 20.5 26.5 20.5 25.7 22639 
2004/01/30 25.9 28.7 25.3 26.9 19231 
2004/02/06 26.8 27.6 23.4 27.6 15480 
2004/02/13 28.2 28.8 25.2 27.4 12706 
2004/02/20 28.4 32 26.8 31.4 21041 
2004/02/27 31.8 35.8 30.2 31.8 24493 
2004/03/05 31.7 36 31 32 16823 
2004/03/12 32.3 34.8 31.6 34 14109 
2004/03/19 35.1 36 32.1 33.8 13996 
2004/03/26 31.5 31.5 23.9 23.9 8028 
2004/04/02 25.5 29.2 24.7 29.1 9717 
2004/04/09 30 30 27.6 28.7 11837 
2004/04/16 29.7 29.9 27.7 27.7 6067 
2004/04/23 28 28.2 25.5 25.5 5439 
2004/04/30 25.9 28.9 22.7 23.2 11402 
2004/05/07 22.7 22.9 19.6 20.5 7153 
2004/05/14 19.9 21.7 17.8 21.7 10900 
2004/05/21 21.4 24 20.2 24 20961 
2004/05/28 23.5 26.7 23.5 26.7 15754 
2004/06/04 28.5 29.9 26.6 28.8 28897 
2004/06/11 30.5 33.2 30 30.4 39416 
2004/06/18 30.2 30.4 26.4 26.6 25966 
2004/06/25 27 27.7 23.7 26.9 25002 
2004/07/02 27.2 29.7 26.4 28.5 31657 
2004/07/09 28.3 29.3 28.1 28.4 13930 
2004/07/16 28.4 29.7 24 24.5 20788 
2004/07/23 24.5 24.8 22.3 23.8 16465 
2004/07/30 23.7 25.1 23.1 25 16142 
2004/08/06 25.2 25.8 22.6 23.9 22472 
2004/08/13 23.8 26.1 23.6 24.8 19725 
2004/08/20 25 26.5 23.8 26.1 21350 
2004/08/27 26.5 28.7 26.3 27.6 12662 
2004/09/03 28.8 33.7 28.2 32.3 36843 
2004/09/10 32.7 35 32.4 33.3 27805 
2004/09/17 32.7 33.8 31.1 32.5 24815 
2004/09/24 33.3 35.2 32.8 33.7 26959 
2004/10/01 33.7 34.1 28.5 30.4 17826 
2004/10/08 31.2 33.6 30.4 33.6 30243 
2004/10/15 34 36.3 33.5 36.3 41701 
2004/10/22 36.9 39.6 35.4 39.1 50045 
2004/10/29 38.7 40.2 35 35.6 33759 
2004/11/05 35.6 38.3 34.5 38.1 26652 
2004/11/12 38.4 38.9 37.3 37.5 17527 
2004/11/19 37.8 39.2 36.3 38.4 18189 
2004/11/26 38.6 39.8 37.1 37.5 24742 
2004/12/03 37.5 38.8 36.8 38 13561 
2004/12/10 38 38.8 37.6 38.2 9628 
2004/12/17 39.2 40.7 37.8 40 40660 
2004/12/24 39.4 44.6 39 41.9 53330 
2004/12/31 42.1 43.3 41 41.5 31186 
2005/01/07 42 42.5 39 39 24284 
2005/01/14 39.2 39.5 36.9 39.2 19074 
2005/01/21 40 40 37.7 37.7 9268 
2005/01/28 37.8 38 35.7 37.6 8964 
2005/02/04 37.6 38.9 37.2 38.5 7677 
2005/02/18 39.2 39.3 36.7 36.8 7340 
2005/02/25 36.8 38.2 36.5 37.6 8849 
2005/03/04 38 40.2 37.3 37.3 11830 
2005/03/11 37.9 39.4 37.35 37.5 7419 
2005/03/18 37.5 38.15 35.5 36 6845 
2005/03/25 37 37.3 35.6 36.6 4814 
2005/04/01 37.1 37.35 33 36.3 5975 
2005/04/08 35.6 35.6 33 33.45 2032 
2005/04/15 33.5 33.5 29.2 29.2 5283 
2005/04/22 28.6 28.8 25.6 27.95 10851 
2005/04/29 28 28.4 26.35 26.7 4255 
2005/05/06 27.4 28.2 26.5 26.7 3495 
2005/05/13 26.75 26.9 24 24 5121 
2005/05/20 24 26.2 23.05 26.2 7448 
2005/05/27 26.2 26.2 24.1 24.1 5347 
2005/06/03 24.45 26.45 23.6 26.45 7751 
2005/06/10 27.2 33 26.85 31.9 33560 
2005/06/17 31.9 34.5 31.3 31.3 17583 
2005/06/24 31.3 32.25 30.65 31.4 7163 
2005/07/01 31.2 31.8 29.1 29.75 5130 
2005/07/08 29.75 30.85 29.2 29.25 3867 
2005/07/15 29.7 32.2 29.25 30.8 9058 
2005/07/22 31.3 31.35 29.7 30.8 3304 
2005/07/29 31.5 31.7 28.55 28.55 6207 
2005/08/05 27.5 28.9 22.4 25.1 10601 
2005/08/12 25.2 25.95 24.3 25.4 7616 
2005/08/19 25.5 25.8 24.3 24.5 2921 
2005/08/26 24.8 24.8 23.3 24.1 1925 
2005/09/02 24.1 26.5 23.75 26.4 6354 
2005/09/09 26.5 27.95 26.05 26.35 8091 
2005/09/16 26.5 26.7 25.2 25.75 2367 
2005/09/23 26 26.15 24.5 25 2290 
2005/09/30 25.25 25.45 23.3 24.3 3244 
2005/10/07 24.3 25.1 24 24.25 3383 
2005/10/14 24.3 25.6 24.1 24.85 5971 
2005/10/21 24.85 25.4 21.5 22.3 4513 
2005/10/28 22.3 22.5 21.15 22 3604 
2005/11/04 22.5 23.7 22.1 22.75 2864 
2005/11/11 22.75 23.4 22.1 23.05 2115 
2005/11/18 23.1 23.45 22.1 22.45 2437 
2005/11/25 22.5 22.95 22.25 22.25 1665 
2005/12/02 22.3 24.1 22.3 23 3496 
2005/12/09 23.95 26 23.65 24.7 7645 
2005/12/16 24.7 25.75 24.7 25.6 3824 
2005/12/23 25.7 27.5 25.6 26 9983 
2005/12/30 26.6 29 26.3 27 16331 
2006/01/06 25.15 27 25.15 25.8 6477 
2006/01/13 26.1 28.5 26.1 27.35 13512 
2006/01/20 27.35 27.7 25.2 25.6 4365 
2006/01/27 25 25.6 24.6 25.2 1647 
2006/02/03 25.55 25.8 25.1 25.35 423 
2006/02/10 25.4 27.5 25.35 25.9 3999 
2006/02/17 25.9 26.2 25.25 25.5 1854 
2006/02/24 25.9 25.9 23.8 24.6 2426 
2006/03/03 24.9 25.3 24.3 24.3 2105 
2006/03/10 24.3 25.95 24.1 25.4 4891 
2006/03/17 25.6 25.8 24.8 25.05 2226 
2006/03/24 25.3 25.7 25 25.5 2752 
2006/03/31 25.85 26.3 25.5 26 4340 
2006/04/07 26.2 26.5 24.2 24.85 6487 
2006/04/14 24.85 30.25 24.85 29.75 24543 
2006/04/21 31.5 34.5 30.8 33.5 31267 
2006/04/28 33.5 38.5 33.2 35.7 31495 
2006/05/05 35.5 40.15 35.5 39 31124 
2006/05/12 39.6 47.7 39.5 44.8 42405 
2006/05/19 44.8 47.5 41.2 44.1 22871 
2006/05/26 44 51.8 41.7 51.8 28488 
2006/06/02 53.9 58.8 51.6 56.8 33363 
2006/06/09 57 58 45.15 48.45 22248 
2006/06/16 48.45 57.6 48.45 57.5 38617 
2006/06/23 57.6 62.5 55.9 59.3 36118 
2006/06/30 59.3 68.3 57.4 67 33961 
2006/07/07 67 77.6 66.5 71.3 41504 
2006/07/14 67.5 76 67.1 68.9 26038 
2006/07/21 68.9 69.5 59.8 66.7 20490 
2006/07/28 66.7 73.7 66 72 27086 
2006/08/04 72.5 72.8 66.5 68.1 13898 
2006/08/11 68.1 68.5 64.7 65.3 9884 
2006/08/18 66 72.5 65.4 71.5 15730 
2006/08/25 63.1 63.7 52.2 53.4 13430 
2006/09/01 53.4 53.4 47.5 47.9 19465 
2006/09/08 48.2 53.9 48.1 50.7 16051 
2006/09/15 51.1 52.4 43.2 45.7 13237 
2006/09/22 48 53.9 47 53.4 22939 
2006/09/29 54 60.5 53.5 60 30912 
2006/10/06 61 62.2 58.5 59.7 18399 
2006/10/13 61 66 61 63.6 24985 
2006/10/20 64.2 66.1 63.2 65.2 18109 
2006/10/27 65.2 69.3 62 62.6 15989 
2006/11/03 61.8 66 58.6 64.7 17024 
2006/11/10 62 70.3 62 68 26496 
2006/11/17 68 70.7 65.3 67 13202 
2006/11/24 67.8 73.8 67 68.7 23485 
2006/12/01 68.7 76.8 67.5 76.8 15024 
2006/12/08 74.2 80.4 73.1 78.8 9830 
2006/12/15 78.8 78.8 69.1 72.2 9948 
2006/12/22 72.4 72.8 65 66.1 7936 
2006/12/29 66.1 76.9 66.1 72.8 15594 
2007/01/05 73.9 73.9 69.5 70.6 9606 
2007/01/12 70.6 73.6 66.3 67.1 10972 
2007/01/19 67.8 70.5 66.7 69.3 5170 
2007/01/26 69.5 71 67.5 69 4055 
2007/02/02 70 72.5 68.4 68.5 5537 
2007/02/09 70 78.5 69.8 76.7 20734 
2007/02/16 77.5 78.9 76.5 78.4 10061 
2007/03/02 80.8 82.4 75 75 15085 
2007/03/09 73 75.9 67.8 74 12703 
2007/03/16 74.9 78 72.1 74.9 7874 
2007/03/23 75.2 77.4 74.5 75.6 6685 
2007/03/30 76 76.4 73.2 73.9 5730 
2007/04/06 74.2 74.9 73.3 74.5 2784 
2007/04/13 74.5 78.9 74.2 78.2 8734 
2007/04/20 79.3 81 75.5 79.8 10337 
2007/04/27 81.4 86.5 81 82 19375 
2007/05/04 82 82.2 76.5 81.9 6891 
2007/05/11 85.3 85.4 81 81.7 6787 
2007/05/18 82.9 83 80.9 81 3648 
2007/05/25 81.1 83.5 81.1 81.6 5637 
2007/06/01 81.8 82.6 80.2 80.5 4956 
2007/06/08 80.3 81 77.8 78.8 5252 
2007/06/15 78.8 79.9 78.5 79 2866 
2007/06/22 80 83 79.4 81.5 5212 
2007/06/29 82.3 82.3 80.3 80.7 4367 
2007/07/06 82.1 88 81.3 88 11571 
2007/07/13 90 91 81.8 85.5 13424 
2007/07/20 85.5 95 83 90 18441 
2007/07/27 90 93 86.3 89.2 11459 
2007/08/03 89.9 94 86.3 90 8746 
2007/08/10 88.5 88.5 82 84 3821 
2007/08/17 83.1 84 66.6 66.6 6075 
2007/08/24 70.1 71.9 69 69.7 3986 
2007/08/31 70.9 70.9 66.7 69.4 2583 
2007/09/07 71.2 71.5 69 69.1 2934 
2007/09/14 69 69 66.5 68.3 5160 
2007/09/21 69.3 71.8 67.8 70.4 8819 
2007/09/28 70 70 59.3 62.2 12765 
2007/10/05 62.9 67.5 61.1 64.3 12159 
2007/10/12 63.8 66.5 62 64.4 4772 
2007/10/19 64.4 65.4 62 62.8 3197 
2007/10/26 59.2 62.4 59.2 61.8 2682 
2007/11/02 62 68.1 61.8 65 9293 
2007/11/09 64.1 65.7 56.3 56.3 4155 
2007/11/16 53 58.9 51.3 56.3 4709 
2007/11/23 56.3 56.5 51.1 52.3 2545 
2007/11/30 53.5 53.5 49.1 51 2253 
2007/12/07 52 52.1 50.2 50.7 2300 
2007/12/14 50.8 52.4 44.65 47 2838 
2007/12/21 46 47.15 39.6 40.1 5276 
2007/12/28 41 45.75 40.55 45.75 4975 
2008/01/04 46.3 55.4 44.5 55.4 12225 
2008/01/11 55.4 60 52.8 58.6 18246 
2008/01/18 62.7 69.7 61.7 68.5 24972 
2008/01/25 69.2 73.2 61.1 66.1 19318 
2008/02/01 65.5 69.8 61.6 69.7 12949 
2008/02/15 70 78 68.7 78 10518 
2008/02/22 79 79.5 73 79.1 11753 
2008/02/29 78.9 86 78.9 82 10141 
2008/03/07 80.5 86.8 78 79.5 8634 
2008/03/14 79.5 79.5 71.1 77.1 8588 
2008/03/21 77.1 91 76.5 86.9 14526 
2008/03/28 92.9 97.5 89.9 94 14951 
2008/04/04 93.7 96.1 84.2 93 7679 
2008/04/11 94.3 100 91.8 98.7 8217 
2008/04/18 99 109 99 105 12489 
2008/04/25 105.5 107 86.4 87 10271 
2008/05/02 87 93 85.3 86 7745 
2008/05/09 86.5 88.2 80.9 86.8 10341 
2008/05/16 86.9 92.3 86.8 91 6902 
2008/05/23 92 93 82.5 83 4912 
2008/05/30 83 83.8 72.8 75 7852 
2008/06/06 75 77.5 69.6 77.5 9652 
2008/06/13 74 79.7 64 67.7 8955 
2008/06/20 66.7 72.5 64.4 65.5 6603 
2008/06/27 62 65.5 59.8 60 6221 
2008/07/04 60 61.8 52.5 58.5 6957 
2008/07/11 59.7 60.3 55.6 59.8 3975 
2008/07/18 60 61.4 47.25 47.25 5003 
2008/07/25 48.8 56.3 44.85 56 9947 
2008/08/01 54.7 54.7 44.15 44.15 5317 
2008/08/08 42.2 44.25 37.6 44.25 13145 
2008/08/15 45.8 47.3 42.25 42.25 10930 
2008/08/22 41.6 42.1 34.55 37.2 14271 
2008/08/29 36.9 40.3 35.55 38.7 8932 
2008/09/05 38.7 39 30.75 31.6 6233 
2008/09/12 32.7 34.4 29.8 32 4912 
2008/09/19 23.45 23.45 17 18.15 7858 
2008/09/26 18.6 22 18.3 19.1 19370 
2008/10/03 17.8 17.8 16 16.6 9525 
2008/10/10 16 16 12.75 12.9 11840 
2008/10/17 12.45 15.15 12.45 13.95 16181 
2008/10/24 13.8 15.05 13.5 13.55 7849 
2008/10/31 12.65 12.65 10.25 12.55 21943 
2008/11/07 12.8 14.25 12.2 14.05 38347 
2008/11/14 14.05 15 11.5 11.8 18551 
2008/11/21 11.3 11.9 8.83 9.49 12404 
2008/11/28 9.4 11.55 8.83 10.95 32429 
2008/12/05 10.8 13.1 10.8 10.95 42438 
2008/12/12 11.5 13.6 10.95 12.5 46707 
2008/12/19 13 14.8 12.5 13.5 72409 
2008/12/26 13.65 13.75 11.3 11.85 23605 
2009/01/02 11.85 13.05 11.8 12.45 14351 
2009/01/09 12.8 13.65 11.9 12.2 42443 
2009/01/16 12.4 12.75 11.4 11.4 19446 
2009/01/23 11.4 11.55 10.45 10.9 5458 
2009/02/06 10.9 12.15 10.85 11.95 11190 
2009/02/13 12.3 12.3 11.35 11.6 10738 
2009/02/20 11.75 12.05 11.15 11.25 6070 
2009/02/27 11.05 11.7 10.8 11.3 5872 
2009/03/06 11.25 11.3 10.2 11.2 9831 
2009/03/13 11.3 12.75 11.25 12.3 30064 
2009/03/20 12.6 15.5 12.6 14.5 58187 
2009/03/27 14.2 19.05 14.1 19.05 51577 
2009/04/03 19.3 23.4 18.2 23.4 51945 
2009/04/10 24.95 25.45 22.1 25.45 38494 
2009/04/17 27.2 32.8 27.2 29.9 72999 
2009/04/24 27.9 31.65 26.5 28.8 59664 
2009/05/01 29.8 29.8 23.25 26.65 39192 
2009/05/08 28.5 37.2 28.5 37.2 64857 
2009/05/15 38 46.2 37.3 46.2 71507 
2009/05/22 48.9 57.7 46.2 57.7 61601 
2009/05/29 61.7 67.6 59 67.6 62532 
2009/06/05 69 69 51.8 62 55845 
2009/06/12 64.6 66 53.2 62 77479 
2009/06/19 61.5 63.3 51.5 56.7 60137 
2009/06/26 56.7 68.7 55.6 67.7 98163 
2009/07/03 68.7 72.6 61.3 71.5 65979 
2009/07/10 73 74.5 68.7 71 36582 
2009/07/17 71 74 66 71.8 37671 
2009/07/24 72.6 76.2 70 73 36815 
2009/07/31 72 77.5 68.2 77.5 24528 
2009/08/07 77.6 77.7 63.3 66.5 21829 
2009/08/14 57.8 65.3 57.8 63.3 31100 
2009/08/21 63.2 63.7 51.6 51.6 20166 
2009/08/28 52.5 53.9 47.55 50.6 26185 
2009/09/04 52 64 51.3 61.6 45648 
2009/09/11 63.5 70.5 62.4 70 66557 
2009/09/18 70 74 67.6 72.3 44645 
2009/09/25 72.3 73.3 66 68.2 32696 
2009/10/02 68 71.9 64.8 67.7 33747 
2009/10/09 67.7 72 67.7 69.9 36918 
2009/10/16 70.6 73.9 69.9 71 36316 
2009/10/23 71 74.5 70.4 70.8 23061 
2009/10/30 71 71.2 62 62 24199 
2009/11/06 58 62.9 56.9 60.1 39446 
2009/11/13 60 62.5 58.6 61.2 17048 
2009/11/20 61.2 64 60.3 61.4 20009 
2009/11/27 61.4 62.9 57.8 58 19311 
2009/12/04 58.9 62.4 58.1 59.6 16743 
2009/12/11 60.6 62 59 59.8 15018 
2009/12/18 60.2 60.8 57 57.9 12439 
2009/12/25 57.9 58.5 54.8 56.5 16118 
2010/01/01 56.4 62.8 56 61.5 34338 
2010/01/08 62 70 61.6 66.1 53240 
2010/01/15 66.1 66.8 62.2 63 17376 
2010/01/22 63 65 60.1 60.3 11644 
2010/01/29 60 60.3 55.1 56.4 16675 
2010/02/05 56.4 57 43.75 43.75 32470 
2010/02/12 43.7 50 43.2 48.5 17008 
2010/02/26 49.7 50.6 47.2 50.6 10249 
2010/03/05 52.5 57.8 52.1 55.6 31885 
2010/03/12 56 56.2 51.6 52.2 17415 
2010/03/19 52 56.4 50.6 55.9 24322 
2010/03/26 55.9 56.3 53.2 55 12650 
2010/04/02 56 60.5 54.7 57.8 19949 
2010/04/09 57.8 63.2 57 61.7 28294 
2010/04/16 62.7 64.4 59.3 63.1 28649 
2010/04/23 62.6 63.9 56.1 57.2 17834 
2010/04/30 58.1 58.4 53.1 56.3 8145 
2010/05/07 55.8 57.2 48.4 51.9 10463 
2010/05/14 51.9 52 48 51.4 12332 
2010/05/21 50.8 51 45.15 45.3 8587 
2010/05/28 45.4 49 43.55 47.9 8762 
2010/06/04 47.9 49.2 46.55 47.55 3439 
2010/06/11 46 47.85 44.75 47.1 5228 
2010/06/18 47.5 48.9 45.8 47.6 3314 
2010/06/25 48.5 53.4 48.2 49.7 18996 
2010/07/02 49.5 50.5 47.25 48 5877 
2010/07/09 48 50.9 47.9 49.5 4790 
2010/07/16 49.5 50.7 48.4 49.4 5582 
2010/07/23 49.1 51.5 48.75 50.6 9255 
2010/07/30 49 53.7 49 52.8 21065 
2010/08/06 52.8 60.2 52.6 59.1 21503 
2010/08/13 59.2 60.9 55.7 59.3 13587 
2010/08/20 59.1 67.6 59 67 34332 
2010/08/27 67.6 69.7 61.2 63 28327 
2010/09/03 64 67 61.5 63.5 17718 
2010/09/10 63.4 66.4 61.7 62.5 15335 
2010/09/17 63 68.8 62.8 66.8 19260 
2010/09/24 67 68.2 63.6 63.9 12384 
2010/10/01 64.2 70.4 62.8 68.8 20532 
2010/10/08 69.1 71.5 67.4 68 18733 
2010/10/15 68 68 64.1 64.2 9806 
2010/10/22 64.2 65.4 62.4 64.6 6441 
2010/10/29 64.6 66.4 64.3 65.1 7606 
2010/11/05 65.1 82.2 65 82.2 40115 
2010/11/12 85 88.8 83.9 85.4 37448 
2010/11/19 84.7 88.6 77.8 86.2 35293 
2010/11/26 88 90.5 86.4 86.8 25314 
2010/12/03 91.4 94.8 90 90.3 29999 
2010/12/10 90.8 93.7 84.5 84.6 16488 
2010/12/17 84.6 91.8 83.2 89 16924 
2010/12/24 89.2 91.4 84.9 89.6 14588 
2010/12/31 89.4 97.4 87.2 97.4 20994 
2011/01/07 97.7 97.8 88.5 89.5 22815 
2011/01/14 89.5 89.5 84.6 87.3 15014 
2011/01/21 87.3 87.8 83.5 86.2 11312 
2011/01/28 85.6 86.2 80.9 82.8 10779 
2011/02/11 83 87.9 82.4 83 10425 
2011/02/18 84 86 79.9 84.9 11499 
2011/02/25 85 86 71.7 72.2 21415 
2011/03/04 71.2 73.2 68 69.2 20340 
2011/03/11 68.5 73 66 71.8 23150 
2011/03/18 71.5 74.3 63.4 71.6 23323 
2011/03/25 70.8 74.2 69.1 71 10533 
2011/04/01 70 73.2 67.7 72 7959 
2011/04/08 71.1 74.8 71.1 73.9 6601 
2011/04/15 75.2 78.6 74.8 75.4 15765 
2011/04/22 76.9 76.9 71 72.3 5852 
2011/04/29 72.5 79.8 72.5 78.2 17248 
2011/05/06 78.3 81.8 76.5 80.1 7975 
2011/05/13 82.1 85.7 79.7 81 17619 
2011/05/20 80.4 81 77.1 77.6 7605 
2011/05/27 77 81.5 76 79.8 5988 
2011/06/03 80.3 83.6 79 82 6426 
2011/06/10 82 82.4 80.1 80.9 3649 
2011/06/17 80.4 82.8 80.3 82.2 4197 
2011/06/24 82.4 82.8 75.1 76.5 13778 
2011/07/01 75 77.2 74.2 76.5 7106 
2011/07/08 77.1 81.3 76.5 80.1 11046 
2011/07/15 79 85.2 78.6 84.4 23827 
2011/07/22 84.6 89.3 83.4 87.5 15031 
2011/07/29 87.8 87.8 82.2 83.2 10283 
2011/08/05 83.6 85.2 71.9 71.9 14241 
2011/08/12 70.9 75.5 65.1 72.1 14582 
2011/08/19 72.7 73.8 62.6 63 9821 
2011/08/26 61.5 63.8 55.4 59.6 20015 
2011/09/02 59.9 66 59.1 66 12262 
2011/09/09 63 64.5 61 61.6 6554 
2011/09/16 60.6 65.2 59 64.3 5584 
2011/09/23 64 64 56.8 59.9 5930 
2011/09/30 59.7 59.7 53.1 58 11070 
2011/10/07 57 59.3 54 58 5519 
2011/10/14 59.1 64.5 58.5 63.5 6101 
2011/10/21 64 65 61.1 62.2 3986 
2011/10/28 63.4 68 63.1 66.2 7056 
2011/11/04 66.2 66.4 62.6 65.1 3640 
2011/11/11 65.3 65.8 60 61.7 3673 
2011/11/18 62.3 62.8 57.3 58.5 3279 
2011/11/25 58 58 48.1 48.1 8622 
2011/12/02 48.8 48.8 44.65 46.7 13030 
2011/12/09 46.1 47 43.25 44.7 6284 
2011/12/16 45 45.45 39.9 41.35 8433 
2011/12/23 41 45.4 36.7 45.4 12360 
2011/12/30 46.8 48 44.9 45.9 14024 
2012/01/06 45.9 46.4 42.65 44.45 7473 
2012/01/13 44.4 47.95 44 46.7 8034 
2012/01/20 48.8 51.7 47.1 50.6 7967 
2012/02/03 51.9 54 50.6 50.7 12299 
2012/02/10 50.7 56 49.65 56 13496 
2012/02/17 56.3 59 53 54 11168 
2012/02/24 54.5 58.2 54.1 55.9 6585 
2012/03/02 56.7 58.7 56.5 58.3 6551 
2012/03/09 58.9 63.8 56.8 61.5 12603 
2012/03/16 61.6 62.9 59.8 62.4 4347 
2012/03/23 62.7 63.2 59.5 61.5 5763 
2012/03/30 61.5 61.5 55 57.2 5122 
2012/04/06 57 57.5 52.3 56.5 5246 
2012/04/13 54.1 58.6 53.8 58.6 6739 
2012/04/20 58.8 62.7 57.1 57.3 11596 
2012/04/27 56.3 57.3 54.7 54.7 5041 
2012/05/04 54.1 63 53.6 62.7 8458 
2012/05/11 67 67 62.3 63.1 15609 
2012/05/18 63.5 63.7 58.7 58.7 5601 
2012/05/25 59.7 62.2 58.8 60 4729 
2012/06/01 60 64.4 58.1 61 10464 
2012/06/08 59 61.9 57.5 60.5 5106 
2012/06/15 61.1 63.7 61.1 63.4 5018 
2012/06/22 64.1 64.2 61 61.4 8993 
2012/06/29 61.7 63 57.6 58.6 14708 
2012/07/06 58.8 60.2 58.5 58.9 3224 
2012/07/13 58.6 58.9 55.6 55.6 3876 
2012/07/20 55.9 60.7 52.8 59.5 11803 
2012/07/27 58.6 60.4 58.5 59.6 7751 
2012/08/03 60.1 60.6 58.5 58.5 4481 
2012/08/10 59.8 61.6 59.2 60.5 10181 
2012/08/17 60.7 65.5 58.9 64.5 16917 
2012/08/24 64.5 68.3 63.1 67.1 15542 
2012/08/31 67.3 69.8 65.3 67.4 17085 
2012/09/07 68.5 76.2 68.2 75.5 25648 
2012/09/14 76 81.2 75.7 78.9 26236 
2012/09/21 79.1 79.9 77.1 78.6 10956 
2012/09/28 78.6 80 76.9 77.9 9065 
2012/10/05 77.6 80.8 73.4 74.3 13800 
2012/10/12 73.4 79.2 73.3 74.2 15736 
2012/10/19 73.5 74.9 71.6 72.1 9409 
2012/10/26 71.1 73.5 65.6 66 8429 
2012/11/02 66.5 73.9 65.9 73 20579 
2012/11/09 73.1 75.7 72.4 74.9 18043 
2012/11/16 75.4 75.6 71.2 72 8789 
2012/11/23 72.2 72.5 69.4 72.4 7358 
2012/11/30 73.2 73.6 72.4 72.8 4770 
2012/12/07 73.5 76.8 72.8 73.2 12132 
2012/12/14 73.6 74.5 72.1 73.5 6823 
2012/12/21 74.3 74.5 72.1 72.5 6078 
2012/12/28 73.4 75.4 72.5 73.9 7095 
2013/01/04 74.2 77.7 74.2 76.4 9074 
2013/01/11 76.7 80.6 76.4 77.5 17971 
2013/01/18 77.5 78.4 73 75.4 8285 
2013/01/25 75.4 75.5 73.6 73.6 4453 
2013/02/01 74 77.4 72.9 76.6 6409 
2013/02/08 77.1 78.5 76.5 77.2 7406 
2013/02/22 78.5 78.5 74 75.5 5593 
2013/03/01 76.1 78 74.1 77.2 4529 
2013/03/08 78.7 79.5 77.2 77.6 10547 
2013/03/15 78.3 79 77.5 77.8 6484 
2013/03/22 77.8 79 77.5 78.4 5612 
2013/03/29 79 79.1 77.8 78 3959 
2013/04/05 78 78.6 77.2 77.7 2430 
2013/04/12 76.5 78.2 74.5 77.2 5829 
2013/04/19 77.2 77.5 75.2 77.2 3110 
2013/04/26 77.8 78.4 77.1 78.2 4168 
2013/05/03 78.5 78.8 77.7 78 4115 
2013/05/10 78.5 80.4 77.7 79.3 6163 
2013/05/17 79.4 81.5 78.6 80 7794 
2013/05/24 80.5 81.4 78.4 78.7 4937 
2013/05/31 78.7 79.6 78.4 78.6 3360 
2013/06/07 78.8 79.1 78 78.2 2542 
2013/06/14 78.5 79.5 77.2 77.4 2842 
2013/06/21 77 80.4 77 80.4 4899 
2013/06/28 80.8 80.8 70.3 70.3 12379 
2013/07/05 70.1 71 69.1 69.3 3442 
2013/07/12 69.3 69.9 67.5 69.5 3436 
2013/07/19 69.8 73.6 69.6 71.4 4994 
2013/07/26 71.5 74 71.1 72.3 2680 
2013/08/02 72.4 72.4 70.8 71.8 1956 
2013/08/09 72 74.9 71.6 72.6 5482 
2013/08/16 72.6 72.6 70.4 70.7 3094 
2013/08/23 70.7 70.7 63.2 65.5 7431 
2013/08/30 65.6 67 62.7 67 3193 
2013/09/06 67 68.9 66.3 67.4 2663 
2013/09/13 67.2 67.2 64.1 64.8 1989 
2013/09/20 66.6 67.5 65.3 66 1718 
2013/09/27 66.5 67 61.2 62 3849 
2013/10/04 60.2 64 60.2 63.1 3144 
2013/10/11 63.2 63.2 61.5 61.5 1626 
2013/10/18 61 62.5 59.9 61.5 1996 
2013/10/25 61.5 62 60 60.1 1107 
2013/11/01 60.1 60.7 58 59 2783 
2013/11/08 59 59.2 57 58.8 1971 
2013/11/15 58.7 61.6 57.3 60.6 2805 
2013/11/22 60.5 61.2 58.1 58.1 1301 
2013/11/29 58.4 60.2 58.4 59 1656 
2013/12/06 58.8 59.5 57 57.3 2386 
2013/12/13 57.8 57.9 53.5 53.9 3255 
2013/12/20 53.9 54.9 53.2 54.2 2291 
2013/12/27 54.5 54.8 54 54 1307 
2014/01/03 54.2 54.2 52 52.2 1587 
2014/01/10 52 52 49 50.5 4211 
2014/01/17 50.4 51.2 49.7 49.9 1790 
2014/01/24 49.9 50.8 48.5 49 1768 
2014/01/31 47.5 49.1 47.5 49 412 
2014/02/07 49 49.5 48.1 49.05 1201 
2014/02/14 49.4 53.9 49.4 50.6 4826 
2014/02/21 50.7 52.9 50 52.1 2114 
2014/02/28 53 53 51 51.4 1889 
2014/03/07 51 51.8 50.9 51.2 1545 
2014/03/14 51.1 51.1 50 50.4 1831 
2014/03/21 50.4 50.7 49.6 50.1 1864 
2014/03/28 49 52.4 49 51.5 2767 
2014/04/04 51.7 52 50.8 51.5 1423 
2014/04/11 51.7 52 51 51 2250 
2014/04/18 50.8 52 50.5 51.4 1947 
2014/04/25 51.2 51.3 47.55 47.8 3712 
2014/05/02 45 46.8 44.7 46.15 3693 
2014/05/09 46.6 48.25 46.5 46.85 2233 
2014/05/16 46.85 47.45 46.1 46.3 999 
2014/05/23 46.3 46.95 46.1 46.4 941 
2014/05/30 46.85 46.95 46.3 46.8 786 
2014/06/06 45.8 46.6 45.2 45.4 1211 
2014/06/13 45.75 45.9 45.1 45.4 1224 
2014/06/20 45.3 46.5 45.1 45.65 1325 
2014/06/27 46 46.4 45.55 46 1389 
2014/07/04 46 46 44.05 44.15 5873 
2014/07/11 44.5 45.3 39.8 39.8 23953 
2014/07/18 39 39.55 38.3 39.3 2369 
2014/07/25 39.3 39.45 39 39.25 864 
2014/08/01 39.4 40 39 39.55 1386 
2014/08/08 39.55 39.8 37 37.3 1300 
2014/08/15 37.35 37.85 37.2 37.2 1171 
2014/08/22 37.5 39.45 36.7 39.45 2094 
2014/08/29 39.95 41.3 39.05 41.05 2653 
2014/09/05 41.5 41.8 40.95 41.45 1264 
2014/09/12 41.45 41.7 39.5 39.5 922 
2014/09/19 39.75 40.2 39.4 39.5 1100 
2014/09/26 39.15 40.7 38.05 39.6 1471 
2014/10/03 39.9 40 38.05 38.15 1045 
2014/10/10 38.2 41 38.2 39.5 2227 
2014/10/17 38.1 40.4 37 40.4 3360 
2014/10/24 40 40 38 38.5 1351 
2014/10/31 38.5 39.5 37.85 39.4 802 
2014/11/07 40 40.5 39.3 40.05 1388 
2014/11/14 40.5 40.5 39.3 39.3 935 
2014/11/21 39.7 40 39.1 39.55 957 
2014/11/28 39 42 39 40.9 2070 
2014/12/05 40 49.55 39.8 49.05 14498 
2014/12/12 48.6 48.95 45.3 46.5 6083 
2014/12/19 46 47.3 44.2 44.6 3428 
2014/12/26 45.4 50.6 45.3 48.75 11306 
2015/01/02 48.5 49.4 47.4 48.35 4722 
2015/01/09 48.35 48.4 45.45 46.2 5050 
2015/01/16 46 47 43.2 43.9 3234 
2015/01/23 44 46.2 43.3 45.6 2668 
2015/01/30 45.9 46.95 45.1 45.5 1342 
2015/02/06 46 46 44.95 45.4 708 
2015/02/13 45.2 46.9 44.6 46.75 2667 
2015/02/27 47.5 47.6 45.35 45.45 1383 
2015/03/06 46 46 44.8 44.85 1027 
2015/03/13 44.7 45.05 43.4 44.25 1745 
2015/03/20 44.5 45.5 44 45.3 1820 
2015/03/27 45.5 45.6 43.15 43.35 4265 
2015/04/03 43.3 44.65 43.3 44.3 1947 
2015/04/10 44.3 44.7 43.55 44.15 2529 
2015/04/17 44.5 45.2 43.8 43.85 2825 
2015/04/24 43.85 43.85 41.85 43.4 4724 
2015/05/01 44.2 44.75 43.55 44.4 1873 
2015/05/08 44.6 44.8 43.05 43.7 1086 
2015/05/15 43.7 43.95 42 42.15 1355 
2015/05/22 42.4 42.4 40.5 41 1349 
2015/05/29 41 41 40 40.6 1095 
2015/06/05 40.6 40.7 38.8 39 1517 
2015/06/12 38.3 39.4 38 38.95 1456 
2015/06/19 39.5 39.9 38.2 39.45 1434 
2015/06/26 39.5 39.95 38.85 39.75 1108 
2015/07/03 39.7 39.8 38.5 38.65 971 
2015/07/10 38.65 38.65 36.3 37.6 1209 
2015/07/17 38 40.3 38 39.9 1163 
2015/07/24 40.5 40.5 38.15 38.7 11272 
2015/07/31 38.7 39.1 29.6 29.9 13403 
2015/08/07 29.5 30.1 28.4 29.45 1713 
2015/08/14 29.35 30.4 28.15 29.4 1851 
2015/08/21 29.4 29.4 24.2 24.5 2682 
2015/08/28 22.8 24.75 20.5 24.5 2697 
2015/09/04 24.5 26.6 24 26.3 1121 
2015/09/11 26.3 27.15 25.45 26.6 1259 
2015/09/18 26.4 28.6 26 28.35 1379 
2015/09/25 28.35 28.35 27.05 27.3 676 
2015/10/02 27 27 25.8 26.45 582 
2015/10/09 26.8 26.9 25.85 26.55 517 
2015/10/16 26.55 28.5 26.1 28.5 928 
2015/10/23 28.3 28.3 26.5 26.7 1011 
2015/10/30 27.15 27.15 26 26.5 633 
2015/11/06 26.2 27.25 26.1 27 1815 
2015/11/13 27 27 25 25.1 806 
2015/11/20 25.1 25.8 24.4 25.2 513 
2015/11/27 25.45 25.7 24.6 25.1 448 
2015/12/04 25 25.95 24.8 25.55 672 
2015/12/11 25.6 25.65 24.5 24.6 365 
2015/12/18 24.5 25.9 23.8 24.35 1357 
2015/12/25 24.35 24.35 23.55 24.05 720 
2016/01/01 24.15 26 23.85 24.4 1368 
2016/01/08 24.4 24.4 21.1 21.95 1435 
2016/01/15 21.4 21.6 19.6 20.05 1298 
2016/01/22 20 20.85 19.4 19.75 1027 
2016/01/29 19.65 21.45 19.4 21.35 1022 
2016/02/05 21.5 23 20.9 22.7 590 
2016/02/19 24.55 25.35 23.5 24.5 3055 
2016/02/26 24.7 25.2 24.3 24.9 723 
2016/03/04 24.95 29.7 24.95 29.4 3733 
2016/03/11 29.4 33.5 29.4 32 6821 
2016/03/18 31.5 32.15 27.05 27.75 5475 
2016/03/25 27.8 31.2 27.8 31.2 7272 
2016/04/01 32 32.25 27.55 28.4 5648 
2016/04/08 28.45 28.65 26.5 27.3 2445 
2016/04/15 29.1 30.6 27.75 29.45 5046 
2016/04/22 29.5 30.75 28.9 29.4 3050 
2016/04/29 29 29.55 28.4 28.65 1752 
2016/05/06 28.75 30.55 28.2 29.55 3605 
2016/05/13 29.9 32.5 29.85 30.2 5702 
2016/05/20 30.25 30.25 29.05 29.45 2275 
2016/05/27 29.25 32.1 29.15 31.75 3559 
2016/06/03 31.95 34.2 31.6 33.8 9998 
2016/06/10 34.3 34.8 33.2 34.5 4303 
2016/06/17 34.35 39.65 34 39.35 16832 
2016/06/24 40 40.25 36.85 37.6 10974 
2016/07/01 37.1 41.65 37.05 38.45 14925 
2016/07/08 38.45 39.8 38.2 38.9 4450 
2016/07/15 39.9 39.9 37.3 37.9 4653 
2016/07/22 37.65 37.95 35.6 35.6 4811 
2016/07/29 35.65 36 34.35 34.6 3896 
2016/08/05 34.5 35.2 34 34.55 2773 
2016/08/12 34.65 38.8 34.6 37.6 10961 
2016/08/19 38.9 41.45 38.2 39.7 14099 
2016/08/26 39.7 39.7 38.45 39.2 6024 
2016/09/02 39.2 40.3 39 39.4 4137 
2016/09/09 39.9 41.1 39.3 39.9 5687 
2016/09/16 40.05 40.1 39.2 39.2 2229 
2016/09/23 39.2 40.1 39.2 39.55 3292 
2016/09/30 39.8 39.8 39.3 39.6 1255 
2016/10/07 39.75 39.75 39.1 39.35 1821 
2016/10/14 39.6 39.65 38.1 38.4 2128 
2016/10/21 38.4 38.9 38.05 38.45 2002 
2016/10/28 38.6 38.6 37.35 37.5 2141 
2016/11/04 37.8 39.5 37.45 37.7 3818 
2016/11/11 37.6 38.7 37.25 37.85 2392 
2016/11/18 38.1 40.8 38 39.4 8857 
2016/11/25 39 40.1 39 39.8 3705 
2016/12/02 39.9 42.5 39.8 40.8 12734 
2016/12/09 40.6 41.25 40.05 40.75 4433 
2016/12/16 40.6 40.65 39.6 40 3300 
2016/12/23 40.05 40.8 39.25 39.35 2707 
2016/12/30 39.65 39.9 39 39.9 1278 
2017/01/06 40 40.05 39.1 39.25 1407 
2017/01/13 39.3 39.4 38 38.45 2015 
2017/01/20 38.3 38.3 37.65 37.8 2321 
2017/01/27 38.1 38.6 37.7 38.5 1543 
2017/02/03 39.4 39.5 38.65 38.7 1830 
2017/02/10 39.15 40.75 39 39.55 6537 
2017/02/17 40.05 41.9 40.05 41 8082 
2017/02/24 41 41.25 40.25 41.15 2871 
2017/03/03 41.3 41.9 40.8 41.3 2134 
2017/03/10 41.3 41.55 40.55 40.7 2257 
2017/03/17 41.2 44.75 40.75 44.45 8458 
2017/03/24 44.7 48 42.7 46.7 16133 
2017/03/31 46.7 46.8 44.6 45.7 6428 
2017/04/07 45.7 46 45.5 46 839 
2017/04/14 46.6 46.6 43.85 43.95 4271 
2017/04/21 44 44.8 43.8 44.1 764 
2017/04/28 43.95 44.15 43.6 43.6 558 
2017/05/05 43.9 44 43.7 43.8 524 
2017/05/12 43.7 43.85 41.55 41.85 3274 
2017/05/19 41.9 42.25 41.1 41.65 2368 
2017/05/26 41.65 42.6 41.55 42.25 1861 
2017/06/02 42.35 43 41.4 42.35 1882 
2017/06/09 42.35 42.55 42.25 42.3 503 
2017/06/16 41.95 42.5 41.75 41.85 1507 
2017/06/23 41.95 42.4 41.85 42.25 1804 
2017/06/30 42.3 42.5 41.9 42.1 1708 
2017/07/07 42 42.3 42 42.1 287 
2017/07/14 42.4 44 42 42.7 1880 
2017/07/21 42.8 42.9 42.6 42.6 934 
2017/07/28 42.8 43 42.75 42.9 1961 
2017/08/04 37.4 37.4 35.4 35.5 3195 
2017/08/11 35.15 35.2 34.5 35.2 1116 
2017/08/18 36 36 34.5 34.5 1337 
2017/08/25 33.65 33.65 32.8 32.8 1156 
2017/09/01 32.7 32.85 32.25 32.85 1180 
2017/09/08 31.25 31.5 30.9 30.9 538 
2017/09/15 30.1 30.4 29.55 29.55 858 
2017/09/22 29.7 29.7 29 29.1 466 
2017/09/29 28.55 28.55 27.8 28 1215 
2017/10/06 28.35 29.15 28.35 28.95 517 
2017/10/13 29.7 30.9 29.7 30.85 1636 
2017/10/20 31.2 31.2 30.7 30.75 369 
2017/10/27 32.7 32.7 30.65 30.8 2726 
2017/11/03 31.2 31.4 30.7 31.15 1048 
2017/11/10 31.3 32.3 30.65 30.7 2138 
2017/11/17 30.6 30.85 30.5 30.8 336 
2017/11/24 30.7 30.9 30.7 30.7 153 
2017/12/01 30.5 30.9 30.25 30.3 467 
2017/12/08 30.45 30.85 30.3 30.35 623 
2017/12/15 30.5 30.75 30.05 30.45 810 
2017/12/22 30.8 30.9 29.8 30 1079 
2017/12/29 29.85 30.4 29.85 30.2 739 
2018/01/05 30.15 31.7 30.15 31.35 1714 
2018/01/12 31.55 31.7 30.5 30.75 1302 
2018/01/19 30.75 32.3 30.75 31.3 2094 
2018/01/26 31.5 31.9 31.1 31.35 1066 
2018/02/02 31.35 31.8 31 31.1 992 
2018/02/09 30.9 30.9 28.4 29.15 1592 
2018/02/16 29.05 29.35 29.05 29.1 162 
2018/02/23 29.15 29.55 28.7 29.35 693 
2018/03/02 29.5 29.6 29.25 29.3 497 
2018/03/09 29.45 29.45 28.9 29 765 
2018/03/16 29.05 30.4 29 29.65 1143 
2018/03/23 29.7 30 29.2 29.4 963 
2018/03/30 29.75 29.75 29.15 29.65 540 
2018/04/06 29.65 29.95 29.6 29.8 331 
2018/04/13 29.7 29.7 28.85 28.85 701 
2018/04/20 28.85 29.05 28.1 28.65 866 
2018/04/27 29 29.05 27.75 27.9 668 
2018/05/04 27.9 28.3 27.8 27.9 375 
2018/05/11 28 28.15 27.8 27.85 580 
2018/05/18 27.95 28.15 27.7 28 722 
2018/05/25 27.85 28.15 27.8 28 619 
2018/06/01 28.1 28.35 27.95 28.25 879 
2018/06/08 28.3 29.5 28.25 29.05 990 
2018/06/15 29.2 29.4 28 28 905 
2018/06/22 28 28.05 27.65 27.7 538 
2018/06/29 27.8 27.85 26.95 27.1 640 
2018/07/06 27.05 27.2 25.8 26.3 838 
2018/07/13 26.35 28.2 26.3 26.75 606 
2018/07/20 26.75 27 26.6 26.75 401 
2018/07/27 26.8 27.5 26.65 27.5 427 
2018/08/03 27.55 28.45 26.6 26.75 1244 
2018/08/10 26.75 26.9 26.5 26.9 435 
2018/08/17 26.5 26.6 26.1 26.45 506 
2018/08/24 26.35 26.6 26.2 26.3 360 
2018/08/31 26.4 26.65 26.2 26.5 489 
2018/09/07 26.5 27.2 26.25 26.4 957 
2018/09/14 26.3 27.1 26 26.95 514 
2018/09/21 26.95 27.55 26.7 26.9 870 
2018/09/28 26.9 27.25 26.7 26.8 548 
2018/10/05 26.8 28.5 26.7 27.5 2024 
2018/10/12 27.5 28 24.9 26.1 1462 
2018/10/19 26.1 26.2 24.4 24.4 3377 
2018/10/26 24.4 25.2 23.35 24 1809 
2018/11/02 24 25.4 23.35 24.8 1091 
2018/11/09 24.8 25.1 24.35 24.7 314 
2018/11/16 24.7 24.8 23.7 23.85 759 
2018/11/23 23.8 24.1 23.4 23.45 977 
2018/11/30 24 24.5 23.6 24.25 2323 
2018/12/07 24.5 26.9 24.35 26.15 2448 
2018/12/14 26 26 25.15 25.4 688 
2018/12/21 25.6 25.8 24.9 25.45 883 
2018/12/28 25.1 25.55 24.8 25.55 673 
2019/01/04 25.75 25.75 25.05 25.45 447 
2019/01/11 25.6 27.4 25.4 26.8 1925 
2019/01/18 26.8 27 26.2 26.4 1227 
2019/01/25 26.35 26.4 25.95 26.1 659 
2019/02/01 26.1 26.45 25.5 26.05 721 
2019/02/15 25.95 26.65 25.9 26.25 960 
2019/02/22 26.1 26.25 25.65 26 1228 
2019/03/01 25.95 26 25.85 25.9 268 
2019/03/08 25.8 25.95 25.5 25.95 583 
2019/03/15 25.9 26 25.4 25.8 865 
2019/03/22 25.75 25.85 25.45 25.8 783 
2019/03/29 25.6 27.85 25.6 27.45 1589 
2019/04/05 27.6 28.3 27.3 27.7 944 
2019/04/12 27.7 27.9 26.85 27.35 1563 
2019/04/19 27.4 28.1 27.2 27.5 1481 
2019/04/26 27.5 28.15 27.4 28 931 
2019/05/03 27.9 28.05 27.65 28.05 580 
2019/05/10 28 28 27.5 27.8 952 
2019/05/17 27.65 27.8 27.3 27.6 1068 
2019/05/24 27.45 28.1 27.4 28 943 
2019/05/31 28 30.45 28 29.8 6006 
2019/06/07 29.8 30.1 29.2 29.55 1066 
2019/06/14 29.55 30 29.35 29.5 913 
2019/06/21 29.3 30.1 29.2 30.1 1344 
2019/06/28 30.1 31.85 30.1 31.6 2924 
2019/07/05 31.6 31.6 30.8 31.3 1014 
2019/07/12 31.25 31.4 30.9 31.25 1047 
2019/07/19 31.25 31.75 30.85 31.6 1096 
2019/07/26 31.65 32.45 31.35 31.85 1086 
2019/08/02 31.85 31.85 30.75 31 1383 
2019/08/09 30.9 31.2 29.15 29.35 1965 
2019/08/16 29.15 30 29.15 29.9 630 
