2006/10/27 51 51.9 45.5 48.5 3750
2006/11/03 50 55 49.3 51 5309
2006/11/10 49.5 55.8 49.1 52.7 4141
2006/11/17 51.6 53 49.6 50 2358
2006/11/24 50.3 59.8 50.3 56.2 7213
2006/12/01 56.7 56.8 53.2 55.2 2467
2006/12/08 55.9 61.5 52.8 61 3921
2006/12/15 60.9 63.1 57.5 62.6 5174
2006/12/22 63 66.8 61.5 64.7 4826
2006/12/29 64.5 68.5 62.6 67.5 4043
2007/01/05 67.4 71.8 66 67.6 2728
2007/01/12 66.8 71 60 62.4 3246
2007/01/19 62.5 63.9 60.1 62.9 1538
2007/01/26 67.3 68.4 63.6 64 2932
2007/02/02 63 65 61.1 62.6 1356
2007/02/09 62 62.8 60.6 61 1197
2007/02/16 61.5 64 61.5 62.1 1341
2007/03/02 62.8 69 60.3 68.3 4517
2007/03/09 67.4 74.5 61.7 71 9972
2007/03/16 71.5 76.9 71 75.5 8756
2007/03/23 75.2 76.1 72 73.6 3823
2007/03/30 73.6 77.7 71.5 76.5 4591
2007/04/06 77.8 77.8 73 73.4 2539
2007/04/13 73.4 73.9 71.8 72 2845
2007/04/20 72.8 72.8 66 69 3277
2007/04/27 68.8 71.3 68.3 70.2 2633
2007/05/04 72 73.6 69.1 70.5 3899
2007/05/11 70.9 72.6 70.2 70.6 2676
2007/05/18 70.8 70.9 69 69.4 1498
2007/05/25 70 75.9 69.2 75.4 5751
2007/06/01 75.3 88.7 73.6 86.1 17035
2007/06/08 86 92.4 84.1 88.7 13929
2007/06/15 87.8 90.6 82.1 82.5 9528
2007/06/22 83.5 95.2 80.8 94.5 11561
2007/06/29 98 98 90 90.5 8814
2007/07/06 91 93 88 91.6 5946
2007/07/13 92.5 94.3 88 90.1 10891
2007/07/20 91 97.1 90 96.2 15647
2007/07/27 93.3 104 91.3 104 21114
2007/08/03 110.5 116 97.2 97.5 26217
2007/08/10 95 103 92.6 99.2 7504
2007/08/17 102 110.5 89.6 96.2 13751
2007/08/24 101 101 85 88 8434
2007/08/31 90 91.7 87 89.7 3528
2007/09/07 90 90.9 86.8 87.6 3370
2007/09/14 87 89.6 85.2 88 3575
2007/09/21 88.5 88.9 75.2 79.7 2820
2007/09/28 80.2 85 78 84.3 2659
2007/10/05 84.3 85.8 81.1 83.6 2347
2007/10/12 83.6 84.7 80 81 1167
2007/10/19 81.2 85.9 79.3 84.2 1702
2007/10/26 80 85.8 80 84.5 2691
2007/11/02 85.1 85.4 79.5 79.6 2131
2007/11/09 79.8 81.2 69 69.2 2009
2007/11/16 64.4 65.6 59.9 63.5 4226
2007/11/23 64 68 62.2 64.7 1857
2007/11/30 64.7 64.7 58.4 61.2 1347
2007/12/07 61 64.5 60.2 63.3 2353
2007/12/14 63.1 63.1 49.8 50.8 3174
2007/12/21 51.5 52.7 47.3 49 3352
2007/12/28 50 52.5 49.5 52.2 2196
2008/01/04 52.2 59 52.2 57.1 6847
2008/01/11 56 56 50.2 52.4 1723
2008/01/18 53.1 54.5 48.4 50.6 2040
2008/01/25 50.6 51 41.2 44.5 2810
2008/02/01 45.4 47.5 43 43.9 2198
2008/02/15 43.3 43.3 38.35 41.3 1257
2008/02/22 41.5 47.8 41.5 46.2 3118
2008/02/29 47 47.05 44.8 46.45 1487
2008/03/07 45 47.45 44 46.1 1589
2008/03/14 46.6 46.7 44.3 44.45 1412
2008/03/21 43.85 43.85 42 42.85 1022
2008/03/28 44 51.7 43.2 50.3 6990
2008/04/04 50.8 50.8 49 49.45 2130
2008/04/11 49.7 52.7 48.9 48.9 4861
2008/04/18 48.2 49.4 47.5 49.4 2164
2008/04/25 49.9 51.5 49.35 49.6 2891
2008/05/02 49.5 49.5 47.25 48.4 1235
2008/05/09 48.4 52.9 47.65 50.8 4714
2008/05/16 50.6 51.2 49.05 50.4 2064
2008/05/23 51.1 51.2 47.55 47.55 1726
2008/05/30 47.6 47.6 42.7 43.45 1088
2008/06/06 43.25 45.8 43.05 44.8 649
2008/06/13 44 44 38.55 38.8 1194
2008/06/20 39.5 39.5 37.7 38.1 498
2008/06/27 36.2 37.5 34.25 34.25 1042
2008/07/04 34.25 34.7 29.2 31 2023
2008/07/11 31 31.5 29.6 30.7 771
2008/07/18 30.6 31.3 28.4 28.4 1486
2008/07/25 28.4 30.9 26.45 30.75 1679
2008/08/01 30 32.2 29.9 30.4 1350
2008/08/08 30.65 33.4 28.5 33.4 1699
2008/08/15 35 35.7 29.4 29.4 4070
2008/08/22 30 30 27.6 27.7 955
2008/08/29 28.9 29.3 28.05 28.8 681
2008/09/05 27.65 27.8 20.8 21.3 1595
2008/09/12 22 23.8 20.4 21.1 1114
2008/09/19 20.15 20.7 15.9 17.05 1881
2008/09/26 17.8 20.4 17.7 18.6 1926
2008/10/03 17.3 19 17.3 19 398
2008/10/10 19 19.9 16.8 17.05 505
2008/10/17 16.5 17.65 16.4 16.5 355
2008/10/24 16.2 17.4 15.1 15.1 601
2008/10/31 14.05 16.05 13.2 16.05 884
2008/11/07 16.2 18.2 15.8 17.7 2103
2008/11/14 17.6 17.6 14 14.7 1000
2008/11/21 14.05 15 13.5 15 599
2008/11/28 14.9 15.7 14.35 15.45 612
2008/12/05 15.4 15.8 13.5 13.8 487
2008/12/12 14 15.8 14 15.2 1328
2008/12/19 15.2 15.8 14.85 15.25 1178
2008/12/26 15.25 15.7 13.55 14.55 803
2009/01/02 14.55 14.7 14.15 14.6 242
2009/01/09 14.85 15.8 14.4 14.75 777
2009/01/16 14.7 14.7 13.55 13.75 466
2009/01/23 13.75 13.85 13.05 13.1 235
2009/02/06 13.2 14.35 13.05 14.2 856
2009/02/13 14.35 14.9 13.9 14.3 693
2009/02/20 14.35 16.35 14.35 14.75 3150
2009/02/27 14.6 16 14.4 15.75 1094
2009/03/06 15.65 16.3 14.3 15.8 1635
2009/03/13 16.05 18.5 16.05 18 3938
2009/03/20 18.15 18.15 17.1 17.1 1041
2009/03/27 17.1 19.9 17.1 19.9 4102
2009/04/03 20.3 22.1 19.2 21.5 4543
2009/04/10 21.8 22.5 20.55 21.35 1706
2009/04/17 21.85 28.45 21.4 25.1 3855
2009/04/24 25.2 30.65 25.2 27.65 5924
2009/05/01 28.4 28.4 24.6 26.6 2628
2009/05/08 27 28.5 26.15 28.2 3936
2009/05/15 28.5 28.8 26.6 27.75 2855
2009/05/22 28 29.25 27.55 27.8 3719
2009/05/29 28.5 29 26.8 27.6 1698
2009/06/05 28.3 29.8 27.5 29 3019
2009/06/12 29.2 29.3 26.05 26.4 1755
2009/06/19 26.2 26.2 25 25.5 877
2009/06/26 25.2 26.15 24.85 25.8 761
2009/07/03 25.85 27.65 25.4 27.3 1170
2009/07/10 27.55 28.3 27.2 28.1 1823
2009/07/17 28.3 28.4 24.9 25.4 3551
2009/07/24 25.4 27.3 25.15 26.65 3172
2009/07/31 26.95 27.5 26.15 26.9 1844
2009/08/07 27.25 27.5 25.2 25.45 1345
2009/08/14 25.45 26.65 25.45 26.45 1034
2009/08/21 26.45 26.5 24.7 25.4 1206
2009/08/28 25.4 25.6 24 24.7 974
2009/09/04 24.7 28 24.05 27.65 3686
2009/09/11 28 28.55 27.15 27.4 2290
2009/09/18 27.4 29.95 27.05 29.95 2729
2009/09/25 31.65 32.8 28.1 29 6991
2009/10/02 29 30.8 28.5 29.6 1785
2009/10/09 30 32.45 29.65 30.5 3976
2009/10/16 32 32 29.6 31.15 3147
2009/10/23 31.5 33 30.2 30.35 3459
2009/10/30 30.4 30.85 28 28.7 1658
2009/11/06 28.7 30.8 28.7 30.15 1567
2009/11/13 30.7 30.85 29.85 29.95 1274
2009/11/20 30 32.85 30 32.5 3132
2009/11/27 33 34.75 32.1 32.1 8655
2009/12/04 32.1 34.3 32.1 32.7 2576
2009/12/11 33.2 39.8 32.85 39.8 13905
2009/12/18 40.5 43.4 39.4 39.4 9975
2009/12/25 39.2 43.3 39.2 40.55 5886
2010/01/01 41.1 41.5 39.45 40.2 4269
2010/01/08 40.2 40.5 36.6 37.8 3857
2010/01/15 38.25 46.75 38 46.75 5814
2010/01/22 50 59.7 50 59.7 29923
2010/01/29 61.7 62.8 46.15 50.7 17601
2010/02/05 51.2 51.3 44.75 49.3 16043
2010/02/12 49.5 52.2 48 49 8279
2010/02/26 50.5 57.8 47.6 52.2 20165
2010/03/05 52.8 56.1 52.3 52.7 11266
2010/03/12 53.5 57 52.7 54.7 10081
2010/03/19 55 55 50.5 54 6568
2010/03/26 54.3 56.9 52.5 52.5 8141
2010/04/02 52.9 53.8 51 52.1 3905
2010/04/09 53 53.1 51 51.5 1932
2010/04/16 52 52 48.7 50.2 2548
2010/04/23 49.3 49.9 46.7 49.4 2192
2010/04/30 50.4 50.8 46.5 46.5 1557
2010/05/07 46.5 47.9 40.7 43.5 2171
2010/05/14 43.5 45 42.4 43.6 1324
2010/05/21 43.15 44.2 38.7 38.8 3485
2010/05/28 39.05 39.9 35.3 38 3840
2010/06/04 38.2 39.8 37.2 38.95 2746
2010/06/11 38 38.4 35.8 36.9 1476
2010/06/18 37.2 41.2 37.1 40.05 3206
2010/06/25 41.7 42.3 39.6 40.05 3990
2010/07/02 40.45 40.5 37.5 39.6 1242
2010/07/09 40.6 41.45 38.6 38.6 2715
2010/07/16 39 39 37 37.3 1827
2010/07/23 37.3 37.75 36.5 36.7 1529
2010/07/30 37.1 37.85 36.1 36.7 1853
2010/08/06 36.9 37.7 36.25 36.3 1667
2010/08/13 36.3 37.15 34.65 37.15 2087
2010/08/20 37.6 39.45 37.3 37.4 3246
2010/08/27 37.7 38.4 35 35.4 916
2010/09/03 35.8 39.5 34 39.5 3895
2010/09/10 41.3 47.7 41.3 45.95 18621
2010/09/17 46.3 49.5 45 46.7 12186
2010/09/24 47 51.9 45.6 49.5 8738
2010/10/01 49.5 49.5 45.4 46.55 4826
2010/10/08 47.2 47.2 41.95 42 1957
2010/10/15 42.2 45.8 41.8 44.4 2421
2010/10/22 44.4 45.1 43.3 43.4 773
2010/10/29 44.2 44.2 42.05 42.1 503
2010/11/05 42.1 42.8 37 37.95 2006
2010/11/12 37.2 37.6 33.8 35.2 3408
2010/11/19 35.3 35.5 33.85 34.4 1912
2010/11/26 34.9 35.9 34.3 34.9 1878
2010/12/03 35.4 40.15 35 39 5388
2010/12/10 39.5 42 37.65 40.15 4136
2010/12/17 40.15 41.25 37.7 38.35 2048
2010/12/24 38.45 40.6 38.15 39.7 1591
2010/12/31 39.7 39.7 36.45 36.7 1795
2011/01/07 36.8 37.6 36.5 36.95 756
2011/01/14 36.95 37.4 35.8 36.2 1256
2011/01/21 36.2 37.3 36 36.15 1285
2011/01/28 36.5 36.95 35.15 36.5 1311
2011/02/11 36.8 36.9 34.5 34.5 631
2011/02/18 34.55 35.8 34.5 35.5 544
2011/02/25 35.7 35.7 32.9 33.9 813
2011/03/04 34.5 41.6 34.15 41.6 8960
2011/03/11 41.5 42.35 39.85 40.6 10007
2011/03/18 40.3 40.3 32.4 35.45 5240
2011/03/25 35.7 37.45 35.15 35.8 6408
2011/04/01 35.8 36.4 34.5 34.6 2367
2011/04/08 35 36.25 35 35.3 1075
2011/04/15 35.35 35.45 34.2 34.65 1062
2011/04/22 34.65 35.7 34 35 1068
2011/04/29 35 35.6 34 34 1040
2011/05/06 33.95 34.75 32.5 33.7 1276
2011/05/13 34 34.45 33.3 34 597
2011/05/20 34.4 34.5 33.1 33.15 445
2011/05/27 33 33.15 31.6 32.8 776
2011/06/03 32.45 32.7 31.35 32.3 1301
2011/06/10 32.3 33.3 31.9 32.1 440
2011/06/17 32 32.2 30.7 30.7 571
2011/06/24 30.6 31.45 28.5 29 852
2011/07/01 29 31.6 28.9 31.2 629
2011/07/08 31.95 31.95 30.9 31.7 897
2011/07/15 28.95 28.95 24 25 1319
2011/07/22 24.3 26.55 24 26.55 591
2011/07/29 27.4 28 25.65 25.65 807
2011/08/05 25.8 27 23.3 23.3 463
2011/08/12 21.7 22.9 20.2 22.1 1010
2011/08/19 22.7 23.2 20 20 517
2011/08/26 20 20.4 18.6 19.45 512
2011/09/02 19.3 22.8 19.3 22.05 702
2011/09/09 21.3 22.5 20.65 21.6 384
2011/09/16 21.5 21.8 20.1 21.4 267
2011/09/23 21.5 21.8 20.15 20.25 427
2011/09/30 20.25 20.4 18.85 19.55 685
2011/10/07 19.5 19.9 18.55 19.3 257
2011/10/14 19.65 21 19.55 20.35 560
2011/10/21 20.2 20.45 19.55 19.65 299
2011/10/28 20.1 21.5 20 20.75 820
2011/11/04 21.1 22.75 21 22.65 1709
2011/11/11 23 23.45 20.85 21.55 868
2011/11/18 21.7 22 20.95 21.15 194
2011/11/25 21.4 22 18.6 19.3 595
2011/12/02 19.3 21.5 19.3 20.6 415
2011/12/09 20.6 20.7 19.15 19.8 300
2011/12/16 20 20 19.15 19.4 154
2011/12/23 20 20.5 18.6 20.3 412
2011/12/30 20.45 21 19.65 20.8 415
2012/01/06 21 21.75 20.5 21.75 901
2012/01/13 22 22 20.25 20.25 758
2012/01/20 20.8 21.3 20.05 21.15 372
2012/02/03 21.5 23.8 21.3 23.2 2135
2012/02/10 23.2 24.2 22.5 23.55 2680
2012/02/17 23.7 27.3 23.25 24.7 5150
2012/02/24 25 27.1 24.35 25.5 6050
2012/03/02 26 26.35 25.1 25.7 1490
2012/03/09 25.65 25.9 24.2 25.3 1581
2012/03/16 25.6 26.1 25.1 25.65 1181
2012/03/23 25.65 27 25.25 26.45 1668
2012/03/30 26.45 29.05 25.3 28.95 9785
2012/04/06 28.95 29.85 26.5 28.7 8801
2012/04/13 28.55 31 28.2 29.6 9780
2012/04/20 29.4 29.4 27.3 27.65 4001
2012/04/27 27.65 28.3 26.75 27.35 1995
2012/05/04 27.05 27.35 26.15 27.1 3046
2012/05/11 26.5 26.9 25.45 25.55 1310
2012/05/18 25.55 25.8 24.7 24.9 1051
2012/05/25 25 25.45 23.8 24.05 922
2012/06/01 24 24.9 23.4 24.45 717
2012/06/08 23.75 23.85 22.75 23.15 839
2012/06/15 23.4 24 22.75 23.7 489
2012/06/22 24.2 24.75 23.9 24.55 441
2012/06/29 24.55 25 24.3 24.75 411
2012/07/06 24.95 25.95 24.8 25.2 1007
2012/07/13 25.2 25.5 24.1 24.4 439
2012/07/20 24.6 25 24.05 24.65 371
2012/07/27 24.6 24.9 24.1 24.7 458
2012/08/03 24.95 25.15 21.75 21.75 907
2012/08/10 22 22.1 20.5 21.3 578
2012/08/17 21.8 22.35 21.3 22 346
2012/08/24 22.15 22.3 21.8 22.1 343
2012/08/31 22 22 21.3 21.4 358
2012/09/07 21.2 21.5 20.9 21.1 545
2012/09/14 21.4 22.5 21.2 21.9 690
2012/09/21 21.9 22.25 21.5 21.85 499
2012/09/28 21.85 21.9 21.3 21.3 370
2012/10/05 21.3 21.7 21.05 21.3 242
2012/10/12 21.3 21.35 20.05 20.25 391
2012/10/19 20.95 20.95 20 20.3 226
2012/10/26 20.3 20.3 18.6 18.6 415
2012/11/02 18.6 18.9 17.3 18.25 400
2012/11/09 18.25 18.5 17.5 18.1 328
2012/11/16 18.1 18.1 17.35 17.6 200
2012/11/23 17.8 18.1 17.4 17.9 149
2012/11/30 17.9 18.4 17.6 18.35 464
2012/12/07 18.4 19.15 18.3 18.8 342
2012/12/14 18.95 19 18.1 18.7 132
2012/12/21 18.9 18.9 18.05 18.45 245
2012/12/28 18.45 19.45 18.2 19.1 266
2013/01/04 19.1 19.25 18.95 19.05 153
2013/01/11 19 19.4 18.7 18.9 215
2013/01/18 18.75 18.95 18.1 18.3 307
2013/01/25 18.3 18.6 18.1 18.2 141
2013/02/01 18.2 18.95 18.2 18.6 132
2013/02/08 18.6 18.6 18.1 18.4 138
2013/02/22 18.5 19.05 18.5 18.7 399
2013/03/01 19.95 22 19.4 20.5 3535
2013/03/08 21 21.6 20 20.45 1469
2013/03/15 20.45 20.85 19.85 19.85 727
2013/03/22 19.7 20.4 19.7 20.3 485
2013/03/29 20.4 21.5 20.4 20.85 1328
2013/04/05 20.85 21.55 20.85 21.2 639
2013/04/12 21 21 20.2 20.3 560
2013/04/19 20.5 20.5 19.95 20.35 394
2013/04/26 20.5 21.65 20.45 20.45 1110
2013/05/03 20.45 20.8 20.45 20.6 276
2013/05/10 20.65 21 20.45 20.9 468
2013/05/17 20.8 20.8 20.25 20.4 699
2013/05/24 20.55 21.25 20.2 20.4 822
2013/05/31 20.55 20.8 20.35 20.6 290
2013/06/07 20.6 20.9 20.25 20.3 301
2013/06/14 20.55 20.55 19.8 19.9 468
2013/06/21 19.9 20.35 19.4 19.6 455
2013/06/28 19.7 20.2 19.5 20 375
2013/07/05 20 20.45 19.7 20 271
2013/07/12 20 20.4 19.8 20.1 222
2013/07/19 20.1 20.5 20.05 20.2 519
2013/07/26 20.3 20.45 18.35 18.65 690
2013/08/02 18.55 18.65 17.8 18 361
2013/08/09 17.95 18.2 17.5 17.7 293
2013/08/16 17.65 17.8 17.4 17.6 346
2013/08/23 17.55 18.2 17.3 17.5 242
2013/08/30 17.4 17.5 16.5 16.9 462
2013/09/06 16.85 17.8 16.85 17.2 397
2013/09/13 17.3 17.3 16.8 16.9 249
2013/09/20 16.9 17 16.7 16.75 164
2013/09/27 16.9 17.5 16.7 17.05 390
2013/10/04 17.1 17.25 17 17.1 276
2013/10/11 17.1 17.1 16.6 16.7 490
2013/10/18 16.7 16.85 16.55 16.8 265
2013/10/25 16.8 17.35 16.8 17.1 520
2013/11/01 17.05 17.25 16.8 17 356
2013/11/08 16.95 17.15 16.55 16.75 293
2013/11/15 16.75 16.9 16.2 16.2 397
2013/11/22 16.2 16.3 15.1 15.2 649
2013/11/29 15.45 15.45 15 15.4 393
2013/12/06 15.4 15.6 15.3 15.4 288
2013/12/13 15.6 15.85 15.45 15.45 279
2013/12/20 15.45 15.8 15.3 15.3 318
2013/12/27 15.5 16.4 15.4 16.4 592
2014/01/03 16.4 16.8 16.2 16.8 466
2014/01/10 16.8 18.2 16.6 17.65 1971
2014/01/17 17.55 17.9 17.2 17.25 703
2014/01/24 17.25 18.1 17.2 17.65 747
2014/01/31 17.5 17.5 17.15 17.15 117
2014/02/07 16.8 17.3 16.6 17.3 441
2014/02/14 17.3 17.5 17 17.1 611
2014/02/21 17.1 17.65 17 17.45 888
2014/02/28 17.5 19.65 17.2 18.8 3385
2014/03/07 18.75 18.9 17.8 18 1350
2014/03/14 17.9 18.3 17.45 18.2 884
2014/03/21 18.4 18.6 17.8 17.9 645
2014/03/28 17.9 18.65 17.55 18.3 607
2014/04/04 18.5 19 18.5 18.7 738
2014/04/11 18.6 19.7 18.4 19 1487
2014/04/18 18.9 19.45 18.85 19.15 603
2014/04/25 19.2 19.3 18.05 18.2 534
2014/05/02 18 19.1 17.9 18.85 377
2014/05/09 18.8 20.6 18.75 19.55 1503
2014/05/16 19.55 20.5 19.1 19.8 1251
2014/05/23 19.9 21.5 19.9 21 4177
2014/05/30 21.05 21.4 20.5 20.6 1359
2014/06/06 20.6 21.35 20.45 21.05 1135
2014/06/13 21.15 21.3 19.7 20 1283
2014/06/20 20.2 20.25 19.9 20.1 525
2014/06/27 20 20.25 19.8 19.85 537
2014/07/04 19.85 20.7 19.8 20.4 757
2014/07/11 20.4 21.3 19.95 20.1 1027
2014/07/18 20.25 20.65 20.05 20.4 644
2014/07/25 20.45 21.25 20.35 20.7 913
2014/08/01 20.95 20.95 18.55 19.3 811
2014/08/08 19.4 19.45 18.5 18.65 389
2014/08/15 19.3 19.9 18.05 18.95 262
2014/08/22 18.95 19.3 18.35 19.1 518
2014/08/29 19.1 20.05 18.6 19.9 657
2014/09/05 19.85 20.2 19.5 19.9 561
2014/09/12 19.85 19.85 19.25 19.3 266
2014/09/19 19.3 19.8 18.9 19.1 209
2014/09/26 19.1 19.25 18.15 18.55 279
2014/10/03 18.3 18.6 17.9 18.3 332
2014/10/10 18.6 18.6 17.9 18.1 118
2014/10/17 18 18 16.5 17 334
2014/10/24 17 17.3 16.35 17 277
2014/10/31 16.4 17.25 16.4 17.2 179
2014/11/07 17.1 17.35 16.9 17.1 100
2014/11/14 17.1 17.9 17 17.9 254
2014/11/21 18 18.2 17.2 18.2 212
2014/11/28 18.3 18.4 17.3 18.05 445
2014/12/05 17.6 18.65 17.6 18.4 264
2014/12/12 18.4 18.95 18.1 18.5 269
2014/12/19 18.5 18.7 18.2 18.2 140
2014/12/26 18.3 18.55 18 18.4 271
2015/01/02 18.45 18.65 18.3 18.55 273
2015/01/09 18.65 18.75 18.2 18.6 314
2015/01/16 18.6 18.7 18.1 18.2 351
2015/01/23 18.2 18.45 18 18.3 326
2015/01/30 18.25 18.85 18.2 18.6 618
2015/02/06 18.6 18.7 18.3 18.45 208
2015/02/13 18.5 18.9 18.2 18.8 292
2015/02/27 18.8 19.9 18.8 19.6 556
2015/03/06 19.8 19.9 19.4 19.75 517
2015/03/13 19.8 20.4 19.4 19.75 805
2015/03/20 19.7 19.75 19.25 19.55 333
2015/03/27 19.6 20.7 19 20.7 866
2015/04/03 21.9 24.95 21.5 24.7 11373
2015/04/10 25 25.3 22.5 22.8 7013
2015/04/17 22.8 24.3 21.9 22.45 4212
2015/04/24 22.45 24.4 22 23.5 2325
2015/05/01 23.7 23.8 22.3 22.55 1332
2015/05/08 22.6 23.1 22.05 22.65 1302
2015/05/15 22.5 22.5 20.5 21.4 2149
2015/05/22 21.05 22.4 21.05 21.55 1218
2015/05/29 21.55 22.15 20.8 21.25 1834
2015/06/05 21.25 21.5 19.55 20.1 810
2015/06/12 20.2 20.3 18.3 18.95 948
2015/06/19 18.95 19.35 18.5 18.95 483
2015/06/26 19 19.5 19 19.05 317
2015/07/03 19 20.15 18.65 19.7 452
2015/07/10 19.9 19.9 18.8 19 370
2015/07/17 19.4 19.95 19 19.2 505
2015/07/24 19.4 19.4 18.75 19 333
2015/07/31 19.15 19.15 17.2 18.3 851
2015/08/07 18.5 18.75 16.1 16.4 1213
2015/08/14 16.5 16.85 15 15.65 993
2015/08/21 15.5 15.65 13.3 13.75 1069
2015/08/28 13.3 14.05 12.05 13.5 937
2015/09/04 13.45 15.5 13.15 14.75 562
2015/09/11 14.6 15.35 14.6 15 335
2015/09/18 15.2 15.4 14.2 15.4 273
2015/09/25 15.15 15.15 14.6 15 245
2015/10/02 15 15.5 14.8 15 110
2015/10/09 15.05 15.25 14.7 14.7 272
2015/10/16 14.95 15.5 14.8 15.3 352
2015/10/23 15.6 18.6 15.5 17.8 1823
2015/10/30 17.8 18.1 16.25 16.25 698
2015/11/06 16.6 17.45 16.1 16.5 349
2015/11/13 16.4 17.2 15.9 16.55 677
2015/11/20 16.55 16.9 15.7 16.25 526
2015/11/27 16.3 16.4 16 16.25 135
2015/12/04 15.6 16.35 15.6 16.15 207
2015/12/11 16.15 16.15 15.4 15.5 343
2015/12/18 15.8 16.2 15.1 15.75 141
2015/12/25 15.5 16 15.3 15.55 103
2016/01/01 15.85 15.85 15.4 15.6 97
2016/01/08 15.45 15.7 14.1 15 154
2016/01/15 14.35 15.3 13.65 13.85 461
2016/01/22 13.65 14.9 13.6 14.4 190
2016/01/29 14.4 15.15 14.4 15.05 180
2016/02/05 15.05 15.15 14.9 15.1 99
2016/02/19 15.2 16.35 15 15.65 308
2016/02/26 15.7 16.5 15.7 16.3 453
2016/03/04 16.3 16.75 16.1 16.75 370
2016/03/11 16.75 16.85 16.3 16.5 235
2016/03/18 16.5 17.4 16.4 16.6 541
2016/03/25 16.45 17 16.4 17 294
2016/04/01 17 17 16.3 16.5 190
2016/04/08 16.45 16.55 16.3 16.4 78
2016/04/15 16.85 17.6 16.6 17.1 657
2016/04/22 17.4 17.4 16.6 16.75 331
2016/04/29 16.75 16.8 16.35 16.7 110
2016/05/06 16.8 16.8 16.45 16.65 128
2016/05/13 16.8 16.9 15.7 16 283
2016/05/20 15.8 16.2 15.1 15.85 235
2016/05/27 15.7 16.2 15.6 16.1 212
2016/06/03 16 16.2 16 16.2 192
2016/06/10 16 16.6 15.9 16.3 179
2016/06/17 16.15 16.45 16.05 16.3 123
2016/06/24 16.45 16.5 15.9 16.3 166
2016/07/01 16.3 16.35 15.95 16.35 256
2016/07/08 16.25 16.45 16.15 16.45 149
2016/07/15 16.4 20.1 16.3 19.1 3610
2016/07/22 19.4 19.45 17.9 18.55 1571
2016/07/29 18.75 18.75 17.05 17.15 735
2016/08/05 17.15 17.25 16.7 17.1 320
2016/08/12 17.1 17.6 16.9 17.25 750
2016/08/19 17.25 17.25 15.7 17 532
2016/08/26 16.8 17.05 16.55 17 161
2016/09/02 17.05 17.2 16.6 17.05 141
2016/09/09 16.95 18.45 16.75 17.7 1287
2016/09/16 17.85 17.9 17.2 17.4 445
2016/09/23 17.45 17.7 17.3 17.65 455
2016/09/30 17.6 17.7 17.35 17.7 236
2016/10/07 17.75 18 17.5 17.75 472
2016/10/14 18.6 18.6 17.8 17.9 673
2016/10/21 17.9 18.5 17.75 18.05 559
2016/10/28 18.25 18.9 17.9 18.5 508
2016/11/04 18.45 18.55 17.3 17.8 637
2016/11/11 17.8 18 16.85 17.45 337
2016/11/18 17.6 17.6 16 16.2 640
2016/11/25 16.05 16.55 16.05 16.35 141
2016/12/02 16.35 16.5 16.25 16.25 171
2016/12/09 16.3 16.55 15.7 16.5 188
2016/12/16 16.5 16.75 16.3 16.65 183
2016/12/23 16.65 16.75 16.25 16.45 121
2016/12/30 16.5 16.75 16.25 16.75 162
2017/01/06 16.55 16.8 16.5 16.8 139
2017/01/13 16.6 17 16.55 17 291
2017/01/20 16.85 16.95 16.6 16.75 152
2017/01/27 16.75 16.9 16.4 16.7 99
2017/02/03 16.9 17 16.55 16.9 144
2017/02/10 16.95 17.5 16.65 16.8 714
2017/02/17 16.8 17.9 16.8 17.7 837
2017/02/24 17.7 18 17.05 17.55 621
2017/03/03 17.55 17.8 17.35 17.65 276
2017/03/10 17.6 17.75 17.5 17.6 274
2017/03/17 17.8 18.2 17.4 18 424
2017/03/24 18 18.2 16.55 16.75 826
2017/03/31 16.75 18.25 16.4 17.95 1422
2017/04/07 19.6 19.7 18.7 19.1 2177
2017/04/14 23.1 26.45 23.1 26.35 14509
2017/04/21 26.35 26.4 26.35 26.35 705
2017/04/28 26.4 26.45 26.4 26.4 372
2017/05/05 26.5 26.5 26.45 26.45 275
2017/05/12 26.5 26.6 26.45 26.55 807
2017/05/19 26.55 26.6 26.5 26.55 1174
2017/05/26 26.55 26.65 26.55 26.6 346
2017/06/02 26.6 26.6 26.55 26.55 244
2017/06/09 26.55 26.6 26.55 26.6 192
2017/06/16 26.55 26.6 26.55 26.55 738
2017/06/23 26.55 26.6 26.55 26.6 441
2017/06/30 26.6 26.7 26.6 26.7 445
2017/07/07 26.65 26.7 26.65 26.7 21
2017/07/14 26.75 26.8 26.7 26.75 226
2017/07/21 26.7 26.75 26.7 26.7 51
2017/07/28 26.7 26.75 26.7 26.7 62
2017/08/04 26.7 26.7 26.65 26.7 687
2017/08/11 26.7 26.75 26.65 26.75 179
2017/08/18 26.75 26.75 26.7 26.75 110
2017/08/25 26.75 26.8 26.7 26.75 231
2017/09/01 26.75 26.8 26.75 26.8 67
2017/09/08 26.75 26.85 26.75 26.8 63
2017/09/15 26.85 26.85 26.85 26.85 228
2017/09/22 26.85 26.85 26.85 26.85 81
