2002/02/01 42.8 55.5 42.8 55.5 197 
2002/02/08 59 59 45.1 45.1 745 
2002/02/22 42 44.6 37 38 4264 
2002/03/01 38 40.1 37 39.1 1969 
2002/03/08 39.8 40.9 37.9 38.8 2054 
2002/03/15 39.1 41.6 38.3 39.5 2911 
2002/03/22 39.9 44.8 38.7 44.8 1963 
2002/03/29 47.9 49.2 44.6 48.8 4673 
2002/04/05 47.8 48.5 46.1 47 1763 
2002/04/12 47 50.5 45.2 50.5 3776 
2002/04/19 50.5 52 48.2 49 3795 
2002/04/26 49 49.9 47.5 47.5 1325 
2002/05/03 46.8 47.5 44.9 46 478 
2002/05/10 48 48.7 45.8 48 1533 
2002/05/17 48 49.6 47 48 806 
2002/05/24 47.5 47.5 44.4 46.5 509 
2002/05/31 46 51 46 50 1478 
2002/06/07 50 51.5 47.9 49.2 974 
2002/06/14 49.3 49.5 43 43.6 1350 
2002/06/21 43.6 43.8 41.8 42 261 
2002/06/28 42.9 42.9 39 41 379 
2002/07/05 41 44 39.3 43.7 192 
2002/07/12 43.5 44 41.3 44 211 
2002/07/19 45.8 47 42 44 1336 
2002/07/26 43 44 42.1 43.6 128 
2002/08/02 43.6 45 42 43.7 783 
2002/08/09 42.5 46 41.9 46 1037 
2002/08/16 46 46 43.4 44.8 432 
2002/08/23 45 45 43.5 44.5 180 
2002/08/30 44.3 44.5 42.5 43.2 206 
2002/09/06 42.5 43.5 41 43.1 266 
2002/09/13 43 44.5 42.5 43.9 364 
2002/09/20 43.2 43.8 42.1 42.8 113 
2002/09/27 42.2 43.5 41.2 43.3 189 
2002/10/04 42.1 43.5 41.4 43 316 
2002/10/11 42.5 43.3 39.9 43 64 
2002/10/18 42.1 43 41.6 42.9 184 
2002/10/25 42.5 43.5 42.3 42.9 289 
2002/11/01 43.5 44.7 42.9 43.8 834 
2002/11/08 43.8 45.1 43.5 45.1 542 
2002/11/15 46.4 51 44.6 50 3412 
2002/11/22 51 51.5 48.3 49.6 1398 
2002/11/29 49.8 49.9 47.9 49.1 1081 
2002/12/06 48.5 49.2 47.2 49 854 
2002/12/13 49.2 51 48.8 50 1070 
2002/12/20 50 50.5 48 49 530 
2002/12/27 48 49.5 47.9 48.9 241 
2003/01/03 48.9 49 47.8 48.5 443 
2003/01/10 48.5 52 47.8 50 1306 
2003/01/17 50 52.5 48.5 49.5 728 
2003/01/24 49.4 52 48.8 51 890 
2003/01/31 50 50.5 49.2 50 71 
2003/02/07 50 50 48 49.5 96 
2003/02/14 48.2 49.5 47.8 49 206 
2003/02/21 49.5 50.5 48.2 48.7 220 
2003/02/28 48.2 49 47.7 49 170 
2003/03/07 49 49.8 47.8 47.9 271 
2003/03/14 48 48.6 44.4 47.5 353 
2003/03/21 46.1 47.5 45.3 45.8 176 
2003/03/28 46.8 47 44 45.9 370 
2003/04/04 45.9 45.9 44.3 45.5 404 
2003/04/11 45.5 45.9 44.7 45.3 304 
2003/04/18 45 45.4 43.8 44.7 777 
2003/04/25 44 44.2 40 41 561 
2003/05/02 40.5 42.6 39.3 40.4 146 
2003/05/09 40.4 41.7 35.9 38 785 
2003/05/16 37.3 37.9 36.8 37.4 453 
2003/05/23 37.4 39.5 37 39.5 387 
2003/05/30 39.5 40.9 39 40 385 
2003/06/06 39.8 40 38.8 39.4 511 
2003/06/13 39.4 41.5 38.7 39.5 603 
2003/06/20 39.9 40.3 39 39.6 412 
2003/06/27 39.6 41.7 39.6 40.8 699 
2003/07/04 40.7 41.4 40.1 41 515 
2003/07/11 41.2 41.3 38.2 40.3 580 
2003/07/18 40.2 41.3 40 41 370 
2003/07/25 41 42.9 40.2 42.4 553 
2003/08/01 42.5 44.9 42.2 43.4 687 
2003/08/08 43.4 43.8 42.8 43.2 383 
2003/08/15 43.2 44.4 43.2 44 366 
2003/08/22 44.1 44.4 38.8 39.6 772 
2003/08/29 39.8 39.8 38.3 39.4 195 
2003/09/05 39.4 39.5 38.5 39 482 
2003/09/12 39 39 38 38.6 76 
2003/09/19 38.3 39.4 38 38.9 193 
2003/09/26 38.7 38.7 38.1 38.3 94 
2003/10/03 38.2 38.5 38 38.4 112 
2003/10/10 38.3 38.4 38 38.3 129 
2003/10/17 38.3 38.8 38.1 38.2 628 
2003/10/24 38.4 38.6 38 38.4 434 
2003/10/31 38.5 39.6 38.4 39 661 
2003/11/07 39.1 40.3 38.9 39.6 1020 
2003/11/14 39.8 40.1 39.1 39.6 460 
2003/11/21 39.1 39.6 39.1 39.5 363 
2003/11/28 39.5 39.8 39 39.4 276 
2003/12/05 39.4 40.2 39.3 39.9 375 
2003/12/12 39.8 40.4 39.3 39.6 674 
2003/12/19 39.6 40.1 39.1 39.7 691 
2003/12/26 39.7 41 39.6 40.5 648 
2004/01/02 40.5 40.8 39.9 40.3 334 
2004/01/09 40.3 40.6 39.7 40.3 789 
2004/01/16 40.1 40.2 39.7 40.2 450 
2004/01/30 40.3 40.9 39.9 40.8 533 
2004/02/06 41 41.9 40.8 41.9 866 
2004/02/13 41.9 42.9 41.6 42 575 
2004/02/20 42 42.6 41.1 42.4 405 
2004/02/27 42.5 43.2 42 43 644 
2004/03/05 43.1 44.4 42.9 44 852 
2004/03/12 43.6 44.3 43 43.6 325 
2004/03/19 43.9 44 41.8 43.4 404 
2004/03/26 40.5 42.2 40.4 42 862 
2004/04/02 42.2 43.7 42.2 42.9 488 
2004/04/09 43.7 43.7 42.5 42.6 282 
2004/04/16 42.6 44.2 42.6 43.8 517 
2004/04/23 43.9 44.2 43.5 43.8 253 
2004/04/30 43.8 44.1 42 42.4 254 
2004/05/07 42 42 40.1 41.7 215 
2004/05/14 41 42.5 40.3 40.3 318 
2004/05/21 40.2 41.2 38.5 41.1 492 
2004/05/28 41.1 41.8 40.6 40.6 170 
2004/06/04 40.7 41.5 39 39 195 
2004/06/11 39.7 41 39.2 41 275 
2004/06/18 41 42.6 41 42.5 442 
2004/06/25 42.5 42.8 42 42.5 770 
2004/07/02 42.5 42.5 36.7 39.2 906 
2004/07/09 39.4 39.5 38.8 39.2 229 
2004/07/16 39.3 39.9 39.2 39.9 272 
2004/07/23 39.9 40.4 39.5 40.2 299 
2004/07/30 40 40.4 40 40.4 112 
2004/08/06 39.8 41 39.8 41 186 
2004/08/13 40.9 41.5 40.9 41.4 118 
2004/08/20 41.4 41.6 40.7 41.4 266 
2004/08/27 41.4 41.8 41.3 41.8 144 
2004/09/03 41.9 41.9 40.5 41.4 107 
2004/09/10 41.4 41.6 40.2 40.3 182 
2004/09/17 40.4 41 39.8 40.2 236 
2004/09/24 40.2 41.2 39.9 41.2 577 
2004/10/01 40.8 42 40.6 41.5 1097 
2004/10/08 41.9 43.7 40.8 43.5 2149 
2004/10/15 43.4 43.4 41.5 42.7 1910 
2004/10/22 42.5 43.1 41.6 42.9 2277 
2004/10/29 42.6 42.9 40.4 40.6 1785 
2004/11/05 40.1 41.2 39.7 40.4 1216 
2004/11/12 40.2 41.4 40.2 41 941 
2004/11/19 41.1 43.5 40.7 43.2 3062 
2004/11/26 42.9 43 42 42.4 543 
2004/12/03 42.2 42.8 42.2 42.2 386 
2004/12/10 42.4 42.5 41.5 41.6 311 
2004/12/17 42.4 42.7 41.7 42.6 453 
2004/12/24 42.6 42.6 41.6 42.5 440 
2004/12/31 42.5 43.2 42.2 42.8 881 
2005/01/07 42.8 43 42.2 42.4 522 
2005/01/14 42.4 42.8 42 42.5 708 
2005/01/21 42.7 43.6 42.4 43.2 1221 
2005/01/28 43.5 44 41.7 42 2599 
2005/02/04 42.1 42.9 41.8 42.4 1364 
2005/02/18 42.4 42.4 41.7 42.3 1008 
2005/02/25 42.3 43.3 42.3 42.9 1676 
2005/03/04 43.1 43.5 42.7 43 858 
2005/03/11 43.2 43.5 42.8 43 876 
2005/03/18 42.9 43.2 42.5 42.5 803 
2005/03/25 42.6 43 40.5 41.4 986 
2005/04/01 41.4 41.6 40.8 41.5 531 
2005/04/08 41 41.5 40.4 41.25 469 
2005/04/15 41 41.25 40.2 40.45 455 
2005/04/22 40.35 40.35 38.4 39.15 701 
2005/04/29 39.15 40.8 39.1 39.6 462 
2005/05/06 39.6 40 38.55 39.4 565 
2005/05/13 39.6 39.6 38.5 38.85 607 
2005/05/20 38.6 39.35 38.15 39.25 648 
2005/05/27 39.3 39.4 39 39.35 462 
2005/06/03 39.4 39.4 38.9 39.15 359 
2005/06/10 39.15 39.4 38.9 39.3 404 
2005/06/17 39.4 39.45 39.1 39.4 491 
2005/06/24 39.4 39.65 39.3 39.5 735 
2005/07/01 39.45 39.6 39 39.2 656 
2005/07/08 39.2 39.4 38.75 38.9 445 
2005/07/15 39 39.25 38.9 39.1 799 
2005/07/22 39.1 40.2 39 39.55 1719 
2005/07/29 39.55 39.6 37 38.3 2156 
2005/08/05 38.4 38.8 34 34.8 1660 
2005/08/12 34.5 34.9 33.7 34.1 1240 
2005/08/19 33.7 34 31 31.9 1149 
2005/08/26 31.7 32 28.5 29.3 2525 
2005/09/02 29.45 31.7 29.3 30.7 2456 
2005/09/09 30.9 31 29.4 29.45 1173 
2005/09/16 29.95 31.5 29.35 30.3 2433 
2005/09/23 30.05 30.4 29.65 29.8 1064 
2005/09/30 30 30.15 29.7 30 1190 
2005/10/07 30 30 29.45 29.5 1269 
2005/10/14 29.4 29.7 28.6 29 793 
2005/10/21 29 29.45 27.35 27.45 1070 
2005/10/28 27.4 27.45 25.05 26.3 1498 
2005/11/04 26.3 26.75 25.9 26.2 1631 
2005/11/11 26.2 26.55 25.5 25.9 1052 
2005/11/18 25.9 29.65 25.5 29.65 3949 
2005/11/25 30.5 30.8 28.6 29.9 2487 
2005/12/02 29.9 30.75 29.45 30.4 1498 
2005/12/09 30.4 31.95 30.35 30.75 1070 
2005/12/16 30.7 31.4 30.4 31.2 1452 
2005/12/23 31.2 31.3 30.5 30.5 1309 
2005/12/30 30.6 31.55 30.5 31.4 1113 
2006/01/06 31.2 34.55 31.05 34.15 1462 
2006/01/13 34.15 34.15 31.7 32.55 1257 
2006/01/20 32.2 32.6 27.2 27.75 2882 
2006/01/27 27.5 27.95 27.15 27.9 504 
2006/02/03 28 28.4 27.8 28.3 161 
2006/02/10 28.3 29.6 28.3 29.25 356 
2006/02/17 28.55 29.3 28 28.8 205 
2006/02/24 28.8 29.2 28.5 28.7 231 
2006/03/03 28.5 29 28.5 28.8 239 
2006/03/10 28.8 28.8 28.6 28.65 209 
2006/03/17 28.65 28.8 28.35 28.35 301 
2006/03/24 28.4 28.9 28.3 28.3 314 
2006/03/31 28.35 31.3 28.3 31 669 
2006/04/07 31 33.4 31 32.1 1935 
2006/04/14 32 32.1 31.2 31.9 510 
2006/04/21 31.5 33 31.5 32.7 733 
2006/04/28 32.7 33.3 30.6 32.75 584 
2006/05/05 32.9 33.3 32 32.85 760 
2006/05/12 32.85 34 32.6 33.5 789 
2006/05/19 33.5 37.8 33.5 35.2 3064 
2006/05/26 35.2 35.5 34 35 408 
2006/06/02 35 35.05 34.5 34.85 156 
2006/06/09 34.85 34.85 32.05 33.4 427 
2006/06/16 32.9 33.75 32.4 33 334 
2006/06/23 33 33.8 32.1 32.65 219 
2006/06/30 32.65 33.6 32.65 33.4 215 
2006/07/07 33.4 34 33.4 33.55 371 
2006/07/14 33.5 34.15 33 33.4 175 
2006/07/21 33.2 33.3 32.6 32.85 199 
2006/07/28 32.8 33.5 32.6 33.2 233 
2006/08/04 33.2 33.6 33.1 33.6 639 
2006/08/11 33.5 34.85 33.3 34.2 906 
2006/08/18 34.2 34.8 31.15 32.6 1469 
2006/08/25 32.5 32.6 31.8 32.5 509 
2006/09/01 32.5 33 32.3 32.7 401 
2006/09/08 32.7 32.9 32.4 32.45 426 
2006/09/15 32.5 32.95 32.3 32.5 549 
2006/09/22 32.8 33.45 32.45 33.3 639 
2006/09/29 33.3 33.85 33 33.5 652 
2006/10/06 33.5 34.8 33.5 34.5 645 
2006/10/13 34.45 34.95 34 34.7 661 
2006/10/20 34.7 34.85 33.85 34.5 654 
2006/10/27 34.55 34.75 34.1 34.5 281 
2006/11/03 34.25 34.55 33.9 34.3 427 
2006/11/10 34 34.15 33.65 34 526 
2006/11/17 33.9 35.05 33.6 34.8 1001 
2006/11/24 35.2 38 34.7 36.8 2007 
2006/12/01 37 37.5 36 36.5 710 
2006/12/08 36.2 37 36.2 36.7 616 
2006/12/15 36.85 39 36.6 38.8 1126 
2006/12/22 39 41.15 39 40.7 1814 
2006/12/29 40.7 41.65 40.05 40.9 1125 
2007/01/05 41 45.1 41 44.2 2534 
2007/01/12 44.2 48.9 42.3 47.3 6049 
2007/01/19 47.3 47.4 43.7 44.05 2718 
2007/01/26 44.25 50.9 44.05 49.8 7629 
2007/02/02 49 52.4 46.3 51.8 7909 
2007/02/09 52.5 53.5 51 51.5 4613 
2007/02/16 51.5 51.7 49.7 49.9 1131 
2007/03/02 50.1 51.8 48.6 48.65 1728 
2007/03/09 48.6 48.7 45.8 47.3 2581 
2007/03/16 47.3 47.9 46.3 47.05 746 
2007/03/23 47.05 48.2 46.9 47.5 824 
2007/03/30 47.5 48.1 47.1 47.8 508 
2007/04/06 48 49.5 47.6 48.9 780 
2007/04/13 49 49.3 48.4 48.5 862 
2007/04/20 48.4 50 48.4 48.7 478 
2007/04/27 48.85 49 47.5 47.8 493 
2007/05/04 48 48 46.9 47.35 702 
2007/05/11 47.8 47.8 46.9 47.15 541 
2007/05/18 47.05 47.5 46.5 47.5 441 
2007/05/25 47 48.2 47 47.1 309 
2007/06/01 47.2 47.7 45 45.45 383 
2007/06/08 45.45 46 44.5 45.45 234 
2007/06/15 45.4 47.25 43.65 46 811 
2007/06/22 46.25 46.25 45.1 45.9 617 
2007/06/29 46.1 47.9 45.9 47.9 463 
2007/07/06 47.6 47.65 46.65 46.9 887 
2007/07/13 47 47.3 42.75 43 1782 
2007/07/20 43 43.5 42.3 43.15 530 
2007/07/27 43.15 43.6 41.9 42 902 
2007/08/03 41.7 41.8 38.85 38.95 1030 
2007/08/10 39 41.6 39 40.5 584 
2007/08/17 40.5 40.5 35.6 37.3 957 
2007/08/24 37.5 39.5 37 38.5 298 
2007/08/31 37.2 39 37.2 38.25 380 
2007/09/07 38.4 39.2 37.5 38 232 
2007/09/14 38 38.35 36.6 38.1 172 
2007/09/21 38.1 39.7 37.8 39.5 721 
2007/09/28 39.9 40.7 39.6 40 404 
2007/10/05 40 40.6 39.5 40.3 363 
2007/10/12 40.3 40.3 39.2 39.2 250 
2007/10/19 39.2 39.5 38.1 38.8 379 
2007/10/26 38 38.8 38 38.2 265 
2007/11/02 38 38.9 38 38.1 534 
2007/11/09 38 39.1 37.9 38.6 319 
2007/11/16 38 38.7 37.7 38.45 383 
2007/11/23 38.5 39.1 38.5 38.75 333 
2007/11/30 38.5 43.15 38.5 41.8 829 
2007/12/07 41.8 42.4 41.25 41.35 711 
2007/12/14 41.3 41.8 39.35 39.4 301 
2007/12/21 39.45 40 36.6 38.15 518 
2007/12/28 38.3 40.8 38.1 38.3 407 
2008/01/04 38.4 40.8 38.4 38.65 241 
2008/01/11 38.3 39.05 38.1 38.6 377 
2008/01/18 38.9 39.35 38.35 39 219 
2008/01/25 39 39.1 36.75 38.2 373 
2008/02/01 37.9 38.5 37.2 37.2 227 
2008/02/15 37.3 37.5 36.2 37.2 366 
2008/02/22 37.85 37.85 36.45 36.85 545 
2008/02/29 37.4 37.4 36.8 36.9 297 
2008/03/07 36.8 38.1 36.6 37.5 625 
2008/03/14 38 38 36.95 37.2 437 
2008/03/21 37 38.45 37 38 224 
2008/03/28 38.7 38.9 38 38.5 258 
2008/04/04 38.5 39.2 38.3 39 163 
2008/04/11 39 40.7 39 40 439 
2008/04/18 41 41 39.4 39.9 331 
2008/04/25 40 40.85 39.8 40.35 294 
2008/05/02 40.1 40.5 40 40.2 375 
2008/05/09 40.4 40.4 38.6 38.8 900 
2008/05/16 38.8 40.05 38.6 40 322 
2008/05/23 40 41.65 40 40.7 823 
2008/05/30 41 41.2 40.1 40.4 790 
2008/06/06 40.5 40.7 40 40.2 1100 
2008/06/13 40 40 38 38.35 1155 
2008/06/20 39.2 39.65 34.4 34.5 984 
2008/06/27 34 35.5 33.25 34.3 470 
2008/07/04 34.4 34.8 33.1 33.9 809 
2008/07/11 33.9 34.2 33.2 33.55 599 
2008/07/18 33.8 33.8 31.7 31.7 628 
2008/07/25 32 33.45 32 33 817 
2008/08/01 33 33.25 31.8 31.95 757 
2008/08/08 31.75 33.5 31.75 32 672 
2008/08/15 32.5 34.45 32.5 33.6 1005 
2008/08/22 33.8 33.8 32.1 32.7 502 
2008/08/29 32.9 34.8 32.7 34.4 455 
2008/09/05 34.5 34.5 32 32.5 956 
2008/09/12 33 33.5 32.2 32.6 630 
2008/09/19 32.6 32.6 28.5 30.55 904 
2008/09/26 31 31.5 30.5 31 550 
2008/10/03 29 30.9 29 30.4 277 
2008/10/10 30.2 30.65 28.95 29 438 
2008/10/17 28 29.4 27.1 27.9 419 
2008/10/24 27.8 28.4 26.3 26.3 448 
2008/10/31 26 28.7 24.5 28.7 756 
2008/11/07 29 29.6 27 28.35 2215 
2008/11/14 27.8 28.2 26 26.2 471 
2008/11/21 25.5 27 24.8 27 1457 
2008/11/28 27 27.65 25.6 26.85 994 
2008/12/05 26.95 27.05 26.2 26.2 142 
2008/12/12 26.5 26.5 24.5 25.95 283 
2008/12/19 25.95 26.2 25.5 25.85 118 
2008/12/26 25.85 25.85 24.2 24.3 257 
2009/01/02 24.3 24.95 24 24.95 280 
2009/01/09 24.9 24.9 22.7 23.9 305 
2009/01/16 23.8 24.35 23.15 23.65 185 
2009/01/23 23.55 23.55 21.6 22.25 352 
2009/02/06 21.9 21.9 20.7 21.65 1023 
2009/02/13 22.2 23 21.75 22.9 350 
2009/02/20 22.9 23.5 22.1 22.15 363 
2009/02/27 22.15 22.8 21.7 22.65 247 
2009/03/06 22.5 23.1 22.1 23.05 243 
2009/03/13 23.05 24 22.35 23.9 549 
2009/03/20 24 25.15 23.65 24.8 1295 
2009/03/27 24.8 27.7 24.8 27.4 1743 
2009/04/03 27.15 28.6 27.05 28.1 1021 
2009/04/10 28.1 29.45 28.1 28.8 620 
2009/04/17 29 29 27.5 27.5 868 
2009/04/24 27.8 28.5 27.5 28.35 420 
2009/05/01 28.35 28.9 27.5 28.55 566 
2009/05/08 28.55 29.7 28.2 29.35 774 
2009/05/15 29.5 29.65 28.2 29.05 552 
2009/05/22 28.6 29.35 28.55 29 607 
2009/05/29 29.2 29.55 28.8 29.55 582 
2009/06/05 29.75 29.95 29 29.45 1084 
2009/06/12 30 30.85 28.85 29.5 1357 
2009/06/19 29.5 29.9 29.2 29.7 529 
2009/06/26 29.85 30.5 29.3 30.45 1034 
2009/07/03 30.45 30.5 26.5 27 962 
2009/07/10 27 27.05 26.5 27 436 
2009/07/17 27 27 26.55 26.9 555 
2009/07/24 26.9 26.95 26.65 26.8 475 
2009/07/31 26.75 27.45 26.65 27.45 535 
2009/08/07 27.65 28.5 27 27.3 456 
2009/08/14 27.55 27.7 27 27.2 265 
2009/08/21 27.2 27.45 26.55 26.9 306 
2009/08/28 27 27.35 26.8 26.9 244 
2009/09/04 26.9 27.8 26.9 27.5 497 
2009/09/11 27.5 28.1 27.5 27.75 316 
2009/09/18 27.8 28.3 27.6 28.15 381 
2009/09/25 28.15 28.55 28 28.15 392 
2009/10/02 28.05 28.8 28 28.5 360 
2009/10/09 28.8 29.4 28.35 29.15 301 
2009/10/16 29.3 29.8 28.8 29.45 428 
2009/10/23 29.5 30 29.2 29.9 527 
2009/10/30 30 30.1 28.3 28.75 471 
2009/11/06 28.5 29.3 28.45 29.2 353 
2009/11/13 29.4 31.6 29.1 31.5 779 
2009/11/20 31.6 33.1 30.6 31.05 755 
2009/11/27 31.05 31.9 30.45 30.55 572 
2009/12/04 30.95 32.65 30.8 31.25 884 
2009/12/11 31.3 31.4 30.65 31 488 
2009/12/18 31 32.9 31 32.45 714 
2009/12/25 32.45 32.75 32 32.2 439 
2010/01/01 32.4 33.3 32.2 33.1 441 
2010/01/08 33.1 33.6 32.6 32.8 359 
2010/01/15 32.8 33.25 32.75 33 434 
2010/01/22 33 33.1 32.05 32.45 468 
2010/01/29 32.1 32.45 30.55 31.75 472 
2010/02/05 31.6 31.8 30.2 30.65 538 
2010/02/12 30.65 31.4 30.2 31.2 180 
2010/02/26 31.5 35 31.5 34.5 705 
2010/03/05 34.5 35.1 33.8 34.2 429 
2010/03/12 34.5 35.2 34.3 34.95 412 
2010/03/19 34.95 37.2 34.65 36.8 774 
2010/03/26 36.6 37.05 36.3 36.95 462 
2010/04/02 38.1 40 38 38.5 1647 
2010/04/09 38.5 40.85 38.45 40.3 1713 
2010/04/16 40.9 46.5 40.9 45.75 5137 
2010/04/23 45.6 47.5 42.55 45.75 4887 
2010/04/30 46 47.75 45.1 45.9 3798 
2010/05/07 45.1 46.1 40.6 40.6 2530 
2010/05/14 41 42.9 40.8 42.4 2345 
2010/05/21 42.3 42.3 39.1 39.8 1337 
2010/05/28 39.5 41.2 38 39.35 984 
2010/06/04 39.8 39.9 38.6 39.6 375 
2010/06/11 39 39.65 38.5 39.3 388 
2010/06/18 39.6 40.45 39 39.55 422 
2010/06/25 39.55 41.5 39 41 1929 
2010/07/02 40.9 41.1 38.4 39.25 1288 
2010/07/09 39 40.45 38.5 40.3 1687 
2010/07/16 40.25 42 38.35 38.5 2756 
2010/07/23 38.5 38.7 37 38.7 693 
2010/07/30 38.7 39.3 38.4 38.7 1218 
2010/08/06 38.85 40.8 38.8 40.55 1466 
2010/08/13 40.8 41.8 39.8 41 1338 
2010/08/20 41.35 41.8 40.4 40.8 1447 
2010/08/27 40.8 40.85 39.8 40.4 1209 
2010/09/03 40.5 42.4 39.6 42.15 1406 
2010/09/10 43.2 44.8 42.2 43.05 1951 
2010/09/17 43.05 44.25 43 43.5 1795 
2010/09/24 43.5 44.7 43.3 43.4 822 
2010/10/01 43.75 44.6 43.6 44.3 508 
2010/10/08 44.6 46.8 44.6 45.8 1064 
2010/10/15 46.1 46.25 44.75 45.55 858 
2010/10/22 45.6 45.7 44.7 45.3 607 
2010/10/29 45.5 47 45.35 46.05 854 
2010/11/05 46.6 46.8 45.4 46 911 
2010/11/12 46 48 45.5 47.05 1529 
2010/11/19 47.05 47.5 46.5 47.3 605 
2010/11/26 47.5 47.8 46.9 47.05 825 
2010/12/03 47.55 47.55 46.65 46.95 737 
2010/12/10 47.05 48.65 46.7 47.6 1226 
2010/12/17 47.7 48.6 47.65 48.2 968 
2010/12/24 48.5 49.95 48.5 49 1433 
2010/12/31 49 49.2 47.4 47.7 1470 
2011/01/07 47.8 48.4 47.65 47.75 571 
2011/01/14 47.9 48.2 47.65 47.85 455 
2011/01/21 47.8 47.8 46.8 47.25 893 
2011/01/28 47.2 47.95 47.2 47.6 493 
2011/02/11 47.6 48 47.2 47.6 599 
2011/02/18 47.7 48 47.15 47.9 489 
2011/02/25 48 50 47.45 48.7 1577 
2011/03/04 48.7 48.9 48 48.8 725 
2011/03/11 50.2 51.4 48.5 48.7 2313 
2011/03/18 48.4 48.8 47 48 921 
2011/03/25 50 50.5 49.1 49.45 1138 
2011/04/01 50 50.2 49.5 50.1 747 
2011/04/08 50.4 50.4 49.75 49.9 391 
2011/04/15 50.4 53.8 49.85 52.9 2177 
2011/04/22 53 55 52.8 53 1707 
2011/04/29 53 54.5 52.8 53.4 1448 
2011/05/06 53.1 53.3 50.8 53.1 1078 
2011/05/13 53.1 53.5 50.9 51.1 1116 
2011/05/20 51 52.1 50.9 51.2 433 
2011/05/27 51.2 51.8 51 51.4 426 
2011/06/03 51.4 53.2 51.4 52.9 619 
2011/06/10 53.2 53.6 52.3 52.3 827 
2011/06/17 52.1 55.7 51.9 53.5 2482 
2011/06/24 54.5 54.8 52.1 54 1389 
2011/07/01 54 57.9 53.5 57 2404 
2011/07/08 57.5 57.5 54.1 55 2714 
2011/07/15 56.1 60 55.6 59.3 4812 
2011/07/22 59.9 61 58.8 59.7 3090 
2011/07/29 59.7 60 57.5 58.9 1926 
2011/08/05 60 62 54.8 55.5 3643 
2011/08/12 55.3 60.1 50.2 58.3 4425 
2011/08/19 59 61.8 55 55 4073 
2011/08/26 55 58.4 55 55.5 1602 
2011/09/02 55.8 57.1 52.6 53.4 2418 
2011/09/09 52.5 53.7 52 53.5 853 
2011/09/16 53 53.2 51.3 51.7 902 
2011/09/23 50.6 52 45.1 46.3 1945 
2011/09/30 46 46 44 45.5 1239 
2011/10/07 45.4 45.5 44 45.5 745 
2011/10/14 46.5 50 46.5 49.6 815 
2011/10/21 50 50 48 49.8 421 
2011/10/28 49.5 50.9 48.8 49 478 
2011/11/04 49 50.3 48.55 49.9 378 
2011/11/11 49.9 51.5 49.1 49.5 548 
2011/11/18 49.75 50 47.6 48 377 
2011/11/25 47.8 47.8 44.5 45.9 859 
2011/12/02 46.4 47 45.25 45.9 352 
2011/12/09 46 46.75 45.5 45.5 227 
2011/12/16 46.1 46.95 45.3 45.9 177 
2011/12/23 45.55 48 45 46.8 311 
2011/12/30 46.5 48.5 46.1 48.5 507 
2012/01/06 48.5 48.5 46.8 46.9 219 
2012/01/13 46.75 47.8 46.7 47.3 223 
2012/01/20 48 49.2 47.3 48.15 1558 
2012/02/03 48.7 52.2 48.7 51.8 2120 
2012/02/10 51.8 51.9 50.6 51.2 713 
2012/02/17 51.2 55.5 51.2 54.9 1398 
2012/02/24 55 55 52.3 52.4 960 
2012/03/02 53 54.5 52.8 53.8 618 
2012/03/09 53.9 54.5 51.4 53.7 883 
2012/03/16 53.7 54.3 53.1 53.8 486 
2012/03/23 54 57.2 54 54.8 1245 
2012/03/30 55.3 57.2 54.1 55 898 
2012/04/06 55 55.3 51.8 53.7 459 
2012/04/13 53.2 53.9 52.4 53.9 363 
2012/04/20 52.9 53.6 52.5 52.5 262 
2012/04/27 52.2 52.2 50.2 50.7 689 
2012/05/04 50 51.6 49.1 51.1 1034 
2012/05/11 50.7 51 50 50.6 373 
2012/05/18 50.5 51 50.1 50.2 354 
2012/05/25 50.2 51 50.2 50.6 250 
2012/06/01 50.7 51.5 50.4 50.5 368 
2012/06/08 50.3 50.5 49 49.1 1206 
2012/06/15 49.95 50.2 48.9 49.9 1544 
2012/06/22 50 51.3 50 51 235 
2012/06/29 50.9 51.8 50.8 51.7 434 
2012/07/06 52.2 53 49.2 49.25 1840 
2012/07/13 49.3 49.55 47.1 47.75 723 
2012/07/20 48.5 48.5 47.45 47.5 230 
2012/07/27 47.5 47.9 47.2 47.8 221 
2012/08/03 48.8 49 48.2 48.75 320 
2012/08/10 48.5 48.9 48.35 48.5 339 
2012/08/17 48.5 48.5 47.45 47.8 728 
2012/08/24 47.9 48.4 47.5 48 271 
2012/08/31 48.15 48.9 47.5 48 823 
2012/09/07 48.2 48.4 48 48.15 291 
2012/09/14 48.2 48.2 47 48.1 652 
2012/09/21 48.1 48.3 47.5 48 332 
2012/09/28 48 48.2 47.7 48.15 148 
2012/10/05 48.25 49.4 48.15 49.2 702 
2012/10/12 49.2 49.2 47.8 48.25 342 
2012/10/19 48.25 48.25 47.5 47.6 201 
2012/10/26 47.3 48 46.95 46.95 231 
2012/11/02 46.9 47.9 46.6 47.75 276 
2012/11/09 47.7 48.3 47.4 48.3 175 
2012/11/16 48.3 48.3 47.3 47.6 164 
2012/11/23 47.6 48 47.1 47.65 129 
2012/11/30 47.8 48 47.55 47.8 195 
2012/12/07 47.8 48.4 47.8 48.2 233 
2012/12/14 48.2 48.65 48 48.5 267 
2012/12/21 48.5 48.55 48.1 48.2 170 
2012/12/28 48.5 49 48.1 48.75 194 
2013/01/04 48.75 49.8 48.75 49.5 195 
2013/01/11 49.7 50.1 49.3 50.1 349 
2013/01/18 50.1 50.5 49.9 50 468 
2013/01/25 50 50.6 50 50.5 326 
2013/02/01 50.5 50.9 50.2 50.7 644 
2013/02/08 50.7 51.5 50.5 50.7 294 
2013/02/22 50.7 52.5 50.7 52.2 553 
2013/03/01 52.2 52.6 51 52.3 506 
2013/03/08 52.3 52.8 52 52.4 595 
2013/03/15 52.1 52.6 51.8 52.5 444 
2013/03/22 52.2 52.2 50.8 52 344 
2013/03/29 52 53.9 52 53.9 559 
2013/04/05 54 55 54 54.6 376 
2013/04/12 54.4 55 53.4 54.7 305 
2013/04/19 54.5 55.2 53.3 54.9 487 
2013/04/26 55.5 58 52.5 52.5 748 
2013/05/03 54.2 55.5 54.1 54.4 365 
2013/05/10 54.6 59 54.4 57.9 1084 
2013/05/17 58.8 66.3 58 63.3 3713 
2013/05/24 63 66.2 61.3 61.5 2027 
2013/05/31 61.5 63.9 61.5 63 639 
2013/06/07 62.6 62.8 60.8 61.1 926 
2013/06/14 61.1 61.7 60 60.6 514 
2013/06/21 60.6 62.7 59.7 60.2 1037 
2013/06/28 60.2 62.9 60.2 61.9 461 
2013/07/05 62.3 65 62 63.8 819 
2013/07/12 64 66.2 62.1 65.6 1559 
2013/07/19 66.1 67 63.5 64.6 2282 
2013/07/26 64 74.8 64 71.5 4918 
2013/08/02 71.4 73.5 70 71.5 2479 
2013/08/09 71.5 75.7 70.8 73.5 2370 
2013/08/16 74.4 80.4 71.2 79.3 4258 
2013/08/23 79.3 79.3 73 77 3035 
2013/08/30 77.9 79.4 74 76.6 1673 
2013/09/06 77.3 80.2 75.5 78.7 2260 
2013/09/13 78.7 82 77.5 78.5 1559 
2013/09/20 78.5 79.5 76.1 76.3 749 
2013/09/27 76.1 77.6 75.2 75.7 806 
2013/10/04 75 75.7 74.1 74.7 882 
2013/10/11 74.9 75.3 71.5 71.6 737 
2013/10/18 70.2 76.6 69 75.5 1857 
2013/10/25 75.6 75.9 73.6 74.1 446 
2013/11/01 74.2 76.4 73.6 75.1 567 
2013/11/08 74.5 75.5 71.5 75 992 
2013/11/15 75.4 77.4 74.3 76 765 
2013/11/22 76.8 80 76 78 1152 
2013/11/29 78 80.6 76.6 80 1141 
2013/12/06 82 90 79.4 87.5 2564 
2013/12/13 90 90 84.6 86.2 1058 
2013/12/20 87 90.2 86 88.7 981 
2013/12/27 89.4 94 88.3 91 1237 
2014/01/03 90.8 95.7 89.5 93.6 1128 
2014/01/10 93.9 94 90.3 91.6 1112 
2014/01/17 90.8 91.5 87.8 88.3 969 
2014/01/24 88.3 88.9 85.6 88.4 1682 
2014/01/31 87.3 88.2 87 88.2 180 
2014/02/07 87.5 89.5 87.3 88.5 409 
2014/02/14 89.5 108.5 88.2 105 3995 
2014/02/21 106.5 116.5 101.5 111.5 3765 
2014/02/28 111 119 107.5 119 3665 
2014/03/07 119 138.5 119 132.5 5533 
2014/03/14 132.5 144 125 135 4161 
2014/03/21 133 137 125.5 133.5 2448 
2014/03/28 128.5 140 128.5 135 2154 
2014/04/04 134 148.5 132 148.5 1952 
2014/04/11 152 152 133 136 2268 
2014/04/18 133.5 142.5 126.5 141.5 2470 
2014/04/25 140 149.5 136.5 138 2489 
2014/05/02 133.5 140 129 136 1394 
2014/05/09 138 144 135 141.5 1432 
2014/05/16 141 142.5 128 131.5 1185 
2014/05/23 132 139.5 131.5 138.5 1002 
2014/05/30 139.5 148 138 142 1798 
2014/06/06 142 142 138.5 140 455 
2014/06/13 140.5 142 135 138 1284 
2014/06/20 137.5 138.5 130 132 1227 
2014/06/27 132 135.5 125.5 129.5 1054 
2014/07/04 131 134.5 128.5 131.5 891 
2014/07/11 131 134.5 127 127.5 1387 
2014/07/18 127.5 128.5 110.5 113 2157 
2014/07/25 113.5 124 113 123 876 
2014/08/01 123 127 121.5 125.5 856 
2014/08/08 124 126 116.5 116.5 1111 
2014/08/15 120.5 126 117.5 121.5 594 
2014/08/22 121.5 123.5 118 122.5 431 
2014/08/29 122.5 124.5 121.5 124.5 308 
2014/09/05 125 126.5 120 123.5 560 
2014/09/12 124.5 124.5 116 117 316 
2014/09/19 115 116.5 112.5 115 462 
2014/09/26 115 119 114.5 118.5 369 
2014/10/03 117.5 120 117.5 120 229 
2014/10/10 120 125 119 124 488 
2014/10/17 123.5 123.5 111.5 119 779 
2014/10/24 119.5 119.5 99.1 99.1 1248 
2014/10/31 97 105 92.6 105 1374 
2014/11/07 105 110.5 105 106.5 436 
2014/11/14 107 108 105.5 106 247 
2014/11/21 108 110 105.5 108.5 269 
2014/11/28 108.5 111.5 105 106 296 
2014/12/05 102 107 102 103 542 
2014/12/12 103 104.5 99 100 615 
2014/12/19 99.8 100 95.5 98 605 
2014/12/26 97.5 105.5 96.6 101 960 
2015/01/02 101 102 99.5 100 233 
2015/01/09 99.4 101 98.3 100 572 
2015/01/16 100 101 99 99.5 374 
2015/01/23 99.6 102 99.1 102 407 
2015/01/30 101.5 102 99.9 100 467 
2015/02/06 100 101 99.8 99.9 419 
2015/02/13 99.9 100.5 98.5 99 740 
2015/02/27 99.1 107 99.1 107 845 
2015/03/06 111 113 103 109 3168 
2015/03/13 109 118 107.5 114 2465 
2015/03/20 114 117.5 109 112.5 1358 
2015/03/27 112 112 100 103.5 2595 
2015/04/03 103.5 106.5 100.5 106.5 848 
2015/04/10 108 122 106 117 4169 
2015/04/17 117 118.5 113.5 117 1876 
2015/04/24 116.5 116.5 107 113.5 948 
2015/05/01 113 115 109.5 112 656 
2015/05/08 112 112 102 102.5 701 
2015/05/15 102.5 109 98.6 107 822 
2015/05/22 105 105 101.5 102 471 
2015/05/29 102.5 106 100 105.5 928 
2015/06/05 105.5 105.5 94 96.2 1072 
2015/06/12 96.2 96.5 91.4 96 803 
2015/06/19 95.5 96.3 93.2 96 356 
2015/06/26 96.9 96.9 90 92 898 
2015/07/03 91.2 94.9 90 92.7 415 
2015/07/10 91.5 92 87.2 91 752 
2015/07/17 92 93.1 89 92.8 1279 
2015/07/24 93 94 83.3 83.5 490 
2015/07/31 80.6 82 66.5 68.8 2946 
2015/08/07 68.8 74.2 67 72.3 764 
2015/08/14 72.4 75 70.7 74.6 485 
2015/08/21 74.6 76.4 71 71.2 414 
2015/08/28 70.3 72.8 65 71.4 592 
2015/09/04 71.4 71.9 70 70.5 360 
2015/09/11 70.3 72.6 70.1 72.1 485 
2015/09/18 73.3 76 72.1 76 769 
2015/09/25 75.6 83.5 73.8 76.3 994 
2015/10/02 74.3 76.9 74.3 76.9 146 
2015/10/09 76.9 79.7 76.9 77.3 324 
2015/10/16 78.3 78.3 74.8 76.2 231 
2015/10/23 76.5 76.5 75.2 75.2 285 
2015/10/30 75.4 76.3 72.5 73 384 
2015/11/06 73 77.8 73 76.2 560 
2015/11/13 75.2 75.2 72 72.8 430 
2015/11/20 72 73.5 71.6 72.6 351 
2015/11/27 72.7 73.6 70.7 71.5 534 
2015/12/04 71.5 72.1 69.8 71.1 714 
2015/12/11 71.2 72 70 70.3 324 
2015/12/18 70.3 71.8 69.5 70.7 349 
2015/12/25 71.4 71.5 70.4 70.5 171 
2016/01/01 71.2 71.9 70.6 70.7 209 
2016/01/08 71.2 73 70.1 72.5 480 
2016/01/15 72.5 72.5 69.7 70.9 504 
2016/01/22 70.9 76.9 70 75.1 1059 
2016/01/29 76.3 82.5 75.3 81.9 2349 
2016/02/05 82.8 86.5 82.8 86.3 1256 
2016/02/19 85 91 84.9 90.1 1422 
2016/02/26 90.3 90.5 86.4 88.4 1475 
2016/03/04 88.4 89.3 86.5 88.8 838 
2016/03/11 88.8 89.8 87.1 89.4 706 
2016/03/18 89.4 93.5 86.2 88.8 1015 
2016/03/25 89.3 89.9 86.2 87.6 487 
2016/04/01 87.6 87.6 80 81.6 746 
2016/04/08 81.3 83 79.6 81.4 225 
2016/04/15 81.4 82.7 79 79.6 446 
2016/04/22 79.7 82 78.8 79 283 
2016/04/29 79.2 80 75 75.1 456 
2016/05/06 75.1 76.1 73.5 75.2 348 
2016/05/13 75.7 77 74 74.1 357 
2016/05/20 74 76.7 73.4 74.8 200 
2016/05/27 74.8 80 74.5 77.8 296 
2016/06/03 77.8 79.5 77 79 258 
2016/06/10 79 79.7 78.6 79.7 94 
2016/06/17 79.7 81.4 78.8 79.5 283 
2016/06/24 79.5 81.9 79.5 79.6 353 
2016/07/01 79.1 83 79.1 81 422 
2016/07/08 81 83.7 81 83.4 415 
2016/07/15 83.5 88.8 83.5 86.9 692 
2016/07/22 86.8 88.6 85.6 88.4 732 
2016/07/29 88.8 89.4 83.1 85 748 
2016/08/05 85 86.4 83 84.1 246 
2016/08/12 84.5 85.9 83 84 348 
2016/08/19 84.8 85.3 83.4 84.6 197 
2016/08/26 84.6 85 83.7 84.9 152 
2016/09/02 84.9 85 83.5 83.6 137 
2016/09/09 83.9 89 83.9 87.9 677 
2016/09/16 87.2 88.3 86.1 86.6 163 
2016/09/23 86.6 87.3 85.1 86.6 250 
2016/09/30 86 86.6 85.1 85.3 72 
2016/10/07 85.9 86.9 84.6 85.3 152 
2016/10/14 86 86 83.5 83.5 286 
2016/10/21 84 85.4 82.6 84 258 
2016/10/28 84 84 82.5 82.8 172 
2016/11/04 82.6 83 81 81.1 131 
2016/11/11 82.5 82.8 79.6 82.7 130 
2016/11/18 82.4 82.5 80.6 81.5 132 
2016/11/25 81.5 82.5 81 81.1 98 
2016/12/02 81.1 85 81 82.6 76 
2016/12/09 82.6 84.5 82.5 83.8 195 
2016/12/16 84 84.7 83.9 84.7 208 
2016/12/23 84.5 84.6 81 83.5 115 
2016/12/30 83.5 84.5 82.6 84.3 74 
2017/01/06 84.1 84.1 81.9 83.4 213 
2017/01/13 83.4 84.5 82.8 83.1 209 
2017/01/20 83.1 83.1 81.1 81.9 148 
2017/01/27 81.9 82.1 81.5 82 51 
2017/02/03 82 82.4 81.4 82 98 
2017/02/10 82 82.3 80.3 80.5 351 
2017/02/17 80.3 81.5 78.8 81.5 769 
2017/02/24 81.5 81.5 79.5 79.5 212 
2017/03/03 80 80.5 79.2 79.5 172 
2017/03/10 79.4 82 79.2 80.2 154 
2017/03/17 80.4 81.3 80 81.3 209 
2017/03/24 81.7 81.7 79.9 80 262 
2017/03/31 79.9 80.7 79 80.5 248 
2017/04/07 80.5 80.7 80 80 36 
2017/04/14 80.5 84.4 79 81.5 446 
2017/04/21 82 82.4 81.6 82 77 
2017/04/28 83 83.1 82 82.1 18 
2017/05/05 82.2 82.8 82.2 82.8 15 
2017/05/12 82 82.1 79 81 271 
2017/05/19 80.6 81.5 79.8 80.6 142 
2017/05/26 80.6 81.6 80.2 81.2 155 
2017/06/02 81.2 81.5 80.6 80.9 33 
2017/06/09 81 82.4 81 82.1 128 
2017/06/16 81.3 81.3 80.3 80.7 286 
2017/06/23 80.8 82.2 80.8 82 409 
2017/06/30 81.8 82.1 81 81.2 434 
2017/07/07 81.4 82.4 81.4 82.4 93 
2017/07/14 83.2 83.3 82 82.8 230 
2017/07/21 82.4 82.8 82.2 82.4 373 
2017/07/28 80.2 80.8 80.2 80.2 97 
2017/08/04 82.5 84.5 82.3 83 401 
2017/08/11 83.5 83.5 82 82.5 149 
2017/08/18 82.5 82.5 81.2 81.3 78 
2017/08/25 82.5 82.5 81.6 81.6 22 
2017/09/01 83 83 82.2 82.3 36 
2017/09/08 82.5 82.5 81.5 81.5 95 
2017/09/15 81.2 81.3 81.1 81.1 22 
2017/09/22 81.7 81.9 81.6 81.7 9 
2017/09/29 81.6 81.9 81 81.5 54 
2017/10/06 82.5 83.2 82.5 82.7 54 
2017/10/13 82.2 82.2 81.9 82 19 
2017/10/20 86.9 90.2 86.9 89 440 
2017/10/27 85.8 85.8 83.3 83.7 227 
2017/11/03 84 86 83.3 86 284 
2017/11/10 86 88.6 85.5 87 396 
2017/11/17 89 90.5 88.5 88.8 318 
2017/11/24 89.7 89.7 88.8 89.1 62 
2017/12/01 93 93 89.3 90.4 272 
2017/12/08 92.1 92.1 88 89.5 219 
2017/12/15 88 89.8 87.7 89.1 170 
2017/12/22 88.6 91.7 88.6 90.4 289 
2017/12/29 90.5 90.5 88.2 90 246 
2018/01/05 90 91 89.8 90.8 299 
2018/01/12 91.3 93.8 91.1 93.4 494 
2018/01/19 93.8 94 91.4 91.7 386 
2018/01/26 92 93 91.2 91.2 313 
2018/02/02 92 92 90.7 91.5 149 
2018/02/09 91.5 91.6 85.6 90.4 550 
2018/02/16 91.5 91.5 89.8 90.3 68 
2018/02/23 90.5 94.8 90.5 94.3 344 
2018/03/02 94.7 94.7 91.6 91.7 291 
2018/03/09 92 93.1 90.5 91 317 
2018/03/16 91 91.9 89.6 90.5 322 
2018/03/23 90.5 90.8 88.6 88.6 341 
2018/03/30 88.6 89.9 88.6 89 222 
2018/04/06 89.5 89.5 88 89 54 
2018/04/13 89 89 87.6 87.9 173 
2018/04/20 87.9 88 86.5 86.9 215 
2018/04/27 88.5 88.5 85.9 86.7 236 
2018/05/04 86.6 87.2 85.7 85.7 96 
2018/05/11 86.2 87 85 85.7 138 
2018/05/18 86 86.6 85 85.2 229 
2018/05/25 85.2 86 85 85.5 141 
2018/06/01 85.6 85.7 84.2 85.2 123 
2018/06/08 85.5 87.7 85.5 86.6 130 
2018/06/15 86.6 87 85.5 85.5 129 
2018/06/22 85.5 87.9 85.5 86.5 258 
2018/06/29 86.8 88.5 85.5 87.9 95 
2018/07/06 87.9 88 85.7 86.9 118 
2018/07/13 87.1 87.5 86.5 87.4 118 
2018/07/20 87.5 88.8 85.3 86.3 314 
2018/07/27 86.3 86.3 85 85.3 80 
2018/08/03 84.8 85.5 82.8 83.2 99 
2018/08/10 83 85 82 83.5 213 
2018/08/17 83 84.2 82 82.2 110 
2018/08/24 82.3 84.6 82.1 82.2 191 
2018/08/31 82.2 82.3 81.5 81.5 109 
2018/09/07 81.4 81.4 79 79.4 733 
2018/09/14 79.6 80 76 77 570 
2018/09/21 78 79.7 76.1 79.1 190 
2018/09/28 79.5 80.2 78.5 79.2 81 
2018/10/05 78.2 80 76.9 77 157 
2018/10/12 76.5 76.7 72.3 74 377 
2018/10/19 74 74.1 71.5 72.4 230 
2018/10/26 72.4 73 71 71.5 143 
2018/11/02 71.5 73 71.3 72.3 210 
2018/11/09 72.5 72.5 70.5 70.9 320 
2018/11/16 70.8 70.9 69.5 69.5 460 
2018/11/23 69.9 70.5 69.3 69.5 228 
2018/11/30 70 70.3 69.2 70 288 
2018/12/07 70.5 71.6 69.5 70 345 
2018/12/14 69.5 69.7 67 67.8 661 
2018/12/21 67.9 69 65 68.5 1103 
2018/12/28 68.6 68.7 67.5 67.6 208 
2019/01/04 68 72.9 67.8 72.5 779 
2019/01/11 72.9 74 69.7 70 758 
2019/01/18 70 71.3 69 71 408 
2019/01/25 71 71.1 69.8 70.4 228 
2019/02/01 70.4 70.4 70 70.4 162 
2019/02/15 70.5 71.9 70.3 70.7 326 
2019/02/22 72 72 70.3 71 499 
2019/03/01 71.2 72.9 71 71.6 390 
2019/03/08 72.1 72.3 71.5 71.5 237 
