2018/06/29 31 36.2 30.4 35.55 17709 
2018/07/06 36 37.25 33.35 34.9 21191 
2018/07/13 34.85 35.2 32.7 34.55 6776 
2018/07/20 34.65 35.55 31.3 31.3 7042 
2018/07/27 33.1 38.2 32.4 35.7 30079 
2018/08/03 35.5 35.5 32.1 32.65 5896 
2018/08/10 32.65 33.35 32.15 32.2 2447 
2018/08/17 31 32.15 30.1 30.4 3386 
2018/08/24 30.3 30.4 28.5 28.8 1997 
2018/08/31 28.65 29.3 28.65 29 804 
2018/09/07 29 29.8 25.55 26.1 1469 
2018/09/14 26.55 26.55 24.2 25.65 1351 
2018/09/21 25.9 26.3 25 25.2 690 
2018/09/28 25.2 25.4 24 24 1107 
2018/10/05 24 24 20.15 20.35 3499 
2018/10/12 20.7 20.7 17.9 18.85 1952 
2018/10/19 18.85 19.4 18.1 18.2 694 
2018/10/26 18.15 18.5 16.05 16.15 1487 
2018/11/02 16.6 18.5 15.7 18.2 2111 
2018/11/09 17.6 18 17.3 17.45 696 
2018/11/16 17.25 17.85 16.8 17.7 391 
