2018/10/19 36.9 38.6 35.85 36.55 10192 
2018/10/26 36 40.2 35.7 37.05 16414 
2018/11/02 37 40.85 35.1 40.1 12944 
2018/11/09 39.3 39.95 36.65 36.95 4614 
2018/11/16 36 37.4 35.1 35.8 2717 
2018/11/23 35.8 39.8 33.85 37.6 8733 
2018/11/30 37.8 40.9 36.75 39.35 8130 
2018/12/07 40.2 42.3 36 36.8 9234 
2018/12/14 36.65 38.5 36.35 36.95 2386 
2018/12/21 36.95 39 36.1 37.95 5108 
2018/12/28 38.3 38.35 36.3 36.9 2281 
2019/01/04 37.5 37.7 36 36.5 1020 
2019/01/11 37 38.5 36.4 38.4 2568 
2019/01/18 38.2 38.35 37.35 37.5 1689 
