2017/06/12 9 9.3 8.98 9.19 5256 0 0 7439 0 0 7439 0 0 0 
2017/06/13 9.21 9.24 9.19 9.2 4093 0 0 7390 0 0 7390 0 0 0 
2017/06/14 9.2 9.21 9.01 9.1 2831 0 0 7391 0 0 7391 0 0 0 
2017/06/15 9.1 9.14 9.06 9.11 1309 0 0 7461 0 0 7461 0 0 0 
2017/06/16 9.11 9.11 9.07 9.08 1052 0 0 7515 0 17 7532 0 0 0 
2017/06/19 8.93 9.08 8.93 9.02 1809 0 0 7647 0 117 7764 0 0 0 
2017/06/20 9.03 9.04 9.01 9.02 1711 0 0 7724 0 117 7841 0 0 0 
2017/06/21 9.02 9.05 9 9.04 1007 0 0 7893 0 165 8058 0 0 0 
2017/06/22 9.06 9.07 9.02 9.04 1317 0 0 8016 0 165 8181 0 0 0 
2017/06/23 9.04 9.07 9.03 9.03 804 0 0 8022 0 165 8187 0 0 0 
2017/06/26 9.03 9.1 9.03 9.08 1469 0 0 8279 0 165 8444 0 0 0 
2017/06/27 9.12 9.12 9.07 9.08 1513 0 0 8265 0 165 8430 0 0 0 
2017/06/28 9.08 9.08 9.04 9.06 1163 0 0 8270 0 165 8435 0 0 0 
2017/06/29 9.08 9.11 9.07 9.09 1206 0 0 8366 0 15 8381 0 0 0 
2017/06/30 9.1 9.3 9.1 9.28 3836 0 0 8404 0 0 8404 0 0 0 
2017/07/03 9.29 9.29 9.24 9.26 2700 0 0 8506 0 0 8506 0 0 0 
2017/07/04 9.27 9.29 9.25 9.25 2465 0 0 8567 0 0 8567 0 0 0 
2017/07/05 9.26 9.28 9.25 9.26 2398 0 0 8824 0 0 8824 0 0 0 
2017/07/06 9.26 9.27 9.24 9.26 1869 0 0 9026 0 0 9026 0 0 0 
2017/07/07 9.25 9.26 9.22 9.22 1696 0 0 9172 0 0 9172 0 0 0 
2017/07/10 9.26 9.27 9.22 9.24 1527 0 0 9507 0 0 9507 0 0 0 
2017/07/11 9.27 9.34 9.25 9.32 3590 0 0 10238 0 59 10297 0 0 0 
2017/07/12 9.37 9.41 9.34 9.4 3444 0 0 10411 0 57 10468 0 0 0 
2017/07/13 9.41 9.57 9.41 9.53 7182 0 0 11029 0 107 11136 0 0 0 
2017/07/14 9.57 9.57 9.43 9.48 8449 0 0 10924 0 480 11404 0 0 0 
2017/07/17 9.11 9.18 9.06 9.12 5579 0 0 11007 18 222 11246 0 0 0 
2017/07/18 9.13 9.18 9.1 9.12 1817 0 0 11084 18 222 11323 0 0 0 
2017/07/19 9.12 9.15 9.09 9.11 2044 0 0 11002 18 222 11241 0 0 0 
2017/07/20 9.13 9.13 9.1 9.11 1646 0 0 11101 18 222 11340 0 0 0 
2017/07/21 9.12 9.12 9.09 9.1 1593 0 0 11184 18 222 11423 0 0 0 
2017/07/24 9.1 9.12 9.06 9.08 1788 0 0 11151 18 122 11290 0 0 0 
2017/07/25 9.07 9.08 9.04 9.05 913 0 0 11129 18 122 11268 0 0 0 
2017/07/26 9.05 9.07 9.05 9.05 1053 0 0 11063 18 69 11149 0 0 0 
2017/07/27 9.05 9.06 9.03 9.05 770 0 0 11062 18 69 11148 0 0 0 
2017/07/28 9.06 9.06 9.03 9.04 803 0 0 11065 18 69 11151 0 0 0 
2017/07/31 9.04 9.05 9.02 9.02 819 0 0 11023 18 69 11109 0 0 0 
2017/08/01 9.1 9.1 9.02 9.03 920 0 0 11005 18 69 11091 0 0 0 
2017/08/02 9.03 9.03 9.01 9.03 966 0 0 11108 18 67 11192 0 0 0 
2017/08/03 9.03 9.03 9 9.02 1267 0 0 10936 18 62 11015 0 0 0 
2017/08/04 9.02 9.02 9 9 1091 0 0 11059 18 62 11138 0 0 0 
2017/08/07 9 9.02 8.97 8.98 1675 0 0 11081 18 62 11160 0 0 0 
2017/08/08 8.98 9 8.94 8.95 1331 0 0 11077 18 62 11156 0 0 0 
2017/08/09 8.95 8.95 8.87 8.88 1384 0 0 10981 18 37 11035 0 0 0 
2017/08/10 8.88 8.88 8.79 8.83 1428 0 0 10799 18 37 10853 0 0 0 
2017/08/11 8.83 9 8.8 9 1134 0 0 10913 18 37 10967 0 0 0 
2017/08/14 9 9 8.89 8.89 1037 0 0 10598 18 37 10652 0 0 0 
2017/08/15 8.97 9 8.91 8.95 500 0 0 10490 18 37 10544 0 0 0 
2017/08/16 8.9 8.96 8.89 8.92 736 0 0 10299 18 26 10342 0 0 0 
2017/08/17 8.95 8.97 8.92 8.93 378 0 0 10236 18 26 10279 0 0 0 
2017/08/18 8.95 8.95 8.88 8.92 760 0 0 9998 18 26 10041 0 0 0 
2017/08/21 8.92 8.94 8.9 8.94 592 0 0 10139 18 26 10182 0 0 0 
2017/08/22 8.94 8.99 8.91 8.99 643 0 0 10050 18 26 10093 0 0 0 
2017/08/23 9 9.02 8.94 8.95 590 0 0 9955 18 26 9998 0 0 0 
2017/08/24 8.95 8.98 8.92 8.94 473 0 0 9844 18 5 9866 0 0 0 
2017/08/25 8.94 8.94 8.92 8.94 560 0 0 9713 18 5 9735 0 0 0 
2017/08/28 8.95 8.96 8.9 8.93 977 0 0 9712 18 5 9734 0 0 0 
2017/08/29 8.93 8.94 8.9 8.93 685 0 0 9708 18 5 9730 0 0 0 
2017/08/30 8.93 8.94 8.91 8.91 561 0 0 9599 18 5 9621 0 0 0 
2017/08/31 8.92 8.92 8.9 8.92 595 0 0 9543 18 5 9565 0 0 0 
2017/09/01 8.92 8.92 8.9 8.91 584 0 0 9533 18 5 9555 0 0 0 
2017/09/04 8.92 8.92 8.9 8.91 832 0 0 9443 18 5 9465 0 0 0 
2017/09/05 8.91 8.92 8.88 8.91 1021 0 0 9389 18 5 9411 0 0 0 
2017/09/06 8.91 8.91 8.88 8.9 554 0 0 9322 18 5 9344 0 0 0 
2017/09/07 8.91 8.91 8.88 8.89 908 0 0 9323 18 5 9346 0 0 0 
2017/09/08 8.89 8.91 8.89 8.91 665 0 0 9293 18 5 9316 0 0 0 
2017/09/11 8.91 8.91 8.85 8.87 850 0 0 9250 18 5 9273 0 0 0 
2017/09/12 8.88 8.9 8.88 8.89 717 0 0 9276 18 5 9299 0 0 0 
2017/09/13 8.9 8.92 8.87 8.9 569 0 0 9308 18 5 9331 0 0 0 
2017/09/14 8.9 8.9 8.88 8.9 385 0 0 9271 18 5 9294 0 0 0 
2017/09/15 8.9 8.9 8.87 8.9 624 0 0 9230 18 5 9253 0 0 0 
2017/09/18 8.88 8.89 8.85 8.88 615 0 0 9178 18 5 9201 0 0 0 
2017/09/19 8.88 8.88 8.85 8.86 613 0 0 9156 18 5 9179 0 0 0 
2017/09/20 8.86 8.86 8.83 8.86 528 0 0 9038 18 5 9060 0 0 0 
2017/09/21 8.85 8.85 8.83 8.83 655 0 0 9018 18 5 9040 0 0 0 
2017/09/22 8.83 8.85 8.81 8.81 473 0 0 8962 18 5 8984 0 0 0 
2017/09/25 8.82 8.83 8.78 8.8 601 0 0 9043 18 5 9065 0 0 0 
2017/09/26 8.8 8.8 8.73 8.75 576 0 0 9020 18 5 9042 0 0 0 
2017/09/27 8.75 8.75 8.69 8.73 809 0 0 9018 18 5 9040 0 0 0 
2017/09/28 8.71 8.71 8.67 8.71 367 0 0 8986 18 7 9010 0 0 0 
2017/09/29 8.71 8.71 8.64 8.65 645 0 0 8973 18 7 8997 0 0 0 
2017/09/30 8.64 8.7 8.64 8.68 253 0 0 8973 118 7 9098 0 0 0 
2017/10/02 8.68 8.7 8.67 8.7 331 0 0 8973 118 7 9098 0 0 0 
2017/10/03 8.7 8.7 8.65 8.7 368 0 0 8860 125 7 8991 0 0 0 
2017/10/05 8.7 8.84 8.67 8.8 716 0 0 9043 125 7 9174 0 0 0 
2017/10/06 8.78 8.89 8.77 8.85 627 0 0 9155 125 5 9284 0 0 0 
2017/10/11 8.85 8.85 8.81 8.83 401 0 0 9199 125 5 9328 0 0 0 
2017/10/12 8.83 8.87 8.81 8.81 310 0 0 9177 125 5 9306 0 0 0 
2017/10/13 8.81 8.88 8.8 8.83 480 0 0 9269 125 5 9398 0 0 0 
2017/10/16 8.83 8.85 8.81 8.81 299 0 0 9200 125 5 9329 0 0 0 
2017/10/17 8.82 8.85 8.81 8.84 284 0 0 9241 125 5 9370 0 0 0 
2017/10/18 8.84 8.84 8.76 8.79 501 0 0 9233 125 5 9362 0 0 0 
2017/10/19 8.79 8.82 8.79 8.8 481 0 0 9240 125 5 9369 0 0 0 
2017/10/20 8.8 8.83 8.79 8.83 170 0 0 9254 125 5 9383 0 0 0 
2017/10/23 8.84 8.87 8.81 8.83 322 0 0 9265 125 5 9394 0 0 0 
2017/10/24 8.83 8.83 8.79 8.81 157 0 0 9262 125 5 9391 0 0 0 
2017/10/25 8.81 8.83 8.8 8.83 338 0 0 9264 125 5 9393 0 0 0 
2017/10/26 8.83 8.83 8.8 8.81 232 0 0 9263 125 5 9392 0 0 0 
2017/10/27 8.8 8.85 8.8 8.82 501 0 0 9257 125 5 9386 0 0 0 
2017/10/30 8.86 8.86 8.8 8.8 327 0 0 9254 125 5 9383 0 0 0 
2017/10/31 8.8 8.83 8.8 8.81 222 0 0 9246 125 5 9375 0 0 0 
2017/11/01 8.82 8.82 8.79 8.82 544 0 0 9255 125 5 9384 0 0 0 
2017/11/02 8.82 8.82 8.8 8.81 261 0 0 9264 125 5 9393 0 0 0 
2017/11/03 8.81 8.82 8.79 8.79 281 0 0 9270 125 5 9399 0 0 0 
2017/11/06 8.8 8.82 8.79 8.81 241 0 0 9227 125 5 9356 0 0 0 
2017/11/07 8.8 8.81 8.78 8.8 415 0 0 9174 125 5 9303 0 0 0 
2017/11/08 8.8 8.8 8.74 8.75 548 0 0 9112 125 5 9241 0 0 0 
2017/11/09 8.75 8.75 8.72 8.73 402 0 0 9092 125 5 9222 0 0 0 
2017/11/10 8.72 8.74 8.7 8.74 370 0 0 9074 125 5 9204 0 0 0 
2017/11/13 8.74 8.75 8.69 8.7 720 0 0 9066 125 5 9196 0 0 0 
2017/11/14 8.8 9.33 8.79 9.19 7095 255 0 13177 125 5 13307 0 0.04 0 
2017/11/15 9.2 9.21 8.96 9 5363 595 0 13194 125 5 13324 13 0.1 0 
2017/11/16 8.98 9.05 8.91 9.02 1221 601 0 13741 125 5 13871 0 0.1 0 
2017/11/17 9.05 9.05 8.97 9.02 1488 604 0 14441 125 5 14571 0 0.1 0 
2017/11/20 9.03 9.1 8.97 9.07 1475 644 0 14801 125 0 14926 0 0.11 0 
2017/11/21 9.07 9.35 9.03 9.13 8402 1261 0 16169 125 0 16294 2 0.21 0 
2017/11/22 9.25 9.29 9.16 9.17 4041 1225 0 16994 125 0 17119 0 0.2 0 
2017/11/23 9.2 9.22 9.14 9.15 2662 1334 0 17364 125 0 17489 0 0.22 0 
2017/11/24 9.15 9.18 9.14 9.15 2028 1219 0 17898 125 1 18024 0 0.2 0 
2017/11/27 9.18 9.21 9.14 9.15 2051 1325 0 18246 125 1 18372 0 0.22 0 
2017/11/28 9.16 9.18 9.14 9.15 1741 1405 0 19038 125 1 19164 0 0.23 0 
2017/11/29 9.2 9.2 9.13 9.14 2029 1587 0 19875 125 3 20003 0 0.26 0 
2017/11/30 9.14 9.21 8.97 8.97 11284 2972 0 21306 125 108 21538 0 0.49 0 
2017/12/01 9 9.09 8.96 8.96 3940 1629 0 21244 125 108 21476 0 0.27 0 
2017/12/04 9.02 9.05 8.99 8.99 1526 1715 0 21324 125 108 21556 0 0.28 0 
2017/12/05 9 9.03 8.98 8.98 1606 1586 0 21633 125 108 21865 0 0.26 0 
2017/12/06 8.98 9 8.92 8.93 1364 1525 0 21317 125 108 21549 0 0.25 0 
2017/12/07 8.93 8.99 8.9 8.91 986 1383 0 21427 125 108 21659 0 0.23 0 
2017/12/08 8.93 8.97 8.9 8.92 639 1380 0 21496 125 108 21728 0 0.23 0 
2017/12/11 8.94 8.96 8.9 8.93 583 1320 0 21597 125 108 21829 0 0.22 0 
2017/12/12 8.93 9.03 8.93 9 1498 1330 0 21525 125 108 21757 0 0.22 0 
2017/12/13 9 9 8.94 8.95 925 1344 0 21551 125 108 21783 0 0.22 0 
2017/12/14 8.95 8.99 8.93 8.94 1214 1354 0 21473 125 108 21705 0 0.22 0 
2017/12/15 8.94 8.95 8.9 8.95 1052 1320 0 21754 125 108 21986 0 0.22 0 
2017/12/18 8.95 8.96 8.9 8.91 861 1319 0 21720 125 105 21949 0 0.22 0 
2017/12/19 8.91 8.95 8.9 8.9 812 1304 0 21598 125 105 21827 0 0.22 0 
2017/12/20 8.9 8.94 8.9 8.9 1466 1299 0 21589 125 105 21818 0 0.22 0 
2017/12/21 8.9 8.92 8.9 8.9 1457 1303 0 21484 125 105 21713 0 0.22 0 
2017/12/22 8.9 8.93 8.88 8.9 1148 1308 0 21513 125 105 21742 0 0.22 0 
2017/12/25 8.93 8.93 8.89 8.9 843 1311 0 21532 125 105 21761 0 0.22 0 
2017/12/26 8.9 8.92 8.88 8.9 837 1249 0 21475 119 105 21698 0 0.21 0 
2017/12/27 8.9 8.92 8.88 8.89 1320 1242 0 21418 119 105 21641 0 0.21 0 
2017/12/28 8.89 8.92 8.88 8.89 1411 1206 0 21358 119 105 21581 0 0.2 0 
2017/12/29 8.9 8.92 8.87 8.91 2017 1218 0 21445 119 105 21668 0 0.2 0 
2018/01/02 8.92 8.93 8.9 8.91 1326 1192 0 21588 119 105 21811 0 0.2 0 
2018/01/03 8.94 8.94 8.9 8.91 2076 1225 0 21796 119 105 22019 0 0.2 0 
2018/01/04 8.93 8.93 8.9 8.91 1534 1350 0 21772 119 105 21995 0 0.22 0 
2018/01/05 8.92 8.93 8.9 8.92 1739 1387 0 22040 119 105 22263 0 0.23 0 
2018/01/08 8.92 8.99 8.92 8.96 3497 1489 0 22256 119 102 22476 0 0.25 0 
2018/01/09 8.98 9 8.95 8.98 1656 1514 0 22733 119 102 22953 0 0.25 0 
2018/01/10 8.99 9 8.96 8.97 1928 1548 0 22634 119 46 22798 0 0.26 0 
2018/01/11 8.98 9.02 8.94 9 3753 1516 0 22516 119 46 22680 0 0.25 0 
2018/01/12 9 9.03 8.99 9 2554 1514 0 22738 119 46 22902 0 0.25 0 
2018/01/15 9.01 9.03 8.98 8.98 1945 1568 0 22809 119 46 22973 0 0.26 0 
2018/01/16 9.01 9.02 8.98 9 2773 1548 0 22981 119 46 23145 0 0.26 0 
2018/01/17 9.02 9.03 8.98 9.03 3063 1722 0 23765 119 46 23929 0 0.29 0 
2018/01/18 9.03 9.03 8.99 9 4163 1856 0 24111 119 46 24275 0 0.31 0 
2018/01/19 9 9.02 8.98 9.01 1617 1855 0 24223 119 46 24387 0 0.31 0 
2018/01/22 9.01 9.13 9 9.12 3489 1837 0 24623 119 46 24787 0 0.3 0 
2018/01/23 9.12 9.17 9.1 9.15 4311 1881 0 24939 138 46 25123 0 0.31 0 
2018/01/24 9.15 9.15 9.05 9.07 1871 1756 0 25068 138 46 25252 0 0.29 0 
2018/01/25 9.08 9.12 9.08 9.1 1993 1747 0 25508 138 46 25692 0 0.29 0 
2018/01/26 9.1 9.1 9.05 9.07 987 1723 0 25658 138 47 25843 0 0.29 0 
2018/01/29 9.07 9.07 9.04 9.05 1055 1707 0 25660 138 47 25845 0 0.28 0 
2018/01/30 9.05 9.05 9 9.01 1309 1698 0 25679 138 47 25864 0 0.28 0 
2018/01/31 9 9 8.97 8.99 1430 1686 0 25896 138 48 26082 0 0.28 0 
2018/02/01 8.99 9 8.97 8.98 1221 1607 0 25864 138 48 26050 0 0.27 0 
2018/02/02 8.98 8.98 8.96 8.97 761 1602 0 25762 138 48 25948 0 0.27 0 
2018/02/05 8.94 8.94 8.89 8.9 1946 1477 0 25524 138 46 25708 0 0.24 0 
2018/02/06 8.85 8.85 8.62 8.7 3845 1438 0 24385 138 46 24569 0 0.24 0 
2018/02/07 8.71 8.78 8.7 8.76 1886 1406 10 24097 138 46 24281 0 0.23 0.71 
2018/02/08 8.76 8.76 8.7 8.7 1884 1421 10 24110 138 46 24294 0 0.24 0.7 
2018/02/09 8.61 8.78 8.56 8.73 1656 1282 10 23933 138 41 24112 0 0.21 0.78 
2018/02/12 8.74 8.77 8.7 8.72 1558 1302 10 23964 138 41 24143 0 0.22 0.77 
2018/02/21 8.74 8.82 8.74 8.79 1311 1267 10 24105 138 41 24284 0 0.21 0.79 
2018/02/22 8.82 8.82 8.77 8.81 1180 1293 10 24004 138 41 24183 0 0.21 0.77 
2018/02/23 8.82 8.86 8.78 8.79 2676 1331 10 24207 138 41 24386 0 0.22 0.75 
2018/02/26 8.82 8.83 8.79 8.8 1427 1340 10 24359 138 41 24538 0 0.22 0.75 
2018/02/27 8.82 9.07 8.79 9.07 2006 1324 116 25479 138 0 25617 0 0.22 8.76 
2018/03/01 8.94 8.94 8.84 8.89 2327 1404 20 25834 138 0 25972 0 0.23 1.42 
2018/03/02 8.88 8.91 8.85 8.89 802 1379 10 25683 138 0 25821 0 0.23 0.73 
2018/03/05 8.89 8.89 8.85 8.85 858 1311 10 25384 138 0 25522 0 0.22 0.76 
2018/03/06 8.86 8.86 8.78 8.8 2072 1181 10 25241 138 5 25384 0 0.2 0.85 
2018/03/07 8.8 8.8 8.77 8.79 634 1150 10 25059 138 5 25202 0 0.19 0.87 
2018/03/08 8.79 8.81 8.77 8.79 736 1150 10 24816 138 5 24959 0 0.19 0.87 
2018/03/09 8.8 8.82 8.79 8.81 576 1147 10 24880 138 5 25023 0 0.19 0.87 
2018/03/12 8.8 8.82 8.77 8.82 1383 1179 10 24742 138 5 24885 0 0.2 0.85 
2018/03/13 8.82 8.83 8.78 8.8 653 1204 10 25153 138 5 25296 0 0.2 0.83 
2018/03/14 8.8 8.81 8.77 8.8 637 1187 10 25188 138 5 25331 0 0.2 0.84 
2018/03/15 8.79 8.8 8.78 8.8 592 1179 10 25153 138 23 25314 0 0.2 0.85 
2018/03/16 8.8 8.8 8.78 8.78 578 1177 10 25125 138 27 25290 0 0.2 0.85 
2018/03/19 8.78 8.8 8.77 8.78 900 1152 10 25169 138 27 25334 0 0.19 0.87 
2018/03/20 8.77 8.78 8.75 8.78 1481 1151 10 25090 138 27 25255 0 0.19 0.87 
2018/03/21 8.78 8.79 8.76 8.78 1428 1133 10 25111 138 25 25274 0 0.19 0.88 
2018/03/22 8.78 8.79 8.75 8.77 1355 997 10 25157 138 15 25310 0 0.17 1 
2018/03/23 8.74 8.74 8.68 8.69 1524 1025 0 24972 138 15 25125 0 0.17 0 
2018/03/26 8.66 8.76 8.64 8.7 1361 1045 0 24892 138 5 25035 0 0.17 0 
2018/03/27 8.69 8.75 8.69 8.7 600 1044 0 24877 141 5 25023 0 0.17 0 
2018/03/28 8.7 8.73 8.68 8.7 507 1054 0 24867 141 5 25013 0 0.17 0 
2018/03/29 8.7 8.73 8.69 8.72 450 1061 0 24842 141 5 24988 0 0.18 0 
2018/03/30 8.72 8.73 8.69 8.71 463 1113 0 24796 141 12 24949 0 0.18 0 
2018/03/31 8.71 8.73 8.7 8.71 328 1143 0 24796 141 12 24949 0 0.19 0 
2018/04/02 8.7 8.74 8.7 8.71 752 1346 0 24745 141 18 24904 0 0.22 0 
2018/04/03 8.71 8.74 8.71 8.74 446 1384 0 24756 141 16 24913 0 0.23 0 
2018/04/09 8.74 8.74 8.7 8.73 772 1739 0 24814 141 16 24971 0 0.29 0 
2018/04/10 8.74 8.75 8.71 8.74 893 1891 0 24983 141 16 25140 0 0.31 0 
2018/04/11 8.74 8.75 8.69 8.74 775 2023 0 24971 141 15 25127 0 0.34 0 
2018/04/12 8.75 8.75 8.69 8.73 759 2238 0 25109 141 15 25265 0 0.37 0 
2018/04/13 8.73 8.73 8.7 8.7 659 2460 0 25126 141 15 25282 0 0.41 0 
2018/04/16 8.7 8.71 8.67 8.7 986 2183 0 24842 141 15 24998 0 0.36 0 
2018/04/17 8.71 8.71 8.58 8.59 1924 1160 0 24793 141 15 24949 0 0.19 0 
2018/04/18 8.6 8.63 8.59 8.6 557 1206 0 24771 141 15 24927 0 0.2 0 
2018/04/19 8.6 8.61 8.55 8.61 1114 1210 0 24608 141 15 24764 0 0.2 0 
2018/04/20 8.62 8.62 8.58 8.61 443 1211 0 24528 141 15 24684 0 0.2 0 
2018/04/23 8.62 8.64 8.61 8.61 391 1210 0 24519 140 15 24674 0 0.2 0 
2018/04/24 8.61 8.61 8.57 8.57 423 1175 0 24507 140 15 24662 0 0.19 0 
2018/04/25 8.56 8.57 8.53 8.55 859 1178 0 24507 140 15 24662 0 0.2 0 
2018/04/26 8.55 8.6 8.54 8.55 356 1186 0 24480 140 15 24635 0 0.2 0 
2018/04/27 8.55 8.64 8.55 8.61 585 1132 0 24704 140 15 24859 0 0.19 0 
2018/04/30 8.61 8.66 8.57 8.65 448 1135 0 24694 140 14 24848 0 0.19 0 
2018/05/02 8.65 8.66 8.5 8.58 1311 1158 0 24791 140 14 24945 0 0.19 0 
2018/05/03 8.52 8.58 8.52 8.53 508 1133 0 24922 140 14 25076 1 0.19 0 
2018/05/04 8.6 8.6 8.52 8.54 464 1163 0 24898 140 14 25052 0 0.19 0 
2018/05/07 8.54 8.56 8.52 8.53 335 1195 0 24377 140 14 24531 0 0.2 0 
2018/05/08 8.53 8.57 8.52 8.57 430 1190 0 24397 140 14 24551 0 0.2 0 
2018/05/09 8.59 8.59 8.55 8.57 348 1190 0 24400 140 14 24554 2 0.2 0 
2018/05/10 8.59 8.59 8.49 8.52 1484 1204 0 24386 140 14 24540 0 0.2 0 
2018/05/11 8.52 8.54 8.49 8.51 996 1250 0 24431 140 14 24585 0 0.21 0 
2018/05/14 8.51 8.54 8.5 8.54 980 1364 0 24431 140 14 24585 0 0.23 0 
2018/05/15 8.54 8.55 8.52 8.52 431 1323 0 24384 140 14 24538 0 0.22 0 
2018/05/16 8.5 8.52 8.49 8.49 852 1336 0 19867 140 14 20021 0 0.22 0 
2018/05/17 8.5 8.54 8.49 8.5 1526 1407 0 20091 140 14 20245 0 0.23 0 
2018/05/18 8.5 8.53 8.5 8.5 1131 1440 0 20384 140 14 20538 0 0.24 0 
2018/05/21 8.5 8.51 8.5 8.5 1170 1435 0 20554 140 14 20708 0 0.24 0 
2018/05/22 8.52 8.54 8.51 8.53 596 1436 0 20566 140 16 20722 0 0.24 0 
2018/05/23 8.51 8.58 8.51 8.54 718 1428 0 20412 247 16 20674 0 0.24 0 
2018/05/24 8.54 8.56 8.54 8.56 338 1491 0 20406 247 16 20668 0 0.25 0 
2018/05/25 8.56 8.57 8.52 8.53 499 1503 0 20386 247 16 20648 0 0.25 0 
2018/05/28 8.53 8.54 8.51 8.52 488 1499 0 20394 247 16 20656 0 0.25 0 
2018/05/29 8.52 8.52 8.5 8.52 603 1471 0 20442 247 16 20704 0 0.24 0 
2018/05/30 8.52 8.52 8.49 8.49 1292 1471 0 20166 247 16 20428 0 0.24 0 
2018/05/31 8.5 8.52 8.49 8.52 1096 1476 0 20428 247 16 20690 0 0.24 0 
2018/06/01 8.52 8.52 8.49 8.5 665 1509 0 20428 247 16 20690 0 0.25 0 
2018/06/04 8.52 8.52 8.49 8.5 1032 1563 0 20542 247 16 20804 0 0.26 0 
2018/06/05 8.5 8.52 8.45 8.5 1623 1602 0 20623 247 16 20885 0 0.27 0 
2018/06/06 8.5 8.5 8.46 8.5 1126 1658 0 20746 247 16 21008 0 0.27 0 
2018/06/07 8.5 8.57 8.5 8.55 3498 1623 0 20985 247 16 21247 0 0.27 0 
2018/06/08 8.57 8.59 8.56 8.56 866 1649 0 21060 247 16 21322 0 0.27 0 
2018/06/11 8.56 8.59 8.53 8.55 1602 1651 0 21123 247 20 21389 0 0.27 0 
2018/06/12 8.55 8.56 8.5 8.51 779 1644 0 20908 247 20 21174 0 0.27 0 
2018/06/13 8.51 8.54 8.5 8.51 645 1625 0 20903 247 20 21169 0 0.27 0 
2018/06/14 8.52 8.57 8.52 8.55 532 1674 0 20857 247 20 21123 0 0.28 0 
2018/06/15 8.53 8.57 8.53 8.53 845 1627 0 20540 247 20 20806 0 0.27 0 
2018/06/19 8.53 8.53 8.45 8.49 1631 1616 0 20448 247 20 20714 0 0.27 0 
2018/06/20 8.5 8.52 8.47 8.51 603 1564 0 20529 144 23 20695 0 0.26 0 
2018/06/21 8.51 8.57 8.51 8.52 476 1548 0 20555 144 23 20721 0 0.26 0 
2018/06/22 8.5 8.52 8.48 8.5 408 1529 0 20584 144 23 20750 0 0.25 0 
2018/06/25 8.5 8.59 8.5 8.57 624 1527 0 20796 144 23 20962 0 0.25 0 
2018/06/26 8.55 8.58 8.53 8.55 1045 1473 0 21376 144 24 21543 0 0.24 0 
2018/06/27 8.57 8.57 8.5 8.5 421 1558 0 21257 144 24 21424 0 0.26 0 
2018/06/28 8.5 8.5 8.48 8.49 474 1554 0 21452 144 25 21620 0 0.26 0 
2018/06/29 8.5 8.5 8.48 8.48 586 1504 0 21444 144 26 21613 0 0.25 0 
2018/07/02 8.5 8.5 8.48 8.48 330 1571 0 21464 144 26 21633 0 0.26 0 
2018/07/03 8.5 8.5 8.45 8.45 669 1564 0 21434 144 26 21603 0 0.26 0 
2018/07/04 8.45 8.48 8.44 8.48 344 1558 0 21452 144 144 21739 0 0.26 0 
2018/07/05 8.48 8.48 8.42 8.42 568 1565 0 21406 144 158 21707 0 0.26 0 
2018/07/06 8.41 8.43 8.38 8.43 691 1561 0 21469 144 158 21770 0 0.26 0 
2018/07/09 8.4 8.43 8.38 8.43 460 1566 0 21546 144 158 21847 0 0.26 0 
2018/07/10 8.42 8.45 8.4 8.4 786 1576 0 21655 144 158 21956 0 0.26 0 
2018/07/11 8.4 8.4 8.37 8.37 842 1567 0 21637 144 40 21820 0 0.26 0 
2018/07/12 8.37 8.38 8.33 8.37 1763 1611 0 21431 144 70 21644 0 0.27 0 
2018/07/13 8.17 8.18 8.14 8.16 1097 1712 0 21495 144 59 21697 0 0.28 0 
2018/07/16 8.18 8.18 8.15 8.17 616 1744 0 21500 144 59 21702 0 0.29 0 
2018/07/17 8.15 8.16 8.14 8.14 464 1749 0 21514 144 59 21716 0 0.29 0 
2018/07/18 8.14 8.15 8.12 8.15 1287 1535 0 21712 144 294 22149 0 0.25 0 
2018/07/19 8.15 8.15 8.12 8.13 376 1519 0 21652 144 294 22089 0 0.25 0 
2018/07/20 8.13 8.14 8.1 8.11 789 1532 0 21501 144 294 21938 0 0.25 0 
2018/07/23 8.11 8.13 8.11 8.11 335 1532 0 21509 144 293 21945 0 0.25 0 
2018/07/24 8.11 8.13 8.1 8.13 425 1529 0 21521 25 293 21839 0 0.25 0 
2018/07/25 8.13 8.14 8.12 8.13 241 1532 0 21511 25 293 21829 0 0.25 0 
2018/07/26 8.13 8.13 8.11 8.13 559 1527 0 21509 25 293 21827 0 0.25 0 
2018/07/27 8.13 8.18 8.12 8.18 784 1526 0 21504 25 288 21817 0 0.25 0 
2018/07/30 8.18 8.19 8.17 8.18 477 1515 0 21473 25 288 21786 0 0.25 0 
2018/07/31 8.18 8.25 8.17 8.24 631 1510 0 21646 25 288 21959 0 0.25 0 
2018/08/01 8.26 8.3 8.25 8.29 309 1520 0 21659 25 288 21972 0 0.25 0 
2018/08/02 8.32 8.33 8.19 8.21 828 1521 0 21635 25 274 21934 0 0.25 0 
2018/08/03 8.23 8.26 8.2 8.24 312 1521 0 21638 25 274 21937 0 0.25 0 
2018/08/06 8.26 8.26 8.23 8.24 269 1523 0 21653 25 274 21952 0 0.25 0 
2018/08/07 8.24 8.26 8.22 8.25 537 1529 0 21675 25 274 21974 0 0.25 0 
2018/08/08 8.25 8.27 8.24 8.26 528 1544 0 21794 25 274 22093 0 0.26 0 
2018/08/09 8.26 8.28 8.24 8.27 427 1563 0 21886 25 274 22185 0 0.26 0 
2018/08/10 8.27 8.29 8.25 8.28 510 1570 0 21969 25 274 22268 0 0.26 0 
2018/08/13 8.26 8.26 8.2 8.2 436 1591 0 21860 25 274 22159 0 0.26 0 
2018/08/14 8.2 8.22 8.18 8.21 350 1560 0 21869 25 274 22168 0 0.26 0 
2018/08/15 8.2 8.2 8.16 8.18 462 1564 0 21871 25 274 22170 0 0.26 0 
2018/08/16 8.15 8.21 8.14 8.2 496 1579 0 22047 25 274 22346 0 0.26 0 
2018/08/17 8.2 8.21 8.16 8.18 347 1554 0 22154 25 274 22453 0 0.26 0 
2018/08/20 8.19 8.24 8.17 8.24 396 1552 0 22413 25 274 22712 0 0.26 0 
2018/08/21 8.25 8.27 8.2 8.26 489 1530 0 22590 25 274 22889 0 0.25 0 
2018/08/22 8.27 8.28 8.2 8.22 517 1530 0 22680 25 158 22863 0 0.25 0 
2018/08/23 8.22 8.32 8.2 8.3 1503 1546 0 22637 25 157 22819 0 0.26 0 
2018/08/24 8.3 8.3 8.25 8.28 202 1555 0 22640 25 157 22822 0 0.26 0 
2018/08/27 8.28 8.28 8.22 8.24 454 1542 0 22641 25 157 22823 0 0.26 0 
2018/08/28 8.24 8.28 8.22 8.24 315 1545 0 22644 25 157 22826 0 0.26 0 
2018/08/29 8.23 8.25 8.21 8.21 608 1555 0 22621 25 38 22684 0 0.26 0 
2018/08/30 8.21 8.22 8.2 8.2 226 1551 0 22536 25 38 22599 0 0.26 0 
2018/08/31 8.2 8.22 8.18 8.2 608 1551 0 22569 25 38 22632 0 0.26 0 
2018/09/03 8.19 8.22 8.18 8.2 273 1617 0 22571 25 18 22614 0 0.27 0 
2018/09/04 8.2 8.22 8.19 8.21 243 1552 0 22583 25 18 22626 0 0.26 0 
2018/09/05 8.21 8.21 8.18 8.19 365 1552 0 22562 25 0 22587 0 0.26 0 
2018/09/06 8.17 8.19 8.16 8.16 411 1511 0 22518 25 0 22543 0 0.25 0 
2018/09/07 8.18 8.18 8.13 8.15 721 1535 0 22415 24 0 22439 0 0.25 0 
2018/09/10 8.15 8.16 8.08 8.09 1048 1526 0 22614 24 0 22638 0 0.25 0 
2018/09/11 8.11 8.15 8.07 8.14 930 1533 0 22955 24 8 22987 0 0.25 0 
2018/09/12 8.15 8.15 8.09 8.15 414 1533 0 22833 24 128 22985 0 0.25 0 
2018/09/13 8.15 8.2 8.11 8.16 635 1540 0 23167 24 128 23319 0 0.26 0 
2018/09/14 8.17 8.22 8.17 8.21 616 1505 0 23438 24 128 23590 0 0.25 0 
2018/09/17 8.19 8.19 8.15 8.18 287 1515 0 23448 24 128 23600 0 0.25 0 
2018/09/18 8.18 8.22 8.15 8.22 718 1497 0 23781 24 128 23933 0 0.25 0 
2018/09/19 8.22 8.23 8.17 8.22 1035 1507 0 24064 24 127 24215 0 0.25 0 
2018/09/20 8.22 8.22 8.19 8.2 327 1508 0 24166 24 127 24317 0 0.25 0 
2018/09/21 8.18 8.26 8.18 8.24 1289 1510 0 24330 24 127 24481 0 0.25 0 
2018/09/25 8.25 8.25 8.21 8.22 614 1520 0 24407 24 127 24558 0 0.25 0 
2018/09/26 8.22 8.24 8.22 8.24 441 1522 0 24477 24 105 24606 0 0.25 0 
2018/09/27 8.24 8.28 8.24 8.26 1114 1538 0 24663 24 102 24789 0 0.25 0 
2018/09/28 8.27 8.31 8.26 8.27 1512 1573 0 23960 24 81 24065 0 0.26 0 
2018/10/01 8.28 8.28 8.24 8.25 924 1583 0 23985 24 48 24057 0 0.26 0 
2018/10/02 8.25 8.26 8.22 8.22 1133 1602 0 24218 24 0 24242 0 0.27 0 
2018/10/03 8.22 8.23 8.19 8.2 1143 1603 0 23966 24 0 23990 0 0.27 0 
2018/10/04 8.2 8.2 8.17 8.2 309 1628 0 24024 24 0 24048 0 0.27 0 
2018/10/05 8.2 8.2 8.14 8.15 732 1631 0 23915 20 51 23985 0 0.27 0 
2018/10/08 8.13 8.15 8.11 8.12 1052 1635 1 23998 20 99 24116 0 0.27 0.06 
2018/10/09 8.12 8.16 8.1 8.12 694 1606 1 24096 20 116 24231 0 0.27 0.06 
2018/10/11 8.08 8.08 7.6 7.68 2553 1553 0 23931 20 0 23950 0 0.26 0 
2018/10/12 7.6 7.75 7.55 7.7 1688 1581 0 23347 20 0 23366 0 0.26 0 
2018/10/15 7.7 7.71 7.68 7.68 1283 1583 0 22781 20 0 22800 0 0.26 0 
2018/10/16 7.68 8 7.68 7.9 821 1596 0 22851 20 0 22870 0 0.26 0 
2018/10/17 7.9 7.97 7.72 7.72 1122 1582 0 22530 20 15 22564 0 0.26 0 
2018/10/18 7.8 7.8 7.61 7.73 315 1590 0 22581 20 12 22612 0 0.26 0 
2018/10/19 7.73 7.73 7.62 7.66 660 1580 0 22738 20 12 22769 0 0.26 0 
2018/10/22 7.66 7.73 7.64 7.73 407 1596 0 22716 20 12 22747 0 0.26 0 
2018/10/23 7.7 7.72 7.61 7.62 560 1587 0 22112 20 12 22143 0 0.26 0 
2018/10/24 7.62 7.65 7.55 7.61 521 1600 0 21994 20 12 22026 0 0.27 0 
2018/10/25 7.58 7.61 7.4 7.6 1373 1519 0 21871 20 75 21966 0 0.25 0 
2018/10/26 7.6 7.66 7.57 7.57 402 1530 0 22439 20 239 22698 0 0.25 0 
2018/10/29 7.57 7.66 7.45 7.62 299 1536 0 22241 20 239 22500 0 0.25 0 
2018/10/30 7.57 7.6 7.51 7.54 754 1577 0 21946 20 239 22205 0 0.26 0 
2018/10/31 7.54 7.61 7.53 7.61 694 1557 0 21977 20 239 22236 0 0.26 0 
2018/11/01 7.61 7.8 7.6 7.79 773 1530 0 21982 20 239 22241 0 0.25 0 
2018/11/02 7.79 8.1 7.79 7.99 1273 1496 0 21939 19 239 22197 0 0.25 0 
2018/11/05 7.9 8.03 7.89 8 637 1515 0 22172 19 239 22430 0 0.25 0 
2018/11/06 8.01 8.06 7.95 8.05 429 1492 0 22165 19 222 22406 0 0.25 0 
2018/11/07 8.08 8.15 8.05 8.1 825 1475 0 22168 19 222 22409 0 0.24 0 
2018/11/08 8.15 8.26 8.15 8.25 1855 1490 0 22091 19 222 22332 0 0.25 0 
2018/11/09 8.25 8.26 8.2 8.25 1068 1489 0 21972 19 222 22213 0 0.25 0 
2018/11/12 8.1 8.26 8.1 8.2 802 1466 0 22039 19 222 22280 2 0.24 0 
2018/11/13 8.14 8.2 8.11 8.15 264 1470 0 22077 19 222 22318 0 0.24 0 
2018/11/14 8.2 8.2 8.18 8.18 255 1470 0 22365 19 222 22606 0 0.24 0 
2018/11/15 8.18 8.18 8.1 8.15 500 1474 0 23229 19 222 23470 0 0.24 0 
2018/11/16 8.3 8.31 8.16 8.17 355 1476 0 23230 19 222 23471 0 0.24 0 
2018/11/19 8.17 8.22 8.12 8.15 449 1479 0 23259 19 222 23500 0 0.25 0 
2018/11/20 8.2 8.22 8.12 8.16 355 1482 0 23331 19 222 23572 0 0.25 0 
2018/11/21 8.16 8.16 8.13 8.16 200 1482 0 22990 19 222 23231 0 0.25 0 
2018/11/22 8.16 8.16 8.11 8.12 142 1482 0 22928 19 222 23169 0 0.25 0 
2018/11/23 8.12 8.15 8.1 8.11 171 1483 0 22897 19 222 23138 0 0.25 0 
2018/11/26 8.1 8.2 8.1 8.13 444 1482 0 23157 19 222 23398 0 0.25 0 
2018/11/27 8.18 8.18 8.07 8.08 518 1486 0 23198 19 222 23439 0 0.25 0 
2018/11/28 8.08 8.1 8.07 8.09 319 1487 0 23196 19 222 23437 0 0.25 0 
2018/11/29 8.13 8.14 8.1 8.11 246 1487 0 23166 19 222 23407 0 0.25 0 
2018/11/30 8.15 8.15 8.07 8.07 337 1487 0 23061 19 222 23302 0 0.25 0 
2018/12/03 8.1 8.14 8.06 8.11 589 1505 0 23084 19 222 23325 0 0.25 0 
2018/12/04 8.06 8.13 8.06 8.08 367 1507 0 23011 19 222 23252 0 0.25 0 
2018/12/05 8.06 8.06 7.99 8.01 579 1558 0 22990 19 88 23097 0 0.26 0 
2018/12/06 8.01 8.01 7.96 7.96 757 1553 0 22564 19 0 22583 0 0.26 0 
2018/12/07 7.96 8.02 7.93 8 687 1557 0 22550 19 0 22569 0 0.26 0 
2018/12/10 8 8.01 7.95 8 210 1549 0 22552 19 0 22571 0 0.26 0 
2018/12/11 8 8.01 8 8.01 79 1549 0 22543 19 0 22562 0 0.26 0 
2018/12/12 8 8.1 8 8.01 216 1550 0 22537 19 97 22653 0 0.26 0 
2018/12/13 8.02 8.05 8 8.01 69 1551 0 22536 19 97 22652 0 0.26 0 
2018/12/14 8 8.04 7.95 7.95 402 1551 0 22504 19 0 22523 0 0.26 0 
2018/12/17 7.95 8.02 7.95 8.01 233 1551 0 22503 19 0 22522 0 0.26 0 
2018/12/18 8 8.01 7.93 8 513 1508 0 22525 19 0 22544 0 0.25 0 
2018/12/19 8 8.04 7.97 8 297 1505 0 23099 19 0 23118 0 0.25 0 
2018/12/20 8 8.02 7.98 8 455 1501 0 22992 19 0 23011 0 0.25 0 
2018/12/21 7.95 8 7.95 8 319 1496 0 22993 19 0 23012 0 0.25 0 
2018/12/22 8 8.01 7.95 8 130 1496 0 22993 19 0 23012 0 0.25 0 
2018/12/24 7.97 8.01 7.96 8 148 1483 0 22976 19 0 22995 0 0.25 0 
2018/12/25 7.95 8.02 7.94 8.02 542 1482 0 22961 24 0 22985 0 0.25 0 
2018/12/26 8 8.01 7.92 8 364 1444 0 23323 25 0 23347 0 0.24 0 
2018/12/27 8 8.01 7.98 8 178 1386 0 23320 25 0 23344 0 0.23 0 
2018/12/28 8 8 7.96 8 243 1325 0 23325 25 0 23349 0 0.22 0 
2019/01/02 8 8 7.96 7.99 50 1322 0 23326 25 0 23350 0 0.22 0 
2019/01/03 8 8 7.97 7.98 77 1314 0 23327 25 0 23351 0 0.22 0 
2019/01/04 7.96 7.96 7.9 7.92 215 1313 0 23411 25 0 23435 0 0.22 0 
2019/01/07 7.95 7.95 7.92 7.93 192 1313 0 23413 25 0 23437 0 0.22 0 
2019/01/08 7.95 7.95 7.85 7.89 421 1315 0 23289 25 4 23317 0 0.22 0 
2019/01/09 7.95 7.98 7.9 7.95 295 1336 0 23617 25 4 23645 0 0.22 0 
2019/01/10 7.91 7.95 7.9 7.9 201 1330 0 23334 25 4 23362 0 0.22 0 
2019/01/11 7.9 7.95 7.9 7.9 294 1329 0 23166 25 4 23194 0 0.22 0 
2019/01/14 7.85 7.88 7.81 7.82 580 1330 0 23054 25 4 23082 0 0.22 0 
2019/01/15 7.82 7.89 7.82 7.88 271 1325 0 23069 25 0 23093 0 0.22 0 
2019/01/16 7.88 7.88 7.82 7.85 890 1323 0 23160 25 0 23184 0 0.22 0 
2019/01/17 7.85 7.88 7.83 7.84 228 1325 0 23390 25 0 23414 0 0.22 0 
2019/01/18 7.88 7.88 7.8 7.84 191 1331 0 23405 25 0 23429 0 0.22 0 
2019/01/21 7.82 7.89 7.82 7.84 317 1331 0 23365 25 0 23389 0 0.22 0 
2019/01/22 7.84 7.86 7.82 7.83 130 1331 0 23368 25 0 23392 0 0.22 0 
2019/01/23 7.83 7.86 7.78 7.8 372 1331 0 23266 25 0 23266 0 0.22 0 
2019/01/24 7.84 7.84 7.77 7.79 739 1427 0 23380 25 0 23380 0 0.24 0 
2019/01/25 7.79 7.81 7.78 7.79 292 1329 0 23354 25 0 23379 0 0.22 0 
2019/01/28 7.8 7.86 7.79 7.79 285 1332 0 23251 25 0 23276 0 0.22 0 
2019/01/29 7.83 7.83 7.77 7.79 435 1323 0 23098 25 0 23123 0 0.22 0 
2019/01/30 7.79 7.84 7.79 7.83 370 1300 0 23145 25 0 23145 0 0.22 0 
2019/02/11 7.83 7.86 7.83 7.84 243 1320 0 23157 25 0 23182 0 0.22 0 
2019/02/12 7.84 7.86 7.82 7.84 288 1282 0 23152 25 0 23177 0 0.21 0 
2019/02/13 7.81 7.85 7.81 7.84 178 1290 0 23170 25 0 23195 0 0.21 0 
2019/02/14 7.84 7.88 7.84 7.86 253 1277 0 23183 25 0 23208 0 0.21 0 
2019/02/15 7.86 7.88 7.85 7.87 246 1277 0 23235 25 0 23260 0 0.21 0 
2019/02/18 7.88 7.9 7.86 7.89 604 1278 0 23230 25 0 23255 0 0.21 0 
2019/02/19 7.9 7.92 7.87 7.9 343 1276 0 23216 25 0 23241 0 0.21 0 
2019/02/20 7.9 7.96 7.89 7.92 433 1255 0 23407 25 0 23432 0 0.21 0 
2019/02/21 7.91 7.93 7.88 7.92 647 1256 0 23379 25 2 23406 0 0.21 0 
2019/02/22 7.9 7.93 7.85 7.91 358 1253 0 23403 25 2 23430 0 0.21 0 
2019/02/25 7.88 7.92 7.88 7.91 453 1253 0 23407 25 2 23434 0 0.21 0 
2019/02/26 7.91 7.93 7.89 7.89 334 1255 0 23417 25 2 23444 0 0.21 0 
2019/02/27 7.89 7.91 7.88 7.9 342 1255 0 23432 25 2 23459 0 0.21 0 
2019/03/04 7.83 7.83 7.7 7.8 1361 1268 0 23342 25 2 23369 0 0.21 0 
2019/03/05 7.78 7.78 7.68 7.68 2003 1371 0 23323 25 2 23350 0 0.23 0 
2019/03/06 7.68 7.7 7.65 7.69 2497 1399 0 23459 25 0 23484 0 0.23 0 
2019/03/07 7.69 7.71 7.65 7.66 1300 1392 0 23495 25 0 23520 0 0.23 0 
2019/03/08 7.65 7.69 7.64 7.66 565 1387 0 23549 25 0 23574 0 0.23 0 
2019/03/11 7.7 7.8 7.7 7.75 768 1352 0 23593 25 0 23618 0 0.22 0 
2019/03/12 7.76 7.82 7.76 7.76 653 1382 0 23789 25 0 23814 0 0.23 0 
2019/03/13 7.77 7.79 7.74 7.74 400 1357 0 23748 25 0 23773 0 0.22 0 
2019/03/14 7.74 7.77 7.71 7.73 641 1368 0 23828 25 0 23853 0 0.23 0 
2019/03/15 7.79 8 7.79 7.97 2763 1446 0 23919 25 0 23944 0 0.24 0 
2019/03/18 8 8 7.91 7.97 798 1467 0 23875 25 0 23900 0 0.24 0 
2019/03/19 8 8 7.94 7.94 1105 1456 0 23588 25 0 23613 0 0.24 0 
2019/03/20 7.95 7.95 7.87 7.92 1700 1484 0 23678 25 0 23703 0 0.25 0 
2019/03/21 7.9 7.92 7.86 7.9 782 1462 0 23646 25 0 23671 0 0.24 0 
2019/03/22 7.92 7.95 7.85 7.86 1085 1431 0 23658 25 0 23683 0 0.24 0 
2019/03/25 7.85 7.85 7.81 7.82 774 1414 0 23612 25 0 23637 0 0.23 0 
2019/03/26 7.85 7.85 7.83 7.83 455 1410 0 23504 25 123 23652 0 0.23 0 
2019/03/27 7.84 7.88 7.79 7.8 573 1410 0 23481 25 104 23610 0 0.23 0 
2019/03/28 7.81 7.83 7.78 7.8 648 1410 0 23483 25 104 23612 0 0.23 0 
2019/03/29 7.81 7.86 7.79 7.84 722 1411 0 23526 25 94 23645 0 0.23 0 
2019/04/01 7.85 7.86 7.78 7.78 855 1412 0 23534 0 115 23649 0 0.23 0 
2019/04/02 7.8 7.8 7.75 7.79 1161 1425 0 23497 0 115 23612 0 0.24 0 
2019/04/03 7.79 7.9 7.77 7.85 988 1453 0 23496 0 166 23662 0 0.24 0 
2019/04/08 7.89 7.9 7.79 7.85 1078 1498 0 23400 0 167 23567 0 0.25 0 
2019/04/09 7.85 7.87 7.84 7.85 608 1455 0 23413 0 167 23580 0 0.24 0 
2019/04/10 7.87 7.95 7.79 7.95 937 1445 0 23428 0 466 23894 0 0.24 0 
2019/04/11 7.95 7.96 7.83 7.85 1111 1434 0 23382 0 469 23851 0 0.24 0 
2019/04/12 7.86 7.9 7.82 7.82 927 1421 0 23435 0 469 23904 0 0.24 0 
2019/04/15 7.84 7.89 7.83 7.88 712 1412 0 23554 0 474 24028 0 0.23 0 
2019/04/16 7.88 7.89 7.81 7.84 561 1409 0 23555 0 480 24035 0 0.23 0 
2019/04/17 7.84 7.9 7.8 7.89 956 1347 0 23867 0 484 24351 0 0.22 0 
2019/04/18 7.88 7.88 7.81 7.81 452 1340 0 23678 0 484 24162 0 0.22 0 
2019/04/19 7.81 7.85 7.8 7.81 563 1261 0 23692 0 484 24176 0 0.21 0 
2019/04/22 7.81 7.85 7.8 7.8 592 1259 0 23704 0 484 24188 0 0.21 0 
2019/04/23 7.8 7.84 7.8 7.83 337 1307 0 23799 0 484 24283 0 0.22 0 
2019/04/24 7.83 7.84 7.81 7.81 347 1313 0 23805 0 484 24289 0 0.22 0 
2019/04/25 7.81 7.84 7.81 7.82 321 1313 0 23853 0 484 24337 0 0.22 0 
2019/04/26 7.84 7.84 7.81 7.82 416 1279 0 23913 0 484 24397 0 0.21 0 
2019/04/29 7.82 7.85 7.82 7.84 519 1297 0 23909 0 484 24393 0 0.22 0 
2019/04/30 7.85 7.92 7.83 7.91 996 1343 0 23933 0 484 24417 0 0.22 0 
2019/05/02 7.92 7.94 7.9 7.92 1048 1337 0 24049 0 484 24533 0 0.22 0 
2019/05/03 7.92 7.93 7.89 7.91 630 1379 0 24084 0 484 24568 0 0.23 0 
2019/05/06 7.87 7.87 7.82 7.82 642 1345 0 24033 0 480 24513 0 0.22 0 
2019/05/07 7.82 7.86 7.81 7.83 481 1350 0 24088 0 480 24568 0 0.22 0 
2019/05/08 7.84 7.95 7.84 7.94 1722 1435 0 24213 0 589 24802 0 0.24 0 
2019/05/09 7.95 7.95 7.88 7.91 931 1407 0 23461 0 589 24050 0 0.23 0 
2019/05/10 7.91 7.95 7.9 7.91 651 1429 0 23494 0 589 24083 0 0.24 0 
2019/05/13 7.91 7.91 7.87 7.89 416 1429 0 23503 0 626 24129 0 0.24 0 
2019/05/14 7.85 7.92 7.82 7.92 982 1395 0 23780 0 787 24567 0 0.23 0 
2019/05/15 7.92 7.95 7.89 7.93 1692 1759 0 23869 0 787 24656 0 0.29 0 
2019/05/16 7.95 7.95 7.86 7.87 701 1747 0 23837 0 755 24592 0 0.29 0 
2019/05/17 7.89 7.91 7.8 7.82 610 1462 0 23863 0 755 24618 0 0.24 0 
2019/05/20 7.82 7.89 7.8 7.85 804 1336 0 23981 0 788 24769 0 0.22 0 
2019/05/21 7.85 7.93 7.82 7.92 1302 1483 0 24094 0 854 24948 0 0.25 0 
2019/05/22 7.92 7.94 7.89 7.93 737 1514 0 24309 0 878 25187 0 0.25 0 
2019/05/23 7.93 7.93 7.88 7.91 467 1512 0 24392 0 878 25270 0 0.25 0 
2019/05/24 7.91 8 7.91 7.98 1631 1758 0 24624 0 878 25502 0 0.29 0 
2019/05/27 7.99 8.28 7.99 8.23 6080 2222 1 25161 0 878 26039 0 0.37 0.05 
2019/05/28 8.25 8.44 8.25 8.27 3412 2385 0 24855 0 880 25735 0 0.4 0 
2019/05/29 8.25 8.25 8.15 8.22 1620 2364 0 25072 0 871 25943 0 0.39 0 
2019/05/30 8.25 8.49 8.24 8.49 4961 2531 0 25797 0 891 26688 0 0.42 0 
2019/05/31 8.51 8.53 8.36 8.43 2859 2486 0 25781 0 898 26679 10 0.41 0 
2019/06/03 8.38 8.4 8.19 8.37 1821 2381 0 26181 0 921 27102 0 0.39 0 
2019/06/04 8.39 8.42 8.3 8.33 1438 2463 28 26393 0 944 27337 0 0.41 1.14 
2019/06/05 8.34 8.36 8.29 8.32 1571 2482 32 25020 0 949 25969 0 0.41 1.29 
2019/06/06 8.32 8.34 8.29 8.31 813 2418 32 25142 0 949 26091 0 0.4 1.32 
2019/06/10 8.32 8.5 8.32 8.43 2569 2319 32 25474 0 998 26472 0 0.38 1.38 
2019/06/11 8.43 8.49 8.37 8.41 2070 2410 32 25700 0 1051 26751 0 0.4 1.33 
2019/06/12 8.4 8.4 8.24 8.3 1522 2392 33 25691 0 1074 26765 0 0.4 1.38 
2019/06/13 8.28 8.3 8.21 8.27 1241 2410 33 25752 0 1074 26826 0 0.4 1.37 
2019/06/14 8.27 8.32 8.24 8.26 869 2495 53 25719 0 1072 26791 0 0.41 2.12 
2019/06/17 8.26 8.33 8.2 8.33 1024 2644 53 25944 0 1072 27016 2 0.44 2 
2019/06/18 8.35 8.35 8.26 8.3 717 2716 56 25844 0 1072 26916 0 0.45 2.06 
2019/06/19 8.3 8.35 8.28 8.3 1499 2723 60 25863 0 1521 27384 0 0.45 2.2 
2019/06/20 8.32 8.37 8.32 8.35 981 2733 80 25918 0 1548 27466 0 0.45 2.93 
2019/06/21 8.35 8.37 8.32 8.34 786 2648 80 25913 0 1548 27461 0 0.44 3.02 
2019/06/24 8.34 8.35 8.31 8.34 612 2608 80 26036 27 1547 27610 0 0.43 3.07 
2019/06/25 8.34 8.34 8.28 8.28 813 2573 80 25988 27 1547 27562 0 0.43 3.11 
2019/06/26 8.28 8.28 8.2 8.25 1321 2523 80 26071 27 1576 27674 0 0.42 3.17 
2019/06/27 8.25 8.29 8.19 8.28 992 2402 80 26456 27 1576 28059 0 0.4 3.33 
2019/06/28 8.28 8.28 8.23 8.24 391 2287 80 26423 27 1576 28026 0 0.38 3.5 
2019/07/01 8.22 8.24 8.2 8.23 1191 2183 80 26540 27 1576 28143 0 0.36 3.66 
2019/07/02 8.19 8.19 7.93 7.96 5335 2138 91 26373 27 1576 27976 1 0.35 4.26 
2019/07/03 7.93 7.93 7.78 7.87 2451 2195 85 26302 27 1462 27791 0 0.36 3.87 
2019/07/04 7.87 7.98 7.87 7.93 606 2129 75 26245 27 1462 27734 0 0.35 3.52 
2019/07/05 7.98 7.98 7.93 7.97 487 2129 16 26151 27 1462 27640 1 0.35 0.75 
2019/07/08 7.95 7.95 7.88 7.89 663 2133 0 25971 27 1462 27460 0 0.35 0 
2019/07/09 7.88 7.94 7.87 7.88 660 2103 0 26009 27 1461 27497 0 0.35 0 
2019/07/10 7.9 7.93 7.87 7.89 699 2104 0 25807 27 1731 27565 1 0.35 0 
2019/07/11 7.89 7.96 7.89 7.95 421 2103 0 25873 27 1748 27648 0 0.35 0 
2019/07/12 7.96 7.96 7.89 7.91 337 2103 0 25815 27 1748 27590 0 0.35 0 
2019/07/15 7.9 7.91 7.87 7.89 343 2143 0 25776 27 1747 27550 1 0.36 0 
2019/07/16 7.89 7.96 7.87 7.96 998 2117 0 25702 397 1747 27846 0 0.35 0 
2019/07/17 7.96 7.99 7.87 7.97 1133 2126 0 26203 392 1747 28342 0 0.35 0 
2019/07/18 7.92 7.96 7.91 7.91 401 1907 0 26269 392 1754 28415 0 0.32 0 
2019/07/19 7.91 7.95 7.89 7.89 556 1800 0 26443 392 1754 28589 0 0.3 0 
2019/07/22 7.89 7.93 7.89 7.91 425 1829 0 26426 392 1754 28572 0 0.3 0 
2019/07/23 7.92 7.95 7.91 7.94 323 1850 0 26442 394 1754 28590 0 0.31 0 
2019/07/24 7.94 7.95 7.82 7.88 1095 1879 0 26422 397 1451 28270 0 0.31 0 
2019/07/25 7.88 7.92 7.84 7.88 545 1798 0 26491 397 1451 28339 0 0.3 0 
2019/07/26 7.88 7.88 7.86 7.88 202 1797 0 26537 397 1451 28385 0 0.3 0 
2019/07/29 7.87 7.89 7.85 7.87 498 1853 0 26580 397 1451 28428 0 0.31 0 
2019/07/30 7.87 7.92 7.86 7.92 434 1847 0 26706 397 1444 28547 0 0.31 0 
2019/07/31 7.9 7.92 7.86 7.86 499 1827 0 26691 397 1200 28288 0 0.3 0 
2019/08/01 7.85 7.87 7.84 7.86 285 1824 0 26678 397 1200 28275 0 0.3 0 
2019/08/02 7.84 7.85 7.82 7.84 410 1782 0 26708 397 1200 28305 0 0.3 0 
2019/08/05 7.81 7.84 7.8 7.8 627 1780 0 26753 397 1200 28350 0 0.3 0 
2019/08/06 7.75 7.97 7.7 7.87 765 1780 0 26929 401 1200 28530 0 0.3 0 
2019/08/07 7.87 7.87 7.77 7.78 456 1782 0 26895 397 997 28289 0 0.3 0 
2019/08/08 7.82 7.82 7.78 7.79 371 1765 0 26919 399 997 28315 0 0.29 0 
2019/08/12 7.75 7.8 7.75 7.79 410 1775 0 26879 399 997 28275 0 0.29 0 
2019/08/13 7.79 7.82 7.78 7.78 321 1765 3 26908 389 974 28271 0 0.29 0.17 
2019/08/14 7.78 7.81 7.77 7.77 473 1752 3 27004 390 953 28347 0 0.29 0.17 
2019/08/15 7.71 7.76 7.71 7.75 421 1737 3 27008 392 953 28353 0 0.29 0.17 
2019/08/16 7.75 7.87 7.73 7.79 597 1740 3 26973 392 968 28333 0 0.29 0.17 
2019/08/19 7.79 7.9 7.76 7.84 494 1745 3 26964 392 958 28314 0 0.29 0.17 
2019/08/20 7.84 7.84 7.75 7.79 930 1765 3 26745 394 958 28097 0 0.29 0.17 
2019/08/21 7.8 7.8 7.71 7.75 957 1783 3 26713 394 812 27919 0 0.3 0.17 
2019/08/22 7.75 7.76 7.7 7.72 606 1788 0 26960 394 812 28166 0 0.3 0 
2019/08/23 7.72 7.74 7.7 7.74 501 1795 0 26996 395 812 28203 0 0.3 0 
2019/08/26 7.7 7.7 7.6 7.61 1816 1779 0 26980 395 812 28187 0 0.29 0 
2019/08/27 7.62 7.67 7.6 7.6 541 1771 0 26934 398 812 28144 0 0.29 0 
2019/08/28 7.61 7.65 7.58 7.64 686 1794 0 26856 398 731 27985 0 0.3 0 
2019/08/29 7.64 7.64 7.59 7.62 690 1792 0 26835 400 730 27965 0 0.3 0 
2019/08/30 7.63 7.64 7.59 7.63 1207 1901 0 26847 400 730 27977 0 0.32 0 
2019/09/02 7.62 7.65 7.6 7.64 1725 1896 0 26921 400 730 28051 0 0.31 0 
2019/09/03 7.64 7.64 7.6 7.61 1653 1892 0 26953 400 730 28083 0 0.31 0 
2019/09/04 7.61 7.68 7.61 7.65 1286 1964 0 27162 400 1007 28569 0 0.33 0 
2019/09/05 7.65 7.68 7.61 7.65 1107 2080 0 27204 400 1007 28611 0 0.34 0 
2019/09/06 7.67 7.67 7.62 7.65 1217 2087 0 27343 400 960 28703 0 0.35 0 
2019/09/09 7.65 7.69 7.65 7.67 1425 1953 0 27677 400 960 29037 0 0.32 0 
2019/09/10 7.69 7.74 7.66 7.69 1266 1996 0 27910 400 960 29270 0 0.33 0 
2019/09/11 7.7 7.73 7.68 7.73 2134 2246 0 28909 401 684 29994 0 0.37 0 
2019/09/12 7.72 7.78 7.72 7.75 1354 2268 0 29205 401 684 30290 0 0.38 0 
2019/09/16 7.78 7.78 7.75 7.75 1952 2212 0 29330 386 684 30401 0 0.37 0 
2019/09/17 7.75 7.78 7.7 7.73 1215 2491 0 29404 386 684 30475 0 0.41 0 
2019/09/18 7.75 7.75 7.71 7.73 1028 2469 0 29990 386 394 30771 0 0.41 0 
2019/09/19 7.74 7.74 7.7 7.73 667 2538 0 30077 386 393 30857 0 0.42 0 
2019/09/20 7.73 7.74 7.71 7.72 554 2529 0 30287 386 393 31067 0 0.42 0 
2019/09/23 7.73 7.74 7.71 7.72 406 2536 0 30140 386 393 30920 0 0.42 0 
2019/09/24 7.72 7.74 7.71 7.72 530 2535 0 30202 386 393 30982 0 0.42 0 
2019/09/25 7.72 7.75 7.7 7.71 930 2533 0 30269 386 275 30931 0 0.42 0 
2019/09/26 7.71 7.73 7.7 7.7 568 2522 0 30096 386 275 30758 0 0.42 0 
2019/09/27 7.71 7.71 7.66 7.67 940 2439 0 29780 386 261 30428 0 0.4 0 
2019/10/01 7.7 7.7 7.64 7.64 759 2344 0 29668 387 261 30317 0 0.39 0 
2019/10/02 7.65 7.65 7.6 7.62 1162 2340 0 29615 387 259 30262 0 0.39 0 
2019/10/03 7.6 7.6 7.57 7.6 646 2291 0 29506 387 259 30153 0 0.38 0 
2019/10/04 7.59 7.61 7.58 7.6 1187 2292 0 29334 387 259 29981 0 0.38 0 
2019/10/07 7.6 7.63 7.59 7.61 575 2293 0 29315 387 259 29962 0 0.38 0 
2019/10/08 7.62 7.67 7.62 7.65 1179 2233 0 30045 387 259 30692 0 0.37 0 
2019/10/09 7.65 7.65 7.59 7.6 608 2218 0 30033 387 0 30421 0 0.37 0 
2019/10/14 7.62 7.69 7.62 7.67 930 2159 0 30681 387 0 31069 0 0.36 0 
2019/10/15 7.67 7.69 7.63 7.68 707 2129 0 30989 387 0 31377 0 0.35 0 
2019/10/16 7.69 7.75 7.66 7.72 1202 2092 0 31343 387 0 31731 0 0.35 0 
2019/10/17 7.74 7.76 7.71 7.73 582 2102 0 31392 387 0 31780 0 0.35 0 
2019/10/18 7.7 7.74 7.68 7.71 755 2348 0 30713 387 0 31101 0 0.39 0 
2019/10/21 7.7 7.73 7.67 7.7 446 2260 0 30879 387 0 31267 0 0.37 0 
2019/10/22 7.7 7.71 7.68 7.69 349 2241 0 30860 387 0 31248 0 0.37 0 
2019/10/23 7.69 7.7 7.63 7.67 1006 2241 0 30790 371 0 31161 0 0.37 0 
2019/10/24 7.65 7.71 7.65 7.7 964 2231 0 30779 371 0 31150 0 0.37 0 
2019/10/25 7.7 7.72 7.68 7.71 665 2206 0 30953 386 0 31339 0 0.37 0 
2019/10/28 7.71 7.72 7.68 7.7 488 2202 0 31109 386 0 31495 0 0.37 0 
2019/10/29 7.69 7.71 7.67 7.68 821 2130 0 31030 386 0 31416 0 0.35 0 
2019/10/30 7.68 7.69 7.65 7.69 697 2131 0 30905 386 20 31311 0 0.35 0 
2019/10/31 7.69 7.71 7.68 7.68 768 2120 0 30646 386 20 31052 0 0.35 0 
2019/11/01 7.7 7.7 7.65 7.67 759 1767 0 30756 389 20 31165 0 0.29 0 
2019/11/04 7.7 7.73 7.67 7.71 1028 1628 0 30925 388 20 31333 0 0.27 0 
2019/11/05 7.72 7.73 7.7 7.73 939 1707 0 30987 390 20 31397 0 0.28 0 
2019/11/06 7.73 7.76 7.71 7.72 1013 1740 0 31164 390 93 31647 0 0.29 0 
2019/11/07 7.77 7.78 7.72 7.75 1694 1820 0 31383 379 93 31855 0 0.3 0 
2019/11/08 7.77 7.79 7.74 7.78 2257 1786 0 31697 380 93 32170 0 0.3 0 
2019/11/11 7.81 7.82 7.74 7.74 1356 1836 0 31615 380 93 32088 0 0.3 0 
2019/11/12 7.75 7.77 7.73 7.77 773 1801 0 31589 397 93 32079 0 0.3 0 
2019/11/13 7.76 7.76 7.71 7.72 1652 1801 0 31348 397 189 31934 0 0.3 0 
2019/11/14 7.73 7.74 7.7 7.7 950 1752 0 31405 397 189 31991 0 0.29 0 
2019/11/15 7.75 7.75 7.7 7.74 847 1764 0 31411 397 189 31997 0 0.29 0 
2019/11/18 7.74 7.76 7.72 7.73 800 1678 0 31337 397 189 31923 0 0.28 0 
2019/11/19 7.73 7.75 7.71 7.74 640 1669 0 31252 388 189 31829 0 0.28 0 
2019/11/20 7.74 7.78 7.72 7.76 1365 1629 0 31697 402 189 32288 0 0.27 0 
2019/11/21 7.76 7.76 7.73 7.76 448 1638 0 31679 433 189 32301 0 0.27 0 
2019/11/22 7.76 7.76 7.73 7.76 391 1615 0 31722 440 189 32351 0 0.27 0 
2019/11/25 7.8 7.8 7.76 7.77 595 1601 0 31819 440 189 32448 0 0.27 0 
2019/11/26 7.77 7.8 7.77 7.79 579 1606 0 31646 448 189 32283 0 0.27 0 
2019/11/27 7.79 7.8 7.75 7.78 895 1540 0 31682 454 309 32445 0 0.26 0 
2019/11/28 7.77 7.79 7.76 7.77 326 1532 0 31678 454 309 32441 0 0.25 0 
2019/11/29 7.76 7.77 7.75 7.76 657 1520 0 31554 456 309 32319 0 0.25 0 
2019/12/02 7.76 7.76 7.74 7.76 523 1520 0 31410 464 309 32183 0 0.25 0 
2019/12/03 7.76 7.77 7.75 7.76 214 1489 0 31428 466 309 32203 0 0.25 0 
2019/12/04 7.76 7.77 7.75 7.77 899 1486 0 31289 469 295 32053 0 0.25 0 
2019/12/05 7.77 7.77 7.74 7.74 695 1390 0 31099 476 295 31870 0 0.23 0 
2019/12/06 7.74 7.76 7.73 7.73 549 1363 0 31110 476 295 31881 0 0.23 0 
2019/12/09 7.73 7.77 7.73 7.77 516 1345 0 31088 478 295 31861 0 0.22 0 
2019/12/10 7.77 7.78 7.75 7.76 443 1286 0 30988 480 295 31763 0 0.21 0 
2019/12/11 7.75 7.77 7.75 7.77 723 1261 0 30968 480 301 31749 0 0.21 0 
2019/12/12 7.77 7.79 7.76 7.76 1267 1261 0 31035 480 301 31816 0 0.21 0 
2019/12/13 7.77 7.79 7.76 7.76 1811 1429 0 31127 480 301 31908 0 0.24 0 
2019/12/16 7.76 7.81 7.76 7.76 1806 1428 0 31586 480 301 32367 0 0.24 0 
2019/12/17 7.76 7.84 7.76 7.79 2607 1498 0 31831 480 301 32612 0 0.25 0 
2019/12/18 7.83 7.85 7.8 7.8 1218 1542 0 32480 481 301 33262 0 0.26 0 
2019/12/19 7.8 7.83 7.78 7.78 1044 1537 0 32643 481 301 33425 0 0.25 0 
2019/12/20 7.8 7.82 7.78 7.82 424 1528 0 32723 481 301 33505 0 0.25 0 
2019/12/23 7.82 7.85 7.81 7.84 551 1534 0 32945 481 301 33727 0 0.25 0 
2019/12/24 7.84 7.84 7.8 7.81 716 1506 0 33192 481 301 33974 0 0.25 0 
2019/12/25 7.81 7.89 7.8 7.87 982 1450 0 33290 481 800 34571 0 0.24 0 
2019/12/26 7.9 7.9 7.84 7.86 514 1452 0 33312 481 755 34548 0 0.24 0 
2019/12/27 7.9 7.9 7.84 7.84 450 1425 0 32573 481 755 33809 0 0.24 0 
2019/12/30 7.85 7.85 7.81 7.82 503 1313 0 32575 481 755 33811 0 0.22 0 
2019/12/31 7.8 7.82 7.79 7.81 736 1317 0 32606 481 755 33842 0 0.22 0 
2020/01/02 7.81 7.82 7.79 7.81 453 1316 0 32820 481 757 34058 0 0.22 0 
2020/01/03 7.81 7.84 7.8 7.83 525 1315 0 32939 481 757 34177 0 0.22 0 
2020/01/06 7.83 7.83 7.78 7.79 817 1285 0 32867 481 757 34105 0 0.21 0 
2020/01/07 7.79 7.82 7.79 7.8 453 1286 0 32953 481 757 34191 0 0.21 0 
2020/01/08 7.8 7.8 7.77 7.77 711 1264 0 32901 481 735 34117 0 0.21 0 
2020/01/09 7.78 7.8 7.77 7.77 345 1252 0 32763 481 748 33992 0 0.21 0 
2020/01/10 7.8 7.82 7.77 7.79 689 1253 0 32765 481 748 33994 0 0.21 0 
2020/01/13 7.79 7.82 7.79 7.82 580 1126 0 33107 481 748 34336 0 0.19 0 
2020/01/14 7.82 7.82 7.79 7.8 547 1095 0 33085 481 748 33085 0 0.18 0 
2020/01/15 7.8 7.81 7.78 7.79 699 1091 0 33142 481 531 34154 0 0.18 0 
2020/01/16 7.8 7.81 7.79 7.81 182 1137 0 33156 485 522 33156 0 0.19 0 
2020/01/17 7.81 7.81 7.79 7.8 252 1148 0 33137 487 515 33137 0 0.19 0 
2020/01/20 7.8 7.83 7.79 7.83 677 1142 0 33275 487 515 33275 0 0.19 0 
2020/01/30 7.63 7.76 7.61 7.62 2126 1021 0 33067 508 513 34088 0 0.17 0 
2020/01/31 7.62 7.67 7.61 7.63 1147 1050 0 32651 516 513 33680 0 0.17 0 
2020/02/03 7.54 7.55 7.41 7.55 1012 979 0 32360 569 521 33450 0 0.16 0 
2020/02/04 7.52 7.56 7.5 7.55 669 1013 0 32057 569 538 33164 0 0.17 0 
2020/02/05 7.55 7.59 7.53 7.55 523 1003 0 31934 570 440 32944 0 0.17 0 
2020/02/06 7.59 7.64 7.56 7.64 314 1028 0 31852 575 440 32867 0 0.17 0 
2020/02/07 7.59 7.62 7.55 7.58 558 972 0 31739 576 440 32755 0 0.16 0 
2020/02/10 7.57 7.58 7.49 7.51 2090 1064 0 31595 576 438 32609 0 0.18 0 
2020/02/11 7.51 7.55 7.51 7.53 368 1085 0 31652 576 439 32667 0 0.18 0 
2020/02/12 7.53 7.58 7.51 7.56 755 1066 0 31598 576 547 32721 0 0.18 0 
2020/02/13 7.56 7.56 7.53 7.54 376 1061 0 31515 576 547 32638 0 0.18 0 
2020/02/14 7.54 7.54 7.51 7.53 739 1072 0 31466 576 515 32557 0 0.18 0 
2020/02/17 7.52 7.53 7.51 7.51 813 1053 0 31483 576 515 32574 0 0.17 0 
2020/02/18 7.55 7.58 7.53 7.56 387 1027 0 31551 582 514 32647 0 0.17 0 
2020/02/19 7.56 7.65 7.56 7.63 861 1014 0 31633 583 513 32729 0 0.17 0 
2020/02/20 7.64 7.7 7.64 7.69 735 1012 0 31645 583 509 32737 0 0.17 0 
2020/02/21 7.68 7.71 7.65 7.66 896 1011 0 31256 584 499 32339 0 0.17 0 
2020/02/24 7.62 7.63 7.58 7.61 663 1008 0 31052 595 496 32143 0 0.17 0 
2020/02/25 7.55 7.64 7.55 7.62 508 1008 0 31088 595 496 32179 0 0.17 0 
2020/02/26 7.61 7.61 7.58 7.6 377 1008 0 31042 605 499 32146 0 0.17 0 
2020/02/27 7.6 7.6 7.53 7.53 700 962 0 30816 617 498 31931 0 0.16 0 
2020/03/02 7.5 7.56 7.42 7.47 946 960 0 30790 623 556 31969 0 0.16 0 
2020/03/03 7.5 7.53 7.48 7.5 465 953 0 30672 630 520 31822 0 0.16 0 
2020/03/04 7.5 7.5 7.47 7.5 446 952 0 30679 630 458 31767 0 0.16 0 
2020/03/05 7.51 7.53 7.48 7.49 595 983 0 30689 630 458 31777 0 0.16 0 
2020/03/06 7.48 7.49 7.41 7.42 1389 961 0 30181 633 330 31144 0 0.16 0 
2020/03/09 7.4 7.4 7.15 7.2 2245 981 0 29499 651 238 30388 0 0.16 0 
2020/03/10 7.05 7.3 7.02 7.1 2172 1000 0 30703 653 259 31615 0 0.17 0 
2020/03/11 7.12 7.13 6.98 7 2940 1053 0 30378 653 0 31031 0 0.17 0 
2020/03/12 6.97 6.97 6.57 6.66 5736 1114 0 30711 661 0 31372 0 0.18 0 
2020/03/13 6.2 6.59 6.03 6.59 4639 1118 0 30444 661 0 31105 10 0.19 0 
2020/03/16 6.4 6.49 6.01 6.13 3895 1133 0 29912 666 0 30578 0 0.19 0 
2020/03/17 6 6.29 5.85 6.13 3706 1084 0 29714 685 0 30399 1 0.18 0 
2020/03/18 6.17 6.17 5.82 5.95 2725 1090 0 29688 695 0 30383 0 0.18 0 
2020/03/19 5.86 5.86 5.36 5.42 3261 1123 0 29623 704 16 30343 0 0.19 0 
2020/03/20 5.65 5.96 5.65 5.96 2738 1111 4 29607 696 9 30312 1 0.18 0.36 
2020/03/23 6 6.42 5.99 6.22 2752 1137 1 29881 700 0 30581 0 0.19 0.09 
2020/03/24 6.38 6.46 6.3 6.34 2924 1022 10 30317 700 0 31017 0 0.17 0.98 
2020/03/25 6.56 6.6 6.48 6.58 2851 1047 9 30698 700 0 31398 22 0.17 0.86 
2020/03/26 6.58 6.58 6.45 6.58 1391 1026 9 30804 712 0 31516 0 0.17 0.88 
2020/03/27 6.59 6.68 6.59 6.63 1844 859 9 30912 718 0 31630 0 0.14 1.05 
2020/03/30 6.55 6.64 6.41 6.57 955 888 13 31020 718 0 31738 0 0.15 1.46 
2020/03/31 6.59 6.64 6.49 6.49 1708 907 13 31025 718 0 31743 0 0.15 1.43 
2020/04/01 6.4 6.52 6.4 6.52 710 924 5 31217 718 0 31935 0 0.15 0.54 
2020/04/06 6.52 6.54 6.4 6.5 2130 924 4 31841 722 0 32563 20 0.15 0.43 
2020/04/07 6.52 6.56 6.45 6.51 1441 987 4 31710 722 0 32432 0 0.16 0.41 
2020/04/08 6.53 6.6 6.52 6.6 1468 1045 4 32066 722 0 32788 0 0.17 0.38 
2020/04/09 6.6 6.68 6.6 6.66 1753 1139 4 32022 722 0 32744 0 0.19 0.35 
2020/04/10 6.66 6.75 6.63 6.75 1962 1054 4 32514 722 0 33236 0 0.17 0.38 
2020/04/13 6.73 6.78 6.7 6.71 1554 1084 0 32587 710 0 33297 0 0.18 0 
2020/04/14 6.73 6.78 6.71 6.77 1554 1092 0 32981 710 0 33691 0 0.18 0 
2020/04/15 6.77 6.83 6.76 6.82 1712 1087 0 33784 710 0 34494 0 0.18 0 
2020/04/16 6.79 6.79 6.72 6.79 1450 1274 0 33028 710 0 33738 0 0.21 0 
2020/04/17 6.85 6.98 6.8 6.9 1946 1078 0 33872 710 0 34582 0 0.18 0 
2020/04/20 6.87 6.95 6.87 6.95 583 1065 0 33902 712 0 34614 0 0.18 0 
2020/04/21 6.9 6.9 6.66 6.67 2121 1205 0 32228 712 0 32940 0 0.2 0 
2020/04/22 6.66 7.06 6.66 6.85 967 1125 0 32307 712 0 33019 10 0.19 0 
2020/04/23 6.81 6.93 6.81 6.85 798 1065 0 32203 712 0 32915 0 0.18 0 
2020/04/24 6.84 6.87 6.78 6.87 441 1050 0 32137 712 0 32849 0 0.17 0 
2020/04/27 6.9 6.99 6.88 6.96 1406 976 0 33517 715 0 34232 0 0.16 0 
2020/04/28 6.96 7 6.96 7 798 1009 0 33607 715 0 34322 0 0.17 0 
2020/04/29 6.98 7.11 6.98 7.1 1586 997 0 34472 715 0 35187 0 0.17 0 
2020/04/30 7.1 7.29 7.1 7.26 2023 1012 0 35623 715 0 36338 0 0.17 0 
2020/05/04 7.19 7.19 7.07 7.12 1295 1025 1 35022 715 0 35737 0 0.17 0.1 
2020/05/05 7.15 7.15 7.04 7.11 1011 1024 0 34596 715 0 35311 0 0.17 0 
2020/05/06 7.11 7.11 7.02 7.07 627 1037 0 34548 715 0 35263 0 0.17 0 
2020/05/07 7.07 7.13 7.04 7.1 445 1039 0 34844 715 0 35559 0 0.17 0 
2020/05/08 7.11 7.25 7.11 7.11 440 1039 0 34969 715 0 35684 0 0.17 0 
2020/05/11 7.13 7.19 7.13 7.16 500 990 0 35176 797 0 35973 0 0.16 0 
2020/05/12 7.15 7.15 7.05 7.09 1015 1079 0 34705 797 0 35502 0 0.18 0 
2020/05/13 7.09 7.1 7.04 7.1 315 1077 0 34424 801 0 35225 0 0.18 0 
2020/05/14 7.1 7.11 7.03 7.04 760 1098 8 34173 801 0 34974 0 0.18 0.73 
2020/05/15 7.06 7.1 7.01 7.06 445 1114 14 34064 801 33 34898 0 0.18 1.26 
2020/05/18 7.06 7.17 7.05 7.09 558 1060 14 34403 801 61 35265 0 0.18 1.32 
2020/05/19 7.14 7.17 7.1 7.15 601 1012 16 34635 801 47 35483 0 0.17 1.58 
2020/05/20 7.16 7.19 7.1 7.11 879 987 16 34649 801 60 35510 0 0.16 1.62 
2020/05/21 7.12 7.16 7.09 7.13 385 1011 2 34712 801 60 35573 0 0.17 0.2 
2020/05/22 7.1 7.1 7 7.03 1161 967 0 33945 802 60 34807 0 0.16 0 
2020/05/25 7.04 7.04 6.95 7.03 559 970 0 33626 802 60 34488 0 0.16 0 
2020/05/26 7.03 7.11 7.01 7.1 653 937 0 34029 802 60 34891 0 0.16 0 
2020/05/27 7.05 7.12 7.05 7.08 475 1013 0 34034 802 60 34896 0 0.17 0 
2020/05/28 7.08 7.1 7 7.03 657 1075 0 34025 802 60 34887 0 0.18 0 
2020/05/29 7.01 7.06 6.92 6.92 1038 1029 0 33132 802 106 34040 0 0.17 0 
2020/06/01 6.99 7.09 6.98 7.04 870 1002 0 33517 802 136 34455 0 0.17 0 
2020/06/02 7.05 7.1 7.03 7.07 547 1016 0 33452 802 137 34391 0 0.17 0 
2020/06/03 7.08 7.24 7.08 7.2 1945 973 0 33980 802 846 35628 0 0.16 0 
2020/06/04 7.25 7.26 7.16 7.19 981 1009 0 33777 802 846 35425 0 0.17 0 
2020/06/05 7.19 7.23 7.15 7.23 883 1014 0 33948 802 846 35596 0 0.17 0 
2020/06/08 7.25 7.3 7.22 7.28 1310 1026 0 34318 802 848 35968 0 0.17 0 
2020/06/09 7.3 7.31 7.25 7.29 1056 1042 0 34748 798 848 36394 0 0.17 0 
2020/06/10 7.29 7.34 7.28 7.32 978 1031 0 35117 796 848 36761 0 0.17 0 
2020/06/11 7.32 7.33 7.2 7.2 1188 1072 0 34776 794 848 36418 0 0.18 0 
2020/06/12 7.1 7.17 7.03 7.15 923 1097 0 34611 792 848 36251 0 0.18 0 
2020/06/15 7.29 7.29 7.09 7.17 1104 1214 0 34097 792 759 35648 0 0.2 0 
2020/06/16 7.19 7.29 7.17 7.28 1214 1153 0 34953 792 759 36504 0 0.19 0 
2020/06/17 7.28 7.3 7.22 7.3 819 1154 0 35263 792 522 36577 0 0.19 0 
2020/06/18 7.28 7.3 7.23 7.3 476 1148 0 35331 792 522 36645 0 0.19 0 
2020/06/19 7.29 7.3 7.24 7.26 720 1148 0 35208 792 522 36522 0 0.19 0 
2020/06/22 7.3 7.3 7.24 7.28 1035 1153 0 35296 792 522 36610 0 0.19 0 
2020/06/23 7.28 7.29 7.18 7.26 792 1128 0 35554 792 522 36868 0 0.19 0 
2020/06/24 7.26 7.31 7.24 7.26 729 1128 0 35838 787 504 37129 0 0.19 0 
2020/06/29 7.23 7.25 7.17 7.25 1252 1134 0 34982 787 504 36273 0 0.19 0 
2020/06/30 7.25 7.25 7.2 7.21 708 1156 0 34708 787 504 35999 1 0.19 0 
2020/07/01 7.21 7.25 7.18 7.2 542 1169 0 34712 784 465 35961 0 0.19 0 
2020/07/02 7.2 7.25 7.2 7.24 779 1223 0 34175 782 442 35399 0 0.2 0 
2020/07/03 7.25 7.25 7.2 7.22 856 1453 0 34174 778 435 35387 0 0.24 0 
2020/07/06 7.22 7.3 7.22 7.28 2202 1341 0 35159 770 436 36365 0 0.22 0 
2020/07/07 7.3 7.31 7.22 7.28 1338 1360 0 35060 767 436 36263 0 0.23 0 
2020/07/08 7.28 7.32 7.25 7.31 981 1345 0 35190 764 604 36558 0 0.22 0 
2020/07/09 7.27 7.35 7.27 7.31 1340 1160 0 35232 758 604 36594 0 0.19 0 
2020/07/10 7.29 7.31 7.25 7.25 1197 1149 0 34787 755 601 36143 1 0.19 0 
2020/07/13 7.27 7.31 7.24 7.29 1352 1240 0 34978 754 630 36362 0 0.21 0 
2020/07/14 7.28 7.28 7.24 7.25 850 1242 0 34859 744 630 36233 0 0.21 0 
2020/07/15 7.27 7.31 7.26 7.27 1181 1241 0 35602 737 630 36969 1 0.21 0 
2020/07/16 7.29 7.33 7.28 7.32 1417 1296 0 36023 748 590 37361 0 0.21 0 
2020/07/17 7.34 7.4 7.32 7.33 1442 1198 0 36079 739 590 37408 0 0.2 0 
2020/07/20 7.33 7.34 7.29 7.32 1200 1444 0 36232 735 592 37559 0 0.24 0 
2020/07/21 7.32 7.42 7.32 7.37 5311 1225 0 40073 722 587 41382 0 0.2 0 
2020/07/22 7.39 7.45 7.38 7.4 1992 1204 0 40349 717 573 41639 0 0.2 0 
2020/07/23 7.38 7.44 7.38 7.41 1373 1204 0 40434 717 555 41706 0 0.2 0 
2020/07/24 7.39 7.4 7.32 7.35 1760 1206 0 40103 579 504 41186 0 0.2 0 
2020/07/27 7.34 7.35 7.26 7.27 1478 1265 0 39011 574 496 40081 0 0.21 0 
2020/07/28 7.3 7.32 7.23 7.26 5238 1519 0 38219 568 492 39279 0 0.25 0 
2020/07/29 7.22 7.56 7.22 7.3 3708 1342 0 38260 567 298 39125 0 0.22 0 
2020/07/30 7.34 7.35 7.3 7.31 4798 1502 0 37353 567 438 38358 0 0.25 0 
2020/07/31 6.93 6.94 6.9 6.91 3811 2030 0 37890 567 294 38751 0 0.34 0 
2020/08/03 6.92 6.92 6.75 6.77 2513 2370 0 34674 567 316 35557 0 0.39 0 
2020/08/04 6.76 6.76 6.65 6.7 3668 2411 0 33673 568 294 34535 0 0.4 0 
2020/08/05 6.7 6.7 6.64 6.69 1576 2284 0 33289 569 270 34128 0 0.38 0 
2020/08/06 6.69 6.74 6.65 6.71 1591 1992 0 32936 567 221 33724 0 0.33 0 
2020/08/07 6.71 6.72 6.69 6.71 1266 2008 0 32622 567 221 33410 0 0.33 0 
2020/08/10 6.73 6.77 6.68 6.76 1719 1872 0 33286 567 228 34081 0 0.31 0 
2020/08/11 6.76 6.87 6.73 6.83 2337 1733 0 33869 568 228 34665 0 0.29 0 
2020/08/12 6.87 6.87 6.77 6.79 1283 2139 0 33444 569 69 34082 0 0.35 0 
2020/08/13 6.81 6.81 6.75 6.76 946 1606 0 33443 569 70 34082 0 0.27 0 
2020/08/14 6.75 6.78 6.7 6.76 887 1699 0 33363 569 70 34002 2 0.28 0 
2020/08/17 6.76 6.81 6.73 6.78 881 1527 0 33504 569 85 34158 0 0.25 0 
2020/08/18 6.81 6.81 6.76 6.8 620 1567 0 33484 569 95 34148 0 0.26 0 
2020/08/19 6.8 6.82 6.76 6.8 1273 1549 0 33537 569 91 34197 0 0.26 0 
2020/08/20 6.77 6.77 6.64 6.65 2686 1579 1 32262 569 68 32899 0 0.26 0.06 
2020/08/21 6.7 6.77 6.64 6.75 995 1632 0 32212 569 75 32856 0 0.27 0 
2020/08/24 6.75 6.77 6.69 6.7 1019 2161 0 31853 558 75 32485 0 0.36 0 
2020/08/25 6.7 6.77 6.7 6.77 904 2158 0 32151 558 75 32783 0 0.36 0 
2020/08/26 6.77 6.8 6.75 6.76 774 2360 0 32226 560 75 32860 0 0.39 0 
2020/08/27 6.78 6.78 6.71 6.76 461 2372 0 32207 560 36 32802 0 0.39 0 
2020/08/28 6.77 6.77 6.74 6.77 409 2374 0 32613 560 36 33208 0 0.39 0 
2020/08/31 6.78 6.83 6.77 6.83 1487 2241 0 33341 561 36 33937 0 0.37 0 
2020/09/01 6.82 6.83 6.78 6.82 951 2020 0 33256 561 202 34018 0 0.33 0 
2020/09/02 6.8 6.82 6.76 6.79 1412 1998 0 32643 561 501 33704 0 0.33 0 
2020/09/03 6.79 6.83 6.77 6.8 1013 1920 0 32842 561 794 34196 1 0.32 0 
2020/09/04 6.77 6.79 6.6 6.76 1406 1923 0 32980 562 1106 34647 0 0.32 0 
2020/09/07 6.76 6.89 6.76 6.85 2083 1861 0 33563 562 1344 35468 0 0.31 0 
2020/09/08 6.89 6.92 6.85 6.87 1377 1890 0 33748 562 1734 36043 0 0.31 0 
2020/09/09 6.85 6.91 6.79 6.9 1475 1888 0 33871 563 1751 36184 0 0.31 0 
2020/09/10 6.92 6.92 6.86 6.9 1169 1651 0 33711 563 1995 36268 0 0.27 0 
2020/09/11 6.9 6.97 6.9 6.97 1977 2106 0 33872 563 2236 36670 0 0.35 0 
2020/09/14 6.97 7.08 6.97 7.07 2679 1750 0 34529 563 2480 37571 0 0.29 0 
2020/09/15 7.08 7.08 7 7.01 1501 1698 0 34305 563 2805 37672 0 0.28 0 
2020/09/16 7.01 7.02 6.96 7.02 1123 1741 0 34448 563 3135 38145 0 0.29 0 
2020/09/17 7.01 7.05 7 7.04 908 1735 0 34726 560 3243 38528 0 0.29 0 
2020/09/18 7.05 7.08 7.02 7.05 1126 1745 0 35400 560 3229 39188 0 0.29 0 
2020/09/21 7.04 7.05 6.98 6.99 2496 1779 0 35890 560 3229 39678 0 0.29 0 
2020/09/22 6.97 6.97 6.86 6.89 1274 1801 0 35712 561 3215 39487 0 0.3 0 
2020/09/23 6.9 6.92 6.75 6.8 1801 1705 0 34933 557 3197 38686 0 0.28 0 
2020/09/24 6.76 6.76 6.61 6.63 3113 1953 0 32924 557 3197 36677 0 0.32 0 
2020/09/25 6.63 6.74 6.62 6.73 1655 1922 10 33105 557 3197 36858 0 0.32 0.52 
2020/09/28 6.78 6.82 6.7 6.77 870 1930 21 33371 557 3197 37124 0 0.32 1.09 
2020/09/29 6.82 6.82 6.7 6.74 869 1943 22 33453 557 3182 37191 0 0.32 1.13 
2020/09/30 6.77 6.77 6.7 6.72 917 1940 24 33421 557 2947 36924 0 0.32 1.24 
2020/10/05 6.71 6.77 6.66 6.77 1170 1931 88 33451 557 2791 36798 0 0.32 4.56 
2020/10/06 6.75 6.75 6.68 6.74 1835 1996 88 33812 639 2180 36630 0 0.33 4.41 
2020/10/07 6.73 6.73 6.66 6.7 2433 2044 302 34108 639 1820 36566 0 0.34 14.77 
2020/10/08 6.7 6.7 6.64 6.67 3674 1955 318 34430 639 320 35388 0 0.32 16.27 
2020/10/12 6.67 6.69 6.64 6.64 2366 2107 398 34609 639 0 35247 0 0.35 18.89 
2020/10/13 6.64 6.64 6.6 6.63 2170 2132 415 34452 639 0 35090 0 0.35 19.47 
2020/10/14 6.63 6.65 6.6 6.61 2249 2175 659 34376 639 0 35014 0 0.36 30.3 
2020/10/15 6.61 6.66 6.6 6.65 2209 2460 762 34386 639 0 35024 0 0.41 30.98 
2020/10/16 6.63 6.64 6.6 6.61 1876 2447 1035 34308 639 0 34946 0 0.41 42.3 
2020/10/19 6.6 6.65 6.6 6.65 1845 2517 1198 35592 639 0 36230 0 0.42 47.6 
2020/10/20 6.63 6.65 6.6 6.61 1853 2248 1157 35164 639 571 36373 0 0.37 51.47 
2020/10/21 6.6 6.61 6.54 6.57 2258 2269 1187 35053 639 84 35775 0 0.38 52.31 
2020/10/22 6.55 6.57 6.53 6.55 1759 2291 1121 35690 644 0 36334 0 0.38 48.93 
2020/10/23 6.55 6.56 6.53 6.54 1258 2301 1136 38293 644 0 38937 0 0.34 49.37 
2020/10/26 6.41 6.51 6.38 6.5 22983 2408 128 38869 644 4172 43685 0 0.35 5.32 
2020/10/27 6.49 6.49 6.44 6.48 4721 2679 30 38933 644 3722 43299 0 0.39 1.12 
2020/10/28 6.46 6.49 6.44 6.47 4799 3058 25 38511 644 3322 42477 0 0.45 0.82 
2020/10/29 6.45 6.46 6.37 6.44 4274 2991 21 38131 644 2774 41549 0 0.44 0.7 
2020/10/30 6.43 6.45 6.35 6.41 3829 3109 18 37285 644 2627 40556 0 0.46 0.58 
2020/11/02 6.4 6.41 6.37 6.4 1421 3128 18 38058 644 2468 41170 0 0.46 0.58 
2020/11/03 6.4 6.45 6.39 6.45 3079 3115 18 38759 644 2460 41863 0 0.46 0.58 
2020/11/04 6.45 6.45 6.4 6.42 1725 3127 18 38589 644 2374 41607 0 0.46 0.58 
2020/11/05 6.42 6.43 6.4 6.42 1267 3143 18 38593 644 2081 41318 0 0.46 0.57 
2020/11/06 6.44 6.44 6.39 6.43 2233 3184 6 38740 644 1861 41245 0 0.47 0.19 
2020/11/09 6.43 6.47 6.42 6.43 3136 3539 6 39333 644 1827 41804 0 0.52 0.17 
2020/11/10 6.45 6.5 6.44 6.47 4306 3682 6 40795 644 1471 42910 2 0.54 0.16 
2020/11/11 6.49 6.59 6.47 6.58 6356 3605 10 43039 644 1479 45162 3 0.53 0.28 
2020/11/12 6.58 6.59 6.51 6.52 2547 3303 7 42796 644 1296 44736 0 0.48 0.21 
2020/11/13 6.51 6.54 6.48 6.53 1346 3241 10 42851 644 1299 44794 0 0.47 0.31 
2020/11/16 6.54 6.56 6.53 6.55 3053 2902 20 43012 645 1243 44900 0 0.42 0.69 
2020/11/17 6.56 6.56 6.53 6.56 1836 2845 20 43236 645 1118 44999 0 0.42 0.7 
2020/11/18 6.56 6.6 6.54 6.6 2683 2739 20 43870 645 920 45435 0 0.4 0.73 
2020/11/19 6.6 6.61 6.59 6.61 2070 2768 10 44064 645 920 45629 0 0.41 0.36 
2020/11/20 6.6 6.61 6.58 6.6 1530 2767 10 44135 645 664 45444 0 0.4 0.36 
2020/11/23 6.61 6.66 6.61 6.63 2687 2778 10 44825 645 622 46092 0 0.41 0.36 
2020/11/24 6.64 6.65 6.6 6.6 2154 2813 10 44618 645 324 45587 0 0.41 0.36 
2020/11/25 6.62 6.65 6.6 6.62 2131 2838 10 44854 645 291 45790 0 0.42 0.35 
2020/11/26 6.62 6.63 6.6 6.61 2019 2715 10 45471 645 0 46116 0 0.4 0.37 
2020/11/27 6.62 6.63 6.61 6.63 1498 2671 10 45666 646 0 46312 0 0.39 0.37 
2020/11/30 6.63 6.65 6.6 6.6 2632 2714 5 45060 646 0 45706 1 0.4 0.18 
2020/12/01 6.6 6.62 6.59 6.62 1216 2719 2 44930 649 7 45586 0 0.4 0.07 
2020/12/02 6.62 6.63 6.59 6.6 2035 2690 2 44441 650 19 45110 0 0.39 0.07 
2020/12/03 6.6 6.6 6.57 6.59 1580 2686 2 44224 650 19 44893 0 0.39 0.07 
2020/12/04 6.59 6.61 6.58 6.61 1748 2482 2 44261 650 28 44939 0 0.36 0.08 
2020/12/07 6.61 6.62 6.57 6.61 2489 2465 2 44237 650 25 44912 0 0.36 0.08 
2020/12/08 6.6 6.6 6.56 6.56 1880 2419 2 43641 651 18 44310 0 0.35 0.08 
2020/12/09 6.55 6.55 6.5 6.53 2107 2241 0 43887 653 21 44561 0 0.33 0 
2020/12/10 6.54 6.54 6.48 6.49 1531 2247 0 43378 657 3 44038 0 0.33 0 
2020/12/11 6.51 6.54 6.49 6.5 1682 2298 0 43559 657 0 44216 0 0.34 0 
2020/12/14 6.5 6.53 6.5 6.52 1053 2324 0 43460 657 0 44117 0 0.34 0 
2020/12/15 6.5 6.51 6.46 6.49 2348 2324 0 42381 659 0 43040 0 0.34 0 
2020/12/16 6.5 6.56 6.49 6.55 2577 2334 0 43639 659 0 44298 0 0.34 0 
2020/12/17 6.55 6.55 6.52 6.55 824 2331 0 43800 659 0 44459 0 0.34 0 
2020/12/18 6.55 6.55 6.52 6.52 997 2277 0 43639 659 0 44298 0 0.33 0 
2020/12/21 6.52 6.55 6.51 6.53 1910 2425 0 43918 659 0 44577 0 0.35 0 
2020/12/22 6.52 6.55 6.5 6.5 1316 2466 0 43793 659 0 44452 0 0.36 0 
2020/12/23 6.5 6.54 6.49 6.52 685 2482 0 43789 659 0 44448 0 0.36 0 
2020/12/24 6.52 6.54 6.5 6.54 2434 2487 0 44062 661 1 44724 0 0.36 0 
2020/12/25 6.54 6.62 6.53 6.59 4427 2510 1 44511 661 0 45172 0 0.37 0.04 
2020/12/28 6.62 6.68 6.6 6.68 3486 2616 1 45239 661 0 45900 0 0.38 0.04 
2020/12/29 6.68 6.77 6.68 6.77 5091 2684 1 45941 663 0 46604 0 0.39 0.04 
2020/12/30 6.79 6.97 6.79 6.94 9077 3235 1 46011 663 562 47236 0 0.47 0.03 
2020/12/31 7 7.01 6.88 6.93 5431 3298 1 46095 663 561 47319 0 0.48 0.03 
2021/01/04 6.93 6.93 6.78 6.86 5203 3338 1 45017 663 504 46184 0 0.49 0.03 
2021/01/05 6.85 6.88 6.82 6.88 2097 3100 1 44974 664 482 46120 0 0.45 0.03 
2021/01/06 6.86 6.88 6.77 6.79 3177 3041 2 44377 664 97 45138 0 0.45 0.07 
2021/01/07 6.8 6.88 6.8 6.87 2431 2990 2 45170 666 0 45836 0 0.44 0.07 
2021/01/08 6.87 6.97 6.86 6.94 3221 2910 2 46645 666 0 47311 0 0.43 0.07 
2021/01/11 6.97 6.98 6.89 6.91 2618 2898 5 46558 667 0 47225 0 0.42 0.17 
2021/01/12 6.93 6.93 6.8 6.82 2616 2576 5 45943 667 0 46610 0 0.38 0.19 
2021/01/13 6.88 6.89 6.77 6.89 3228 2573 5 47120 667 159 47946 3 0.38 0.19 
2021/01/14 6.86 6.89 6.84 6.89 1309 2720 5 47332 669 159 48160 0 0.4 0.18 
2021/01/15 6.88 6.88 6.8 6.81 2491 2889 5 47018 671 157 47846 0 0.42 0.17 
2021/01/18 6.77 6.78 6.71 6.76 1993 2807 5 46459 671 165 47295 0 0.41 0.18 
2021/01/19 6.76 6.77 6.71 6.75 1447 2906 2 46416 673 165 47254 0 0.43 0.07 
2021/01/20 6.71 6.71 6.61 6.61 3920 3104 3 44558 674 160 45392 0 0.45 0.1 
2021/01/21 6.61 6.68 6.61 6.65 1047 2986 3 45706 679 160 46545 0 0.44 0.1 
2021/01/22 6.71 6.71 6.6 6.62 1499 3046 3 44265 679 160 45104 0 0.45 0.1 
2021/01/25 6.6 6.68 6.6 6.68 1250 3123 3 44249 682 160 45091 0 0.46 0.1 
2021/01/26 6.66 6.68 6.63 6.65 918 3151 3 44089 686 152 44927 0 0.46 0.1 
2021/01/27 6.65 6.67 6.62 6.64 1051 3136 3 43968 686 152 44806 0 0.46 0.1 
2021/01/28 6.6 6.65 6.58 6.63 1290 3286 3 43400 688 152 44240 0 0.48 0.09 
2021/01/29 6.62 6.62 6.56 6.57 2279 3292 3 41173 689 152 41173 0 0.48 0.09 
2021/02/01 6.53 6.58 6.53 6.56 1590 3074 3 41427 689 0 41427 0 0.45 0.1 
2021/02/02 6.55 6.62 6.52 6.59 1821 3104 3 41129 689 0 41129 0 0.45 0.1 
2021/02/03 6.62 6.62 6.53 6.6 1114 3102 2 41136 689 0 41136 0 0.45 0.06 
2021/02/04 6.57 6.6 6.55 6.59 759 3026 2 40887 689 0 40887 0 0.44 0.07 
2021/02/05 6.59 6.66 6.58 6.6 1554 3006 2 41150 689 8 41150 0 0.44 0.07 
2021/02/17 6.7 6.77 6.65 6.72 2894 2914 1 41628 689 51 42368 8 0.43 0.03 
2021/02/18 6.7 6.78 6.68 6.78 1909 2868 1 41549 691 48 42288 0 0.42 0.03 
2021/02/19 6.76 6.77 6.73 6.77 1138 2916 1 41314 697 48 42059 0 0.43 0.03 
2021/02/22 6.79 6.83 6.79 6.8 1535 2789 1 41564 699 48 42311 0 0.41 0.04 
2021/02/23 6.8 6.91 6.8 6.91 3349 2739 1 43221 704 8 43933 0 0.4 0.04 
2021/02/24 6.93 6.97 6.89 6.9 3291 2741 4 43399 705 8 44112 0 0.4 0.15 
2021/02/25 6.9 6.99 6.88 6.99 4229 2963 1 45253 708 8 45969 0 0.43 0.03 
2021/02/26 6.95 6.96 6.84 6.87 3047 2869 1 43639 719 0 44358 8 0.42 0.03 
2021/03/02 6.9 6.91 6.85 6.85 1999 2964 1 43349 724 0 44073 0 0.43 0.03 
2021/03/03 6.88 6.98 6.85 6.97 2685 2853 1 44164 742 401 45307 0 0.42 0.04 
2021/03/04 6.94 6.95 6.86 6.95 2179 2813 1 43578 742 389 44709 10 0.41 0.04 
2021/03/05 6.91 6.94 6.89 6.94 1082 2844 4 43514 750 389 44653 0 0.42 0.14 
2021/03/08 6.96 6.98 6.86 6.88 2642 2675 4 43127 750 389 44266 0 0.39 0.15 
2021/03/09 6.9 6.99 6.87 6.97 3651 2741 4 44685 753 401 45839 10 0.4 0.15 
2021/03/10 6.98 7.01 6.95 6.97 2692 2442 4 45091 753 285 46129 0 0.36 0.16 
2021/03/11 6.97 7.05 6.97 7 3964 2871 4 45793 756 300 46849 0 0.42 0.14 
2021/03/12 7.01 7.02 6.94 7 2874 2698 4 45721 756 300 46777 21 0.39 0.15 
2021/03/15 7 7.04 7 7.04 2329 2766 4 45934 757 277 46968 2 0.4 0.14 
2021/03/16 7.05 7.05 7 7.04 2595 2771 4 45910 763 260 46933 0 0.41 0.14 
2021/03/17 7.02 7.02 6.96 6.99 2977 2692 4 45783 763 102 46648 0 0.39 0.15 
2021/03/18 7 7.02 6.94 6.94 2310 2670 4 45723 763 102 46588 0 0.39 0.15 
2021/03/19 6.93 6.94 6.87 6.89 2278 2668 4 44569 769 98 45436 0 0.39 0.15 
2021/03/22 6.86 6.91 6.84 6.91 2246 2673 4 43867 771 82 44720 0 0.39 0.15 
2021/03/23 6.89 6.89 6.86 6.88 2784 2684 4 43505 771 40 44316 0 0.39 0.15 
2021/03/24 6.87 6.91 6.83 6.88 2444 2674 4 43678 775 0 44453 0 0.39 0.15 
2021/03/25 6.88 6.91 6.86 6.91 1619 2712 4 43789 785 0 44574 0 0.4 0.15 
2021/03/26 6.91 6.94 6.91 6.94 1897 2709 4 44407 786 0 45193 0 0.4 0.15 
2021/03/29 6.93 6.96 6.91 6.95 1792 2749 4 44318 786 0 45104 0 0.4 0.15 
2021/03/30 6.96 6.98 6.93 6.95 1707 2491 4 44372 787 0 45159 0 0.36 0.16 
2021/03/31 6.96 7.02 6.96 7 3298 2523 4 45062 787 0 45849 0 0.37 0.16 
2021/04/01 7 7.01 6.97 7 1483 2312 4 45112 787 0 45899 0 0.34 0.17 
2021/04/06 7 7 6.98 6.99 1407 2299 4 45316 787 0 46103 0 0.34 0.17 
2021/04/07 6.98 7 6.93 6.95 1600 2355 4 45137 787 62 45986 0 0.34 0.17 
2021/04/08 6.94 6.96 6.92 6.94 1813 2462 4 44593 787 40 45420 0 0.36 0.16 
2021/04/09 6.93 6.99 6.92 6.94 2286 2379 4 44029 787 40 44856 0 0.35 0.17 
2021/04/12 6.97 7.03 6.97 7.02 4918 2397 4 45539 787 25 46351 0 0.35 0.17 
2021/04/13 7.05 7.22 7.05 7.08 8799 3417 4 47587 787 30 48404 1 0.5 0.12 
2021/04/14 7.11 7.13 7.03 7.08 5080 3486 4 48346 787 10 49143 2 0.51 0.11 
2021/04/15 7.08 7.16 7.08 7.16 5484 3776 3 49434 787 0 50221 0 0.55 0.08 
2021/04/16 7.19 7.19 7.12 7.17 4077 3616 0 50043 787 0 50830 0 0.53 0 
2021/04/19 7.2 7.47 7.19 7.45 12272 4714 0 52549 789 0 53338 0 0.69 0 
2021/04/20 7.5 7.56 7.36 7.42 6085 4828 0 51309 789 54 52152 0 0.71 0 
2021/04/21 7.42 7.42 7.3 7.35 5895 4709 0 51073 790 2 51865 0 0.69 0 
2021/04/22 7.38 7.69 7.37 7.49 11585 4954 0 53106 863 2 53971 0 0.73 0 
2021/04/23 7.53 7.62 7.43 7.55 5348 5407 0 51720 863 2 52585 10 0.79 0 
2021/04/26 7.56 7.59 7.49 7.56 6584 5397 0 52248 863 2 53113 14 0.79 0 
2021/04/27 7.56 7.58 7.5 7.52 4744 5440 0 53060 858 0 53918 0 0.8 0 
2021/04/28 7.55 7.62 7.5 7.61 8570 4553 0 57119 858 0 57977 0 0.67 0 
2021/04/29 7.6 7.6 7.53 7.56 4616 4578 0 56749 853 7 57609 10 0.67 0 
2021/05/03 7.56 7.58 7.4 7.4 6393 4928 0 56332 853 7 57192 33 0.72 0 
2021/05/04 7.4 7.46 7.1 7.17 5481 4989 0 55308 853 45 56206 0 0.73 0 
2021/05/05 7.01 7.29 7.01 7.19 4900 3765 0 54626 855 24 55505 2 0.55 0 
2021/05/06 7.23 7.32 7.18 7.24 2973 3502 0 55087 857 21 55965 2 0.51 0 
2021/05/07 7.29 7.32 7.2 7.24 2197 3462 0 55189 858 21 56068 0 0.51 0 
