2016/09/02 149.5 152.5 124 129 5509 
2016/09/09 131.5 133 123 126 3544 
2016/09/16 126.5 126.5 110 110.5 2663 
2016/09/23 111 123 110.5 121 3353 
2016/09/30 120 123.5 117 122 1028 
2016/10/07 122 123 94.5 94.5 9427 
2016/10/14 91.5 91.5 69.6 74.5 15058 
2016/10/21 74.5 75.5 62.9 71.3 6098 
2016/10/28 70.9 72.5 69.5 72.1 1022 
2016/11/04 72.1 75.5 68.1 70 3457 
2016/11/11 72 72.1 60.5 62.4 4424 
2016/11/18 62.4 64.7 61.5 64 1798 
2016/11/25 64.1 73.5 63.1 71.4 4866 
2016/12/02 72.6 72.6 68.5 69.1 2459 
2016/12/09 69.1 75.2 66.9 72.9 3974 
2016/12/16 73.2 74.5 71.1 71.6 1565 
2016/12/23 72 76.5 70.5 73 2848 
2016/12/30 73.2 76.3 71.1 73.8 2012 
2017/01/06 74 79.6 73.1 76.6 2383 
2017/01/13 76.8 76.8 72.5 73.3 1446 
2017/01/20 73.5 75.6 72.3 73.3 1360 
2017/01/27 74 75 72.4 72.6 575 
2017/02/03 77.7 77.8 73.3 76.2 1998 
2017/02/10 76.9 83 75.8 77.5 5488 
2017/02/17 77.5 80.8 77.1 78.8 2734 
2017/02/24 78.8 78.8 76.1 76.5 1276 
2017/03/03 77 77.5 74.7 75.5 1414 
2017/03/10 75.5 75.5 70 71.8 2735 
2017/03/17 71.9 74.9 71.9 72.8 1438 
2017/03/24 72.8 73.1 70.5 73 1337 
2017/03/31 73.7 74.4 71.3 72.3 960 
2017/04/07 72 72.2 71.6 71.6 221 
2017/04/14 71.8 72.3 63.8 64.2 2960 
2017/04/21 64.8 65.8 62.5 63.8 442 
2017/04/28 66 66.5 64.4 65.5 224 
2017/05/05 70 70.1 68.1 68.4 897 
2017/05/12 66.9 66.9 63 64.5 1365 
2017/05/19 64.4 66.4 64.1 64.4 766 
2017/05/26 64.3 68.3 64 67 1511 
2017/06/02 68.5 70.9 67.4 69.1 1058 
2017/06/09 68.6 71 68.6 70 536 
2017/06/16 67.7 68.9 65.2 65.8 575 
2017/06/23 65.9 67.2 64.7 66.3 684 
2017/06/30 67.1 67.5 65.3 66.6 766 
2017/07/07 66.6 67.5 66.6 67 144 
2017/07/14 70 71 68.4 70 1107 
2017/07/21 81 81.5 78.3 79.2 2998 
2017/07/28 82.3 84.2 81.8 81.9 1135 
2017/08/04 84.4 87 82.9 85 2734 
2017/08/11 87 90 85.7 89.9 2462 
2017/08/18 86.3 86.4 79.7 83.2 1229 
2017/08/25 85.4 86.2 84.2 85.7 372 
2017/09/01 84.9 86.7 84.7 85 470 
2017/09/08 86.1 86.2 84.6 85.4 534 
2017/09/15 86.2 86.4 85.2 86.4 238 
2017/09/22 84.6 88.3 84.6 86.5 598 
2017/09/29 83.6 83.6 77.8 78.5 962 
2017/10/06 75.9 77.1 75.9 76.7 196 
2017/10/13 76.9 77.7 76.2 77.4 212 
2017/10/20 81.4 81.7 80.2 80.2 258 
2017/10/27 75.5 78 75.1 76.1 900 
2017/11/03 76.9 77.2 74.3 74.9 763 
2017/11/10 74.9 75.2 69.9 72.3 1332 
2017/11/17 73.5 74 72.6 72.8 158 
2017/11/24 72.5 73.6 72.2 72.8 121 
2017/12/01 72.3 85.2 71 84 5089 
2017/12/08 85.8 90.4 83.4 87 6006 
2017/12/15 84.7 86.2 81.5 82.9 2708 
2017/12/22 84.2 85.9 82.1 84.4 2798 
2017/12/29 85.5 85.5 81.7 83.2 1461 
2018/01/05 83.6 83.6 80 80.9 1291 
2018/01/12 80.9 91.8 80.9 89 11508 
2018/01/19 90.3 90.8 85.7 87.2 6323 
2018/01/26 87 87.4 82 83 2960 
2018/02/02 83.2 83.9 82 82.3 1652 
2018/02/09 81.4 81.5 67 72 4066 
2018/02/16 74 75 72.9 72.9 437 
2018/02/23 74.9 77.4 73.6 75.9 928 
2018/03/02 76.6 82.5 76.2 79.8 2399 
2018/03/09 78.7 79 76.6 77.8 1962 
2018/03/16 79 84.9 78.3 82.9 2697 
2018/03/23 83.3 92.2 83.3 89.4 11641 
2018/03/30 91 141 90.6 141 27737 
2018/04/06 144 170.5 143.5 170.5 20813 
2018/04/13 178 180 155 170 23963 
2018/04/20 172 192 162 165 32105 
2018/04/27 166.5 175 139.5 153.5 48469 
2018/05/04 150 164.5 110.5 110.5 23582 
2018/05/11 113 113.5 95.7 102.5 42506 
2018/05/18 101.5 113 96.7 101 18198 
2018/05/25 101 107 95.8 95.8 13070 
2018/06/01 96.5 102 91.8 98.4 13686 
2018/06/08 103 104.5 98.6 99.9 10681 
2018/06/15 101 116 99.5 107 30333 
2018/06/22 109 117.5 99.2 100.5 29444 
2018/06/29 94.2 95.5 80.8 89.2 21404 
2018/07/06 87.5 87.9 76.6 78 7847 
2018/07/13 77.5 80 73.2 80 6358 
2018/07/20 80.3 82.5 76 76.2 3557 
2018/07/27 77 78.9 74.7 77 2417 
2018/08/03 77.9 82 76.8 77.4 4466 
2018/08/10 77.7 77.8 74.2 74.2 2022 
2018/08/17 73 73.2 67.1 68.5 3712 
2018/08/24 68.5 76.5 66.5 71.1 5342 
2018/08/31 72 72 69.5 70.4 2023 
2018/09/07 70.4 71.1 65.3 65.6 4510 
2018/09/14 65.2 65.6 60.8 62 5562 
2018/09/21 61.8 64.3 61.1 62.5 5864 
2018/09/28 63.1 79.2 62.7 77.7 35973 
2018/10/05 78 87.8 72.2 73.3 53107 
2018/10/12 74 76.3 65.1 67.8 14225 
2018/10/19 66.4 69 64.2 65 7698 
2018/10/26 64.1 67.3 55.9 56.7 8942 
2018/11/02 58.4 66.1 54.4 66.1 8705 
2018/11/09 67.8 71.3 67.2 69.5 15838 
2018/11/16 69.5 77.9 67 72.2 17748 
2018/11/23 73 74.3 69.5 71.5 6584 
2018/11/30 70 70.1 63.5 66.3 12126 
2018/12/07 66.6 72.2 62.5 62.8 7711 
2018/12/14 62.2 69.8 62.2 67.3 4202 
2018/12/21 67.1 73.8 65.1 72.1 7635 
2018/12/28 72.1 74 66.8 69.5 7508 
2019/01/04 69.6 73 67.2 68.1 4441 
2019/01/11 69.2 77.8 69 72 9040 
2019/01/18 72.3 75 71 71.5 3903 
2019/01/25 69.1 84.3 66.7 83.9 28979 
2019/02/01 84.7 96.2 84.7 89.5 30228 
2019/02/15 92.7 112 90.2 104 29925 
2019/02/22 105 114 96.4 97.5 28906 
