1990/02/09 135 156 133 146.5 44685 
1990/02/16 151 158 140 143 33303 
1990/02/23 140 146 135 136.5 20239 
1990/03/02 135 135 125 127 15683 
1990/03/09 125 140 119 137 25824 
1990/03/16 137 145.5 130 135 34966 
1990/03/23 132 135 118 120 17898 
1990/03/30 120 130 118 128.5 12837 
1990/04/06 131 138 121 121 29216 
1990/04/13 117 132 113 121 31606 
1990/04/20 122 124 106.5 116.5 25963 
1990/04/27 117 129 113.5 126 40661 
1990/05/04 126 127 103.5 115 37924 
1990/05/11 116 117 95 95 28088 
1990/05/18 95.5 105 82.5 82.5 34547 
1990/05/25 77 82 56 56 20900 
1990/06/01 52.5 65.5 52 65.5 60111 
1990/06/08 70 70 50.5 50.5 73856 
1990/06/15 47 53 43.3 43.3 28408 
1990/06/22 41.5 43 31.2 32.8 16572 
1990/06/29 34.3 36.3 30 30.5 20630 
1990/07/06 31 31.1 25.9 29.7 16704 
1990/07/13 30 35.8 29.8 34.1 62806 
1990/07/20 33 43.4 32 43.4 56888 
1990/07/27 44 51 39.2 51 63551 
1990/08/03 54 56 45.5 45.5 83530 
1990/08/10 42.5 43.3 30 32.3 31073 
1990/08/17 32 37.8 30.1 32.8 49574 
1990/08/24 32.8 36 26.2 27.8 43548 
1990/08/31 28.8 34.9 28.5 34.9 37994 
1990/09/07 32.5 33.9 29.5 30.2 25862 
1990/09/14 32.2 32.3 27.8 27.8 25923 
1990/09/21 26.1 27 21.4 21.4 20757 
1990/09/28 20 20 16.1 17.7 10276 
1990/10/05 16.5 17.2 13.35 16.3 19846 
1990/10/12 16.3 18.2 14.05 15.6 25051 
1990/10/19 16 21 15.6 21 57105 
1990/10/26 20.9 25.7 20.2 21.6 53363 
1990/11/02 23 23.6 19.4 20.7 38333 
1990/11/09 22.1 24 21 23.1 62842 
1990/11/16 24.7 27.5 24.5 27.2 61473 
1990/11/23 28.6 36.3 27.9 33.2 66555 
1990/11/30 31.1 37.9 30.9 37.1 86942 
1990/12/07 37 39.1 34.8 35.2 71196 
1990/12/14 33 35 27.2 28.7 44896 
1990/12/21 28 29 22.9 27.6 39345 
1990/12/28 28.9 29.8 26 29.6 28079 
1991/01/04 28.5 29.5 26.5 29.5 22751 
1991/01/11 28.5 28.7 21 21 24963 
1991/01/18 19.6 25.1 19.2 25.1 27197 
1991/01/25 25.6 28.9 25.4 26.1 49646 
1991/02/01 25.5 29.8 25.5 27.4 62903 
1991/02/08 27.5 33.8 27.5 32.6 62743 
1991/02/15 33 34.8 33 34.8 10761 
1991/02/22 37.2 41.5 35.9 37.8 45321 
1991/03/01 38.1 43.2 37.1 37.1 60134 
1991/03/08 34.6 36.7 32.5 36.5 48397 
1991/03/15 37 39 36 37.5 44499 
1991/03/22 37.5 39.6 36.2 37.2 36514 
1991/03/29 37.2 43.6 37 43.2 45394 
1991/04/05 43.2 45 41.3 42.4 32917 
1991/04/12 42.3 43.3 40.9 42.3 33220 
1991/04/19 42.9 42.9 37 40.4 25291 
1991/04/26 40.9 41.7 39.8 39.9 24228 
1991/05/03 40.2 40.9 37.2 40.2 19776 
1991/05/10 41.3 43.3 39.5 39.7 28719 
1991/05/17 39.7 40 36 37.3 9968 
1991/05/24 36.5 44.4 36.5 43.1 51903 
1991/05/31 43.1 44.3 37 38.8 28068 
1991/06/07 39 40.9 37.4 40.3 14340 
1991/06/14 40 41 38.8 40 12922 
1991/06/21 40.5 42 40.1 41.9 14672 
1991/06/28 42.2 43.2 39.9 41.4 30691 
1991/07/05 42.5 42.5 40 40.4 13309 
1991/07/12 40.5 43.5 40.2 43.2 46784 
1991/07/19 43.9 44.3 39.3 39.3 27277 
1991/07/26 36 38.7 34 38.6 23031 
1991/08/02 38.7 39.9 36.6 37.9 24748 
1991/08/09 37.9 39.9 36.5 38.9 15523 
1991/08/16 38.8 39.9 36.5 36.7 28828 
1991/08/23 36.5 37 31.1 32.2 22177 
1991/08/30 32 32.8 28.6 32.3 17625 
1991/09/06 32.8 33.7 31.2 32.9 16032 
1991/09/13 33.4 33.6 30.5 31 12549 
1991/09/20 31 33.5 30.5 32.8 13907 
1991/09/27 33 33.5 32.5 32.9 7953 
1991/10/04 33.1 33.3 31.8 32.2 9542 
1991/10/11 32.4 34.4 32.3 33.6 17934 
1991/10/18 31.5 32.2 27.5 29 15761 
1991/10/25 29 29 25.6 27.2 7001 
1991/11/01 27.8 29.8 27.4 28.3 16804 
1991/11/08 28.5 32.5 28.3 31.2 30826 
1991/11/15 31.9 31.9 29 30 13041 
1991/11/22 30.3 30.9 29.1 30.1 12243 
1991/11/29 30.3 31.6 29.5 31 31982 
1991/12/06 31.3 31.3 29.6 30.4 10940 
1991/12/13 30.7 31.7 30 30.8 15390 
1991/12/20 30.7 31.6 30.1 31.2 14364 
1991/12/27 31.8 33.4 31.1 32.9 29384 
1992/01/03 33.1 33.7 32.8 33 4774 
1992/01/10 33.4 34.8 32.6 33.1 39871 
1992/01/17 33.3 35.5 32.6 34.2 36362 
1992/01/24 34.5 35.5 33.5 34.5 30689 
1992/01/31 34.7 36.5 34.4 35.5 29139 
1992/02/07 34.2 35.5 34.2 34.5 4932 
1992/02/14 35 35.2 32 33 12850 
1992/02/21 33 33.9 31.6 33.7 12931 
1992/02/28 33.1 33.8 31.3 32.8 11356 
1992/03/06 33 33.4 31.5 31.8 10502 
1992/03/13 31.7 33.4 31.1 32.4 7582 
1992/03/20 32.4 32.5 30.8 30.8 5775 
1992/03/27 30.8 32.6 30.6 32.5 7196 
1992/04/03 32.8 33.8 31.5 33 12446 
1992/04/10 33 33.5 31.7 31.8 15245 
1992/04/17 31.8 33.6 31.5 33.5 14052 
1992/04/24 33.5 33.6 31.5 32 8447 
1992/05/01 32.2 33.3 32 32.5 7407 
1992/05/08 32.9 33.2 32.1 32.1 5331 
1992/05/15 31.7 32 31.1 32 6487 
1992/05/22 32.2 34.6 32.1 34.2 13741 
1992/05/29 34.6 34.8 32.1 32.4 12538 
1992/06/05 32.5 33.5 32.3 33.1 3768 
1992/06/12 33.8 33.8 32.5 33.4 8189 
1992/06/19 33.6 34 32.2 32.6 7094 
1992/06/26 32.8 33 31.1 31.6 8170 
1992/07/03 31.7 32.5 31.3 32.2 6498 
1992/07/10 32.2 33.5 31.2 33.3 9416 
1992/07/17 33.1 33.9 32.1 32.9 15680 
1992/07/24 33.2 35.2 31 32.6 37956 
1992/07/31 33.3 33.7 31.7 33.3 19664 
1992/08/07 33.6 33.8 32.2 32.3 12463 
1992/08/14 32 32.1 26.4 27.1 14469 
1992/08/21 27 27.8 25.8 26.6 12091 
1992/08/28 26.9 27.4 26.2 26.8 5139 
1992/09/04 27 27.9 26.5 26.6 4917 
1992/09/11 26.8 27.2 25.4 26 3447 
1992/09/18 25.5 25.6 21.7 23.7 6376 
1992/09/25 23 24.2 21.5 22 6045 
1992/10/02 22.1 25.1 21.6 24.9 7708 
1992/10/09 24.8 25.4 23.1 23.5 5409 
1992/10/16 23.7 26.4 23.1 26.4 8712 
1992/10/23 26.5 27.7 26 27.7 28536 
1992/10/30 27.5 28.3 26.8 27.2 13324 
1992/11/06 27.2 27.4 25.8 26.5 14436 
1992/11/13 26.5 26.9 26.1 26.6 4676 
1992/11/20 26.6 27.5 26.6 27.1 7527 
1992/11/27 27 27.1 26.2 26.5 3683 
1992/12/04 26.5 27 26 27 3242 
1992/12/11 27.1 28.5 27.1 27.5 16956 
1992/12/18 27.5 27.5 26.6 26.7 5430 
1992/12/25 26.8 27 24.5 24.9 6102 
1993/01/01 24.9 26.1 24 26.1 3506 
1993/01/08 26.2 26.4 23.5 24.7 9037 
1993/01/15 24.7 26.5 24 25.4 13493 
1993/01/22 25.5 25.9 25.2 25.5 3415 
1993/01/29 25.6 25.6 23.8 25.4 5806 
1993/02/05 25.6 27.3 25.6 26.8 23762 
1993/02/12 26.7 28 25.7 27 23017 
1993/02/19 27 30.5 27 30.2 48372 
1993/02/26 30.2 30.5 28 28.6 39739 
1993/03/05 28.9 33.4 28.6 32.2 55607 
1993/03/12 32 33.3 30.6 30.8 27939 
1993/03/19 31.1 32.7 30.7 31.9 18756 
1993/03/26 32.5 33.9 31.5 31.8 30474 
1993/04/02 31.8 35.4 31.8 35.4 23452 
1993/04/09 37.7 37.8 33.6 33.6 33866 
1993/04/16 33.6 34 30.2 30.4 21197 
1993/04/23 30.6 33.8 30.2 32.8 20894 
1993/04/30 33.2 33.2 31.8 31.9 12141 
1993/05/07 31.4 32.8 31 32.4 8472 
1993/05/14 32.8 33.4 31.3 31.6 8784 
1993/05/21 31.8 31.9 30.5 30.6 7702 
1993/05/28 30.8 31.2 29 30.4 6965 
1993/06/04 30.5 31.2 29.6 30.6 7193 
1993/06/11 30.6 30.6 28.4 28.7 4778 
1993/06/18 28.8 29.5 27.3 27.4 11910 
1993/06/25 27.2 28 27 27.2 5330 
1993/07/02 27.3 27.3 22.9 23 14700 
1993/07/09 23.2 24.9 22.8 24.2 10729 
1993/07/16 24.3 24.4 22.8 23.1 4713 
1993/07/23 22.9 24.5 22.8 24.4 5925 
1993/07/30 24.5 25 23.2 23.3 5108 
1993/08/06 23.3 24.4 23.2 23.5 3560 
1993/08/13 23.6 24.4 23.6 24.1 4383 
1993/08/20 24.5 24.5 23.1 23.3 3247 
1993/08/27 23.1 23.2 22.5 23 5212 
1993/09/03 23.2 23.4 22.5 23.2 5894 
1993/09/10 23.2 24 23 23.7 7434 
1993/09/17 23.7 24.6 23 24.3 8423 
1993/09/24 24.3 24.5 23.3 24 4539 
1993/10/01 24 24.8 23.8 24.3 6401 
1993/10/08 24.3 25.2 24.1 25 8482 
1993/10/15 25.2 26.2 25.2 25.5 9633 
1993/10/22 25.5 26.5 24.8 26 10103 
1993/10/29 26.1 26.4 25.2 26.1 8211 
1993/11/05 26.1 27.4 26.1 26.3 11904 
1993/11/12 26.3 27 26.3 26.5 7135 
1993/11/19 26.9 28.3 26.3 27.1 24366 
1993/11/26 27.5 27.5 26.3 26.5 8991 
1993/12/03 28 32.2 27.3 31.3 44218 
1993/12/10 32 33.4 31.2 32.4 30917 
1993/12/17 33 35 31.4 33 48957 
1993/12/24 33.5 34.5 32.6 33.2 21139 
1993/12/31 34.5 35.4 33.1 34.1 27360 
1994/01/07 36.2 41.6 35.2 40.2 51888 
1994/01/14 40.5 41.4 32.7 36 31675 
1994/01/21 35.6 36.5 33 35.5 22927 
1994/01/28 36 36.2 33.6 34.6 15421 
1994/02/04 34.7 35.9 33.5 33.5 18784 
1994/02/18 33.7 34.3 31.5 31.8 9636 
1994/02/25 31.6 32 30 30.1 8927 
1994/03/04 30 31.6 28.3 30.7 16650 
1994/03/11 31.4 31.5 27.7 27.7 13142 
1994/03/18 27.7 28.8 27 27.5 8124 
1994/03/25 27.5 28.7 27.3 28.1 7447 
1994/04/01 28.1 29.4 27.7 29.1 4626 
1994/04/08 29.2 30.3 28.8 29.1 10207 
1994/04/15 29.6 30.1 28.5 29.4 9826 
1994/04/22 29.2 32.8 29.2 31.2 35778 
1994/04/29 32 33.6 30 30.1 45101 
1994/05/06 30.1 31.9 29.2 30.8 15683 
1994/05/13 31 32.5 30.6 31.2 34625 
1994/05/20 31.5 31.6 29.5 29.5 10939 
1994/05/27 29.5 30.6 28.6 30.1 10703 
1994/06/03 30.3 30.5 29.5 30.3 11606 
1994/06/10 30.5 31.2 29.3 30 11363 
1994/06/17 30 30.3 27.4 27.6 9162 
1994/06/24 27.6 27.7 25.7 26 5086 
1994/07/01 26 26.2 25.7 25.9 4138 
1994/07/08 25.9 26.5 25.2 25.3 7456 
1994/07/15 25.3 25.9 25 25.2 5103 
1994/07/22 25 28.6 24.5 27.5 27638 
1994/07/29 27.7 27.9 26 26.1 18953 
1994/08/05 26.4 27.3 26.2 27.2 14757 
1994/08/12 27.5 28.1 25.5 25.5 16702 
1994/08/19 25.4 25.9 24.8 25.5 11051 
1994/08/26 25.8 26.7 25.6 25.8 16367 
1994/09/02 26 27.8 25.9 26.6 28580 
1994/09/09 26.2 27.2 25.8 27 14886 
1994/09/16 27.5 29.9 26.7 29.6 118002 
1994/09/23 29.1 29.4 27.8 28.1 28232 
1994/09/30 28.3 29.5 27.5 27.7 24942 
1994/10/07 28.1 28.1 23 23 24841 
1994/10/14 23 25.1 21.4 24.4 26806 
1994/10/21 24.5 26.8 24.4 25.9 42291 
1994/10/28 26.1 26.4 24.6 24.9 13971 
1994/11/04 24.9 25.1 23.3 24.4 10799 
1994/11/11 24.4 25.3 24 24.6 9857 
1994/11/18 24.8 24.9 23.6 24.3 7823 
1994/11/25 24.5 26.7 23.5 26.7 29478 
1994/12/02 26.7 26.7 25.2 25.2 25737 
1994/12/09 26.8 28.5 25.9 27.1 52947 
1994/12/16 27.2 29.5 26.8 28.6 54441 
1994/12/23 29 29.3 27.7 28.5 47277 
1994/12/30 29 29.7 27.9 28.7 39308 
1995/01/06 28.9 28.9 27.1 27.3 9596 
1995/01/13 27.5 27.5 24.7 25 12739 
1995/01/20 25.2 26.2 24.3 24.7 9511 
1995/01/27 24.7 25 23.6 23.8 6978 
1995/02/03 24.2 24.4 23.8 23.8 1400 
1995/02/10 23.8 24.8 23 24.4 10833 
1995/02/17 24.6 25.8 24.3 25.3 12815 
1995/02/24 25.3 25.6 24.5 24.6 6046 
1995/03/03 24.6 24.8 23.4 24.5 6516 
1995/03/10 24.5 26.2 24.5 25.6 18595 
1995/03/17 26 26 24.7 24.7 11323 
1995/03/24 24.7 24.9 23.7 24.1 4358 
1995/03/31 25.6 25.6 24.1 24.2 6532 
1995/04/07 24.2 24.6 24.1 24.2 2792 
1995/04/14 24.2 24.6 23.2 23.3 6385 
1995/04/21 23.2 23.3 21.6 22.2 4784 
1995/04/28 22 22.2 20.4 20.9 7846 
1995/05/05 20.9 20.9 19.8 20 5086 
1995/05/12 20 21.2 19.9 20.6 5805 
1995/05/19 20.8 21.2 20.6 20.8 6298 
1995/05/26 20.8 21 19.8 20.1 4108 
1995/06/02 20.2 20.3 19.3 20 5072 
1995/06/09 20 20.3 19.6 19.9 5964 
1995/06/16 20 20 17.6 17.8 7902 
1995/06/23 17.7 19.2 17.5 19.1 11370 
1995/06/30 19 19.1 17.5 17.7 5658 
1995/07/07 17.7 19.1 16.5 18.5 12123 
1995/07/14 18.7 19.3 18.1 18.2 11458 
1995/07/21 18.5 18.6 16 16.8 10592 
1995/07/28 16.5 16.9 15.8 15.9 12695 
1995/08/04 15.8 16.2 14.55 14.55 7184 
1995/08/11 14.7 15.7 13.95 14.15 12644 
1995/08/18 14.15 15.3 13.3 14.45 11390 
1995/08/25 14.3 14.65 13.5 14 4934 
1995/09/01 14 15.3 13.8 14.9 10386 
1995/09/08 15 16.5 15 16.2 25440 
1995/09/15 16.2 16.2 14.8 15 12722 
1995/09/22 14.8 15.6 14.8 15.1 6550 
1995/09/29 15.5 16.8 15.3 16.1 33087 
1995/10/06 16.3 16.9 16 16.7 23555 
1995/10/13 16.9 17.5 15.8 15.9 21952 
1995/10/20 16.1 16.5 15.5 15.9 7334 
1995/10/27 16.1 16.5 15.6 15.7 7382 
1995/11/03 15.2 15.4 14.8 15 7937 
1995/11/10 15 15.3 14.5 14.7 5314 
1995/11/17 14.6 14.9 14.3 14.7 4615 
1995/11/24 14.8 15.1 14.45 15 6574 
1995/12/01 15.2 15.9 15 15.6 32772 
1995/12/08 16.4 17.7 16 17.1 94375 
1995/12/15 17.2 18.5 17.1 17.3 88318 
1995/12/22 17.5 17.8 16.1 16.7 42642 
1995/12/29 16.8 17 16.3 16.8 13438 
1996/01/05 16.8 16.9 14.8 15 8090 
1996/01/12 15.4 16.5 15.2 16.3 23412 
1996/01/19 16.5 16.9 16 16.1 13060 
1996/01/26 16.3 16.3 15.1 15.2 6218 
1996/02/02 15 15.3 14.55 15 8636 
1996/02/09 15.2 15.6 14.6 15.5 12159 
1996/02/16 16 16.4 15.5 15.6 21949 
1996/02/23 15.8 15.9 15.5 15.7 2100 
1996/03/01 15.6 16.1 14.8 15.9 12120 
1996/03/08 16 16 15 15.3 9816 
1996/03/15 15.2 18.2 15.1 17.2 108412 
1996/03/22 17 17.4 16.6 16.7 80503 
1996/03/29 16.9 17 16.5 16.8 21998 
1996/04/05 17 19.2 16.9 19.2 67321 
1996/04/12 19 19.1 17 17.6 68942 
1996/04/19 17.9 19.2 17.3 17.4 59633 
1996/04/26 17.3 18.5 17.3 18 49837 
1996/05/03 18.2 19.7 17.8 19 86554 
1996/05/10 19.3 19.3 18 18.3 23777 
1996/05/17 18.6 18.7 17.5 17.8 18997 
1996/05/24 17.8 17.9 16.3 16.6 26340 
1996/05/31 16.6 17.2 16.5 17.1 13221 
1996/06/07 17.2 17.5 16.6 17 19657 
1996/06/14 17.2 17.8 16.4 16.8 31115 
1996/06/21 16.8 17.7 16.8 17.2 22569 
1996/06/28 17.3 17.5 15.9 15.9 27274 
1996/07/05 16 16.1 15 15.2 11918 
1996/07/12 15.2 16 15.1 15.6 11052 
1996/07/19 15.6 15.9 15.2 15.4 8604 
1996/07/26 15.4 16 15.2 15.8 7308 
1996/08/02 15.8 15.8 15.4 15.4 3064 
1996/08/09 15.4 16 15.3 15.7 8532 
1996/08/16 15.8 16.3 15.6 15.7 13815 
1996/08/23 15.6 15.7 15 15.4 5234 
1996/08/30 15.4 15.6 15.2 15.3 3549 
1996/09/06 15.3 15.3 14.8 15.1 4570 
1996/09/13 15.1 15.3 15 15.1 4651 
1996/09/20 15.1 15.7 15.1 15.4 9928 
1996/09/27 15.4 16.2 15.2 16.2 14099 
1996/10/04 16.3 17 16 16.3 23931 
1996/10/11 16.3 16.6 16 16.6 8727 
1996/10/18 16.8 16.8 15.8 15.9 8686 
1996/10/25 15.9 16 15.8 16 3230 
1996/11/01 15.9 16.2 15.4 16.2 9730 
1996/11/08 16.3 16.3 15.6 15.8 8218 
1996/11/15 15.6 16.2 15.5 16.2 7880 
1996/11/22 16.3 16.8 15.7 15.8 26975 
1996/11/29 15.8 16.3 15.7 16.3 9834 
1996/12/06 16.3 17.3 16.3 17 31989 
1996/12/13 17.3 17.8 17 17.3 25877 
1996/12/20 17.4 17.4 17 17.2 9755 
1996/12/27 17.3 17.6 17.1 17.5 7920 
1997/01/03 17.6 18.2 16.9 17.5 8800 
1997/01/10 17.5 19.4 17.4 19.2 24906 
1997/01/17 19.2 21.2 19.2 20.4 26498 
1997/01/24 20.4 20.9 19.2 19.6 25935 
1997/01/31 19.7 20 19.3 20 15459 
1997/02/07 20.2 20.2 19.8 19.8 3804 
1997/02/14 20 22.5 19.8 21.5 38684 
1997/02/21 21.5 24 20.2 24 40502 
1997/02/28 24.3 24.8 22.6 23.3 31711 
1997/03/07 22.6 24 22.6 23.3 18211 
1997/03/14 23.3 25.6 23 24.6 46344 
1997/03/21 24.8 27.2 24.2 25.8 57959 
1997/03/28 25.8 26 23.5 25.4 21100 
1997/04/04 25.3 25.6 24.5 25.2 12926 
1997/04/11 24.9 28.5 24.5 27.8 58709 
1997/04/18 28 31.6 28 29.7 53399 
1997/04/25 29.9 30.6 27.8 27.8 32350 
1997/05/02 27.3 28.2 20.6 21.5 34714 
1997/05/09 21.6 23.4 21.1 21.2 17400 
1997/05/16 21.3 21.5 18.5 20.2 16929 
1997/05/23 20.3 21 19.8 20.2 6677 
1997/05/30 20.3 20.4 19.2 20.2 9777 
1997/06/06 20.5 23.2 20.4 21 27972 
1997/06/13 21.2 21.9 20 21 13077 
1997/06/20 21 24.3 21 22.5 48262 
1997/06/27 22.5 23 20.5 21.6 19460 
1997/07/04 21.9 23 21 21.1 18807 
1997/07/11 21.2 21.7 20 20.5 13350 
1997/07/18 20.9 20.9 17 18.4 15269 
1997/07/25 18.5 19.4 17.6 17.7 7594 
1997/08/01 17.7 19.8 17.5 18 15404 
1997/08/08 18.1 18.7 17.8 18.3 9077 
1997/08/15 18.2 18.9 17.7 18 7505 
1997/08/22 18 18.2 17 17 4555 
1997/08/29 17.2 18.4 16.6 17.2 9134 
1997/09/05 17.2 17.3 15.7 16.2 6810 
1997/09/12 16.4 17 16 16.8 6247 
1997/09/19 16.9 17.6 16.8 17 7356 
1997/09/26 17.2 17.3 16.3 16.5 3643 
1997/10/03 16.5 16.8 15.3 15.4 4369 
1997/10/10 15.3 16.2 15.2 16 4131 
1997/10/17 16 16.1 14.35 14.9 2517 
1997/10/24 14.8 15.7 14.6 15.2 6121 
1997/10/31 15.2 15.3 14.15 15.2 3769 
1997/11/07 15 15.8 14.55 14.9 8733 
1997/11/14 14.9 15 14.5 14.55 2286 
1997/11/21 14.6 15.4 14.6 15.3 5567 
1997/11/28 15.3 15.8 15 15.1 7648 
1997/12/05 14.7 17.2 14.5 16.3 24287 
1997/12/12 16.5 17.9 16.1 17.2 36138 
1997/12/19 17.3 17.7 16.1 16.1 9934 
1997/12/26 16.3 16.5 15.7 16.4 5274 
1998/01/02 16.4 16.6 16.1 16.3 2885 
1998/01/09 16.4 16.4 15.1 15.2 3477 
1998/01/16 15 15.6 14.65 15.1 4285 
1998/01/23 15.2 15.3 15 15 2401 
1998/02/06 15.2 15.9 15.1 15.2 6787 
1998/02/13 15.3 16.2 15.1 15.9 12549 
1998/02/20 15.7 18.8 15.2 18.8 33545 
1998/02/27 20.1 20.1 17.4 18.8 60173 
1998/03/06 18.6 19.3 17.2 17.8 22550 
1998/03/13 18 18.8 17.9 18.6 21487 
1998/03/20 18.9 19.2 16.8 17.2 18352 
1998/03/27 17.2 18.4 17.2 17.9 15853 
1998/04/03 18.1 18.8 17.7 18.3 31638 
1998/04/10 18.6 19.2 18 18.4 26701 
1998/04/17 18.5 19 16.8 17 24141 
1998/04/24 17 17.1 16.1 16.6 8322 
1998/05/01 16.6 16.6 15.6 15.8 8439 
1998/05/08 16 16.2 15.7 15.7 6892 
1998/05/15 15.7 16.7 15.7 16.1 17794 
1998/05/22 16.2 17.8 16.1 17 27296 
1998/05/29 17.1 18.4 16.9 17.2 32469 
1998/06/05 17.2 19.4 16.8 18.8 63334 
1998/06/12 18.8 21.9 18.6 21.9 141149 
1998/06/19 22 23.8 21 22 149486 
1998/06/26 22.3 23.3 21.2 21.9 53527 
1998/07/03 22.2 22.6 19.6 21.5 52662 
1998/07/10 21.5 21.9 20.3 21.6 38709 
1998/07/17 21.7 22.3 21 21.2 37023 
1998/07/24 21.2 21.4 20.1 20.3 25235 
1998/07/31 20.6 21.1 19.8 20.6 22067 
1998/08/07 20.9 22 20.1 21.1 35887 
1998/08/14 21.1 22 20.4 21.1 27936 
1998/08/21 21.1 21.2 20.4 20.7 13630 
1998/08/28 20.6 20.6 18 19 32694 
1998/09/04 18.8 19.2 16.1 18 18757 
1998/09/11 18.2 18.4 17.2 17.8 8660 
1998/09/18 17.7 19 17.6 18.4 15791 
1998/09/25 18.5 18.9 17.5 17.9 9117 
1998/10/02 17.9 17.9 16.1 16.5 7151 
1998/10/09 16.5 18.3 15.7 17.7 12041 
1998/10/16 18 18 16.8 17.1 5632 
1998/10/23 17.5 18.7 17.1 18.2 14510 
1998/10/30 18 19 17.6 17.9 29430 
1998/11/06 18 18.3 16.9 17.6 10885 
1998/11/13 17.5 17.8 16.6 17.5 3706 
1998/11/20 17.6 19.4 16.9 18.8 24880 
1998/11/27 18.6 19.2 17.3 18.3 17701 
1998/12/04 18.3 18.5 17.6 18.1 8392 
1998/12/11 18.5 19 17.5 17.7 16194 
1998/12/18 17.7 18 16.1 16.6 8515 
1998/12/25 16.4 17.6 16.4 17.2 3316 
1999/01/01 16.9 17.2 16 16.7 5075 
1999/01/08 16.2 16.5 14.05 15.9 12208 
1999/01/15 15.9 15.9 14.1 14.9 7964 
1999/01/22 15 15.1 14 14 3835 
1999/01/29 13.8 13.8 12.6 12.95 7831 
1999/02/05 13 13 10.4 11.25 14844 
1999/02/12 11.75 12.15 11.35 12.15 11362 
1999/02/19 13 13 13 13 1406 
1999/02/26 13.9 14.65 13.1 13.6 13533 
1999/03/05 13.9 14.5 13.6 13.75 13541 
1999/03/12 13.8 13.9 13.25 13.3 4886 
1999/03/19 13.3 14.3 13 13.95 15692 
1999/03/26 13.9 14.3 13.65 14.15 10077 
1999/04/02 14.25 16.1 14 15.8 48619 
1999/04/09 15.9 16 14.5 14.5 10670 
1999/04/16 14.5 14.75 14.05 14.75 14394 
1999/04/23 14.8 15.3 14.3 14.9 15933 
1999/04/30 15.1 15.7 14.3 14.5 20845 
1999/05/07 14.7 15.2 14.35 14.65 10505 
1999/05/14 14.65 14.9 13.5 14.1 6796 
1999/05/21 14.1 14.25 13.4 13.6 4109 
1999/05/28 13.6 14.5 13 13.4 6425 
1999/06/04 13.6 13.6 12.7 13 3797 
1999/06/11 13 13.15 12.4 12.55 3593 
1999/06/18 12.6 12.95 11.95 11.95 2577 
1999/06/25 11.95 12.55 11.5 11.7 5199 
1999/07/02 11.9 11.95 10.2 10.9 6728 
1999/07/09 11 11.85 10.8 11 8231 
1999/07/16 11 11 9.75 10.35 8287 
1999/07/23 10.4 10.6 9.65 10.3 9518 
1999/07/30 10.3 10.35 9.5 9.9 3419 
1999/08/06 10 10.1 8.65 9.2 2792 
1999/08/13 8.6 9.1 8.25 9 3964 
1999/08/20 9 10.6 8.8 10.55 20195 
1999/08/27 10.8 10.8 9.8 9.85 6565 
1999/09/03 9.85 10.1 8.75 9.05 4567 
1999/09/10 8.95 9.2 8.6 9.15 2230 
1999/09/17 9.35 9.65 8.8 8.95 4690 
1999/09/24 8.95 9 8.8 9 160 
1999/10/01 8.7 8.9 8.15 8.65 1507 
1999/10/08 8.85 9.35 8.45 8.45 2517 
1999/10/15 8.4 8.65 8.2 8.35 2318 
1999/10/22 8.35 8.45 8.1 8.15 1179 
1999/10/29 8.15 8.35 7.5 7.95 3296 
1999/11/05 7.7 7.9 6.5 6.5 5349 
1999/11/12 6.3 7 6.3 6.9 1852 
1999/11/19 7.1 7.1 6.5 6.7 2745 
1999/11/26 6.7 7.6 6.3 6.5 4360 
1999/12/03 6.6 7.25 6.6 6.9 3612 
1999/12/10 6.95 7.05 6.5 7.05 2627 
1999/12/17 7.5 7.85 6.7 7.2 8771 
1999/12/24 7.2 7.2 6.9 7 2497 
1999/12/31 6.9 7 6.7 6.8 1140 
2000/01/07 7 7.8 6.85 7.65 6142 
2000/01/14 8.15 9.7 8.15 9.1 29386 
2000/01/21 9.6 10.3 8.8 9.05 13953 
2000/01/28 9.1 10.5 9.05 9.7 20671 
2000/02/04 9.75 10.1 9.75 9.9 4479 
2000/02/11 10 11.4 9.9 11.2 13581 
2000/02/18 11.3 11.95 10.5 11.85 34860 
2000/02/25 12.65 13.5 10.65 10.65 40213 
2000/03/03 10.65 11.15 9.95 10.05 11655 
2000/03/10 9.8 10.3 9.25 9.6 6493 
2000/03/17 9 9.05 8.2 8.6 5801 
2000/03/24 8.3 9.9 8.05 9.9 6943 
2000/03/31 10 10.2 9 9.3 7652 
2000/04/07 9.4 9.85 9.3 9.35 5920 
2000/04/14 9.15 9.9 8.65 8.65 7997 
2000/04/21 8.5 9.4 8.3 8.8 7450 
2000/04/28 8.8 8.8 7.1 7.6 3712 
2000/05/05 7.6 7.7 6.85 7.45 2296 
2000/05/12 7.45 7.85 7.25 7.6 2225 
2000/05/19 7.5 8.2 7.5 7.55 3540 
2000/05/26 7.55 8.15 7.55 7.95 5845 
2000/06/02 7.95 8.3 7.7 7.8 2463 
2000/06/09 7.85 7.95 7.6 7.7 931 
2000/06/16 7.8 7.8 7.1 7.4 1813 
2000/06/23 7.35 7.55 7.2 7.4 1485 
2000/06/30 7.55 7.6 6.8 7.6 2895 
2000/07/07 7.6 7.8 7.25 7.45 2274 
2000/07/14 7.5 7.5 6.8 7.15 2605 
2000/07/21 7.3 7.5 7.05 7.2 1825 
2000/07/28 7.1 7.2 6.55 7.05 1337 
2000/08/04 7.05 7.2 6.7 6.85 1260 
2000/08/11 6.8 7.5 6.5 7.4 5153 
2000/08/18 7.6 7.8 6.7 6.75 7384 
2000/08/25 6.7 6.8 6.1 6.45 2465 
2000/09/01 6.15 6.25 5.1 5.8 5191 
2000/09/08 6 6.35 5.7 6.05 3650 
2000/09/15 5.85 6 5.35 5.45 1021 
2000/09/22 5.15 5.85 4.8 5.5 4034 
2000/09/29 5.5 5.7 4.96 5.15 1367 
2000/10/06 5 5.5 4.8 5.3 2007 
2000/10/13 5.2 5.3 4.47 4.76 1355 
2000/10/20 4.95 4.95 4.13 4.7 1757 
2000/10/27 4.69 4.69 4.34 4.35 1203 
2000/11/03 4.2 4.2 3.85 4.12 2080 
2000/11/10 3.98 4.2 3.85 4.09 2848 
2000/11/17 4 4 3.24 3.24 5310 
2000/11/24 3.02 3.06 2.82 3.06 5201 
2000/12/01 3.15 3.45 3 3.25 7107 
2000/12/08 3.3 3.35 3.1 3.25 5146 
2000/12/15 3.34 3.89 3.21 3.61 18600 
2000/12/22 3.49 3.64 3.42 3.46 4445 
2000/12/29 3.46 3.51 3.26 3.51 2471 
2001/01/05 3.5 3.79 3.47 3.61 3645 
2001/01/12 3.61 4.47 3.56 4.19 10031 
2001/01/19 4.13 4.18 3.81 4.13 3636 
2001/02/02 4.16 4.5 4.04 4.48 4417 
2001/02/09 4.45 4.7 4.03 4.24 3732 
2001/02/16 4.3 4.38 4.08 4.21 3065 
2001/02/23 4.08 5.35 4 5.35 21867 
2001/03/02 5.5 5.8 4.9 4.94 19546 
2001/03/09 5 5.1 4.51 4.59 8165 
2001/03/16 4.57 4.92 4.13 4.92 8118 
2001/03/23 4.99 5.2 4.46 4.86 13217 
2001/03/30 4.97 5.35 4.8 4.9 11643 
2001/04/06 4.83 4.99 4.2 4.5 4308 
2001/04/13 4.5 4.5 4.21 4.25 4389 
2001/04/20 4.28 4.28 3.86 3.97 2413 
2001/04/27 3.9 4.09 3.76 4 3978 
2001/05/04 3.9 3.96 3.55 3.75 2935 
2001/05/11 3.56 3.7 3.33 3.54 2508 
2001/05/18 3.5 3.57 3.42 3.5 1353 
2001/05/25 3.26 3.47 3.12 3.42 2454 
2001/06/01 3.42 3.43 3.18 3.22 1532 
2001/06/08 3.2 3.3 3.04 3.2 2082 
2001/06/15 3.23 3.35 3.23 3.3 1097 
2001/06/22 3.31 3.31 3.1 3.1 376 
2001/06/29 3.1 3.2 3 3.05 819 
2001/07/06 3 3.05 2.76 2.88 2006 
2001/07/13 2.82 3.14 2.8 2.81 2359 
2001/07/20 2.96 2.96 2.52 2.67 2053 
2001/07/27 2.66 2.94 2.66 2.87 1314 
2001/08/03 2.85 3.2 2.85 3.13 1345 
2001/08/10 3.13 3.16 2.97 3.06 2407 
2001/08/17 3.08 3.45 3.08 3.38 3795 
2001/08/24 3.21 3.56 3.18 3.33 3560 
2001/08/31 3.33 3.76 3.22 3.67 4129 
2001/09/07 3.65 3.68 3.25 3.34 3217 
2001/09/14 3.16 3.39 3.01 3.06 935 
2001/09/21 2.96 3.05 2.93 2.93 1311 
2001/09/28 2.85 2.99 2.8 2.93 1953 
2001/10/05 2.86 2.92 2.7 2.82 477 
2001/10/12 2.82 2.96 2.73 2.76 1313 
2001/10/19 2.75 2.81 2.7 2.77 356 
2001/10/26 2.77 2.97 2.77 2.89 951 
2001/11/02 2.88 2.96 2.8 2.95 1112 
2001/11/09 2.98 3.42 2.87 3.42 3546 
2001/11/16 3.65 3.74 3.38 3.49 10391 
2001/11/23 3.51 3.58 3.22 3.26 2626 
2001/11/30 3.21 3.37 2.96 3.05 3161 
2001/12/07 3.05 3.71 3.04 3.63 5160 
2001/12/14 3.63 3.92 3.56 3.8 8591 
2001/12/21 3.75 4.14 3.35 3.4 4603 
2001/12/28 3.31 3.54 3.31 3.5 2438 
2002/01/04 3.55 3.92 3.5 3.81 3854 
2002/01/11 3.92 4.17 3.81 3.94 6519 
2002/01/18 4.06 4.08 3.68 3.78 4183 
2002/01/25 3.87 4.05 3.78 3.97 4889 
2002/02/01 3.98 4.77 3.88 4.77 12172 
2002/02/08 5.1 5.1 4.42 4.5 63856 
2002/02/22 4.65 4.87 4 4.05 18036 
2002/03/01 4.29 4.43 3.92 4.35 9927 
2002/03/08 4.42 4.83 4.15 4.72 20789 
2002/03/15 4.74 5.4 4.74 4.95 36812 
2002/03/22 4.94 5.7 4.86 5.7 38596 
2002/03/29 5.8 6.9 5.75 5.8 38898 
2002/04/05 5.4 6.1 5.4 5.85 13643 
2002/04/12 5.9 6.15 5.4 5.5 10663 
2002/04/19 5.5 6.1 5.45 6 13521 
2002/04/26 6.1 6.7 5.85 6.15 29579 
2002/05/03 6.1 6.15 5.6 5.85 7057 
2002/05/10 5.65 6 5.4 5.6 4097 
2002/05/17 5.55 5.95 5.55 5.75 3631 
2002/05/24 5.7 5.8 5.1 5.75 5228 
2002/05/31 5.7 6.75 5.55 6.75 18097 
2002/06/07 6.8 7 6.2 6.45 14637 
2002/06/14 6.4 7.85 6.4 7.85 24101 
2002/06/21 7.95 8.65 7.6 8.65 24448 
2002/06/28 8.65 9 8.3 8.7 21998 
2002/07/05 8.8 9.95 8.6 9.8 21514 
2002/07/12 9.8 9.9 9.15 9.55 16229 
2002/07/19 9.55 10.65 9.4 10.6 21029 
2002/07/26 10.6 10.7 9.55 9.7 15151 
2002/08/02 9.6 10 9.35 9.6 5591 
2002/08/09 9.05 9.65 9.05 9.35 7063 
2002/08/16 9.35 10.15 9.05 10.15 5746 
2002/08/23 10.2 10.45 9.7 9.9 3286 
2002/08/30 9.9 10 9.2 9.35 1836 
2002/09/06 9.25 9.9 9.25 9.8 4552 
2002/09/13 9.8 10.5 9.7 10.45 11963 
2002/09/20 10.5 10.7 10.25 10.35 11025 
2002/09/27 10.3 10.4 10.1 10.25 10462 
2002/10/04 10.25 10.55 10.2 10.45 7863 
2002/10/11 10.45 10.95 10.3 10.9 10134 
2002/10/18 11 11.45 10.85 11.4 16574 
2002/10/25 11.35 11.5 11.2 11.35 9661 
2002/11/01 11.35 11.4 11.2 11.3 5255 
2002/11/08 11.35 11.65 11.2 11.55 14015 
2002/11/15 11.6 11.6 11.05 11.3 14962 
2002/11/22 11.3 11.7 10.7 11 31477 
2002/11/29 11 11 9.7 9.7 32551 
2002/12/06 9.05 9.05 6.85 6.85 226 
2002/12/13 6.4 6.7 5.85 5.85 209166 
2002/12/20 5.5 6.3 5.15 5.9 72468 
2002/12/27 5.8 6.05 4.84 5.3 42391 
2003/01/03 5.25 5.6 5.05 5.2 29424 
2003/01/10 5.25 6.45 5.2 6.2 67205 
2003/01/17 6.25 7.05 5.9 6.4 60115 
2003/01/24 6.3 6.8 6.15 6.6 51846 
2003/01/31 6.8 6.8 6.25 6.25 14237 
2003/02/07 6.3 6.5 5.8 5.8 11947 
2003/02/14 5.8 5.9 5.15 5.15 14297 
2003/02/21 5.3 5.55 5.15 5.25 7811 
2003/02/28 5.3 5.4 5.1 5.15 3725 
2003/03/07 5.15 5.35 4.96 4.96 5166 
2003/03/14 4.9 4.94 4.05 4.8 15318 
2003/03/21 4.79 4.79 4.46 4.53 4403 
2003/03/28 4.6 4.6 4.41 4.51 1823 
2003/04/04 4.5 4.5 4.06 4.47 2760 
2003/04/11 4.5 4.97 4.45 4.84 6985 
2003/04/18 4.84 4.89 4.64 4.7 3223 
2003/04/25 4.7 4.7 4.06 4.06 3425 
2003/05/02 3.78 3.92 3.52 3.7 3592 
2003/05/09 3.76 3.95 3.7 3.88 2743 
2003/05/16 3.88 4.07 3.86 3.93 2592 
2003/05/23 3.91 4 3.76 4 1719 
2003/05/30 4.09 4.23 4.01 4.13 3689 
2003/06/06 4.17 4.35 4.13 4.34 3896 
2003/06/13 4.34 4.88 4.25 4.7 8175 
2003/06/20 4.68 6.35 4.68 6.15 53606 
2003/06/27 6.3 6.35 5.4 5.4 28362 
2003/07/04 5.4 6.1 5.4 5.6 15295 
2003/07/11 5.65 6 5.45 5.45 19548 
2003/07/18 5.45 6.25 5.45 5.7 27137 
2003/07/25 5.85 6.05 5.65 5.65 12337 
2003/08/01 5.7 5.85 5.5 5.6 7407 
2003/08/08 5.6 5.75 5.3 5.35 4909 
2003/08/15 5.35 5.45 5.25 5.45 3345 
2003/08/22 5.45 5.6 5.25 5.35 5390 
2003/08/29 5.35 5.4 5.05 5.1 5004 
2003/09/05 5.15 5.3 5 5.1 5074 
2003/09/12 5.1 5.25 4.8 4.95 2131 
2003/09/19 5 5.25 4.94 5.2 4410 
2003/09/26 5.2 5.3 5 5.25 4110 
2003/10/03 5.25 5.7 5.2 5.6 18682 
2003/10/10 5.7 6.25 5.65 5.9 21906 
2003/10/17 5.9 6.3 5.85 5.9 23513 
2003/10/24 5.9 7.15 5.9 6.6 47897 
2003/10/31 6.65 6.9 6.5 6.6 23842 
2003/11/07 6.65 6.9 6.4 6.45 17530 
2003/11/14 6.5 6.6 6.2 6.25 10762 
2003/11/21 6.25 6.4 6 6.05 5535 
2003/11/28 6.05 6.25 5.8 5.8 6645 
2003/12/05 5.85 6.15 5.7 6.05 8514 
2003/12/12 6.05 6.15 5.8 6 4233 
2003/12/19 6.1 6.15 5.8 5.85 3328 
2003/12/26 5.9 6.2 5.85 6.1 4411 
2004/01/02 6.1 6.55 6.1 6.55 10524 
2004/01/09 6.6 6.8 6.4 6.4 16373 
2004/01/16 6.4 6.65 6.25 6.4 15242 
2004/01/30 6.5 7.1 6.4 7 34451 
2004/02/06 7.05 8.4 7.05 8.2 129680 
2004/02/13 8.4 9.45 7.95 8.3 105654 
2004/02/20 8.65 9.4 8.2 8.3 81902 
2004/02/27 8.4 8.65 8 8.35 40288 
2004/03/05 8.3 8.8 8.2 8.55 53203 
2004/03/12 8.7 8.8 8.25 8.4 22175 
2004/03/19 8.5 8.95 8.1 8.2 40682 
2004/03/26 7.65 7.65 6.1 6.1 18816 
2004/04/02 6.4 7.35 6.3 6.9 17873 
2004/04/09 7 7.3 6.9 6.95 11223 
2004/04/16 6.95 7.7 6.95 7.3 19881 
2004/04/23 7.25 7.45 7.05 7.15 9898 
2004/04/30 7.1 7.2 6.2 6.25 8161 
2004/05/07 6.2 6.2 5.3 5.7 16061 
2004/05/14 5.55 5.9 5.1 5.75 15102 
2004/05/21 5.75 6 5.3 6 14360 
2004/05/28 6 6.45 5.9 6.2 17056 
2004/06/04 6.2 6.3 5.6 5.7 9028 
2004/06/11 5.85 6.65 5.75 6.45 28112 
2004/06/18 6.45 6.5 5.9 6.05 12174 
2004/06/25 6.1 6.35 5.95 6.3 4473 
2004/07/02 6.35 6.4 6 6.05 4330 
2004/07/09 5.9 6.1 5.85 6 3064 
2004/07/16 6.05 6.3 5.9 5.9 6562 
2004/07/23 5.9 6 5.25 5.5 4793 
2004/07/30 5.45 5.95 5.35 5.7 3745 
2004/08/06 5.6 5.7 5.3 5.6 3545 
2004/08/13 5.5 5.8 5.45 5.5 3814 
2004/08/20 5.6 5.7 5.2 5.6 4627 
2004/08/27 5.65 5.9 5.6 5.85 3649 
2004/09/03 5.8 6 5.7 5.8 7648 
2004/09/10 5.7 6.1 5.65 5.8 7573 
2004/09/17 5.85 6.35 5.75 5.75 15585 
2004/09/24 5.8 6.1 5.7 6.05 10188 
2004/10/01 6.05 6.05 5.8 5.85 4827 
2004/10/08 6 6.35 5.9 6.15 17424 
2004/10/15 6.1 6.2 5.75 5.85 5622 
2004/10/22 5.8 5.95 5.6 5.7 4683 
2004/10/29 5.65 5.75 5.45 5.45 2673 
2004/11/05 5.45 5.7 5.35 5.6 3858 
2004/11/12 5.65 5.75 5.55 5.6 3291 
2004/11/19 5.65 5.75 5.5 5.65 3837 
2004/11/26 5.65 5.65 5.45 5.45 2111 
2004/12/03 5.45 5.5 5.3 5.35 4149 
2004/12/10 5.35 5.45 5.3 5.35 3052 
2004/12/17 5.45 5.8 5.35 5.7 7645 
2004/12/24 5.6 5.8 5.55 5.75 4737 
2004/12/31 5.75 6.1 5.7 5.9 14470 
2005/01/07 5.9 6.6 5.9 6.1 38478 
2005/01/14 6.1 6.8 5.9 6.8 47330 
2005/01/21 7 7.25 6.55 6.6 51837 
2005/01/28 6.6 6.85 6.35 6.75 21599 
2005/02/04 6.75 6.85 6.2 6.35 16200 
2005/02/18 6.45 6.5 6.05 6.1 18832 
2005/02/25 6.2 6.5 6.05 6.25 20342 
2005/03/04 6.35 7 6.3 6.74 45405 
2005/03/11 6.82 7 6.51 6.78 27180 
2005/03/18 6.8 8.49 6.8 8.08 146621 
2005/03/25 8.1 8.44 7.35 7.84 49539 
2005/04/01 8 8 7.31 7.45 19892 
2005/04/08 7.5 7.74 7.29 7.31 14096 
2005/04/15 7.31 7.32 6.56 6.6 12981 
2005/04/22 6.42 6.92 6.06 6.5 22726 
2005/04/29 6.52 6.85 6.5 6.56 8990 
2005/05/06 6.66 6.67 6.25 6.37 6678 
2005/05/13 6.4 6.92 6.26 6.77 14852 
2005/05/20 6.77 7.25 6.55 7.08 13875 
2005/05/27 7.1 7.1 6.71 6.87 6939 
2005/06/03 6.95 7.18 6.55 7.1 16504 
2005/06/10 7.19 7.71 7.05 7.41 27691 
2005/06/17 7.41 7.68 7.25 7.28 18783 
2005/06/24 7.29 7.79 7.25 7.66 27796 
2005/07/01 7.65 8.19 7.6 7.65 41169 
2005/07/08 7.7 8.02 7.62 7.8 23033 
2005/07/15 7.8 7.81 7.48 7.55 14856 
2005/07/22 7.5 7.58 7.26 7.26 9761 
2005/07/29 7.38 7.9 7.27 7.58 18966 
2005/08/05 7.58 7.65 7.33 7.57 8815 
2005/08/12 7.52 7.79 7.48 7.68 12578 
2005/08/19 7.7 7.7 7.32 7.34 7504 
2005/08/26 7.31 7.44 6.9 7.07 4331 
2005/09/02 7.07 7.22 6.85 7.09 4929 
2005/09/09 6.91 7 6.39 6.59 14122 
2005/09/16 6.68 6.68 6.35 6.54 4236 
2005/09/23 6.4 6.58 6 6.02 4670 
2005/09/30 6.03 6.1 5.8 6 4081 
2005/10/07 6 6.03 5.5 5.55 3099 
2005/10/14 5.55 5.55 5.07 5.2 3926 
2005/10/21 5.24 5.34 4.44 4.67 7177 
2005/10/28 4.5 5.17 4.5 5.05 6506 
2005/11/04 5.1 5.13 4.93 5.02 3332 
2005/11/11 5.02 5.35 4.81 5.31 3745 
2005/11/18 5.25 5.38 5.02 5.06 2492 
2005/11/25 5.1 5.34 5.06 5.17 3105 
2005/12/02 5.19 5.32 5.11 5.26 3434 
2005/12/09 5.3 5.55 5.22 5.4 3948 
2005/12/16 5.4 5.5 5.27 5.43 3184 
2005/12/23 5.45 5.83 5.4 5.55 7108 
2005/12/30 5.64 5.78 5.5 5.56 4739 
2006/01/06 5.4 5.5 5.2 5.38 5515 
2006/01/13 5.4 5.85 5.38 5.42 6135 
2006/01/20 5.45 5.57 5.31 5.39 2948 
2006/01/27 5.39 5.39 5.22 5.25 1710 
2006/02/03 5.31 5.31 5.12 5.13 886 
2006/02/10 5.13 5.4 5.06 5.21 2519 
2006/02/17 5.2 5.2 5.05 5.07 3079 
2006/02/24 5.1 5.1 4.71 4.72 3150 
2006/03/03 4.7 4.9 4.6 4.88 1831 
2006/03/10 4.92 5.2 4.78 4.99 4033 
2006/03/17 5 5.3 4.92 4.95 8442 
2006/03/24 4.95 5 4.74 4.8 4969 
2006/03/31 4.8 4.95 4.77 4.86 1932 
2006/04/07 4.86 4.98 4.81 4.97 2637 
2006/04/14 4.96 5.41 4.9 5.26 4904 
2006/04/21 5.26 5.8 5.26 5.5 7593 
2006/04/28 5.5 6.05 5.43 5.65 13422 
2006/05/05 5.65 6.55 5.65 6.25 16662 
2006/05/12 6.51 7.1 6.15 6.41 22026 
2006/05/19 6.5 7 6.35 6.51 17643 
2006/05/26 6.51 6.55 5.8 6.05 7526 
2006/06/02 6.06 6.1 5.85 5.95 4223 
2006/06/09 5.94 5.99 5.01 5.31 6025 
2006/06/16 5.25 5.58 5.12 5.47 3391 
2006/06/23 5.5 5.6 5.21 5.4 2305 
2006/06/30 5.39 5.7 5.31 5.52 4123 
2006/07/07 5.58 5.7 5.52 5.56 2685 
2006/07/14 5.53 6.11 5.49 6.1 8082 
2006/07/21 6.15 6.2 5.8 5.94 6864 
2006/07/28 6 6.25 5.94 6.17 4028 
2006/08/04 6.25 6.25 6 6 2834 
2006/08/11 6.05 6.1 5.72 5.72 2369 
2006/08/18 5.72 6.17 5.65 6.01 3971 
2006/08/25 6 6.04 5.7 5.7 2686 
2006/09/01 5.72 5.84 5.35 5.79 3594 
2006/09/08 5.86 5.94 5.66 5.85 5674 
2006/09/15 5.71 6.3 5.71 6 8476 
2006/09/22 6.1 6.56 6 6.46 6727 
2006/09/29 6.46 6.81 6.28 6.5 8311 
2006/10/06 6.59 7.06 6.59 6.92 19732 
2006/10/13 6.92 7.14 6.85 6.93 10204 
2006/10/20 6.95 7 6.55 6.75 6933 
2006/10/27 6.78 7 6.6 6.61 9328 
2006/11/03 6.59 6.97 6.55 6.84 9032 
2006/11/10 6.5 7.1 6.5 6.88 11855 
2006/11/17 6.88 7.38 6.8 6.86 21613 
2006/11/24 6.85 6.94 6.77 6.83 6715 
2006/12/01 6.83 7.75 6.83 7.35 24771 
2006/12/08 7.5 7.92 7.31 7.56 19859 
2006/12/15 7.46 7.75 7.06 7.32 16609 
2006/12/22 7.4 7.81 7.35 7.35 14952 
2006/12/29 7.4 8.4 7.4 7.73 32189 
2007/01/05 7.8 7.84 7.16 7.22 13044 
2007/01/12 7.05 7.34 6.77 6.8 10496 
2007/01/19 6.82 7.26 6.61 7.13 6454 
2007/01/26 7.13 7.28 6.95 7.1 4748 
2007/02/02 7.14 7.15 6.85 6.98 3939 
2007/02/09 6.9 6.99 6.85 6.9 3357 
2007/02/16 6.88 6.9 6.8 6.84 2192 
2007/03/02 6.93 7.12 6.67 6.79 4058 
2007/03/09 6.7 6.7 6.19 6.5 4406 
2007/03/16 6.5 7.71 6.26 7.71 32055 
2007/03/23 7.8 7.9 7.3 7.4 19953 
2007/03/30 7.54 9.19 7.5 8.91 85912 
2007/04/06 9 9.5 8.8 8.8 39146 
2007/04/13 8.95 9.61 8.9 9.1 63655 
2007/04/20 9.12 9.2 8.5 8.91 23824 
2007/04/27 8.98 9 8.47 8.49 8889 
2007/05/04 8.49 8.55 7.66 8.5 14953 
2007/05/11 8.5 8.55 8.24 8.5 11881 
2007/05/18 8.5 8.96 8.35 8.68 20823 
2007/05/25 8.64 8.83 8.4 8.41 12545 
2007/06/01 8.42 8.58 8.24 8.24 8066 
2007/06/08 8.21 8.27 8.01 8.1 7503 
2007/06/15 8.17 8.28 8 8.1 5414 
2007/06/22 8.15 9.38 8.12 9.27 38821 
2007/06/29 9.39 9.94 9.12 9.46 83848 
2007/07/06 9.46 9.95 9.39 9.5 49760 
2007/07/13 9.6 11.75 9.48 10.9 128326 
2007/07/20 11.2 12.85 10.9 11.25 114145 
2007/07/27 11.25 12.05 10.25 10.3 75922 
2007/08/03 10 11.1 9.45 10.25 34125 
2007/08/10 10.1 10.85 9.91 10.35 35139 
2007/08/17 10.5 10.8 8.31 8.31 31742 
2007/08/24 8.51 9.22 8.51 9 13262 
2007/08/31 9.1 9.3 8.5 9.16 12056 
2007/09/07 9.17 9.35 8.9 8.92 10924 
2007/09/14 8.8 9.53 8.71 9.2 18411 
2007/09/21 9.35 10.3 9.35 9.9 34384 
2007/09/28 9.95 10.5 9.75 10.5 32007 
2007/10/05 10.35 10.7 9.97 10 26855 
2007/10/12 10.2 10.2 9.02 9.02 17450 
2007/10/19 9 9.4 8.81 9.28 11531 
2007/10/26 8.8 9.59 8.8 9.55 11936 
2007/11/02 9.52 9.57 8.6 8.8 11286 
2007/11/09 8.75 9.38 8.5 8.63 16659 
2007/11/16 8.53 8.53 7.92 8.2 11422 
2007/11/23 8.22 8.36 7.5 7.71 10654 
2007/11/30 7.7 7.75 7 7.23 12296 
2007/12/07 7.29 7.66 7.24 7.48 5868 
2007/12/14 7.47 7.7 7 7.15 7561 
2007/12/21 7.15 7.15 5.91 6.1 14226 
2007/12/28 6.16 6.75 6.16 6.75 5517 
2008/01/04 6.75 7.4 6.75 7.14 6780 
2008/01/11 6.91 7.05 6.78 6.86 4839 
2008/01/18 7 8.41 7 8.2 29584 
2008/01/25 8.18 8.6 7.3 7.66 17054 
2008/02/01 7.6 8 7.4 7.87 10021 
2008/02/15 7.7 8.2 7.69 7.92 6041 
2008/02/22 7.94 8.65 7.81 8.65 13456 
2008/02/29 8.77 9.23 8.52 8.71 20390 
2008/03/07 8.5 10.25 8.5 9.35 62198 
2008/03/14 9.3 9.42 8.71 8.86 16839 
2008/03/21 8.71 9.1 8.52 8.9 10731 
2008/03/28 9.52 10.3 9.31 9.88 41542 
2008/04/04 9.88 10.2 9.75 9.78 18406 
2008/04/11 9.82 10.6 9.82 10.15 41575 
2008/04/18 10.1 10.65 10.05 10.35 30549 
2008/04/25 10.35 10.35 9.8 9.81 14167 
2008/05/02 9.81 10.8 9.7 10.55 59139 
2008/05/09 10.75 11.5 10.4 11.05 57368 
2008/05/16 11.05 11.15 10.6 10.75 24722 
2008/05/23 10.8 11.55 10.6 10.8 51081 
2008/05/30 10.8 10.9 9.5 9.7 23451 
2008/06/06 9.7 9.94 9.5 9.8 7216 
2008/06/13 9.46 9.5 8.24 8.62 15340 
2008/06/20 8.7 8.88 8.24 8.25 7471 
2008/06/27 8.01 8.5 7.83 7.9 12735 
2008/07/04 8.09 8.2 6.9 7.11 16489 
2008/07/11 7.11 7.58 7.11 7.57 8133 
2008/07/18 7.48 7.53 6.48 6.48 9431 
2008/07/25 6.5 7.22 6.4 6.98 9910 
2008/08/01 6.88 6.93 6.56 6.66 4325 
2008/08/08 6.66 6.8 6.32 6.55 11212 
2008/08/15 6.6 7 6.5 6.78 11761 
2008/08/22 6.71 6.75 6.36 6.46 4858 
2008/08/29 6.56 6.75 6.52 6.62 4580 
2008/09/05 6.65 6.65 5.09 5.09 18128 
2008/09/12 5.2 5.98 5.2 5.55 9120 
2008/09/19 5.49 5.49 4.17 4.46 18230 
2008/09/26 4.73 5.28 4.56 4.88 12041 
2008/10/03 4.54 5.03 4.54 4.9 5817 
2008/10/10 4.86 4.86 4.19 4.19 4784 
2008/10/17 4.05 4.39 4.05 4.1 5460 
2008/10/24 4.05 4.3 3.75 3.75 6323 
2008/10/31 3.49 4.02 3.25 4 10877 
2008/11/07 3.99 4.14 3.46 3.93 8502 
2008/11/14 3.93 4.07 3.48 3.56 5249 
2008/11/21 3.56 3.88 3.27 3.44 7213 
2008/11/28 3.51 3.85 3.39 3.78 5228 
2008/12/05 3.8 4.02 3.75 3.84 5779 
2008/12/12 3.89 4.12 3.8 3.92 8985 
2008/12/19 4 4.67 4 4.53 21889 
2008/12/26 4.53 4.55 3.95 4.07 8179 
2009/01/02 4.1 4.2 3.97 4.13 2720 
2009/01/09 4.17 4.27 3.85 3.99 5561 
2009/01/16 4 4.07 3.77 3.83 3319 
2009/01/23 3.89 3.89 3.55 3.64 1802 
2009/02/06 3.61 3.8 3.55 3.73 1577 
2009/02/13 3.8 3.87 3.68 3.85 2342 
2009/02/20 3.84 3.87 3.68 3.68 2608 
2009/02/27 3.67 4.02 3.62 3.96 3413 
2009/03/06 3.96 4.03 3.75 3.99 3417 
2009/03/13 4 4.25 3.95 4.16 9125 
2009/03/20 4.2 5.13 4.16 4.8 37171 
2009/03/27 4.85 5.67 4.75 5.51 36933 
2009/04/03 5.35 5.88 4.92 5.62 29272 
2009/04/10 5.69 6.09 5.36 5.9 32266 
2009/04/17 5.99 6.6 5.82 5.84 53545 
2009/04/24 5.72 5.84 5.11 5.63 14780 
2009/05/01 5.65 5.76 4.88 5.35 10801 
2009/05/08 5.65 6.15 5.41 5.8 23178 
2009/05/15 5.8 6.35 5.61 6 27203 
2009/05/22 6 6.35 5.86 6.24 25114 
2009/05/29 6.3 6.84 6.23 6.44 26845 
2009/06/05 6.5 7.18 6.21 6.54 39458 
2009/06/12 6.61 6.65 5.65 5.97 14423 
2009/06/19 5.81 6 5.64 5.87 7420 
2009/06/26 5.9 6.39 5.8 6.11 17121 
2009/07/03 6.12 6.36 6.05 6.25 14110 
2009/07/10 6.24 6.55 6.19 6.3 21512 
2009/07/17 6.36 6.45 5.96 6.16 14567 
2009/07/24 6.12 6.63 6.11 6.63 19980 
2009/07/31 6.7 6.94 6.37 6.54 36639 
2009/08/07 6.54 6.8 6.13 6.25 13805 
2009/08/14 6.22 6.34 6.1 6.27 7896 
2009/08/21 6.19 6.27 5.78 5.78 7420 
2009/08/28 5.83 6.15 5.83 6.07 9187 
2009/09/04 6.15 6.3 6.03 6.21 12091 
2009/09/11 6.28 6.5 6.23 6.33 16345 
2009/09/18 6.31 6.65 6.3 6.58 13610 
2009/09/25 6.64 6.73 6.35 6.45 11778 
2009/10/02 6.5 6.9 6.37 6.6 14727 
2009/10/09 6.68 7.59 6.6 7.31 40614 
2009/10/16 7.42 7.56 7.2 7.25 18162 
2009/10/23 7.27 7.46 7.05 7.18 11584 
2009/10/30 7.18 7.38 6.53 6.67 11342 
2009/11/06 6.57 7.12 6.5 6.96 15636 
2009/11/13 6.99 7.3 6.96 7.18 13058 
2009/11/20 7.25 8.14 7.22 7.86 63235 
2009/11/27 7.95 8.04 7.48 7.68 26476 
2009/12/04 7.86 8.07 7.58 7.88 34017 
2009/12/11 8.08 8.98 7.96 8.44 65125 
2009/12/18 8.58 8.99 8.35 8.99 54260 
2009/12/25 9.18 9.45 8.75 8.8 42552 
2010/01/01 8.9 9.03 8.76 8.85 17185 
2010/01/08 8.85 9.52 8.8 9.25 45969 
2010/01/15 9.18 9.3 8.86 9.05 29418 
2010/01/22 9.1 9.89 8.7 8.8 50490 
2010/01/29 8.7 8.98 7.85 8.05 14055 
2010/02/05 8.06 8.15 6.94 7.09 15528 
2010/02/12 7.1 7.68 7.09 7.59 6988 
2010/02/26 7.8 7.89 7.55 7.77 7426 
2010/03/05 7.85 8.28 7.8 8.11 12191 
2010/03/12 8.15 8.25 8.09 8.11 7538 
2010/03/19 8.11 8.4 8.09 8.28 8134 
2010/03/26 8.2 8.33 8.06 8.22 13147 
2010/04/02 8.22 8.84 8.22 8.48 22351 
2010/04/09 8.48 8.57 8.3 8.48 13165 
2010/04/16 8.5 8.85 8.36 8.63 23047 
2010/04/23 8.6 9.8 8.57 9.58 93987 
2010/04/30 9.65 9.8 8.81 9.31 55326 
2010/05/07 9.31 9.5 8.4 8.85 25007 
2010/05/14 8.85 10.1 8.85 10.1 54160 
2010/05/21 9.8 10.3 9.32 10.25 87073 
2010/05/28 10.75 10.95 9.72 10 75971 
2010/06/04 10.15 10.6 10.05 10.35 51566 
2010/06/11 10.35 10.9 10.1 10.2 46070 
2010/06/18 10.3 10.4 9.96 9.98 25169 
2010/06/25 10 10.4 10 10.05 40789 
2010/07/02 10.05 10.2 9.5 9.6 18300 
2010/07/09 9.52 9.7 9.29 9.33 16596 
2010/07/16 9.39 9.58 9.14 9.42 17960 
2010/07/23 9.43 9.6 9.21 9.36 14739 
2010/07/30 9.37 9.72 9.23 9.4 20486 
2010/08/06 9.5 10.25 9.46 9.82 39260 
2010/08/13 9.9 12 9.9 11.5 210814 
2010/08/20 11.65 12.8 11.35 11.85 115953 
2010/08/27 11.85 12.15 10.7 11.15 51270 
2010/09/03 11.4 11.4 10.15 10.75 34941 
2010/09/10 10.9 11.25 10.4 10.7 24887 
2010/09/17 10.8 11.8 10.8 11.25 42262 
2010/09/24 11.3 12.1 11.3 11.35 33450 
2010/10/01 11.6 11.8 11.4 11.55 21408 
2010/10/08 11.75 12.25 11.6 11.9 55699 
2010/10/15 12.05 12.5 11.4 12.2 47882 
2010/10/22 12.2 12.45 11.45 11.6 24704 
2010/10/29 11.7 12.2 11.4 11.45 22893 
2010/11/05 11.45 11.6 11 11.45 17805 
2010/11/12 11.5 11.95 11.25 11.3 29552 
2010/11/19 11.2 11.3 10.6 10.9 11697 
2010/11/26 10.95 11 10.55 10.65 8868 
2010/12/03 10.75 11.25 10.65 11.15 12945 
2010/12/10 11.2 11.9 11.1 11.3 21184 
2010/12/17 11.3 12.1 11.15 11.7 49544 
2010/12/24 11.85 12.1 11.55 11.65 25877 
2010/12/31 11.6 11.9 11.3 11.65 25435 
2011/01/07 11.9 12.8 11.3 11.4 89575 
2011/01/14 11.45 11.65 11.3 11.35 16141 
2011/01/21 11.35 11.45 10.75 10.9 18054 
2011/01/28 10.9 11.45 10.9 11.05 21617 
2011/02/11 11.15 11.55 10.75 10.9 15379 
2011/02/18 10.8 11.3 10.7 11.15 11317 
2011/02/25 11.25 11.25 9.95 10.45 14999 
2011/03/04 10.45 10.55 10.1 10.2 5968 
2011/03/11 10.2 10.25 9.97 10 6101 
2011/03/18 9.98 9.98 8.72 9.3 18482 
2011/03/25 9.33 9.97 9.31 9.81 10766 
2011/04/01 9.84 10.2 9.81 10.15 6817 
2011/04/08 10.45 10.95 10.35 10.75 12527 
2011/04/15 10.75 10.85 10.2 10.4 9994 
2011/04/22 10.4 10.6 10.1 10.45 9370 
2011/04/29 10.5 10.6 10.05 10.15 7226 
2011/05/06 10.1 10.4 9.86 10.1 5855 
2011/05/13 10.1 10.55 10.1 10.35 7296 
2011/05/20 10.35 10.4 9.92 9.94 5467 
2011/05/27 9.96 10.1 9.38 9.73 8735 
2011/06/03 9.73 9.84 9.65 9.7 3328 
2011/06/10 9.7 9.7 9.45 9.47 2826 
2011/06/17 9.4 9.48 9.1 9.1 3145 
2011/06/24 9.15 9.3 8.97 9.15 3500 
2011/07/01 9.1 9.56 9.1 9.5 4402 
2011/07/08 9.5 9.67 9.37 9.65 6429 
2011/07/15 9.7 9.85 9.41 9.64 11944 
2011/07/22 9.64 11 9.55 10.75 29852 
2011/07/29 10.8 11.1 10.4 10.6 27784 
2011/08/05 10.8 11.2 9.77 9.77 28990 
2011/08/12 9.77 10.7 8.71 10.25 29801 
2011/08/19 10.5 10.6 9.5 9.5 9888 
2011/08/26 9.5 10.2 9.4 9.49 7254 
2011/09/02 10.05 10.4 10.05 10.15 11428 
2011/09/09 10 10.05 9.7 9.85 5266 
2011/09/16 9.7 9.8 9.1 9.65 5853 
2011/09/23 9.7 9.8 8.59 8.8 6056 
2011/09/30 8.8 8.8 8.19 8.42 7322 
2011/10/07 8.26 8.38 8.05 8.33 5360 
2011/10/14 8.45 8.58 8.38 8.44 3391 
2011/10/21 8.5 8.59 8.26 8.33 2954 
2011/10/28 8.48 9.3 8.41 9.05 12965 
2011/11/04 9.14 9.35 9 9.24 7240 
2011/11/11 9.24 9.32 8.53 8.86 4878 
2011/11/18 9.06 9.16 8.67 8.92 4588 
2011/11/25 8.9 9.6 8.67 9.08 26166 
2011/12/02 9.3 9.38 8.9 9.15 9872 
2011/12/09 9.16 9.16 8.45 8.55 5534 
2011/12/16 8.95 8.96 8.2 8.3 4050 
2011/12/23 8.24 8.47 7.7 8.47 6839 
2011/12/30 8.57 8.6 8.3 8.3 5787 
2012/01/06 8.3 8.68 8.26 8.44 7486 
2012/01/13 8.43 8.82 8.36 8.53 16532 
2012/01/20 8.77 8.77 8.5 8.51 5173 
2012/02/03 8.63 9.35 8.6 9.22 17712 
2012/02/10 9.35 10.85 9.29 10.4 52686 
2012/02/17 10.6 11.45 10.25 10.7 56824 
2012/02/24 10.9 10.95 10.4 10.75 15267 
2012/03/02 10.95 11.5 10.8 11.35 26533 
2012/03/09 11.35 11.4 10.45 10.85 28229 
2012/03/16 11 11.5 10.6 11.15 24779 
2012/03/23 11.3 11.3 10.5 10.7 13432 
2012/03/30 10.7 10.85 9.45 9.82 13082 
2012/04/06 9.82 9.9 8.6 9.16 11670 
2012/04/13 8.99 9.6 8.85 9.6 8166 
2012/04/20 9.5 9.6 8.98 9.05 8167 
2012/04/27 9 9.5 8.87 9.39 5967 
2012/05/04 9.65 10.55 9.55 10.55 17195 
2012/05/11 10.4 10.45 9.97 10 9177 
2012/05/18 9.95 9.99 9.28 9.3 7391 
2012/05/25 9.35 9.59 9.03 9.07 4482 
2012/06/01 9.1 10.1 9.1 9.73 10226 
2012/06/08 9.36 9.9 9.2 9.58 5769 
2012/06/15 9.91 10.2 9.83 10.05 9354 
2012/06/22 10.25 10.3 9.81 9.89 5946 
2012/06/29 9.81 9.98 9.8 9.88 3112 
2012/07/06 9.93 10.2 9.92 10.1 8874 
2012/07/13 10.1 10.35 9.97 10.2 9661 
2012/07/20 10.35 10.35 9.99 10.2 6743 
2012/07/27 10.25 10.5 10.1 10.3 9234 
2012/08/03 10.45 11.3 10.35 10.85 22371 
2012/08/10 11 11.4 10.85 10.9 22141 
2012/08/17 11.2 11.4 11 11.2 17891 
2012/08/24 11.25 11.75 11.25 11.5 25379 
2012/08/31 11.6 11.6 10.5 10.7 17878 
2012/09/07 10.65 10.75 10.4 10.5 8511 
2012/09/14 10.6 11.05 10.55 10.75 15584 
2012/09/21 10.85 11 10.7 10.75 11753 
2012/09/28 10.75 10.95 10.3 10.35 9445 
2012/10/05 10.35 10.8 10.2 10.65 12908 
2012/10/12 10.65 10.75 10.3 10.35 9932 
2012/10/19 10.35 10.6 10.2 10.35 5523 
2012/10/26 10.15 10.3 9.4 9.4 7501 
2012/11/02 9.49 9.52 8.95 9.2 6869 
2012/11/09 8.91 9.44 8.9 9.4 7466 
2012/11/16 9.4 9.4 8.99 9.04 4280 
2012/11/23 9.06 9.07 8.79 9.01 4464 
2012/11/30 9.09 9.54 9.09 9.39 6007 
2012/12/07 9.42 9.65 9.3 9.38 6231 
2012/12/14 9.39 9.87 9.28 9.66 19042 
2012/12/21 9.66 9.98 9.35 9.41 10226 
2012/12/28 9.41 9.68 9.4 9.55 4745 
2013/01/04 9.7 9.85 9.6 9.75 4847 
2013/01/11 9.75 10.1 9.68 9.95 9238 
2013/01/18 9.95 9.97 9.34 9.52 5685 
2013/01/25 9.6 9.6 9.34 9.34 3091 
2013/02/01 9.36 9.5 9.36 9.45 3121 
2013/02/08 9.5 9.53 9.4 9.42 1949 
2013/02/22 9.49 9.49 9.25 9.32 5149 
2013/03/01 9.32 9.41 9.18 9.21 2489 
2013/03/08 9.22 9.22 9 9.16 4096 
2013/03/15 9.16 9.22 9.09 9.1 2857 
2013/03/22 9.1 9.1 8.92 8.97 3596 
2013/03/29 9 9.45 9 9.34 8536 
2013/04/05 9.39 9.46 9.3 9.34 3695 
2013/04/12 9.22 9.33 9.06 9.2 3768 
2013/04/19 9.2 9.25 9.07 9.21 2804 
2013/04/26 9.22 9.53 9.18 9.39 6474 
2013/05/03 9.46 9.67 9.4 9.57 10261 
2013/05/10 9.61 9.64 9.46 9.58 6375 
2013/05/17 9.65 9.65 9.38 9.48 6428 
2013/05/24 9.48 9.85 9.47 9.5 10252 
2013/05/31 9.5 9.62 9.47 9.55 4762 
2013/06/07 9.46 9.57 9.4 9.41 4500 
2013/06/14 9.42 9.55 9.18 9.19 3636 
2013/06/21 9.19 9.36 9.1 9.19 3248 
2013/06/28 9.2 9.32 9.12 9.25 2173 
2013/07/05 9.21 9.51 9.18 9.48 3579 
2013/07/12 9.5 9.54 9.41 9.5 4284 
2013/07/19 9.5 9.6 9.01 9.01 6362 
2013/07/26 9.01 9.19 9.01 9.12 4279 
2013/08/02 9.14 9.14 9 9.03 2875 
2013/08/09 9.02 9.09 8.91 9.01 3082 
2013/08/16 9.01 9.01 8.7 8.72 2523 
2013/08/23 8.7 8.72 8.55 8.6 2272 
2013/08/30 8.68 8.68 8.37 8.45 3177 
2013/09/06 8.48 8.68 8.45 8.6 3080 
2013/09/13 8.6 8.67 8.5 8.52 2144 
2013/09/20 8.57 8.57 8.48 8.52 795 
2013/09/27 8.52 8.92 8.5 8.76 4503 
2013/10/04 8.76 9.2 8.68 9.06 7413 
2013/10/11 9.07 9.44 8.91 8.91 11806 
2013/10/18 8.99 9.2 8.84 9.1 5542 
2013/10/25 9.15 9.16 8.93 8.95 1975 
2013/11/01 9.05 9.05 8.7 8.78 2485 
2013/11/08 8.77 8.77 8.51 8.53 2418 
2013/11/15 8.59 8.64 8.4 8.45 2429 
2013/11/22 8.45 8.86 8.38 8.4 7003 
2013/11/29 8.53 8.6 8.39 8.51 5832 
2013/12/06 8.52 8.59 8.45 8.49 3579 
2013/12/13 8.51 9 8.46 8.63 13007 
2013/12/20 8.56 8.88 8.55 8.7 5112 
2013/12/27 8.8 8.85 8.64 8.68 5042 
2014/01/03 8.68 9.05 8.66 8.9 12952 
2014/01/10 9 9 8.72 8.9 7479 
2014/01/17 8.99 9.02 8.75 8.75 9587 
2014/01/24 8.75 8.85 8.52 8.53 7200 
2014/01/31 8.5 8.51 8.43 8.47 940 
2014/02/07 8.4 8.66 8.4 8.55 2737 
2014/02/14 8.62 8.64 8.51 8.56 3843 
2014/02/21 8.62 8.62 8.43 8.53 3376 
2014/02/28 8.53 8.56 8.44 8.47 3804 
2014/03/07 8.47 8.49 8.4 8.41 4362 
2014/03/14 8.41 8.55 8.38 8.39 4082 
2014/03/21 8.39 8.49 8.27 8.3 3481 
2014/03/28 8.3 8.5 8.16 8.38 3113 
2014/04/04 8.44 8.52 8.4 8.46 3354 
2014/04/11 8.45 8.48 8.3 8.34 2540 
2014/04/18 8.3 8.46 8.3 8.4 1840 
2014/04/25 8.43 8.45 8.05 8.14 2851 
2014/05/02 8.04 8.19 8 8.13 2016 
2014/05/09 8.13 8.25 8.08 8.13 2216 
2014/05/16 8.14 8.36 8.04 8.34 4150 
2014/05/23 8.37 8.47 8.28 8.32 4559 
2014/05/30 8.32 8.47 8.23 8.4 4086 
2014/06/06 8.42 8.73 8.16 8.51 11719 
2014/06/13 8.63 8.66 8.46 8.53 6981 
2014/06/20 8.53 8.56 8.42 8.48 5353 
2014/06/27 8.5 8.55 8.34 8.4 3724 
2014/07/04 8.44 8.49 8.34 8.38 4762 
2014/07/11 8.4 8.54 8.38 8.45 6570 
2014/07/18 8.46 8.57 8.37 8.39 6240 
2014/07/25 8.38 8.46 8.37 8.38 2202 
2014/08/01 8.4 8.58 8.4 8.46 6235 
2014/08/08 8.46 8.49 8.15 8.2 3763 
2014/08/15 8.2 8.27 8.14 8.19 2156 
2014/08/22 8.19 8.23 8.08 8.22 2414 
2014/08/29 8.2 8.28 8.19 8.27 1814 
2014/09/05 8.27 8.29 8.18 8.25 1851 
2014/09/12 8.29 8.31 8.18 8.18 1525 
2014/09/19 8.18 8.2 8.1 8.14 1165 
2014/09/26 8.1 8.32 8.08 8.12 3025 
2014/10/03 8.14 8.26 8 8.24 2960 
2014/10/10 8.24 8.24 8.09 8.09 1034 
2014/10/17 8.05 8.09 7.63 7.63 2668 
2014/10/24 7.65 7.82 7.6 7.61 2066 
2014/10/31 7.63 7.82 7.4 7.79 1815 
2014/11/07 7.79 7.93 7.78 7.8 1963 
2014/11/14 7.8 7.92 7.64 7.72 1557 
2014/11/21 7.7 7.71 7.51 7.62 1463 
2014/11/28 7.64 7.74 7.58 7.6 1441 
2014/12/05 7.52 7.85 7.5 7.8 1710 
2014/12/12 7.87 7.87 7.58 7.64 1205 
2014/12/19 7.6 7.9 7.6 7.73 3705 
2014/12/26 7.74 8.15 7.74 8.08 5920 
2015/01/02 8.08 8.1 7.99 8.04 907 
2015/01/09 8.01 8.15 7.82 8.11 3548 
2015/01/16 8.1 8.11 7.87 7.89 2168 
2015/01/23 7.9 8.02 7.8 7.93 1518 
2015/01/30 7.93 7.97 7.83 7.88 1297 
2015/02/06 7.82 8.02 7.82 7.94 2791 
2015/02/13 7.93 7.96 7.82 7.82 1774 
2015/02/27 7.92 8.64 7.85 8.64 13543 
2015/03/06 8.75 8.85 8.44 8.53 20652 
2015/03/13 8.5 8.53 8.21 8.26 5382 
2015/03/20 8.26 8.39 8.18 8.18 3422 
2015/03/27 8.19 8.28 8.1 8.13 2710 
2015/04/03 8.16 8.22 8.12 8.18 3152 
2015/04/10 8.2 8.42 8.17 8.28 3529 
2015/04/17 8.3 8.41 8.17 8.3 4238 
2015/04/24 8.29 8.4 8.06 8.25 4504 
2015/05/01 8.26 9.04 8.19 8.82 23501 
2015/05/08 8.76 8.78 8.19 8.23 9157 
2015/05/15 8.24 8.27 7.68 7.75 8639 
2015/05/22 7.68 7.88 7.66 7.67 3837 
2015/05/29 7.67 7.87 7.46 7.73 3470 
2015/06/05 7.73 7.97 7.4 7.47 4585 
2015/06/12 7.4 7.45 6.7 6.86 4549 
2015/06/19 6.89 7.47 6.87 7.26 5053 
2015/06/26 7.27 7.46 7.16 7.16 2390 
2015/07/03 7.05 7.15 6.96 7.05 1407 
2015/07/10 7.02 7.11 6.24 6.65 1688 
2015/07/17 7.12 7.54 6.88 7.14 6692 
2015/07/24 7.41 7.41 6.91 6.98 1546 
2015/07/31 6.94 7.01 6.7 6.9 1323 
2015/08/07 6.81 6.96 6.51 6.9 2490 
2015/08/14 6.8 6.97 6.66 6.71 1826 
2015/08/21 6.62 6.7 6.14 6.3 1830 
2015/08/28 5.69 5.85 5.19 5.59 6206 
2015/09/04 5.65 5.86 5.5 5.8 2838 
2015/09/11 5.72 5.93 5.7 5.92 2558 
2015/09/18 5.92 6.14 5.78 6.13 3521 
2015/09/25 6.08 6.13 5.69 5.79 2310 
2015/10/02 5.73 5.89 5.7 5.85 1497 
2015/10/09 5.85 6 5.8 5.8 2165 
2015/10/16 5.87 6.25 5.85 6.09 5454 
2015/10/23 6.11 6.16 6.04 6.08 3931 
2015/10/30 6.08 6.1 5.78 5.88 3305 
2015/11/06 5.84 6.05 5.82 5.91 3194 
2015/11/13 5.96 5.96 5.43 5.47 3069 
2015/11/20 5.44 5.44 5.3 5.39 2656 
2015/11/27 5.37 5.42 5 5.06 3684 
2015/12/04 5.04 5.05 4.8 4.98 4844 
2015/12/11 4.99 5 4.46 5 7205 
2015/12/18 5.09 5.17 4.62 4.97 8422 
2015/12/25 4.93 5.13 4.9 5.08 3835 
2016/01/01 5.08 5.54 5.04 5.2 9590 
2016/01/08 5.25 5.25 4.82 4.91 2966 
2016/01/15 4.91 4.95 4.65 4.68 2486 
2016/01/22 4.58 4.96 4.52 4.85 1845 
2016/01/29 4.86 5.2 4.85 5.11 4680 
2016/02/05 5.1 5.19 5.02 5.02 1912 
2016/02/19 4.97 5.16 4.97 5.08 2834 
2016/02/26 5.08 5.24 5.04 5.19 2965 
2016/03/04 5.17 5.42 5.13 5.36 3140 
2016/03/11 5.42 5.69 5.39 5.48 5833 
2016/03/18 5.51 5.9 5.37 5.52 10138 
2016/03/25 5.57 5.57 5.32 5.32 3052 
2016/04/01 5.4 5.4 5.08 5.1 3070 
2016/04/08 5.1 5.1 5 5.03 965 
2016/04/15 5.06 5.06 4.95 4.95 2281 
2016/04/22 4.95 5.13 4.92 4.95 3634 
2016/04/29 4.95 5 4.85 4.89 1504 
2016/05/06 5.09 5.09 4.66 4.72 1516 
2016/05/13 4.75 4.83 4.57 4.57 1494 
2016/05/20 4.53 4.56 4.4 4.53 2274 
2016/05/27 4.5 4.66 4.34 4.52 3637 
2016/06/03 4.52 4.62 4.48 4.53 1808 
2016/06/10 4.58 4.6 4.47 4.55 799 
2016/06/17 4.52 4.53 4.41 4.45 1060 
2016/06/24 4.47 4.54 4.4 4.41 1447 
2016/07/01 4.41 4.67 4.4 4.56 2266 
2016/07/08 4.56 4.61 4.45 4.51 1227 
2016/07/15 4.54 4.98 4.47 4.77 5128 
2016/07/22 4.7 4.87 4.68 4.73 3028 
2016/07/29 4.76 4.78 4.6 4.72 2626 
2016/08/05 4.7 4.99 4.67 4.9 4925 
2016/08/12 4.9 5.09 4.86 5.08 4067 
2016/08/19 5.15 5.29 5.11 5.24 5671 
2016/08/26 5.24 5.24 5.06 5.11 2064 
2016/09/02 5.09 5.17 5.06 5.07 1254 
2016/09/09 5.07 5.18 4.96 5.07 2608 
2016/09/16 5.14 5.14 5.03 5.1 836 
2016/09/23 5.13 5.3 5.05 5.28 4090 
2016/09/30 5.28 5.76 5.26 5.51 9519 
2016/10/07 5.69 5.69 5.36 5.5 3817 
2016/10/14 5.5 5.55 5.11 5.19 2501 
2016/10/21 5.14 5.71 5.12 5.55 7340 
2016/10/28 5.62 5.62 5.42 5.49 2238 
2016/11/04 5.46 5.46 5.2 5.21 1534 
2016/11/11 5.17 5.27 5.01 5.2 1927 
2016/11/18 5.19 5.29 5.01 5.1 4060 
2016/11/25 5.09 5.15 5 5.1 3490 
2016/12/02 5.1 5.43 5.1 5.34 6265 
2016/12/09 5.35 5.58 5.2 5.47 7033 
2016/12/16 5.39 5.54 5.25 5.43 5850 
2016/12/23 5.41 5.45 5.11 5.17 2710 
2016/12/30 5.17 5.21 5.09 5.13 1442 
2017/01/06 5.13 5.27 5.1 5.15 2670 
2017/01/13 5.15 5.2 5.15 5.17 1376 
2017/01/20 5.19 5.3 5.15 5.19 4498 
2017/01/27 5.2 5.25 5.2 5.21 1105 
2017/02/03 5.22 5.59 5.22 5.44 6479 
2017/02/10 5.47 5.88 5.47 5.74 16132 
2017/02/17 5.83 5.9 5.53 5.61 13425 
2017/02/24 5.61 5.99 5.54 5.72 10000 
2017/03/03 5.72 5.79 5.61 5.73 5097 
2017/03/10 5.74 5.95 5.61 5.61 14140 
2017/03/17 5.6 5.71 5.56 5.64 4335 
2017/03/24 5.61 5.64 5.36 5.39 7788 
2017/03/31 5.39 5.68 5.3 5.55 12908 
2017/04/07 5.53 5.55 5.5 5.5 618 
2017/04/14 5.43 5.45 5.16 5.17 4210 
2017/04/21 5.15 5.19 5.13 5.13 538 
2017/04/28 5.25 5.25 5.16 5.16 289 
2017/05/05 5.24 5.27 5.17 5.2 330 
2017/05/12 5.2 5.2 5 5.08 1641 
2017/05/19 5.08 5.08 4.84 4.92 3393 
2017/05/26 4.92 5.04 4.8 5 2418 
2017/06/02 5.09 5.09 4.94 4.99 937 
2017/06/09 4.95 4.99 4.9 4.95 1193 
2017/06/16 4.8 4.9 4.8 4.85 1307 
2017/06/23 4.86 4.92 4.82 4.9 1025 
2017/06/30 4.9 4.94 4.85 4.92 1588 
2017/07/07 4.92 4.97 4.9 4.96 609 
2017/07/14 4.89 4.93 4.8 4.86 1054 
2017/07/21 4.92 4.92 4.83 4.87 1072 
2017/07/28 4.87 4.88 4.85 4.87 168 
2017/08/04 4.81 4.85 4.8 4.84 1090 
2017/08/11 4.84 4.84 4.76 4.83 1038 
2017/08/18 4.74 4.77 4.7 4.71 566 
2017/08/25 4.71 4.77 4.71 4.75 307 
2017/09/01 4.75 4.77 4.74 4.77 249 
2017/09/08 4.9 4.9 4.86 4.87 455 
2017/09/15 4.92 4.92 4.89 4.92 503 
2017/09/22 4.97 4.99 4.95 4.98 342 
2017/09/29 4.88 4.9 4.83 4.85 409 
2017/10/06 4.86 4.89 4.83 4.87 315 
2017/10/13 4.95 4.98 4.94 4.95 317 
2017/10/20 4.92 4.95 4.92 4.95 442 
2017/10/27 4.89 4.94 4.83 4.83 2505 
2017/11/03 4.83 4.86 4.75 4.8 1454 
2017/11/10 4.83 4.86 4.8 4.85 897 
2017/11/17 4.85 4.85 4.79 4.83 389 
2017/11/24 4.83 4.83 4.76 4.82 163 
2017/12/01 4.79 4.8 4.75 4.79 1118 
2017/12/08 4.79 4.79 4.75 4.75 637 
2017/12/15 4.73 4.75 4.65 4.68 1466 
2017/12/22 4.65 4.7 4.62 4.69 1184 
2017/12/29 4.66 4.73 4.65 4.71 1452 
2018/01/05 4.71 4.72 4.66 4.72 1507 
2018/01/12 4.72 4.78 4.7 4.75 2632 
2018/01/19 4.76 4.79 4.72 4.78 4121 
2018/01/26 4.75 4.99 4.74 4.94 5191 
2018/02/02 4.95 4.95 4.76 4.82 1769 
2018/02/09 4.8 4.8 4.48 4.57 2847 
2018/02/16 4.58 4.61 4.55 4.6 335 
2018/02/23 4.61 4.68 4.61 4.67 775 
2018/03/02 4.71 4.71 4.57 4.62 1393 
2018/03/09 4.59 4.78 4.58 4.69 3194 
2018/03/16 4.7 4.73 4.56 4.67 1509 
2018/03/23 4.66 4.66 4.52 4.56 1604 
2018/03/30 4.55 4.61 4.53 4.55 1624 
2018/04/06 4.59 4.59 4.53 4.56 598 
2018/04/13 4.55 4.67 4.54 4.65 2883 
2018/04/20 4.59 4.65 4.56 4.6 1764 
2018/04/27 4.6 4.61 4.53 4.56 1340 
2018/05/04 4.56 4.56 4.48 4.5 1451 
2018/05/11 4.52 4.58 4.48 4.5 1108 
2018/05/18 4.5 5.79 4.48 5.44 35929 
2018/05/25 5.5 5.55 5 5.09 9230 
2018/06/01 5.09 7.1 5.02 6.83 51261 
2018/06/08 6.69 6.93 6.17 6.17 20239 
2018/06/15 6.17 7.29 6 6.22 22040 
2018/06/22 6.22 6.49 6.03 6.08 5596 
2018/06/29 6.08 6.13 5.5 5.55 6856 
2018/07/06 5.56 5.6 5.08 5.2 4178 
2018/07/13 5.15 5.72 5.15 5.41 5171 
2018/07/20 5.41 5.48 5.18 5.24 2511 
2018/07/27 5.24 5.29 5.17 5.22 1187 
2018/08/03 5.21 5.35 5.1 5.19 1995 
2018/08/10 5.18 5.2 5.09 5.11 2387 
2018/08/17 5.11 5.14 4.89 5.07 3674 
2018/08/24 5.15 5.52 4.98 5.29 5850 
2018/08/31 5.26 5.34 5.15 5.16 2196 
2018/09/07 5.16 5.2 4.95 5.05 2078 
2018/09/14 5.06 5.1 4.78 5.02 2857 
2018/09/21 5.07 5.15 4.93 5.1 2754 
2018/09/28 5.09 5.13 5.02 5.09 2479 
2018/10/05 5.09 5.09 4.81 4.82 2244 
2018/10/12 4.85 4.93 4.43 4.68 2643 
2018/10/19 4.68 4.77 4.49 4.6 2414 
2018/10/26 4.52 4.62 4.38 4.4 1645 
2018/11/02 4.4 4.54 4.19 4.46 2502 
2018/11/09 4.46 4.53 4.4 4.48 1357 
2018/11/16 4.44 4.48 4.35 4.43 1427 
2018/11/23 4.4 4.54 4.4 4.45 1645 
2018/11/30 4.47 4.77 4.43 4.7 4976 
2018/12/07 4.73 6 4.68 5.37 20095 
2018/12/14 5.25 5.37 5.08 5.18 4306 
2018/12/21 5.16 5.23 4.76 4.99 3858 
2018/12/28 4.99 5.03 4.86 4.93 3539 
2019/01/04 4.93 4.93 4.7 4.76 1280 
2019/01/11 4.82 4.86 4.7 4.74 2407 
2019/01/18 4.71 4.78 4.68 4.77 1670 
2019/01/25 4.72 4.85 4.72 4.81 1188 
2019/02/01 4.81 4.88 4.79 4.83 943 
2019/02/15 4.87 4.9 4.82 4.88 1536 
2019/02/22 4.88 4.95 4.88 4.93 1713 
2019/03/01 4.93 5.05 4.93 5.02 1745 
2019/03/08 5.04 5.32 5 5.24 5074 
2019/03/15 5.24 5.43 5.15 5.2 3443 
2019/03/22 5.2 5.23 5.03 5.06 2871 
2019/03/29 5.01 6.09 5 5.84 25691 
2019/04/05 5.8 6.14 5.77 6.02 8345 
2019/04/12 6.02 6.03 5.81 5.84 5678 
2019/04/19 5.85 5.95 5.8 5.89 3342 
2019/04/26 5.89 5.96 5.77 5.8 2979 
2019/05/03 5.8 5.86 5.7 5.75 2294 
2019/05/10 5.75 5.85 5.6 5.7 2414 
2019/05/17 5.7 6.33 5.62 6.3 16343 
2019/05/24 6.3 6.53 6.01 6.3 14497 
2019/05/31 6.26 6.66 6.16 6.2 17391 
2019/06/07 6.21 6.21 6.06 6.1 3335 
2019/06/14 6.11 6.24 6.07 6.12 4175 
2019/06/21 6.1 6.16 6 6.03 3539 
2019/06/28 6.02 6.09 6.01 6.05 2214 
2019/07/05 6.05 6.31 6.05 6.26 3858 
2019/07/12 6.26 6.3 6.15 6.18 3069 
2019/07/19 6.18 6.23 6.15 6.16 2473 
2019/07/26 6.16 6.42 6.09 6.4 4187 
2019/08/02 6.37 6.38 6.16 6.17 5696 
2019/08/09 6.18 6.19 5.88 6.05 3714 
2019/08/16 6.05 6.63 5.99 6.6 14755 
2019/08/23 6.6 6.68 6.52 6.6 7483 
2019/08/30 6.59 6.81 6.53 6.61 4690 
2019/09/13 9.3 9.6 9.11 9.41 5304 
2019/09/20 9.49 9.49 9.31 9.4 2866 
2019/09/27 9.43 9.5 9.36 9.38 2591 
2019/10/04 9.38 9.65 9.14 9.65 3547 
2019/10/11 10 10.45 9.82 10.05 8269 
2019/10/18 10.05 10.1 9.93 9.96 3261 
2019/10/25 9.96 10.15 9.93 9.95 3485 
2019/11/01 9.96 9.97 9.74 9.77 3090 
2019/11/08 9.78 10.35 9.72 10.35 3246 
2019/11/15 10.25 10.25 9.88 9.99 3418 
2019/11/22 9.99 10.4 9.95 10.1 5453 
2019/11/29 10.15 10.15 9.83 9.95 3388 
2019/12/06 9.98 10.25 9.94 10.15 3026 
2019/12/13 10.15 10.6 10.15 10.45 7561 
2019/12/20 10.4 10.7 10.4 10.6 5920 
2019/12/27 10.7 10.75 9.98 10.05 6761 
2020/01/03 10.05 10.2 9.98 10.1 2581 
2020/01/10 10.05 10.05 9.91 9.99 2871 
2020/01/17 9.99 10.1 9.91 9.98 2685 
2020/01/24 9.96 9.99 9.95 9.96 428 
2020/01/31 9.45 9.59 9.38 9.48 1122 
2020/02/07 9.15 9.66 9.15 9.65 1340 
2020/02/21 9.58 10.1 9.41 9.95 2838 
2020/02/28 9.84 10.2 9.76 9.94 2601 
2020/03/06 9.93 10 9.75 9.85 1352 
2020/03/13 9.77 9.87 8.23 8.53 1773 
2020/03/20 8.53 8.53 6.81 7.45 1778 
2020/03/27 7.2 8.02 7.15 7.81 1920 
2020/04/03 7.69 7.91 7.26 7.42 2912 
2020/04/10 7.41 8.81 7.36 8.51 4051 
2020/04/17 8.5 8.78 8.4 8.51 5102 
2020/04/24 8.5 8.62 7.74 7.81 5469 
2020/05/01 7.9 8.03 7.78 8 6063 
2020/05/08 7.84 8.25 7.81 8.02 3798 
2020/05/15 8.1 8.18 7.71 7.76 4499 
2020/05/22 7.77 8.32 7.7 7.87 3550 
2020/05/29 7.91 8.43 7.76 8.15 5385 
2020/06/05 8.18 8.77 8.18 8.6 5652 
2020/06/12 8.61 8.72 8.28 8.38 3587 
2020/06/19 8.38 10.45 8.36 9.5 18904 
2020/06/26 9.59 10.15 9.57 9.9 10141 
2020/07/03 9.95 10.7 9.75 10.4 12682 
2020/07/10 10.7 11.5 10 10 35384 
2020/07/17 10.25 10.8 9.4 9.46 15008 
2020/07/24 9.44 9.85 9.3 9.34 3355 
2020/07/31 9.34 9.49 9.1 9.41 3514 
2020/08/07 9.41 9.63 9.3 9.3 2958 
2020/08/14 9.31 9.38 9.1 9.14 2925 
2020/08/21 9.2 9.33 8.61 9.01 3844 
2020/08/28 9.01 9.15 8.89 9.08 1766 
2020/09/04 9.16 9.25 8.92 9.15 1300 
2020/09/11 9.1 12.25 9.1 12.25 23900 
2020/09/18 12.85 12.95 11.4 12.05 69289 
2020/09/25 12.05 12.4 10.5 10.75 23476 
2020/10/02 10.9 11.4 10.85 11.05 6162 
2020/10/09 10.95 11.45 10.85 10.95 4070 
2020/10/16 11.1 12 10.9 11.45 14879 
2020/10/23 11.45 11.55 11 11.15 8212 
2020/10/30 11.15 11.3 10.55 10.65 4263 
2020/11/06 10.65 11.4 10.25 11.2 7684 
2020/11/13 11.4 11.9 11.1 11.35 16128 
2020/11/20 11.4 11.45 10.9 11.2 5501 
2020/11/27 11.3 11.8 11.25 11.45 9755 
2020/12/04 11.55 11.75 11.15 11.2 5938 
2020/12/11 11.25 11.25 10.6 10.7 5997 
2020/12/18 10.7 10.85 10.55 10.6 2255 
2020/12/25 10.65 11.8 10.55 11.3 15129 
2021/01/01 11.3 11.4 11 11.15 3251 
2021/01/08 12 12 11.1 11.25 8103 
2021/01/15 11.25 11.55 10.85 10.85 5663 
2021/01/22 10.85 10.9 10.4 10.55 2519 
2021/01/29 10.55 10.85 10.5 10.55 1609 
2021/02/05 10.55 10.75 10.4 10.6 1637 
2021/02/19 10.75 11.1 10.65 11.05 2113 
2021/02/26 11.05 11.3 10.85 11.3 4130 
2021/03/05 11.3 11.45 11 11.2 1766 
2021/03/12 11.3 11.4 11.05 11.3 2482 
2021/03/19 11.4 12.4 11.35 11.7 18394 
