1993/04/23 37.4 52 37.4 52 6 
1993/04/30 55.5 64 55.5 60 6275 
1993/05/07 60 66 58 63 5934 
1993/05/14 62.5 64.5 61 61.5 4498 
1993/05/21 62.5 63.5 58 59 2641 
1993/05/28 58.5 63 57.5 62.5 2196 
1993/06/04 64.5 68.5 63 67 6845 
1993/06/11 67 67.5 62 66 6525 
1993/06/18 66 66 54 54 8047 
1993/06/25 54 56 53 55 1503 
1993/07/02 54.5 54.5 51 52.5 1789 
1993/07/09 52.5 61.5 51 60 8236 
1993/07/16 59 60.5 55 56 2734 
1993/07/23 56.5 57.5 54.5 56 534 
1993/07/30 56.5 60 56 58.5 2479 
1993/08/06 58 62 58 58.5 5341 
1993/08/13 59 68.5 58.5 66 7028 
1993/08/20 66.5 75 66 67 18692 
1993/08/27 65 66.5 57.5 58.5 10858 
1993/09/03 58.5 58.5 53 54 4457 
1993/09/10 54 56.5 52.5 54 7358 
1993/09/17 54 55.5 49 55 8956 
1993/09/24 55.5 58.5 54 56.5 14076 
1993/10/01 56 56.5 52.5 54 3717 
1993/10/08 54 55.5 53 54.5 5457 
1993/10/15 55 57.5 54.5 56.5 5570 
1993/10/22 56.5 60 55 59 11080 
1993/10/29 60 61.5 52 53 14282 
1993/11/05 54.5 60.5 53 59 19425 
1993/11/12 59.5 64 59.5 62.5 8480 
1993/11/19 63.5 66 56 58.5 11412 
1993/11/26 58.5 60 57.5 60 2172 
1993/12/03 62 63.5 56 57 11372 
1993/12/10 57 60 56.5 57.5 6103 
1993/12/17 58 61 53.5 56 10510 
1993/12/24 57 57.5 54 54.5 4296 
1993/12/31 55 56.5 54.5 56 4444 
1994/01/07 55.5 64 55 62 15293 
1994/01/14 64 64 51.5 54 23478 
1994/01/21 54.5 55.5 51.5 52.5 10386 
1994/01/28 53.5 55 52.5 54 25081 
1994/02/04 54 54.5 49 49.1 12960 
1994/02/18 49.1 51.5 48 49.8 9138 
1994/02/25 50.5 50.5 45.5 45.5 6369 
1994/03/04 45.4 45.4 42.1 43 8526 
1994/03/11 43.1 43.7 38.9 38.9 5582 
1994/03/18 38.6 39.7 37.8 38 3240 
1994/03/25 38 42.6 37.6 40.5 9469 
1994/04/01 40.5 41.5 39.3 40.5 3035 
1994/04/08 40.8 41.5 40.4 40.7 3334 
1994/04/15 41 41 39.6 40.6 2698 
1994/04/22 40.6 41.9 40.4 41 6474 
1994/04/29 41.1 41.7 40.6 41.2 4451 
1994/05/06 41.5 43 40.6 40.8 9025 
1994/05/13 41 42.1 40.8 41.5 4767 
1994/05/20 41.8 43.5 40 40.1 13016 
1994/05/27 40.2 40.2 39.4 39.7 2200 
1994/06/03 39.5 40.3 39 39 2970 
1994/06/10 39 39.6 38.1 38.5 2872 
1994/06/17 38.5 39.3 38.5 38.8 1864 
1994/06/24 39 42.4 38.6 41.9 20378 
1994/07/01 41.9 41.9 40.2 40.6 10801 
1994/07/08 41.2 41.5 38 38.5 13285 
1994/07/15 38.5 39 37 37 6313 
1994/07/22 37.2 37.4 35.4 36.6 5462 
1994/07/29 36.8 37.3 35.5 35.5 4535 
1994/08/05 35.9 37.6 35.6 37 6207 
1994/08/12 37.3 38.1 35.8 35.9 4649 
1994/08/19 36.3 37.6 35.4 37.6 4044 
1994/08/26 38 38.9 35 37.5 21465 
1994/09/02 37.6 38.5 36.8 38.2 20880 
1994/09/09 38.1 39.7 37.7 39.3 20190 
1994/09/16 39.5 39.9 37.7 38.1 26238 
1994/09/23 38.1 38.1 36 36.6 11768 
1994/09/30 36.7 37.5 36 37.1 9539 
1994/10/07 37.1 37.3 30.8 30.8 15420 
1994/10/14 28.7 31 28.6 29.9 14516 
1994/10/21 30.1 31.3 29.5 31.3 11774 
1994/10/28 31.6 31.9 29.6 29.6 5032 
1994/11/04 29.3 29.4 27 28.1 4210 
1994/11/11 28.2 29.4 28 29.2 3438 
1994/11/18 29.2 30.4 28.5 30.4 3260 
1994/11/25 30.2 30.5 28.6 30 6699 
1994/12/02 30.4 30.4 28.9 29.2 3361 
1994/12/09 30.2 34.7 29.6 33.9 19111 
1994/12/16 34 34.5 31 32 14471 
1994/12/23 32.2 32.8 31.5 32 6965 
1994/12/30 32.2 32.4 31.1 31.9 5203 
1995/01/06 32.3 32.3 30.6 30.8 1613 
1995/01/13 30.8 31.4 29.1 29.3 2165 
1995/01/20 29.4 30.3 28.6 28.6 2447 
1995/01/27 29 29.3 28.1 28.3 1500 
1995/02/03 28.7 29 28.3 28.3 189 
1995/02/10 28.3 29.6 28.3 29.3 1656 
1995/02/17 29.1 31.1 28.7 30.2 3567 
1995/02/24 30.2 30.4 29.5 29.6 1520 
1995/03/03 29.1 29.8 28.1 29.5 2552 
1995/03/10 29.5 30 28.9 29.6 2361 
1995/03/17 29.6 30.6 29.3 29.6 4902 
1995/03/24 29.3 29.7 28.5 28.6 2682 
1995/03/31 28.6 29.4 28.5 29 1828 
1995/04/07 29.1 29.2 28.8 29 672 
1995/04/14 29.1 29.3 28.1 28.1 1419 
1995/04/21 28 28 26.6 26.9 1478 
1995/04/28 26.8 26.8 25.1 25.9 1850 
1995/05/05 25.7 27.4 25.7 26 4031 
1995/05/12 26.1 27.4 26 26.5 5359 
1995/05/19 26.7 26.7 25.7 25.7 870 
1995/05/26 25.7 25.9 24 24.1 2744 
1995/06/02 24.4 24.6 23.5 24 1436 
1995/06/09 23.5 23.7 22.2 22.5 2582 
1995/06/16 22.5 23.3 21.7 22.9 3466 
1995/06/23 23.1 24.2 22.8 23 11482 
1995/06/30 23 23.6 21.1 21.8 5180 
1995/07/07 22 22.3 20.6 21.8 4908 
1995/07/14 21.9 21.9 19.5 19.7 2746 
1995/07/21 19.7 19.7 17.4 18 3493 
1995/07/28 18 18.8 17.5 18.4 3886 
1995/08/04 18 18.5 16.4 16.6 2822 
1995/08/11 16.5 17.8 16 16.2 3429 
1995/08/18 16.2 18 15.3 17.3 5063 
1995/08/25 17 17.9 13.6 14.05 4068 
1995/09/01 14.05 15.3 14 14.9 3610 
1995/09/08 15 17.4 14.65 17.2 10443 
1995/09/15 17.3 17.7 16.5 17.5 8543 
1995/09/22 17.8 18.6 17.3 18.3 8680 
1995/09/29 18.3 19 17.6 17.9 10069 
1995/10/06 17.9 20.5 17.8 20.5 16723 
1995/10/13 20.7 21.2 20.2 20.9 11428 
1995/10/20 20.6 22.2 20.6 22.2 13648 
1995/10/27 21.8 23.2 21.6 22.3 12175 
1995/11/03 22.2 22.2 20.5 20.7 18145 
1995/11/10 20.9 21.5 19.3 20.5 13370 
1995/11/17 20.6 20.7 18.6 18.6 11326 
1995/11/24 18.6 19.6 18.3 19.2 17195 
1995/12/01 19.2 19.6 18.4 19.4 17659 
1995/12/08 19.6 19.6 18.7 19 17035 
1995/12/15 19.2 21 18.9 19.4 31008 
1995/12/22 19.6 19.9 18.2 18.8 17701 
1995/12/29 18.8 18.8 17.5 17.8 13073 
1996/01/05 18 18 15.3 15.4 7459 
1996/01/12 15.6 17.1 15.4 17.1 9393 
1996/01/19 17.1 17.1 16.2 16.9 13921 
1996/01/26 16.9 17 15.7 15.7 2557 
1996/02/02 15.6 15.8 14.6 15.3 2055 
1996/02/09 15 15.4 14.5 14.9 1369 
1996/02/16 14.8 15.4 14.65 14.7 1717 
1996/02/23 14.7 15 14.7 14.8 453 
1996/03/01 14.7 15 14 14.8 2368 
1996/03/08 14.9 15 13.8 14.35 1914 
1996/03/15 14.1 15.4 13.7 15 3985 
1996/03/22 14.95 16 14.6 15.5 5974 
1996/03/29 15.8 16 14.8 14.9 2458 
1996/04/05 15 16.7 14.9 16.6 8837 
1996/04/12 16.5 16.5 15.2 15.5 6104 
1996/04/19 15.7 17 15.5 15.9 8928 
1996/04/26 16 17 15.5 16.2 8930 
1996/05/03 16.3 17 15.8 15.9 5249 
1996/05/10 16.1 16.2 15.6 16 2652 
1996/05/17 16 16.2 15.4 15.5 1695 
1996/05/24 15.5 15.7 15 15 1773 
1996/05/31 15 15.1 14.75 14.8 1229 
1996/06/07 14.8 15.9 14.75 15.5 3059 
1996/06/14 15.4 15.7 14.75 14.8 2145 
1996/06/21 14.8 15.7 14.8 15.6 1853 
1996/06/28 15.6 16.7 15.4 16.2 5390 
1996/07/05 16 16.2 15.4 15.9 939 
1996/07/12 15.6 16.3 15.6 15.8 2123 
1996/07/19 15.9 16.1 15.6 16 2878 
1996/07/26 16 17.4 15.6 15.8 17505 
1996/08/02 15.9 16.2 15.6 15.8 2710 
1996/08/09 15.7 16.9 15.6 16.4 8450 
1996/08/16 16.7 17 16.1 16.3 10506 
1996/08/23 16.2 16.6 15.8 16.4 4215 
1996/08/30 16.2 16.3 15.9 15.9 2362 
1996/09/06 15.8 15.9 15.4 15.6 2131 
1996/09/13 15.6 15.8 15.4 15.7 2301 
1996/09/20 15.7 16.4 15.6 15.9 2739 
1996/09/27 15.9 16.1 15.6 15.8 754 
1996/10/04 15.8 15.8 15.5 15.7 1547 
1996/10/11 15.7 16 15.6 15.7 1416 
1996/10/18 15.6 16.1 15.5 15.6 2247 
1996/10/25 15.7 15.8 15.5 15.7 1013 
1996/11/01 15.8 16 15.2 15.4 2762 
1996/11/08 15.4 15.5 14.8 14.95 3323 
1996/11/15 14.8 15 14.7 14.95 1591 
1996/11/22 14.85 15.2 14.65 14.8 2577 
1996/11/29 14.7 15.2 14.35 15.1 3300 
1996/12/06 15.1 15.1 14.7 14.75 1995 
1996/12/13 14.8 15.5 14.75 15.3 4931 
1996/12/20 15.4 15.4 15 15.1 1950 
1996/12/27 15.1 15.6 14.9 15.5 2587 
1997/01/03 15.5 16 15.3 15.5 3212 
1997/01/10 15.4 16.9 15.4 16.6 8404 
1997/01/17 16.7 18.2 16.6 18.1 9838 
1997/01/24 18.4 18.8 17.2 17.2 9939 
1997/01/31 17.3 17.6 16.8 17.3 3987 
1997/02/07 17.3 17.6 17.3 17.5 758 
1997/02/14 17.8 19.1 17.5 17.7 9542 
1997/02/21 17.9 21.2 17.9 19.1 26126 
1997/02/28 19.4 20.1 19.3 19.8 8587 
1997/03/07 19.1 22 19.1 21.2 13709 
1997/03/14 21.2 22.5 20.1 21.2 13752 
1997/03/21 20.8 22.6 20 20.5 11986 
1997/03/28 20.5 21 19 20.6 6603 
1997/04/04 20.6 22.2 20.5 21.7 8185 
1997/04/11 21.7 21.7 20 20.5 7894 
1997/04/18 20.3 21.5 20.1 20.3 6769 
1997/04/25 20.3 21 20.1 20.5 3985 
1997/05/02 20.9 21.3 18.8 19.3 5663 
1997/05/09 19.3 19.8 18.2 18.3 2641 
1997/05/16 18.1 19 17.1 18.4 2815 
1997/05/23 18.1 18.8 17.8 18.5 1256 
1997/05/30 18.5 18.9 17.5 18 1909 
1997/06/06 17.8 18.4 17 17.7 1629 
1997/06/13 17.7 17.7 16.7 17.2 947 
1997/06/20 17.2 17.3 15.9 16.2 2364 
1997/06/27 16.4 16.5 15.3 16.2 2455 
1997/07/04 16 16.8 15.9 16.4 1503 
1997/07/11 16.5 16.9 15.5 16.2 2066 
1997/07/18 16.2 16.5 15.7 16.1 2281 
1997/07/25 16.1 16.5 15.6 15.8 2963 
1997/08/01 15.7 17.4 15.7 16.6 3322 
1997/08/08 16.5 16.9 16.1 16.7 1771 
1997/08/15 16.5 16.9 16.1 16.2 1757 
1997/08/22 16.2 16.2 15.6 15.7 1008 
1997/08/29 15.8 16 15.5 15.7 1044 
1997/09/05 15.6 16.5 15.4 16.4 2217 
1997/09/12 16.4 17.5 16 16.4 5223 
1997/09/19 16.2 16.7 16.2 16.5 1687 
1997/09/26 16.5 18.4 16.2 17.1 5686 
1997/10/03 17.5 17.5 15.8 16 2008 
1997/10/10 16.3 16.3 15.6 16 638 
1997/10/17 16 16.3 15.6 15.8 1976 
1997/10/24 15.8 16.4 15.6 16.1 2053 
1997/10/31 16.1 16.6 15.9 16.2 4292 
1997/11/07 16.3 17.1 16.1 16.5 4450 
1997/11/14 16.5 16.9 16.2 16.7 4514 
1997/11/21 17.5 17.5 16.1 16.3 5658 
1997/11/28 16.4 16.6 16 16.2 3410 
1997/12/05 15.7 17 15.4 16.6 25399 
1997/12/12 16.5 17.5 16.1 17.3 23926 
1997/12/19 17.5 17.7 16.4 16.5 16597 
1997/12/26 16.7 17 16.3 16.6 3359 
1998/01/02 16.7 16.8 16.2 16.2 2185 
1998/01/09 16.4 16.4 14.55 14.8 5012 
1998/01/16 14.5 15 14 14.25 6624 
1998/01/23 14.3 14.45 14 14.25 4344 
1998/02/06 14.4 14.4 13.8 13.8 6780 
1998/02/13 13.8 14.2 13.8 14 4855 
1998/02/20 14 16.3 14 16.3 14220 
1998/02/27 16.9 18.1 15.2 18.1 28128 
1998/03/06 19.3 20.6 16.7 17.5 65442 
1998/03/13 17.9 18.4 17 18.4 22650 
1998/03/20 19 19.1 17.2 17.6 21495 
1998/03/27 17.6 18.4 17.4 17.5 13562 
1998/04/03 17.6 19 17.3 18.4 23272 
1998/04/10 18.7 21.4 18.7 20.3 43868 
1998/04/17 20.6 21.9 20 21 56284 
1998/04/24 21 23.1 19.5 22.8 52217 
1998/05/01 23 24.2 20.5 20.5 32005 
1998/05/08 20.8 21.6 20.5 20.9 11890 
1998/05/15 21 22.5 20 20.1 17904 
1998/05/22 19.9 21.4 19.5 20.2 5869 
1998/05/29 20.5 20.9 19.9 19.9 4853 
1998/06/05 19.9 19.9 18 18.5 6212 
1998/06/12 18.5 19.4 17.1 17.3 3129 
1998/06/19 17.1 18.8 16.7 18 4433 
1998/06/26 18.2 20.1 18 20.1 7424 
1998/07/03 20.6 20.6 18.7 20 8504 
1998/07/10 20 20.2 19 19.2 3181 
1998/07/17 19.5 20.5 19.3 19.5 5667 
1998/07/24 19.5 21.5 19.5 21.5 6302 
1998/07/31 22.7 22.7 19.1 19.8 11241 
1998/08/07 19.8 20 18.5 19.3 2524 
1998/08/14 19.2 19.4 18.5 19.2 1811 
1998/08/21 19.3 19.3 18.5 18.9 773 
1998/08/28 19 19 15.1 15.6 2496 
1998/09/04 15.8 16.5 13.95 16.5 10045 
1998/09/11 17 17 15.7 16.2 2966 
1998/09/18 16 18.3 15.5 16.6 13093 
1998/09/25 16.8 16.9 15.3 15.5 2864 
1998/10/02 15.1 15.5 14.2 15 2239 
1998/10/09 15 18.5 14.6 16.8 18734 
1998/10/16 17.2 17.4 15.9 16.6 6261 
1998/10/23 16.7 17 16 16.9 3781 
1998/10/30 16.9 17.1 16.2 16.3 2701 
1998/11/06 16.4 16.6 15 15.5 2049 
1998/11/13 15 15.5 14.3 14.4 1569 
1998/11/20 14.6 15.7 14.35 15.1 6904 
1998/11/27 15.1 15.1 13.75 14.2 15912 
1998/12/04 14.4 14.4 13.85 14 3719 
1998/12/11 14.2 14.2 13.6 13.9 5377 
1998/12/18 14.05 15 12 12 21579 
1998/12/25 11.2 11.2 10.45 10.6 16550 
1999/01/01 10.6 10.6 10.3 10.5 5609 
1999/01/08 10.5 10.8 10.5 10.6 3716 
1999/01/15 10.7 12 10.5 10.8 4843 
1999/01/22 10.8 10.8 10.5 10.55 1125 
1999/01/29 10.5 10.65 10.5 10.6 2543 
1999/02/05 10.6 10.7 10.5 10.7 6503 
1999/02/12 10.7 10.85 10.5 10.55 2305 
1999/02/19 10.65 10.7 10.55 10.6 648 
1999/02/26 10.7 11.2 10.5 10.55 4695 
1999/03/05 10.55 11.1 10.55 10.7 13049 
1999/03/12 10.8 10.8 9.6 9.6 4288 
1999/03/19 9.4 10.5 9.1 10.1 6349 
1999/03/26 10.4 10.4 10 10.3 2771 
1999/04/02 10.4 11.3 10.25 10.7 7520 
1999/04/09 10.7 11 10.5 10.5 6148 
1999/04/16 10.55 10.55 10 10.3 3391 
1999/04/23 10.4 11.1 10.4 10.9 18224 
1999/04/30 11 11.4 10.5 10.6 16926 
1999/05/07 10.6 12.2 10.6 11.1 24321 
1999/05/14 11.15 11.3 10.5 10.9 6544 
1999/05/21 10.8 10.9 10.15 10.4 6361 
1999/05/28 10.5 10.6 9.25 9.4 5498 
1999/06/04 9.5 9.5 8.8 9.15 2929 
1999/06/11 9.2 9.25 8.8 8.95 1991 
1999/06/18 9 9 8.2 8.25 1947 
1999/06/25 8.1 8.25 7.8 7.95 2203 
1999/07/02 8.1 8.1 7.2 7.85 4979 
1999/07/09 8 8.35 7.8 8 2908 
1999/07/16 8 8.1 6.05 6.2 4431 
1999/07/23 6 6.55 5.6 6.55 4492 
1999/07/30 6.25 6.5 5.8 6.15 1490 
1999/08/06 6.05 6.3 5.65 5.9 1381 
1999/08/13 6 6.2 5.75 6.2 800 
1999/08/20 6.05 7.25 6.05 7.15 4591 
1999/08/27 7.2 7.3 6.4 6.45 2899 
1999/09/03 6.3 6.45 5.9 5.95 2997 
1999/09/10 5.8 6.25 5.65 6.25 1869 
1999/09/17 6.5 6.5 6 6.1 1922 
1999/09/24 6.1 6.15 6.05 6.05 103 
1999/10/01 5.85 6 5.5 5.9 972 
1999/10/08 5.9 6.2 5.6 5.75 1116 
1999/10/15 5.6 6 5.6 5.9 1095 
1999/10/22 5.8 6.3 5.8 5.85 2632 
1999/10/29 5.85 5.9 5.25 5.25 1865 
1999/11/05 5.05 5.2 3.98 4 5011 
1999/11/12 4 4.37 3.89 4.3 1169 
1999/11/19 4.35 4.55 4.26 4.35 1691 
1999/11/26 4.35 4.77 4.2 4.28 1229 
1999/12/03 4.24 4.59 4.21 4.22 1376 
1999/12/10 4.3 4.42 4.1 4.1 730 
1999/12/17 4.1 4.12 3.52 3.61 907 
1999/12/24 3.75 3.9 3.62 3.84 650 
1999/12/31 3.84 3.84 3.7 3.7 430 
2000/01/07 3.79 4.49 3.71 4.42 1785 
2000/01/14 4.52 5.2 4.43 5.15 4264 
2000/01/21 5.2 6.65 5.2 5.65 6883 
2000/01/28 5.65 7 5.65 6.45 6742 
2000/02/04 6.45 6.65 6.45 6.5 1388 
2000/02/11 6.65 7.45 6.55 7.45 3871 
2000/02/18 7.8 8.15 7.1 7.95 14584 
2000/02/25 8 8.55 6.85 6.85 12332 
2000/03/03 6.4 7.2 6.3 6.4 6439 
2000/03/10 6.15 6.3 5.75 5.85 2070 
2000/03/17 5.85 5.85 4.91 5.2 6771 
2000/03/24 5.05 5.6 4.88 5.45 3803 
2000/03/31 5.4 6.1 5.15 5.4 2828 
2000/04/07 5.4 5.9 5.4 5.5 1121 
2000/04/14 5.5 6.05 5.4 5.5 6514 
2000/04/21 5.35 6 5.2 5.75 10093 
2000/04/28 5.7 5.7 4.42 4.66 3644 
2000/05/05 4.8 4.9 4.35 4.45 1988 
2000/05/12 4.59 4.67 4.4 4.57 999 
2000/05/19 4.68 4.7 4.46 4.5 1023 
2000/05/26 4.52 4.6 4.45 4.53 828 
2000/06/02 4.52 4.6 4.5 4.57 835 
2000/06/09 4.59 4.59 4.51 4.52 362 
2000/06/16 4.52 4.57 4.28 4.41 1104 
2000/06/23 4.4 4.57 4.31 4.49 584 
2000/06/30 4.5 4.5 4.16 4.41 1034 
2000/07/07 4.46 4.56 4.3 4.36 485 
2000/07/14 4.36 4.36 3.91 4.19 550 
2000/07/21 4.21 4.37 4.06 4.28 364 
2000/07/28 4.29 4.29 3.72 3.89 853 
2000/08/04 3.9 4.06 3.75 3.81 747 
2000/08/11 3.81 4.1 3.72 4.06 2621 
2000/08/18 4.1 4.49 4.1 4.4 6148 
2000/08/25 4.4 4.54 4.14 4.15 1735 
2000/09/01 4.17 4.17 3.65 3.89 1980 
2000/09/08 3.9 4.08 3.9 4.02 977 
2000/09/15 4.02 4.1 3.91 3.93 1707 
2000/09/22 3.89 4.14 3.71 4 2600 
2000/09/29 4.12 4.12 3.77 4 1594 
2000/10/06 3.96 4.14 3.85 4.07 4511 
2000/10/13 3.98 4.05 3.78 3.9 8919 
2000/10/20 4.05 4.1 3.73 3.99 4017 
2000/10/27 3.91 3.96 3.85 3.89 703 
2000/11/03 3.76 3.88 3.51 3.74 2492 
2000/11/10 3.61 3.72 3.56 3.7 737 
2000/11/17 3.68 3.7 3.31 3.32 1385 
2000/11/24 3.25 3.25 2.87 3.02 5477 
2000/12/01 3.02 3.83 3.02 3.83 1631 
2000/12/08 4.09 4.37 3.86 3.95 2221 
2000/12/15 4.05 4.05 3.8 3.98 734 
2000/12/22 3.85 3.9 3.54 3.66 334 
2000/12/29 3.88 3.88 3.5 3.5 3402 
2001/01/05 3.7 3.9 3.5 3.78 635 
2001/01/12 3.71 4.25 3.68 4.08 807 
2001/01/19 3.8 3.92 3.62 3.82 922 
2001/02/02 3.89 4.33 3.88 4.33 1954 
2001/02/09 4.63 5.6 4.61 5.5 8626 
2001/02/16 5.5 6.05 5.2 6.05 5649 
2001/02/23 6.45 7.3 6.3 7.05 15152 
2001/03/02 7 7.15 6.05 6.7 5882 
2001/03/09 6.7 8.3 6.5 8.3 11274 
2001/03/16 8.8 9.45 8.3 8.95 15681 
2001/03/23 8.95 9.4 8.1 9.25 18237 
2001/03/30 9.4 10.25 8.6 10.1 14306 
2001/04/06 10.7 10.8 9.5 10.35 13806 
2001/04/13 10.1 11.55 10.05 10.8 15201 
2001/04/20 11 14.85 11 12.95 45561 
2001/04/27 12.25 15.8 12.25 13.3 50111 
2001/05/04 13.2 14.75 13.05 13.05 22949 
2001/05/11 12.75 13.6 11.85 12.3 16630 
2001/05/18 12.1 13.45 11.8 13.45 11634 
2001/05/25 13.6 13.6 12.1 12.1 10999 
2001/06/01 11.8 12.5 11.5 12 5561 
2001/06/08 11.9 13.8 11.9 13 8536 
2001/06/15 13.2 13.2 12.5 12.9 2978 
2001/06/22 13 13.5 11.05 11.05 10071 
2001/06/29 11 11.05 8.95 10 7052 
2001/07/06 10.35 10.35 9.5 9.65 7995 
2001/07/13 9.6 9.75 7.9 7.9 7971 
2001/07/20 7.4 7.8 6.7 7 5536 
2001/07/27 7.1 7.3 6.5 7 5570 
2001/08/03 7.05 7.9 7 7.9 5265 
2001/08/10 8.4 8.9 8 8.1 13376 
2001/08/17 8.5 8.7 8.1 8.3 8944 
2001/08/24 8.4 8.8 8 8.25 9182 
2001/08/31 8.25 8.75 8 8.15 8376 
2001/09/07 8.1 8.6 8.05 8.4 7142 
2001/09/14 8.2 8.35 6.85 6.85 2798 
2001/09/21 6.65 6.65 6.25 6.25 187 
2001/09/28 5.85 6.55 5.85 6.4 7140 
2001/10/05 6.3 6.3 5.65 6.15 4350 
2001/10/12 5.75 6.85 5.75 6.75 5519 
2001/10/19 6.65 6.7 6.2 6.5 4169 
2001/10/26 6.6 6.85 6.25 6.35 5192 
2001/11/02 6.3 6.4 6 6.3 3757 
2001/11/09 6.15 7.35 6.1 7.1 10379 
2001/11/16 7.25 8.05 7.1 7.35 13367 
2001/11/23 6.85 7.4 6.85 7.05 8213 
2001/11/30 7.2 7.35 6.3 6.65 6284 
2001/12/07 6.75 7.95 6.7 7.75 11532 
2001/12/14 8 9.05 7.7 9.05 22874 
2001/12/21 9.5 10.3 8.1 8.1 15059 
2001/12/28 7.9 9 7.9 8.2 9301 
2002/01/04 8.4 9.1 8.1 8.6 9313 
2002/01/11 8.6 10.55 8.6 9.3 20420 
2002/01/18 9.3 9.4 8.3 8.8 10191 
2002/01/25 8.8 9.15 8.65 8.8 9403 
2002/02/01 9 10.5 8.9 9.4 21667 
2002/02/08 9.4 9.6 8.85 9.35 4422 
2002/02/22 9.5 9.6 8.2 8.2 6655 
2002/03/01 8 8.65 7.7 8.4 5002 
2002/03/08 8.6 9.2 8.15 8.85 9414 
2002/03/15 9 10.25 8.8 9 17564 
2002/03/22 9.2 9.2 8.6 9.1 7258 
2002/03/29 9 11.4 8.95 10.8 46782 
2002/04/05 10.3 12.3 10.3 11.15 24200 
2002/04/12 10.8 11.3 9.7 10.1 13630 
2002/04/19 10.3 11.4 10.1 10.8 23691 
2002/04/26 10.85 11 9.9 10 20416 
2002/05/03 10 10 8.45 8.9 9504 
2002/05/10 8.7 8.9 7.8 8.25 7365 
2002/05/17 8.5 8.6 8 8.25 6229 
2002/05/24 7.8 8.1 7 7.9 6541 
2002/05/31 7.9 8.45 7.7 7.9 4640 
2002/06/07 7.8 7.95 7.3 7.6 2280 
2002/06/14 7.6 7.8 7.35 7.45 3446 
2002/06/21 7.6 8.15 7.35 7.6 6782 
2002/06/28 7.5 7.55 6.2 6.55 4657 
2002/07/05 6.5 6.7 5.8 6.65 2845 
2002/07/12 6.8 7 6.1 6.6 2444 
2002/07/19 6.6 6.8 6.4 6.6 3106 
2002/07/26 6.5 6.5 6 6.1 1753 
2002/08/02 6.1 6.35 6 6 1757 
2002/08/09 5.7 5.7 5.2 5.4 1660 
2002/08/16 5.4 5.6 5.25 5.5 1435 
2002/08/23 5.4 5.6 5.1 5.25 1707 
2002/08/30 5.15 5.3 5.05 5.15 1969 
2002/09/06 5.1 5.1 4.5 4.6 1794 
2002/09/13 4.5 4.82 4.5 4.7 1291 
2002/09/20 4.6 4.7 4.25 4.26 1224 
2002/09/27 4.26 4.26 3.61 3.76 1510 
2002/10/04 3.76 3.85 3.6 3.75 740 
2002/10/11 3.7 3.7 3.5 3.57 1239 
2002/10/18 3.57 4.3 3.51 4.3 3533 
2002/10/25 4.4 4.84 4.32 4.6 6027 
2002/11/01 4.6 4.98 4.6 4.85 3854 
2002/11/08 4.85 6.1 4.85 6 13008 
2002/11/15 6.15 6.15 5.25 5.55 6442 
2002/11/22 5.9 6.25 5.4 5.45 5522 
2002/11/29 5.45 5.7 5.1 5.15 4371 
2002/12/06 5.05 5.35 5 5.05 2856 
2002/12/13 5.2 5.45 4.8 4.8 5223 
2002/12/20 4.6 4.93 4.6 4.68 2670 
2002/12/27 4.66 4.67 4.3 4.5 1982 
2003/01/03 4.31 4.68 4.31 4.58 1207 
2003/01/10 4.67 5.15 4.59 5.15 6562 
2003/01/17 5.3 5.85 5.2 5.2 14752 
2003/01/24 5.05 5.45 4.9 5.3 7822 
2003/01/31 5.3 5.4 5 5.1 2347 
2003/02/07 4.75 4.9 4.42 4.46 3477 
2003/02/14 4.42 4.5 4.3 4.3 3195 
2003/02/21 4.34 4.6 4 4.03 2939 
2003/02/28 4.05 4.14 3.81 3.85 2757 
2003/03/07 3.9 4.1 3.66 3.7 2636 
2003/03/14 3.7 3.95 3.5 3.85 1512 
2003/03/21 3.68 3.8 3.55 3.62 1887 
2003/03/28 3.62 3.73 3.51 3.58 1130 
2003/04/04 3.58 3.6 3.23 3.25 3267 
2003/04/11 3.25 3.4 3.25 3.32 3068 
2003/04/18 3.26 3.34 3.25 3.27 3317 
2003/04/25 3.27 3.3 2.65 2.7 4644 
2003/05/02 2.52 2.68 2.29 2.38 1783 
2003/05/09 2.35 2.52 2.22 2.37 7019 
2003/05/16 2.37 2.52 2.35 2.42 4105 
2003/05/23 2.4 2.4 2.2 2.33 1419 
2003/05/30 2.35 2.55 2.33 2.48 4059 
2003/06/06 2.54 2.89 2.51 2.89 3925 
2003/06/13 3.09 3.62 3.09 3.62 10773 
2003/06/20 3.59 3.94 3.45 3.56 11227 
2003/06/27 3.7 3.87 3.16 3.16 7855 
2003/07/04 3.16 3.5 3.1 3.2 3662 
2003/07/11 3.34 3.68 3.13 3.5 7785 
2003/07/18 3.6 3.64 3.31 3.31 8582 
2003/07/25 3.4 3.53 3.16 3.53 7535 
2003/08/01 3.76 3.77 3.3 3.77 14726 
2003/08/08 4.03 4.61 3.87 4.14 21570 
2003/08/15 4.19 4.45 4 4.07 13164 
2003/08/22 4.12 4.38 4.03 4.21 9828 
2003/08/29 4.2 4.3 4.05 4.2 4478 
2003/09/05 4.21 4.21 3.73 3.85 7910 
2003/09/12 3.78 3.9 3.5 3.6 2792 
2003/09/19 3.55 4.07 3.49 4.07 6719 
2003/09/26 4.17 4.27 3.81 3.94 7919 
2003/10/03 3.94 5 3.85 5 24414 
2003/10/10 5.35 5.35 4.6 4.9 26122 
2003/10/17 4.78 4.9 4.62 4.73 10513 
2003/10/24 4.67 5.75 4.67 5.75 23312 
2003/10/31 6.15 6.15 5.3 5.5 26365 
2003/11/07 5.5 5.8 5.3 5.4 13832 
2003/11/14 5.5 5.85 5.25 5.3 15032 
2003/11/21 5.25 5.3 5 5.25 9527 
2003/12/26 10.5 10.5 10.5 10.5 570 
2004/01/02 11.2 11.2 9.2 9.3 9343 
2004/01/09 9.3 10.3 9.2 9.5 6818 
2004/01/16 9.45 9.8 9.3 9.3 3092 
2004/01/30 9.4 9.75 9.3 9.55 3085 
2004/02/06 9.5 10.9 9.5 10.2 15014 
2004/02/13 10.45 12 10.15 10.25 16783 
2004/02/20 10.2 10.6 10.2 10.4 5350 
2004/02/27 10.4 10.8 10.3 10.4 4251 
2004/03/05 10.45 10.5 10 10.2 5022 
2004/03/12 10.25 10.4 10 10.05 3393 
2004/03/19 10.15 10.3 10 10 3765 
2004/03/26 9.3 9.3 7.35 7.5 2525 
2004/04/02 7.7 9.45 7.7 8.9 2387 
2004/04/09 8.9 9.2 8.5 8.75 1733 
2004/04/16 8.9 9.2 8.8 8.9 2823 
2004/04/23 8.9 9.75 8.6 8.9 3940 
2004/04/30 8.9 8.9 8 8.1 1317 
2004/05/07 8.1 8.4 7.6 7.75 801 
2004/05/14 7.75 8 7.4 7.4 726 
2004/05/21 7.2 7.2 6.55 7.15 968 
2004/05/28 7 7.55 6.85 7.2 649 
2004/06/04 7.4 7.8 7.1 7.2 2106 
2004/06/11 7.3 8 7.2 7.25 3141 
2004/06/18 7.25 7.7 6.4 6.6 1749 
2004/06/25 6.6 6.8 6.3 6.65 895 
2004/07/02 6.6 6.85 6.3 6.45 858 
2004/07/09 6.3 6.55 6.15 6.5 683 
2004/07/16 6.55 6.6 6.1 6.1 251 
2004/07/23 6.25 6.25 5.7 5.75 482 
2004/07/30 5.75 5.9 5.6 5.75 475 
2004/08/06 5.65 5.8 5.25 5.8 991 
2004/08/13 5.75 6.1 5.45 5.6 1187 
2004/08/20 5.65 5.8 5 5.5 1267 
2004/08/27 5.3 5.6 5.3 5.45 298 
2004/09/03 5.45 5.9 5.35 5.55 1215 
2004/09/10 5.6 5.9 5.35 5.65 1436 
2004/09/17 5.75 5.75 4.93 5 1045 
2004/09/24 4.65 4.71 3.75 4.01 1868 
2004/10/01 4.01 4.02 3.85 3.92 1059 
2004/10/08 4.19 4.76 4.01 4.61 2360 
2004/10/15 4.5 4.67 4.15 4.43 1487 
2004/10/22 4.3 4.6 4.28 4.48 810 
2004/10/29 4.45 4.45 4.03 4.21 661 
2004/11/05 4.12 4.36 3.92 4.21 907 
2004/11/12 4.22 4.25 4.05 4.12 598 
2004/11/19 4.07 4.15 3.91 4.09 814 
2004/11/26 4.15 4.15 3.86 3.86 612 
2004/12/03 3.86 3.98 3.59 3.8 978 
2004/12/10 3.7 3.79 3.65 3.65 593 
2004/12/17 3.7 3.79 3.65 3.73 985 
2004/12/24 3.74 4.2 3.67 4.11 2637 
2004/12/31 4.11 4.23 4 4.06 1814 
2005/01/07 4.06 4.2 3.9 3.93 1363 
2005/01/14 3.93 3.95 3.72 3.85 1399 
2005/01/21 3.88 3.95 3.68 3.8 448 
2005/01/28 3.7 3.84 3.68 3.8 473 
2005/02/04 3.8 3.83 3.68 3.72 386 
2005/02/18 3.73 4 3.73 3.9 1310 
2005/02/25 3.9 4.27 3.9 3.95 1877 
2005/03/04 3.94 3.95 3.8 3.88 487 
2005/03/11 3.84 3.96 3.79 3.85 1210 
2005/03/18 3.85 3.88 3.61 3.61 793 
2005/03/25 3.58 3.71 3.21 3.36 1300 
2005/04/01 3.46 3.46 3.12 3.19 901 
2005/04/08 3.15 3.25 3.12 3.18 303 
2005/04/15 3.12 3.17 2.81 2.98 377 
2005/04/22 2.94 3.01 2.78 2.88 1206 
2005/04/29 2.9 2.98 2.65 2.68 1019 
2005/05/06 2.5 2.65 2.28 2.28 1074 
2005/05/13 2.28 2.28 2.05 2.09 762 
2005/05/20 2.1 2.34 2.05 2.29 687 
2005/05/27 2.29 2.3 2.15 2.22 717 
2005/06/03 2.22 2.38 2.11 2.36 1650 
2005/06/10 2.52 3.07 2.49 2.87 4606 
2005/06/17 2.8 3.05 2.71 2.74 1740 
2005/06/24 2.77 2.91 2.73 2.79 1219 
2005/07/01 2.86 3.06 2.75 2.92 2806 
2005/07/08 2.96 3.08 2.66 2.68 1492 
2005/07/15 2.73 2.97 2.67 2.81 1285 
2005/07/22 2.82 2.89 2.6 2.6 476 
2005/07/29 2.51 2.7 2.5 2.5 823 
2005/08/05 2.47 2.71 2.36 2.62 501 
2005/08/12 2.62 2.62 2.32 2.4 642 
2005/08/19 2.4 2.76 2.36 2.5 1612 
2005/08/26 2.5 2.5 2.15 2.18 763 
2005/09/02 2.2 2.2 2.06 2.2 537 
2005/09/09 2.2 2.26 2.04 2.14 271 
2005/09/16 2.06 2.12 2.03 2.04 218 
2005/09/23 2.04 2.09 2 2.01 246 
2005/09/30 2.06 2.13 2.04 2.12 370 
2005/10/07 2.12 2.13 1.99 2.03 533 
2005/10/14 2.05 2.05 1.96 2 196 
2005/10/21 2 2.03 1.96 1.99 240 
2005/10/28 1.97 2.05 1.92 1.95 247 
2005/11/04 1.95 1.99 1.82 1.83 480 
2005/11/11 1.83 1.88 1.71 1.72 856 
2005/11/18 1.73 2.09 1.73 1.94 1030 
2005/11/25 1.93 2.05 1.91 1.99 330 
2005/12/02 2.08 2.26 1.91 2.26 2535 
2005/12/09 2.26 2.74 2.21 2.74 4504 
2005/12/16 2.93 3.7 2.93 3.59 7395 
2005/12/23 3.7 3.7 3.26 3.45 6611 
2005/12/30 3.31 3.39 2.91 3.01 2878 
2006/01/06 3.01 3.68 2.9 3.29 6219 
2006/01/13 3.52 3.52 3.05 3.16 1789 
2006/01/20 3 3.2 2.99 3.01 1157 
2006/01/27 3 3.07 2.9 2.98 314 
2006/02/03 2.98 3 2.93 2.93 304 
2006/02/10 2.99 2.99 2.7 2.77 1041 
2006/02/17 2.6 2.75 2.57 2.59 700 
2006/02/24 2.6 2.6 2.26 2.3 910 
2006/03/03 2.28 2.55 2.28 2.55 1439 
2006/03/10 2.62 3.55 2.62 3.15 4055 
2006/03/17 3.08 3.22 2.7 3.02 4696 
2006/03/24 3.02 3.05 2.7 2.71 924 
2006/03/31 2.71 3.07 2.7 3 840 
2006/04/07 2.8 2.98 2.8 2.91 685 
2006/04/14 2.86 3.09 2.83 3 1050 
2006/04/21 3 3.11 2.78 2.85 677 
2006/04/28 2.81 2.9 2.65 2.69 1157 
2006/05/05 2.68 2.7 2.34 2.34 1045 
2006/05/12 2.18 2.18 1.64 1.64 681 
2006/05/19 1.53 1.89 1.53 1.83 1674 
2006/05/26 1.73 1.89 1.58 1.87 317 
2006/06/02 1.87 2 1.74 1.86 124 
2006/06/09 1.99 1.99 1.67 1.85 394 
2006/06/16 1.73 1.89 1.57 1.68 97 
2006/06/23 1.68 1.68 1.39 1.56 85 
2006/06/30 1.65 1.65 1.31 1.36 1055 
2006/07/07 1.29 1.36 1.08 1.15 290 
2006/07/14 1.15 1.24 1.07 1.24 1251 
2006/07/21 1.24 1.24 1.09 1.24 295 
2006/07/28 1.16 1.43 1.1 1.43 306 
2006/08/04 1.33 1.49 1.24 1.4 118 
2006/08/11 1.31 1.36 1.15 1.29 95 
2006/08/18 1.2 1.33 1.19 1.29 142 
2006/08/25 1.29 1.29 1.05 1.1 256 
2006/09/01 1.05 1.11 1.01 1.05 103 
2006/09/08 0.98 1.04 0.92 1.02 381 
2006/09/15 0.95 1.09 0.95 1.09 385 
2006/09/22 1.15 1.23 1.07 1.23 15 
2006/09/29 1.23 1.29 1.23 1.27 113 
2006/10/06 1.12 1.23 1.07 1.07 52 
2006/10/13 1 1.13 0.98 1.03 76 
2006/10/20 1.02 1.18 0.96 1.08 82 
2006/10/27 1.01 1.24 1.01 1.14 334 
2006/11/03 1.09 1.42 1.09 1.3 492 
2006/11/10 1.33 1.49 1.29 1.45 191 
2006/11/17 1.44 1.49 1.28 1.28 246 
2006/11/24 1.2 1.65 1.2 1.65 849 
2006/12/15 3.98 4.25 3.85 3.85 152 
2006/12/22 3.9 4.15 3.47 3.58 171 
2006/12/29 3.49 3.59 3.16 3.39 166 
2007/01/05 3.39 3.61 3.13 3.16 65 
2007/01/12 2.94 3.3 2.8 3.3 132 
2007/01/19 3.07 3.63 3.07 3.57 568 
2007/01/26 3.33 3.54 2.9 3.11 1363 
2007/02/02 3.12 3.12 2.88 3.07 49 
2007/02/09 3.28 3.5 3.04 3.4 121 
2007/02/16 3.6 3.64 3.25 3.64 47 
2007/03/02 3.39 3.7 3.09 3.55 198 
2007/03/09 3.79 3.8 3.24 3.7 302 
2007/03/16 3.8 4.75 3.69 4.75 770 
2007/03/23 4.89 6.3 4.85 5.8 991 
2007/03/30 5.8 6.2 4.7 4.7 260 
2007/04/06 5.02 5.41 4.73 5.06 100 
2007/04/13 5.06 6.15 4.61 5.88 315 
2007/04/20 5.86 5.86 5.02 5.37 212 
2007/04/27 5.37 5.6 4.67 5.6 142 
2007/05/04 5.58 5.8 4.85 4.85 154 
2007/05/11 4.52 4.52 3.4 3.9 181 
2007/05/18 4.17 4.77 3.72 4.28 158 
2007/05/25 4.35 4.57 3.91 4.1 165 
2007/06/01 4.1 4.25 3.82 4.22 70 
2007/06/08 4.3 4.51 4.19 4.41 113 
2007/06/15 4.41 4.54 4 4.02 211 
2007/06/22 4 4.1 3.9 4.02 98 
2007/06/29 4 4.2 3.73 4.2 187 
2007/07/06 4 4.2 3.8 4.15 56 
2007/07/13 4.01 4.78 3.86 4.52 429 
2007/07/20 4.52 4.84 4.21 4.49 236 
2007/07/27 4.18 4.52 3.99 3.99 257 
2007/08/03 3.81 4.45 3.81 4.15 108 
2007/08/10 3.95 4.15 3.69 4 139 
2007/08/17 4.27 4.87 3.92 4.38 328 
2007/08/24 4.09 4.6 4.09 4.1 24 
2007/08/31 3.9 4.59 3.6 4.26 127 
2007/09/07 4.55 4.55 3.87 4.08 276 
2007/09/14 3.95 4.38 3.91 4.18 56 
2007/09/21 4.17 4.25 3.85 3.85 102 
2007/09/28 3.85 4.29 3.85 4.29 15 
2007/10/05 4.29 4.71 4 4.2 244 
2007/10/12 4.49 4.7 4.2 4.35 298 
2007/10/19 4.35 4.35 3.83 4.05 60 
2007/10/26 3.95 4.17 3.81 3.97 39 
2007/11/02 4 4.35 3.77 3.8 60 
2007/11/09 3.6 4.01 3.54 3.75 138 
2007/11/16 3.51 3.75 3.46 3.69 48 
2007/11/23 3.69 3.78 3.46 3.78 23 
2007/11/30 3.78 3.78 3.27 3.69 43 
2007/12/07 3.69 4.35 3.45 4.35 37 
2007/12/14 4.35 4.35 3.77 3.77 1 
2007/12/21 3.77 3.81 3.31 3.44 37 
2007/12/28 3.2 3.46 3.2 3.46 32 
2008/01/04 3.46 3.46 3.23 3.23 20 
2008/01/11 3.03 3.45 2.76 3.15 90 
2008/01/18 3.37 3.6 3.35 3.35 37 
2008/01/25 3.35 3.35 3.12 3.29 2 
2008/02/01 3.49 3.49 3.01 3.01 25 
2008/02/15 3.01 3.1 2.9 3 40 
2008/02/22 3 3.1 2.73 3.1 56 
2008/02/29 3.11 3.11 2.91 3.1 74 
2008/03/07 3.3 3.76 3.26 3.27 111 
2008/03/14 3.22 3.31 3.1 3.1 51 
2008/03/21 3 3.15 2.95 3.15 130 
2008/03/28 3 3.45 2.83 3.45 47 
2008/04/04 3.35 3.5 3.35 3.5 5 
2008/04/11 3.26 3.53 3.05 3.53 122 
2008/04/18 3.77 4.61 3.77 4.61 238 
2008/04/25 4.59 4.59 4.01 4.01 21 
2008/05/02 3.73 4.51 3.73 4.51 378 
2008/05/09 4.82 6.3 4.82 6.3 444 
2008/05/16 6.74 8.81 6.74 8.81 4904 
2008/05/23 9.42 12.3 9.42 12.25 7006 
2008/05/30 11.4 11.4 9.22 9.49 5908 
2008/06/06 8.86 10.35 8.83 9.84 5726 
2008/06/13 9.5 9.9 7.74 8.14 4175 
2008/06/20 8.12 8.29 6.67 7.1 2819 
2008/06/27 6.7 7.16 6.05 6.4 1281 
2008/07/04 6.68 7.99 6.68 7.87 2940 
2008/07/11 7.93 8.42 7.03 8.04 2663 
2008/07/18 8.6 9.2 7.2 7.21 5560 
2008/07/25 6.8 8.41 6.8 8.19 1948 
2008/08/01 7.9 8.35 7.45 7.57 1204 
2008/08/08 7.15 7.59 6.72 7.29 1041 
2008/08/15 7.3 7.77 6.8 6.91 1594 
2008/08/22 6.83 7.35 6.5 7.19 1375 
2008/08/29 7.25 7.32 6.7 7.31 2309 
2008/09/05 7.31 7.41 5.45 5.45 2982 
2008/09/12 5.45 5.83 4.7 4.94 1069 
2008/09/19 4.94 4.94 3.72 3.98 594 
2008/09/26 4.18 5.2 3.72 4.92 2146 
2008/10/03 4.58 4.89 4.2 4.35 660 
2008/10/10 4.26 4.26 3.65 4.03 766 
2008/10/17 4.29 5.63 4.29 5.63 2506 
2008/10/24 6.02 6.2 5.27 5.27 2319 
2008/11/07 10.5 11.8 10.5 10.5 248 
2008/11/14 9.77 9.77 7.32 7.32 637 
2008/11/21 6.82 7.23 5.11 5.87 604 
2008/11/28 6.07 6.71 5.55 6 1056 
2008/12/05 6 6.08 5.35 5.43 440 
2008/12/12 5.5 7.34 5.48 6.38 1179 
2008/12/19 6.36 7.58 6 6.8 1896 
2008/12/26 6.81 6.9 6.21 6.6 443 
2009/01/02 6.6 6.8 6.5 6.57 181 
2009/01/09 6.76 7.15 6.57 6.73 917 
2009/01/16 6.68 6.92 6.24 6.3 240 
2009/01/23 6.47 6.47 6.03 6.1 37 
2009/02/06 6.21 6.53 6.18 6.4 131 
2009/02/13 6.41 6.42 5.72 6.01 280 
2009/02/20 6.01 6.4 5.63 5.78 307 
2009/02/27 5.64 5.83 5.41 5.52 476 
2009/03/06 5.41 5.93 5.21 5.42 288 
2009/03/13 5.5 6.09 5.25 5.8 721 
2009/03/20 5.8 6.31 5.8 6.07 565 
2009/03/27 6.15 6.74 5.83 6.74 579 
2009/04/03 7.21 8.27 7.21 7.9 2252 
2009/04/10 7.88 7.9 7.4 7.51 1036 
2009/04/17 7.7 8.58 7.39 7.42 2109 
2009/04/24 7.42 7.42 6.45 7.05 1096 
2009/05/01 7.1 7.14 5.92 6.48 441 
2009/05/08 6.51 6.88 6.26 6.4 695 
2009/05/15 6.84 8.36 6.84 7.37 1931 
2009/05/22 7.49 8.27 7.38 7.77 1435 
2009/05/29 7.91 7.91 7.15 7.71 594 
2009/06/05 7.81 8.6 7.4 7.88 1608 
2009/06/12 7.94 7.95 6.87 7.22 473 
2009/06/19 7.01 7.45 6.8 7.24 181 
2009/06/26 7 7.44 6.97 7.28 202 
2009/07/03 7.62 7.62 7.3 7.47 284 
2009/07/10 7.55 7.57 7.1 7.5 378 
2009/07/17 7.35 7.53 7.16 7.21 261 
2009/07/24 7.33 7.33 7.08 7.21 245 
2009/07/31 7.24 8.1 7.2 7.57 772 
2009/08/07 7.53 8.07 7.53 7.73 298 
2009/08/14 7.7 7.9 7.53 7.53 240 
2009/08/21 7.54 7.6 7.11 7.24 167 
2009/08/28 7.18 7.48 7.04 7.3 179 
2009/09/04 7.25 7.74 7.15 7.53 212 
2009/09/11 7.2 7.98 7.2 7.65 466 
2009/09/18 7.45 8.49 7.45 8.29 1043 
2009/09/25 8.28 9.63 8.13 9.4 909 
2009/10/02 9.2 9.5 8.9 9.39 496 
2009/10/09 9.3 9.43 8.74 9.2 421 
2009/10/16 9 9.18 8.66 8.89 230 
2009/10/23 8.89 9.1 8.7 8.82 256 
2009/10/30 9.02 9.27 8.52 8.89 169 
2009/11/06 8.87 9.1 8.7 9.1 235 
2009/11/13 9.03 9.05 8.73 8.9 114 
2009/11/20 8.9 9.1 8.79 8.9 132 
2009/11/27 8.9 9.02 8.6 8.75 130 
2009/12/04 8.74 8.93 8.53 8.9 323 
2009/12/11 8.9 9.01 8.73 8.85 198 
2009/12/18 8.85 9.12 8.8 9 207 
2009/12/25 9.29 9.29 8.86 9 259 
2010/01/01 8.99 9.02 8.84 8.91 204 
2010/01/08 8.91 9.26 8.91 9.01 269 
2010/01/15 9.5 11.7 9.2 10.6 3388 
2010/01/22 10.8 11.9 10.3 10.8 1779 
2010/01/29 10.25 11.3 9.11 9.38 795 
2010/02/05 9.15 9.69 8.31 8.35 360 
2010/02/12 8.35 9.18 8.2 9.08 228 
2010/02/26 9.1 9.3 8.83 8.86 259 
2010/03/05 9.15 9.15 8.75 8.82 258 
2010/03/12 8.84 9.06 8.8 9.06 196 
2010/03/19 9 9.13 8.95 9.09 185 
2010/03/26 8.7 9.2 8.52 9.08 239 
2010/04/02 9.06 9.74 9.01 9.51 344 
2010/04/09 9.35 11.6 9.33 10.55 2110 
2010/04/16 10.6 11.45 10.05 10.95 853 
2010/04/23 10.95 11 10.15 10.7 533 
2010/04/30 10.7 11 10.25 10.5 470 
2010/05/07 10.7 12 10 10.4 4367 
2010/05/14 9.72 10.45 9.68 10 2264 
2010/05/21 9.97 10.3 9.5 9.51 992 
2010/05/28 9.28 9.73 8.99 9.64 412 
2010/06/04 9.59 10.3 9.59 9.76 1596 
2010/06/11 9.65 9.9 9.1 9.5 481 
2010/06/18 9.53 10.8 9.53 9.85 1360 
2010/06/25 9.81 10.25 9.67 9.9 361 
2010/07/02 9.72 9.98 9.37 9.68 355 
2010/07/09 9.9 9.9 9.43 9.48 625 
2010/07/16 9.6 9.75 9.44 9.44 343 
2010/07/23 9.54 10.1 9.4 9.93 625 
2010/07/30 9.93 12.4 9.8 12.4 3205 
2010/08/06 13.25 17.25 13.25 15.05 3995 
2010/08/13 15.05 15.45 13.45 13.65 5001 
2010/08/20 13.85 14.95 13 13.9 3469 
2010/08/27 13.8 14 11.65 12.4 1401 
2010/09/03 12.2 12.6 10.75 11.3 842 
2010/09/10 11.5 14.1 11.5 13.65 2451 
2010/09/17 13.65 14 12.65 13.05 1307 
2010/09/24 13.1 13.3 12.65 12.9 475 
2010/10/01 13.1 13.35 12.5 12.75 432 
2010/10/08 13.05 13.15 12.5 12.7 572 
2010/10/15 12.7 13.15 12 13.1 1393 
2010/10/22 13.1 13.25 12.1 12.7 713 
2010/10/29 12.8 12.9 11.85 12.1 422 
2010/11/05 12.15 12.45 11.4 12.25 650 
2010/11/12 12.2 12.35 11.6 11.6 512 
2010/11/19 11.6 11.95 11.5 11.55 205 
2010/11/26 11.95 11.95 11.4 11.6 319 
2010/12/03 11.65 12.95 11.5 11.8 1511 
2010/12/10 11.9 11.95 11.35 11.4 585 
2010/12/17 11.45 11.6 11.1 11.45 1085 
2010/12/24 11.45 11.45 11.1 11.2 588 
2010/12/31 11.25 11.5 11.05 11.3 635 
2011/01/07 11.5 12.05 11.3 11.55 2364 
2011/01/14 11.7 11.7 11.3 11.35 888 
2011/01/21 11 11 10.3 10.45 2600 
2011/01/28 10.4 10.55 10.2 10.2 913 
2011/02/11 10.3 10.4 10.05 10.05 820 
2011/02/18 10.05 10.35 9.89 10.2 1039 
2011/02/25 10.2 11.2 10.15 10.3 2444 
2011/03/04 10.3 10.5 10.15 10.15 388 
2011/03/11 10.15 10.9 10.05 10.65 1899 
2011/03/18 10.45 10.6 9.75 10.3 1047 
2011/03/25 10.3 10.55 10.2 10.25 602 
2011/04/01 10.25 10.3 10 10.1 452 
2011/04/08 10 10.85 10 10.6 1058 
2011/04/15 10.7 11 10.4 10.6 918 
2011/04/22 10.6 10.75 10.25 10.45 489 
2011/04/29 10.45 10.85 10.3 10.4 517 
2011/05/06 10.45 11.3 10.3 10.95 2498 
2011/05/13 11.05 11.65 10.75 11.05 2189 
2011/05/20 10.9 13.3 10.8 11.8 5788 
2011/05/27 11.2 11.5 10.75 10.75 2582 
2011/06/03 10.75 10.95 10.4 10.65 945 
2011/06/10 10.75 11.15 10.55 10.55 686 
2011/06/17 10.55 10.55 10.1 10.1 663 
2011/06/24 10.1 10.3 9.4 9.51 629 
2011/07/01 9.51 9.99 9.51 9.95 187 
2011/07/08 9.9 9.94 9.7 9.85 278 
2011/07/15 9.85 9.85 9.15 9.34 620 
2011/07/22 9.22 9.48 9.15 9.4 373 
2011/07/29 9.4 9.55 9.32 9.5 210 
2011/08/05 9.4 9.8 8.6 8.74 588 
2011/08/12 8.21 8.72 7.87 8.5 1301 
2011/08/19 8.52 9.14 8.4 8.5 621 
2011/08/26 8.36 8.69 8.36 8.5 274 
2011/09/02 8.2 8.78 8.2 8.5 248 
2011/09/09 8.5 8.57 8.4 8.51 336 
2011/09/16 8.5 8.88 8.5 8.88 285 
2011/09/23 8.74 8.85 8.5 8.66 286 
2011/09/30 8.52 8.63 8.5 8.55 348 
2011/10/07 8.55 8.69 8.5 8.6 155 
2011/10/14 8.53 8.68 8.41 8.53 177 
2011/10/21 8.67 8.67 8.5 8.5 149 
2011/10/28 8.59 9.08 8.51 9.08 149 
2011/11/04 9.08 9.1 8.7 8.99 113 
2011/11/11 8.57 9.3 8.57 8.99 72 
2011/11/18 9 9 8.5 8.5 357 
2011/11/25 8.5 8.66 8.5 8.5 682 
2011/12/02 8.6 8.64 8.5 8.51 80 
2011/12/09 8.53 8.67 8.5 8.5 298 
2011/12/16 8.5 8.76 8.5 8.5 57 
2011/12/23 8.5 9 8.5 8.57 185 
2011/12/30 8.71 8.71 8.5 8.5 103 
2012/01/06 8.54 8.8 8.51 8.51 95 
2012/01/13 8.64 8.64 8.5 8.5 159 
2012/01/20 8.55 8.57 8.5 8.5 64 
2012/02/03 8.52 9.35 8.5 9.35 275 
2012/02/10 9.24 9.24 8.68 8.81 120 
2012/02/17 8.8 8.88 8.58 8.78 280 
2012/02/24 8.68 8.77 8.63 8.65 140 
2012/03/02 8.65 8.78 8.55 8.75 96 
2012/03/09 8.75 8.76 8.51 8.54 145 
2012/03/16 8.54 8.65 8.52 8.53 114 
2012/03/23 8.55 8.6 8.5 8.51 411 
2012/03/30 8.53 8.71 8.5 8.53 190 
2012/04/06 8.52 9.2 8.5 8.86 621 
2012/04/13 8.58 8.68 8.5 8.6 294 
2012/04/20 8.54 8.59 8.51 8.58 64 
2012/04/27 8.51 8.51 8.5 8.5 234 
2012/05/04 8.5 8.6 8.5 8.57 77 
2012/05/11 8.5 8.67 8.5 8.51 104 
2012/05/18 8.5 8.62 8.5 8.56 301 
2012/05/25 8.62 8.62 8.5 8.59 269 
2012/06/01 8.51 8.62 8.5 8.5 154 
2012/06/08 8.5 8.6 8.5 8.5 256 
2012/06/15 9 9 8.5 8.52 62 
2012/06/22 8.59 8.59 8.5 8.58 46 
2012/06/29 8.53 8.57 8.5 8.5 82 
2012/07/06 8.5 8.68 8.5 8.56 163 
2012/07/13 8.51 8.98 8.51 8.98 176 
2012/07/20 9 9.1 8.58 8.63 173 
2012/07/27 8.58 8.71 8.5 8.67 91 
2012/08/03 8.56 8.78 8.56 8.75 60 
2012/08/10 8.67 9 8.67 8.94 98 
2012/08/17 8.83 9.3 8.63 9.29 373 
2012/08/24 9.4 9.79 9.03 9.13 459 
2012/08/31 9.13 9.2 8.8 8.99 337 
2012/09/07 8.95 9.22 8.61 9.22 304 
2012/09/14 9.49 9.52 8.9 9.06 297 
2012/09/21 8.96 9.37 8.85 9.2 305 
2012/09/28 9.23 10.55 9.23 9.82 1239 
2012/10/05 9.81 10.3 9.7 10.05 428 
2012/10/12 9.9 12.15 9.9 12.1 4969 
2012/10/19 12.15 12.3 10.8 10.8 3673 
2012/10/26 10.55 11.1 9.28 9.31 2041 
2012/11/02 9.31 9.48 8.84 9.24 1273 
2012/11/09 9.25 9.73 9.01 9.73 1084 
2012/11/16 10.2 10.4 9.52 9.91 1557 
2012/11/23 10.05 10.05 9.39 9.61 588 
2012/11/30 9.85 10.2 9.51 10.05 1595 
2012/12/07 10.15 11.15 9.9 10.9 1896 
2012/12/14 10.95 11.4 10.4 10.6 1405 
2012/12/21 10.6 11.3 10.5 10.9 2055 
2012/12/28 11 11.65 10.65 11.2 2332 
2013/01/04 11.3 11.55 10.95 11.25 925 
2013/01/11 11.15 11.5 10.9 11.15 1969 
2013/01/18 11.05 11.05 10.35 10.45 1377 
2013/01/25 10.4 10.7 10 10.05 869 
2013/02/01 10.05 10.6 10 10.45 711 
2013/02/08 10.45 10.45 10.15 10.35 416 
2013/02/22 10.25 10.4 10 10.15 904 
2013/03/01 10.15 10.2 10 10.05 426 
2013/03/08 10 10.15 9.9 9.98 388 
2013/03/15 9.98 10.05 9.5 9.96 1009 
2013/03/22 9.93 10.3 9.7 9.93 864 
2013/03/29 9.95 11.6 9.9 11.3 5247 
2013/04/05 11.55 11.85 10.65 10.9 2441 
2013/04/12 10.2 10.7 9.93 10.1 1865 
2013/04/19 10.05 10.75 9.94 10.55 2406 
2013/04/26 10.4 11.4 10.4 10.8 2451 
2013/05/03 10.75 11 10.7 10.95 616 
2013/05/10 10.95 10.95 10.5 10.7 663 
2013/05/17 10.7 10.85 10.4 10.7 845 
2013/05/24 10.65 10.95 10.55 10.55 874 
2013/05/31 10.6 10.9 10.55 10.65 445 
2013/06/07 10.65 12.1 10.6 10.75 3698 
2013/06/14 10.9 12.3 10.75 11.5 3516 
2013/06/21 11.2 11.45 10.5 10.95 1890 
2013/06/28 10.85 11.45 10.8 11.1 1298 
2013/07/05 11.1 11.45 10.45 10.5 1464 
2013/07/12 10.6 10.7 10.45 10.65 436 
2013/07/19 10.65 10.8 10.55 10.6 356 
2013/07/26 10.55 11.7 10.45 10.9 1350 
2013/08/02 10.9 11.05 10.4 10.6 705 
2013/08/09 10.7 10.7 10.5 10.5 304 
2013/08/16 10.6 10.65 10.5 10.65 183 
2013/08/23 10.65 10.8 10.4 10.5 254 
2013/08/30 10.5 10.55 10.35 10.5 177 
2013/09/06 10.5 10.75 10.5 10.65 218 
2013/09/13 10.65 10.8 10.5 10.6 313 
2013/09/20 10.65 10.75 10.65 10.7 156 
2013/09/27 10.55 11.2 10.55 10.8 503 
2013/10/04 10.7 11.85 10.7 11.3 1022 
2013/10/11 11.3 11.85 11.2 11.25 1075 
2013/10/18 11.2 11.4 10.05 10.1 1485 
2013/10/25 10.15 10.25 10.05 10.05 254 
2013/11/01 10.05 10.2 10.05 10.05 290 
2013/11/08 10.15 10.45 10.05 10.15 191 
2013/11/15 10.1 10.2 9.96 10.15 189 
2013/11/22 10.05 10.15 9.72 9.9 187 
2013/11/29 9.9 10.05 9.8 9.9 197 
2013/12/06 9.98 10.05 9.8 9.9 77 
2013/12/13 9.9 10.15 9.66 10 197 
2013/12/20 9.91 9.91 9.61 9.74 128 
2013/12/27 9.7 10 9.7 9.9 216 
2014/01/03 9.9 9.9 9.52 9.63 279 
2014/01/10 9.66 10.2 9.6 9.93 404 
2014/01/17 9.87 10.5 9.78 9.86 596 
2014/01/24 9.89 10.1 9.83 9.92 180 
2014/01/31 9.83 9.91 9.72 9.87 24 
2014/02/07 9.75 10.1 9.67 10.05 168 
2014/02/14 10 10.6 9.91 10.25 1365 
2014/02/21 10.25 10.3 9.95 9.99 489 
2014/02/28 10.05 10.25 9.92 10.05 432 
2014/03/07 10 10.05 9.71 9.88 423 
2014/03/14 9.8 9.95 9.62 9.79 525 
2014/03/21 9.75 9.9 9.6 9.69 167 
2014/03/28 9.62 9.99 9.27 9.69 364 
2014/04/04 9.69 9.95 9.66 9.82 203 
2014/04/11 9.72 9.93 9.7 9.85 139 
2014/04/18 9.95 9.95 9.73 9.8 172 
2014/04/25 9.8 10.5 9.71 9.75 802 
2014/05/02 9.74 9.94 9.71 9.82 175 
2014/05/09 9.86 9.96 9.76 9.92 173 
2014/05/16 9.85 10.05 9.72 9.9 312 
2014/05/23 9.9 9.99 9.72 9.8 226 
2014/05/30 9.99 10.2 9.82 10.1 191 
2014/06/06 10.15 10.4 9.88 10 389 
2014/06/13 10.1 10.75 10.05 10.25 678 
2014/06/20 10.15 10.55 10.1 10.1 292 
2014/06/27 10.1 10.8 9.96 10.05 1270 
2014/07/04 10.05 10.45 10 10.05 490 
2014/07/11 10.15 10.4 9.93 10.3 389 
2014/07/18 10.3 10.4 10 10.15 242 
2014/07/25 10.15 10.15 10 10.05 75 
2014/08/01 10 10.2 9.98 10.1 274 
2014/08/08 10.1 10.3 10 10.15 2169 
2014/08/15 10.3 10.35 10.05 10.05 735 
2014/08/22 10.05 10.15 9.9 10.15 4121 
2014/08/29 10.3 10.4 9.42 9.58 2695 
2014/09/05 9.58 9.85 9.4 9.82 421 
2014/09/12 9.7 10.25 9.7 10.1 515 
2014/09/19 10 10.15 9.78 9.86 352 
2014/09/26 9.82 10.1 9.8 10 377 
2014/10/03 10.2 10.2 9.83 9.9 254 
2014/10/10 9.93 9.93 9.61 9.67 311 
2014/10/17 9.62 9.77 9.1 9.14 267 
2014/10/24 9.08 9.24 8.86 8.93 454 
2014/10/31 8.92 9.13 8.44 8.54 685 
2014/11/07 8.54 8.69 8.4 8.59 268 
2014/11/14 8.59 8.72 8.42 8.57 201 
2014/11/21 8.55 9.49 8.52 9.38 513 
2014/11/28 9.35 9.75 9.01 9.2 1160 
2014/12/05 9.14 10.2 9.01 9.48 1201 
2014/12/12 9.48 9.48 9.08 9.15 491 
2014/12/19 9.1 9.63 9 9.36 341 
2014/12/26 9.2 9.9 9.2 9.23 1037 
2015/01/02 9.21 9.42 9.2 9.28 166 
2015/01/09 9.29 9.41 9.13 9.14 544 
2015/01/16 9.2 9.3 9.05 9.07 170 
2015/01/23 9.14 9.44 9.09 9.2 273 
2015/01/30 9.2 9.32 9.1 9.12 87 
2015/02/06 9.1 9.27 9.04 9.04 146 
2015/02/13 9.13 9.2 8.95 8.96 141 
2015/02/27 9.07 9.07 8.9 8.9 77 
2015/03/06 8.9 9.07 8.86 8.97 147 
2015/03/13 8.92 9.16 8.86 9.06 80 
2015/03/20 9.1 9.2 8.97 9.1 76 
2015/03/27 9.12 9.26 8.61 8.87 189 
2015/04/03 8.88 8.99 8.52 8.78 142 
2015/04/10 8.65 8.73 8.43 8.51 187 
2015/04/17 8.36 8.85 8.15 8.78 554 
2015/04/24 8.56 8.73 8.3 8.59 733 
2015/05/01 8.59 9.42 8.41 9.3 981 
2015/05/08 9.3 9.44 8.8 9.04 611 
2015/05/15 9.04 9.29 8.82 9.08 369 
2015/05/22 9.08 9.12 8.54 9.03 814 
2015/05/29 9.08 9.85 8.96 9.79 1367 
2015/06/05 9.8 10.5 8.81 9.34 1974 
2015/06/12 9.34 11.55 9.31 11.55 2108 
2015/06/19 12.7 15.3 12.1 12.3 22201 
2015/06/26 12.3 12.9 11.6 11.65 6213 
2015/07/03 11.55 11.9 10.2 11.9 7176 
2015/07/10 12 13 10.6 12.3 10293 
2015/07/17 13 13.5 11.4 11.8 11009 
2015/07/24 11.6 11.85 10.8 10.9 3042 
2015/07/31 10.8 11.2 9.47 9.51 3465 
2015/08/07 9.5 9.5 8.79 9.45 2761 
2015/08/14 9.66 10.1 8.84 9.57 3526 
2015/08/21 9.58 9.65 8.41 8.57 2823 
2015/08/28 8.47 8.96 6.96 8.96 4640 
2015/09/04 8.9 9.33 8.5 8.89 1074 
2015/09/11 8.83 9.3 8.62 8.73 1196 
2015/09/18 8.8 9.19 8.66 9.15 1593 
2015/09/25 9.05 9.09 8.6 8.73 1025 
2015/10/02 8.73 8.94 8.61 8.76 318 
2015/10/09 8.8 9.19 8.58 8.6 797 
2015/10/16 8.6 8.74 8.45 8.66 440 
2015/10/23 8.66 8.76 8.51 8.63 614 
2015/10/30 8.75 8.76 8.41 8.42 434 
2015/11/06 8.43 8.73 8.43 8.7 283 
2015/11/13 8.7 8.75 8.1 8.2 385 
2015/11/20 8.2 8.6 8.12 8.59 689 
2015/11/27 8.5 8.59 8.05 8.2 278 
2015/12/04 8.3 8.56 8.11 8.29 374 
2015/12/11 8.29 8.56 8.2 8.23 448 
2015/12/18 8.22 8.6 8.16 8.55 236 
2015/12/25 8.7 8.7 8.37 8.43 100 
2016/01/01 8.46 8.6 8.4 8.43 100 
2016/01/08 8.4 8.5 8.05 8.3 382 
2016/01/15 8.22 8.32 7.71 7.71 238 
2016/01/22 7.65 8.34 7.65 8 166 
2016/01/29 8 8.1 7.73 7.82 169 
2016/02/05 7.8 7.9 7.54 7.54 96 
2016/02/19 7.54 7.72 7.54 7.58 110 
2016/02/26 7.7 8 7.5 7.85 302 
2016/03/04 7.87 8.69 7.81 8.65 602 
2016/03/11 8.66 8.66 8.38 8.38 100 
2016/03/18 8.2 8.31 7.95 8.01 184 
2016/03/25 7.97 9.38 7.75 9.22 813 
2016/04/01 9.36 9.39 8.81 9.08 414 
2016/04/08 9.08 9.08 8.2 8.32 270 
2016/04/15 8.33 8.72 8.33 8.46 188 
2016/04/22 8.4 8.9 8.36 8.69 369 
2016/04/29 8.78 8.86 8.3 8.5 193 
2016/05/06 8.43 8.79 8.15 8.46 216 
2016/05/13 8.32 8.62 8.27 8.4 196 
2016/05/20 8.22 8.48 8.13 8.29 144 
2016/05/27 8.25 8.63 8.17 8.33 78 
2016/06/03 8.4 8.43 8.23 8.35 113 
2016/06/10 8.29 8.55 8.21 8.37 107 
2016/06/17 8.24 8.7 8.21 8.37 95 
2016/06/24 8.41 8.59 8.18 8.29 216 
2016/07/01 8.22 8.67 8.16 8.41 171 
2016/07/08 8.48 8.48 8.25 8.25 160 
2016/07/15 8.25 8.43 8.12 8.22 187 
2016/07/22 8.31 8.31 8 8.18 152 
2016/07/29 8.13 8.3 8 8.04 352 
2016/08/05 8.04 8.29 8.02 8.2 205 
2016/08/12 8.2 8.32 7.82 8.06 177 
2016/08/19 7.95 8.03 7.83 7.98 46 
2016/08/26 7.88 8.02 7.75 7.85 139 
2016/09/02 7.99 8.18 7.86 8.08 98 
2016/09/09 8.08 8.44 7.95 8.12 97 
2016/09/16 8.12 8.26 7.97 8.07 63 
2016/09/23 8.1 8.21 7.78 8.07 225 
2016/09/30 8.15 8.4 8.09 8.16 44 
2016/10/07 8.16 8.33 8.08 8.19 60 
2016/10/14 8.17 8.2 7.71 8.15 126 
2016/10/21 8.01 8.01 7.74 7.83 125 
2016/10/28 7.79 8.19 7.76 7.82 75 
2016/11/04 7.83 8.27 7.83 8.1 146 
2016/11/11 7.92 8.13 7.82 7.95 54 
2016/11/18 7.86 8.03 7.82 8 43 
2016/11/25 7.95 8.15 7.88 7.92 73 
2016/12/02 8 8.08 7.8 7.96 156 
2016/12/09 7.9 8.02 7.87 7.9 72 
2016/12/16 7.91 8 7.85 7.88 57 
2016/12/23 7.99 8 7.74 7.76 133 
2016/12/30 7.88 8.1 7.76 7.89 57 
2017/01/06 7.89 8.08 7.84 7.95 70 
2017/01/13 7.98 7.99 7.8 7.82 84 
2017/01/20 7.8 8.07 7.74 7.91 203 
2017/01/27 8.03 8.03 7.88 7.94 45 
2017/02/03 7.76 8.03 7.76 7.88 97 
2017/02/10 7.91 8.05 7.88 7.88 205 
2017/02/17 7.89 8.19 7.89 8.09 368 
2017/02/24 8.1 8.15 7.93 8 129 
2017/03/03 8 8.1 7.98 7.98 54 
2017/03/10 7.92 8 7.81 7.81 152 
2017/03/17 7.86 8.08 7.86 7.98 95 
2017/03/24 7.98 8.03 7.9 7.91 75 
2017/03/31 7.88 8.1 7.88 8 88 
2017/04/07 8 8 7.91 7.91 29 
2017/04/14 7.92 8.3 7.74 7.96 350 
2017/04/21 7.9 7.9 7.9 7.9 0 
2017/04/28 7.88 7.88 7.86 7.86 3 
2017/05/05 7.83 7.95 7.82 7.82 14 
2017/05/12 7.7 7.94 7.6 7.93 104 
2017/05/19 7.74 7.99 7.73 7.94 66 
2017/05/26 7.9 7.9 7.79 7.82 213 
2017/06/02 7.82 7.82 7.71 7.76 47 
2017/06/09 7.81 7.82 7.6 7.82 17 
2017/06/16 9.43 9.51 8.68 8.71 7102 
2017/06/23 8.96 8.99 8.3 8.47 1539 
2017/06/30 8.57 8.57 8.21 8.27 620 
2017/07/07 8.29 8.34 8.13 8.22 181 
2017/07/14 8.28 8.28 7.65 7.75 646 
2017/07/21 7.91 7.91 7.76 7.8 84 
2017/07/28 7.71 7.8 7.62 7.77 61 
2017/08/04 7.67 7.75 7.66 7.7 206 
2017/08/11 7.66 7.74 7.65 7.74 113 
2017/08/18 8.06 8.15 7.7 7.71 183 
2017/08/25 7.62 7.72 7.62 7.66 52 
2017/09/01 7.69 7.9 7.69 7.82 110 
2017/09/08 8.01 8.41 7.97 8.29 1343 
2017/09/15 8.26 8.3 8.13 8.14 72 
2017/09/22 8.2 8.29 8.14 8.2 91 
2017/09/29 8.28 8.28 8.11 8.24 102 
2017/10/06 8.2 8.38 8.19 8.19 21 
2017/10/13 8.23 8.23 8.04 8.1 52 
2017/10/20 8.1 8.17 8.1 8.17 39 
2017/10/27 8.07 8.14 7.85 7.89 308 
2017/11/03 7.9 8.15 7.89 8.14 335 
2017/11/10 8.11 9.9 8.1 9.9 2228 
2017/11/17 10.85 10.85 9.65 9.65 5972 
2017/11/24 9.03 9.05 8.85 9.03 282 
2017/12/01 9 9 8.85 8.94 683 
2017/12/08 8.92 9.16 8.75 8.78 757 
2017/12/15 8.92 10.25 8.91 9.3 2671 
2017/12/22 9.45 10.75 9.26 10.3 2259 
2017/12/29 10.3 10.4 9.92 10.1 1391 
2018/01/05 10.1 11.05 10 10.55 2642 
2018/01/12 10.5 10.7 9.9 10.05 1653 
2018/01/19 10.1 10.25 9.86 9.87 1252 
2018/01/26 9.77 10.1 9.77 9.85 330 
2018/02/02 9.85 10.05 9.68 9.83 381 
2018/02/09 9.65 10.05 9.2 9.6 348 
2018/02/16 9.6 9.87 9.4 9.87 88 
2018/02/23 9.82 10 9.8 9.88 168 
2018/03/02 9.9 10.4 9.9 10.05 494 
2018/03/09 10.15 10.9 9.91 10.4 678 
2018/03/16 10.55 10.55 10 10.25 572 
2018/03/23 10.15 10.3 9.86 9.94 708 
2018/03/30 9.93 10 9.84 9.95 190 
2018/04/06 10 10.15 9.97 10 173 
2018/04/13 10.15 10.3 9.91 10.05 413 
2018/04/20 10 11.45 9.98 11.2 2379 
2018/04/27 11.2 12.3 10.4 10.75 6108 
2018/05/04 10.75 11.7 10.6 11.25 1818 
2018/05/11 11.4 11.7 10.9 11.3 1534 
2018/05/18 11.3 11.3 9.75 9.86 4669 
2018/05/25 9.96 10.05 9.8 9.83 1356 
2018/06/01 9.87 10.2 9.75 10 2025 
2018/06/08 10.1 10.55 9.99 10.25 2367 
2018/06/15 10.2 10.2 9.65 9.79 1379 
2018/06/22 9.79 9.81 9.25 9.36 605 
2018/06/29 9.35 9.42 9.15 9.27 422 
2018/07/06 9.39 9.4 8.55 8.68 528 
2018/07/13 8.7 9.52 8.68 9.31 943 
2018/07/20 9.44 9.44 8.88 8.91 613 
2018/07/27 9 9.25 8.96 9.11 277 
2018/08/03 9.12 9.28 9.09 9.15 461 
2018/08/10 9.19 9.29 9.07 9.08 235 
2018/08/17 9.02 9.22 8.93 9.11 447 
2018/08/24 9.01 9.17 8.95 8.95 482 
2018/08/31 8.9 9.2 8.9 9.16 484 
2018/09/07 9.25 9.28 8.9 8.94 536 
2018/09/14 8.94 9 8.8 8.95 305 
2018/09/21 8.96 9.09 8.78 9.03 269 
2018/09/28 8.97 9.04 8.85 8.92 217 
2018/10/05 8.95 9.06 8.72 8.84 118 
2018/10/12 8.72 8.85 8.17 8.45 362 
2018/10/19 8.5 9 8.49 8.63 184 
2018/10/26 8.5 8.63 8.35 8.51 155 
2018/11/02 8.34 8.59 8.3 8.37 127 
2018/11/09 8.39 8.53 8.3 8.46 338 
2018/11/16 8.49 8.82 8.45 8.82 295 
2018/11/23 8.85 8.9 8.7 8.75 207 
2018/11/30 8.71 8.92 8.71 8.88 177 
2018/12/07 8.9 9.14 8.8 9 323 
2018/12/14 8.87 9.15 8.87 9.02 298 
2018/12/21 9.03 9.2 8.85 9.01 172 
2018/12/28 9.04 9.5 8.95 9.21 355 
2019/01/04 9.21 9.32 9 9.24 286 
2019/01/11 9.05 9.25 9.05 9.17 148 
2019/01/18 9.05 9.23 9.04 9.1 217 
2019/01/25 9.1 9.5 9.01 9.15 210 
2019/02/01 9.17 9.32 9.11 9.13 207 
2019/02/15 9.15 9.38 9.15 9.25 409 
2019/02/22 9.24 9.3 9.17 9.23 95 
2019/03/01 9.31 9.64 9.26 9.57 565 
2019/03/08 9.61 9.61 9.4 9.46 249 
2019/03/15 9.48 9.52 9.41 9.48 200 
2019/03/22 9.49 9.87 9.01 9.17 1661 
2019/03/29 9.22 9.29 9.07 9.25 338 
2019/04/05 9.28 9.3 9.16 9.27 255 
2019/04/12 9.27 9.37 9.2 9.2 419 
2019/04/19 9.2 9.25 9.15 9.19 172 
2019/04/26 9.18 9.19 9.11 9.16 236 
2019/05/03 9.2 9.2 9.12 9.18 64 
2019/05/10 9.19 9.2 9.09 9.18 285 
2019/05/17 9.2 9.26 9 9.05 205 
2019/05/24 9.06 9.15 9 9.1 145 
2019/05/31 9.14 9.22 9.07 9.19 246 
2019/06/07 9.19 9.22 9.11 9.15 37 
2019/06/14 9.1 9.2 9.07 9.07 47 
2019/06/21 9.07 9.15 9.04 9.08 291 
2019/06/28 9.12 9.13 9.07 9.11 119 
2019/07/05 9.12 9.12 8.97 9.03 523 
2019/07/12 9 9.06 8.93 9 225 
2019/07/19 8.96 9.11 8.96 9.02 245 
2019/07/26 9.02 9.05 8.98 8.98 332 
2019/08/02 9.08 9.08 8.93 9 856 
2019/08/09 9.05 9.06 7.8 8 850 
2019/08/16 7.93 8.02 7.88 7.92 98 
2019/08/23 7.95 8.04 7.93 7.95 94 
2019/08/30 7.91 8.05 7.9 8.05 215 
2019/09/06 7.9 8.02 7.9 7.96 200 
2019/09/13 7.95 8 7.95 7.96 75 
2019/09/20 7.99 8 7.9 7.96 266 
2019/09/27 7.97 8.22 7.86 7.93 164 
2019/10/04 7.9 8 7.82 7.98 61 
2019/10/11 7.97 8 7.97 8 37 
2019/10/18 7.92 8.19 7.92 8.04 60 
2019/10/25 7.99 8.06 7.9 8 290 
2019/11/01 8 8.09 7.96 8.06 167 
2019/11/08 8.06 8.23 8.04 8.18 195 
2019/11/15 8.15 8.42 8.06 8.4 233 
2019/11/22 8.35 8.39 8.14 8.14 166 
2019/11/29 8.11 8.16 8.05 8.05 225 
2019/12/06 8.05 8.18 8.04 8.07 127 
2019/12/13 8.03 8.14 7.95 7.97 281 
2019/12/20 8 8.13 7.96 8.06 241 
2019/12/27 8.04 8.11 7.9 8.06 184 
2020/01/03 8.05 8.1 7.99 8.07 174 
2020/01/10 8.05 8.3 8.05 8.12 343 
2020/01/17 8.12 8.21 8.12 8.16 110 
2020/01/24 8.15 8.16 8.1 8.16 38 
2020/01/31 8.15 8.15 8 8.1 330 
2020/02/07 7.95 8.2 7.95 8.14 291 
2020/02/14 8.13 8.2 8.1 8.14 274 
