2015/10/01 14.2 14.45 13.6 13.75 16255 0 0 2640 0 0 2640 0 0 0 
2015/10/02 13.7 13.9 13.6 13.8 4157 0 0 2615 0 0 2615 0 0 0 
2015/10/05 14 14.25 13.75 14.2 6389 0 0 2348 0 0 2348 0 0 0 
2015/10/06 14.3 14.3 13.85 13.9 3902 0 0 2498 0 0 2498 0 0 0 
2015/10/07 14 14.1 13.95 13.95 1895 0 0 2448 0 0 2448 0 0 0 
2015/10/08 14 14.05 13.6 13.65 3319 0 0 2248 0 0 2248 0 0 0 
2015/10/12 13.55 13.55 12.8 13 2843 0 0 2274 0 0 2274 0 0 0 
2015/10/13 13.05 13.8 13.05 13.3 3250 0 0 2269 0 0 2269 0 0 0 
2015/10/14 13.7 14.2 13.55 14.05 5171 0 0 2288 0 0 2288 0 0 0 
2015/10/15 14.25 14.8 14.25 14.6 7958 0 0 1917 0 0 1917 0 0 0 
2015/10/16 14.65 16.05 14.65 16.05 11196 0 0 2021 0 0 2021 0 0 0 
2015/10/19 16.7 17.5 16.2 17.5 11317 0 0 1678 0 18 1696 0 0 0 
2015/10/20 17.5 18.5 16.9 17.8 7819 0 0 1650 0 18 1668 0 0 0 
2015/10/21 17.6 18 17 17.35 5478 0 0 1686 0 18 1704 0 0 0 
2015/10/22 17.8 18.45 17.5 17.6 4517 0 0 1604 0 18 1622 0 0 0 
2015/10/23 18.4 19 18.2 18.3 7988 0 0 1504 0 18 1522 0 0 0 
2015/10/26 18.4 18.65 17.65 17.95 4289 0 0 1505 0 18 1523 0 0 0 
2015/10/27 17.95 18.35 17.3 17.8 4127 0 0 1553 0 18 1571 0 0 0 
2015/10/28 18 18.1 17.5 17.65 2625 0 0 1505 0 18 1523 0 0 0 
2015/10/29 17.9 18 16.95 16.95 3876 0 0 1505 0 18 1523 0 0 0 
2015/10/30 17 17.9 16.85 17.5 4048 0 0 1529 0 18 1547 0 0 0 
2015/11/02 17.5 17.95 17.3 17.6 2743 0 0 1514 0 18 1532 0 0 0 
2015/11/03 17.9 17.95 17.15 17.25 2426 0 0 1530 0 18 1548 0 0 0 
2015/11/04 17.3 17.5 17.2 17.2 1664 0 0 1508 0 18 1526 0 0 0 
2015/11/05 17.2 17.6 17.2 17.5 1714 0 0 1508 0 18 1526 0 0 0 
2015/11/06 17.6 17.6 17 17.1 1853 0 0 1470 0 18 1488 0 0 0 
2015/11/09 17.2 17.45 16.4 16.45 2277 0 0 1486 0 18 1504 0 0 0 
2015/11/10 16.55 17.5 16.3 17.4 2866 0 0 1471 0 18 1489 0 0 0 
2015/11/11 17.4 17.5 16.5 16.6 2148 0 0 1472 0 47 1519 0 0 0 
2015/11/12 16.75 16.95 16.1 16.75 1869 0 0 1516 0 47 1563 0 0 0 
2015/11/13 16.3 16.8 16.2 16.4 1672 0 0 1523 0 47 1570 0 0 0 
2015/11/16 16 16.4 15.9 16.25 1318 0 0 1513 0 47 1560 0 0 0 
2015/11/17 16.55 16.9 16.4 16.55 1582 0 0 1449 0 47 1496 0 0 0 
2015/11/18 16.6 16.9 16.45 16.6 1618 0 0 1410 0 47 1457 0 0 0 
2015/11/19 16.9 17.25 16.8 17 2459 0 0 1537 0 47 1584 0 0 0 
2015/11/20 16.9 17 16.45 16.55 1244 0 0 1537 0 47 1584 0 0 0 
2015/11/23 16.8 17.85 16.7 17.3 4079 0 0 1789 0 47 1836 0 0 0 
2015/11/24 17.3 17.5 16.85 16.95 1951 0 0 1766 240 47 2053 0 0 0 
2015/11/25 17.6 17.6 16.6 17.35 2089 0 0 1860 240 47 2147 0 0 0 
2015/11/26 17.15 17.45 16.8 16.9 2155 0 0 1881 240 47 2168 0 0 0 
2015/11/27 17 17.4 16.7 17.05 1489 0 0 1881 240 47 2168 0 0 0 
2015/11/30 17.2 17.95 17 17.5 3125 0 0 1810 240 47 2097 0 0 0 
2015/12/01 17.8 19.25 17.5 19.05 8924 0 0 1737 240 48 2025 0 0 0 
2015/12/02 19.1 19.5 18.5 19.15 7857 0 0 1526 240 51 1817 0 0 0 
2015/12/03 19 19.5 18.65 18.9 4046 0 0 1514 240 47 1801 0 0 0 
2015/12/04 18.5 20.2 18.5 19.95 5887 0 0 1536 240 218 1994 0 0 0 
2015/12/07 19.95 20 19.3 19.7 4433 0 0 1527 240 251 2018 0 0 0 
2015/12/08 19.65 20 19.05 19.35 4228 0 0 1501 240 236 1977 0 0 0 
2015/12/09 19.3 19.6 17.5 17.75 4830 0 0 1626 240 235 2101 0 0 0 
2015/12/10 17.75 18.45 17.4 18.4 2248 0 0 1818 240 331 2389 0 0 0 
2015/12/11 18.1 18.3 16.65 16.8 2126 0 0 1944 240 235 2419 0 0 0 
2015/12/14 16.3 17.2 16.2 16.65 1765 0 0 2108 240 254 2602 0 0 0 
2015/12/15 17.15 17.95 17.05 17.85 2467 0 0 2094 240 254 2588 0 0 0 
2015/12/16 17.95 18 17.3 17.5 1736 0 0 1977 240 254 2471 0 0 0 
2015/12/17 17.85 18.45 17.8 17.95 2860 0 0 1901 240 196 2337 0 0 0 
2015/12/18 17.7 18.2 17.65 17.7 1352 0 0 1924 240 174 2338 0 0 0 
2015/12/21 18.35 19.2 18.2 18.85 3742 0 0 1916 240 0 2156 0 0 0 
2015/12/22 18.9 19.1 18.3 18.4 2126 0 0 1804 240 0 2044 0 0 0 
2015/12/23 18.15 18.6 18.1 18.15 1677 0 0 1895 240 1 2136 0 0 0 
2015/12/24 18.8 18.8 17.4 17.4 2538 0 0 1884 240 8 2132 0 0 0 
2015/12/25 17.25 17.7 17 17.7 1389 0 0 1878 240 0 2118 0 0 0 
2015/12/28 17.9 17.9 17.25 17.25 1133 0 0 1907 240 5 2152 0 0 0 
2015/12/29 17.4 17.45 17 17.1 1065 0 0 1970 240 5 2215 0 0 0 
2015/12/30 17.25 17.4 16.85 17.15 1282 0 0 1916 240 0 2156 0 0 0 
2015/12/31 17 17.35 17 17.15 603 0 0 1897 255 0 2152 0 0 0 
2016/01/04 17.25 17.25 16.7 16.7 899 0 0 1858 255 0 2113 0 0 0 
2016/01/05 16.6 17 16.6 16.65 1273 0 0 2046 255 2 2303 0 0 0 
2016/01/06 16.8 16.8 16.2 16.25 1555 0 0 1992 255 2 2249 0 0 0 
2016/01/07 16.25 16.4 14.7 15.3 2124 0 0 2133 255 7 2395 0 0 0 
2016/01/08 14.5 15.65 14.5 15.6 5548 0 0 2390 255 16 2661 0 0 0 
2016/01/11 15.35 15.35 14.8 15.05 1335 0 0 2525 255 16 2796 0 0 0 
2016/01/12 15.3 15.35 14 14 1855 0 0 2323 255 16 2594 0 0 0 
2016/01/13 14.25 14.5 13.65 14.15 1610 0 0 2356 255 10 2621 0 0 0 
2016/01/14 13.9 14.3 13.7 13.95 1109 0 0 2377 255 8 2640 0 0 0 
2016/01/15 14.25 14.3 14 14.05 1126 0 0 2361 255 8 2624 0 0 0 
2016/01/18 13.8 15 13.8 14.85 1385 0 0 2371 255 2 2628 0 0 0 
2016/01/19 14.9 14.95 14.6 14.7 868 0 0 2322 255 9 2586 0 0 0 
2016/01/20 14.65 14.9 14.05 14.05 1087 0 0 2315 255 9 2579 0 0 0 
2016/01/21 14.1 14.35 13.8 13.95 940 0 0 2246 255 9 2510 0 0 0 
2016/01/22 14.2 14.4 14.1 14.3 1417 0 0 2709 255 9 2973 0 0 0 
2016/01/25 14.5 14.75 14.45 14.55 984 0 0 2634 255 7 2896 0 0 0 
2016/01/26 14.6 14.6 14.2 14.2 795 0 0 2633 255 8 2896 0 0 0 
2016/01/27 14.5 14.5 14 14.05 760 0 0 2633 185 8 2826 0 0 0 
2016/01/28 14.05 14.15 13.95 14 779 0 0 2654 135 8 2797 0 0 0 
2016/01/29 14.1 14.2 14.05 14.05 878 0 0 2675 15 8 2698 0 0 0 
2016/01/30 14.3 14.65 14.3 14.3 1531 0 0 2675 15 7 2697 0 0 0 
2016/02/01 14.55 14.55 14 14.1 888 0 0 2695 15 7 2717 0 0 0 
2016/02/02 14 14.15 13.7 13.85 2172 0 0 2587 15 7 2609 0 0 0 
2016/02/03 13.8 13.8 13.5 13.75 2218 0 0 2721 15 10 2746 0 0 0 
2016/02/15 13.7 14.15 13.7 14.1 1386 0 0 2844 15 2 2861 0 0 0 
2016/02/16 14.3 15.5 14.3 15.5 6390 0 0 3394 15 2 3411 0 0 0 
2016/02/17 17.05 17.05 17.05 17.05 6730 0 0 3391 15 2 3408 0 0 0 
2016/02/18 17.7 17.85 17.3 17.6 11634 0 0 2856 15 0 2871 0 0 0 
2016/02/19 17.45 18.6 17.4 18.25 9421 0 0 2698 15 0 2713 0 0 0 
2016/02/22 18.05 18.25 17.3 17.6 5987 0 0 2698 15 0 2713 0 0 0 
2016/02/23 18 18.2 17.65 17.7 4395 0 0 2572 15 0 2587 0 0 0 
2016/02/24 17.55 17.7 16.8 16.85 4873 0 0 2570 15 0 2585 0 0 0 
2016/02/25 17 17 16.3 16.4 4310 0 0 2579 15 15 2609 0 0 0 
2016/02/26 16.65 17.2 16.15 17.2 4259 0 0 2708 15 22 2745 0 0 0 
2016/03/01 17 17.15 16.65 16.95 3247 0 0 2663 15 18 2696 0 0 0 
2016/03/02 17.1 17.2 16.8 16.8 2614 0 0 2635 15 18 2668 0 0 0 
2016/03/03 16.8 16.95 16.45 16.5 2386 0 0 2620 15 18 2653 0 0 0 
2016/03/04 16.6 16.85 16.5 16.6 1656 0 0 2823 15 16 2854 0 0 0 
2016/03/07 16.75 17.2 16.55 16.85 2439 0 0 2826 15 16 2857 0 0 0 
2016/03/08 16.7 17.3 16.7 17.25 3414 0 0 2418 15 16 2449 0 0 0 
2016/03/09 17.25 17.25 16.55 16.6 3194 0 0 2135 15 16 2166 0 0 0 
2016/03/10 16.6 16.95 16.45 16.75 3515 0 0 2042 15 16 2073 0 0 0 
2016/03/11 16.75 17.2 16.75 17.1 4224 0 0 2399 15 16 2430 0 0 0 
2016/03/14 17.5 17.65 17.15 17.55 6613 0 0 2272 15 16 2303 0 0 0 
2016/03/15 17.55 17.55 16.8 16.8 3766 0 0 2425 15 16 2456 0 0 0 
2016/03/16 17.05 17.3 16.8 17.1 2840 0 0 2714 15 16 2745 0 0 0 
2016/03/17 17.3 17.3 16.7 16.7 2514 0 0 2632 15 16 2663 0 0 0 
2016/03/18 16.7 16.8 16.55 16.55 1366 0 0 2749 15 16 2780 0 0 0 
2016/03/21 16.55 16.6 16.25 16.35 2065 0 0 2808 15 16 2839 0 0 0 
2016/03/22 16.3 16.7 16.3 16.45 1531 0 0 2879 15 15 2909 0 0 0 
2016/03/23 16.55 16.85 16.5 16.5 1334 0 0 3024 15 15 3054 0 0 0 
2016/03/24 16.45 16.6 16.3 16.5 1059 0 0 3126 15 3 3144 0 0 0 
2016/03/25 16.5 16.5 16 16.05 1781 0 0 3173 15 4 3192 0 0 0 
2016/03/28 16.05 16.05 15.2 15.3 2528 0 0 3363 15 7 3385 0 0 0 
2016/03/29 15.3 15.6 14.7 14.9 2303 0 0 3529 15 7 3551 0 0 0 
2016/03/30 15 15.2 15 15.2 1129 0 0 3704 15 6 3725 0 0 0 
2016/03/31 15.3 15.4 15.1 15.1 946 0 0 3763 15 6 3784 0 0 0 
2016/04/01 15.05 15.05 14.9 14.9 838 0 0 3764 15 6 3785 0 0 0 
2016/04/06 14.8 14.8 14.55 14.75 1182 0 0 3775 15 3 3793 0 0 0 
2016/04/07 14.75 14.95 14.6 14.65 859 0 0 3818 15 1 3834 0 0 0 
2016/04/08 15 15.45 15 15.15 3016 0 0 3808 15 1 3824 0 0 0 
2016/04/11 15.1 15.4 14.9 15.35 1614 0 0 3966 15 1 3982 0 0 0 
2016/04/12 15.25 15.4 14.8 14.8 1971 0 0 3619 15 1 3635 0 0 0 
2016/04/13 15 15.5 14.9 15.35 1938 0 0 3643 15 1 3659 0 0 0 
2016/04/14 15.3 15.6 15.15 15.2 1566 0 0 3490 15 1 3506 0 0 0 
2016/04/15 15.1 15.2 14.85 15.1 1559 0 0 3563 15 1 3579 0 0 0 
2016/04/18 15.2 15.25 14.8 14.95 966 0 0 3537 15 1 3553 0 0 0 
2016/04/19 15.2 15.25 14.85 14.9 1288 227 0 3443 15 1 3459 37 0.26 0 
2016/04/20 14.9 14.95 14.55 14.6 1513 361 0 3452 15 2 3469 0 0.41 0 
2016/04/21 14.7 14.75 14.4 14.55 1264 359 4 3466 15 3 3484 3 0.41 1.11 
2016/04/22 14.45 14.5 13.85 14 2794 540 9 3522 15 3 3540 18 0.61 1.67 
2016/04/25 13.95 14.4 13.7 14 1424 568 17 3748 15 3 3766 45 0.65 2.99 
2016/04/26 14.25 15 14.25 14.7 3270 1077 49 3887 15 3 3905 293 1.22 4.55 
2016/04/27 14.65 14.85 14.5 14.5 1188 1216 117 3882 15 3 3900 45 1.38 9.62 
2016/04/28 14.6 14.65 14.15 14.15 1341 1292 121 3672 15 3 3690 3 1.47 9.37 
2016/04/29 14.1 14.4 14 14.25 1257 1445 207 3785 15 3 3803 22 1.64 14.33 
2016/05/03 14.5 14.6 14.3 14.4 1077 1596 221 3675 15 3 3693 13 1.81 13.85 
2016/05/04 14.4 14.5 14 14 1398 1709 253 3785 15 3 3803 14 1.94 14.8 
2016/05/05 14.05 14.45 13.85 14.4 1720 2063 268 3994 15 3 4012 81 2.35 12.99 
2016/05/06 14.4 14.55 14.2 14.45 1579 2054 336 5974 15 0 5989 12 2.34 16.36 
2016/05/09 14.7 14.8 14.2 14.2 3392 1804 409 5935 15 0 5950 163 2.05 22.67 
2016/05/10 14.25 14.45 14.25 14.35 834 1887 457 6010 15 1 6026 3 2.15 24.22 
2016/05/11 14.35 14.5 14.1 14.1 1361 1986 486 5947 15 1 5963 18 2.26 24.47 
2016/05/12 14.05 14.3 14.05 14.05 630 1900 519 6080 15 1 6096 2 2.16 27.32 
2016/05/13 14.15 14.15 13.75 13.9 1219 1776 529 6090 15 0 6105 13 2.02 29.79 
2016/05/16 14 14.3 13.8 14.2 1103 1877 529 5985 15 0 6000 4 2.13 28.18 
2016/05/17 14.3 14.6 14.2 14.6 2610 2135 529 5950 15 0 5965 168 2.43 24.78 
2016/05/18 14.5 14.7 14.4 14.4 1203 2278 532 5926 15 0 5941 24 2.59 23.35 
2016/05/19 14.4 14.65 14.2 14.2 1337 2135 552 5817 15 1 5833 12 2.43 25.85 
2016/05/20 14.35 14.45 14.25 14.3 881 2179 574 5771 15 1 5787 1 2.48 26.34 
2016/05/23 14.55 14.8 14.4 14.6 1913 2378 558 6056 15 1 6072 19 2.7 23.47 
2016/05/24 14.65 15.5 14.5 15.3 7104 3701 553 6214 15 1 6230 822 4.21 14.94 
2016/05/25 15.3 15.45 15 15.25 3859 3756 86 5926 15 0 5941 131 4.27 2.29 
2016/05/26 15.65 15.95 15.45 15.5 6909 5079 86 5759 15 0 5774 495 5.77 1.69 
2016/05/27 15.5 15.5 15.15 15.3 2237 5187 38 5661 15 0 5676 41 5.9 0.73 
2016/05/30 15.3 15.35 15.15 15.2 2118 5268 38 5714 15 1 5730 9 5.99 0.72 
2016/05/31 15.3 15.55 15.1 15.15 4139 4884 44 5621 15 1 5637 196 5.55 0.9 
2016/06/01 14.95 14.95 14.2 14.4 6647 5139 0 5577 15 1 5593 0 5.84 0 
2016/06/02 14.35 14.35 14.05 14.1 3130 5827 0 5527 15 1 5543 0 6.62 0 
2016/06/03 14.2 14.25 14 14.15 1718 5784 0 5462 15 1 5478 0 6.58 0 
2016/06/04 14.2 14.25 14.1 14.2 1575 5781 0 5462 15 1 5478 0 6.57 0 
2016/06/06 13.35 13.7 13.3 13.55 5327 5926 2743 5743 15 1 5759 203 6.74 46.29 
2016/06/07 13.6 13.85 13.55 13.55 3164 6546 3963 5465 15 1 5481 74 7.44 60.54 
2016/06/08 13.55 13.6 13.45 13.55 2353 7260 4768 5304 15 1 5320 6 8.25 65.67 
2016/06/13 13.45 13.5 13.25 13.35 1707 7471 5040 5215 15 1 5231 10 8.49 67.46 
2016/06/14 13.4 13.7 13.4 13.55 2172 7587 5346 4916 15 1 4932 140 8.63 70.46 
2016/06/15 13.5 13.5 13.35 13.4 2756 7910 5302 4757 15 1 4773 31 8.99 67.03 
2016/06/16 13.25 13.35 13 13.05 3851 8130 5651 4622 15 1 4638 48 9.24 69.51 
2016/06/17 13.1 13.2 13 13 2428 8070 5998 4607 15 1 4623 12 9.17 74.32 
2016/06/20 13.05 13.25 13.05 13.15 3200 8221 6153 4586 15 1 4602 5 9.35 74.84 
2016/06/21 13.1 13.45 13.1 13.15 3490 8215 6499 4485 15 1 4501 15 9.34 79.11 
2016/06/22 13.1 14.05 13.05 13.75 10844 9482 6837 4735 15 1 4751 677 10.78 72.11 
2016/06/23 13.6 13.9 13.5 13.5 7041 9150 8200 4618 15 1 4634 182 10.4 89.62 
2016/06/24 13.65 13.65 13 13.15 5917 9238 8373 4310 15 1 4326 104 10.5 90.64 
2016/06/27 13.15 13.35 13.1 13.2 2394 9370 8501 4193 15 1 4209 34 10.65 90.73 
2016/06/28 13.05 13.4 13.05 13.2 2787 9618 8580 4354 15 1 4370 47 10.93 89.21 
2016/06/29 13.25 13.4 13.2 13.25 2430 9884 8711 3945 15 1 3961 8 9.26 88.13 
2016/06/30 13.2 13.7 13.15 13.3 19821 12246 598 3728 15 0 3743 748 11.48 4.88 
2016/07/01 13.4 13.5 13.3 13.35 4895 12057 238 3782 15 0 3797 215 11.3 1.97 
2016/07/04 13.35 13.35 13.15 13.2 3505 11968 149 3575 15 0 3590 31 11.22 1.24 
2016/07/05 13.2 13.35 13.2 13.25 1685 11953 144 3578 15 0 3593 0 11.2 1.2 
2016/07/06 13.25 13.25 13.05 13.05 1988 11831 136 3649 15 0 3664 57 11.09 1.15 
2016/07/07 13.35 13.65 13.3 13.5 11856 13019 304 3639 15 0 3654 536 12.2 2.34 
2016/07/11 13.7 13.7 13.35 13.35 4546 12747 275 3699 15 0 3714 108 11.95 2.16 
2016/07/12 13.45 13.65 13.35 13.45 3201 12706 271 3683 15 0 3698 150 11.91 2.13 
2016/07/13 13.65 13.65 13.35 13.4 3409 12764 273 3658 15 0 3673 63 11.96 2.14 
2016/07/14 13.5 13.5 13.35 13.45 2021 12621 293 3750 15 0 3765 18 11.83 2.32 
2016/07/15 13.5 13.55 13.35 13.35 4010 12327 283 3843 15 0 3858 22 11.55 2.3 
2016/07/18 13.5 13.6 13.35 13.4 3958 12368 257 4068 15 0 4083 79 11.59 2.08 
2016/07/19 13.5 13.5 13.35 13.4 2052 12375 267 4134 15 0 4149 0 11.6 2.16 
2016/07/20 13.4 13.4 13.15 13.2 3603 12378 261 3981 15 0 3996 8 11.6 2.11 
2016/07/21 13.3 13.35 13.15 13.25 2945 12604 259 3934 15 0 3949 4 11.81 2.05 
2016/07/22 13.25 13.45 13.25 13.25 3616 12439 249 4053 15 0 4068 76 11.66 2 
2016/07/25 13.35 13.35 13.05 13.1 3635 12491 656 3967 15 0 3982 23 11.71 5.25 
2016/07/26 13.15 13.2 13.05 13.1 1943 12790 585 4130 15 0 4145 31 11.99 4.57 
2016/07/27 13.1 13.25 13 13 3581 13241 583 4066 15 0 4081 19 12.41 4.4 
2016/07/28 13 13 12.55 12.65 6525 13274 911 4027 15 0 4042 237 12.44 6.86 
2016/07/29 12.65 12.8 12.55 12.6 2197 13498 902 4065 15 0 4080 61 12.65 6.68 
2016/08/01 12.7 12.85 12.7 12.7 2441 13596 877 4081 15 0 4096 12 12.74 6.45 
2016/08/02 12.7 12.7 12.4 12.45 4671 14055 443 4072 15 0 4087 37 13.17 3.15 
2016/08/03 12.45 12.45 12.2 12.25 3190 14017 429 3830 15 0 3845 16 13.14 3.06 
2016/08/04 12.35 12.4 12.3 12.3 2323 13891 410 3956 15 0 3971 4 13.02 2.95 
2016/08/05 12.3 12.4 12.15 12.2 2737 14083 424 3960 15 0 3975 38 13.2 3.01 
2016/08/08 12.2 12.25 11.85 11.85 5183 14118 386 3968 15 0 3983 54 13.23 2.73 
2016/08/09 11.8 11.85 11.4 11.45 5802 14324 322 3874 15 0 3889 31 13.42 2.25 
2016/08/10 11.5 11.65 11.45 11.45 2971 14305 338 3890 15 0 3905 53 13.41 2.36 
2016/08/11 11.6 11.6 11.3 11.45 2392 14434 353 3782 15 0 3797 10 13.53 2.45 
2016/08/12 11.45 11.55 11.3 11.45 1924 14354 431 3792 15 0 3807 35 13.45 3 
2016/08/15 11.4 11.4 10.85 10.95 5247 14298 686 3876 15 0 3891 44 13.4 4.8 
2016/08/16 10.95 11.7 10.95 11.55 5086 13774 600 4164 15 0 4179 470 12.91 4.36 
2016/08/17 11.65 11.65 11.3 11.35 2213 13874 545 4011 15 0 4026 38 13 3.93 
2016/08/18 11.45 11.65 11.4 11.55 3448 14426 548 3999 15 0 4014 14 13.52 3.8 
2016/08/19 11.45 11.55 11.35 11.4 2365 13922 553 4076 15 0 4091 29 13.05 3.97 
2016/08/22 11.4 11.4 11.15 11.2 1496 14155 550 3887 15 0 3902 6 13.26 3.89 
2016/08/23 11.2 11.25 11.15 11.15 993 14054 564 3896 15 0 3911 2 13.17 4.01 
2016/08/24 11.25 11.25 11.15 11.15 1335 14205 483 3888 15 0 3903 7 13.31 3.4 
2016/08/25 11.2 11.5 11.15 11.5 2582 14200 494 3878 15 0 3893 46 13.31 3.48 
2016/08/26 11.45 11.45 11.25 11.35 1359 14146 494 3883 15 0 3898 44 13.26 3.49 
2016/08/29 11.55 11.6 11.35 11.4 2437 14309 426 3822 15 0 3837 163 13.41 2.98 
2016/08/30 11.45 11.6 11.35 11.4 2573 14702 426 3768 15 0 3783 126 13.78 2.9 
2016/08/31 11.5 11.5 11.3 11.4 1332 14822 420 3744 15 0 3759 19 13.89 2.83 
2016/09/01 11.4 11.5 11.35 11.5 2351 14384 430 3740 15 0 3755 24 13.48 2.99 
2016/09/02 11.5 11.7 11.4 11.4 5802 14749 432 3786 15 0 3801 279 13.82 2.93 
2016/09/05 11.4 11.45 11.15 11.2 2552 15000 481 3786 15 0 3801 22 14.06 3.21 
2016/09/06 11.2 11.25 11.15 11.2 1086 15077 486 3813 15 0 3828 15 14.13 3.22 
2016/09/07 11.2 11.25 11.15 11.15 1366 15120 451 3885 15 0 3900 21 14.17 2.98 
2016/09/08 11.15 11.35 11.15 11.25 1235 15044 466 3949 15 0 3964 14 14.1 3.1 
2016/09/09 11.35 11.5 11.3 11.35 2596 14946 460 4146 15 0 4161 232 14.01 3.08 
2016/09/10 11.25 11.45 11.2 11.3 1187 14890 450 4146 15 0 4161 12 13.95 3.02 
2016/09/12 11.4 11.6 11.3 11.4 1885 14875 450 4203 15 0 4218 84 13.94 3.03 
2016/09/13 11.55 11.55 11.25 11.35 1519 14983 465 4077 15 0 4092 11 14.04 3.1 
2016/09/14 11.45 11.7 11.35 11.4 5371 15107 450 4040 15 0 4055 966 14.16 2.98 
2016/09/19 11.4 11.4 11.25 11.3 1785 14976 415 3896 15 0 3911 16 14.03 2.77 
2016/09/20 11.3 11.35 11 11.1 2469 14953 289 3965 15 0 3980 10 14.01 1.93 
2016/09/21 11.2 11.45 11.1 11.2 2642 15117 289 3984 15 0 3999 647 14.17 1.91 
2016/09/22 11.3 11.35 11.2 11.25 1060 15126 292 3908 15 0 3923 31 14.17 1.93 
2016/09/23 11.3 11.35 11.2 11.2 865 15106 290 3979 15 0 3994 0 14.16 1.92 
2016/09/26 11.2 11.25 11.05 11.15 1233 15068 290 3885 15 0 3900 6 14.12 1.92 
2016/09/29 11.25 11.3 11.1 11.15 1631 15265 289 3693 15 0 3708 95 14.3 1.89 
2016/09/30 11.15 11.2 11.05 11.1 823 15317 284 3617 15 0 3632 1 14.35 1.85 
2016/10/03 11.2 11.2 11.05 11.05 948 15336 224 3546 15 0 3561 5 14.37 1.46 
2016/10/04 11.15 11.45 11.15 11.4 4047 15446 183 3770 15 0 3785 86 14.47 1.18 
2016/10/05 11.4 11.5 11.3 11.35 1557 15504 150 3807 15 0 3822 43 14.53 0.97 
2016/10/06 11.45 12.1 11.45 12.05 11117 16902 123 3912 15 0 3927 664 15.84 0.73 
2016/10/07 12.1 12.1 11.8 12 5818 16130 120 3583 15 0 3598 134 15.12 0.74 
2016/10/11 12.25 12.3 11.5 11.6 8020 16300 159 3519 15 100 3634 385 15.27 0.98 
2016/10/12 11.7 11.85 11.55 11.7 2996 16338 204 3997 15 150 4162 108 15.31 1.25 
2016/10/13 11.85 12.1 11.8 11.85 4731 16729 147 3418 15 30 3463 184 15.68 0.88 
2016/10/14 11.75 11.85 11.4 11.4 3065 16781 107 3406 15 0 3421 46 15.73 0.64 
2016/10/17 11.45 11.65 11.4 11.6 1306 16939 119 3433 15 0 3448 38 15.87 0.7 
2016/10/18 11.6 11.6 11.4 11.45 1494 17131 109 3420 15 0 3435 1 16.05 0.64 
2016/10/19 11.55 11.6 11.3 11.35 2673 16817 108 3419 15 0 3434 67 15.76 0.64 
2016/10/20 11.45 11.6 11.4 11.4 1626 16638 108 3525 15 0 3540 44 15.59 0.65 
2016/10/21 11.5 11.55 11.3 11.4 1577 16260 109 3664 15 0 3679 62 15.24 0.67 
2016/10/24 11.45 11.5 11.2 11.25 1857 16015 106 4034 15 0 4049 58 15.01 0.66 
2016/10/25 11.25 11.3 11.2 11.2 1380 15764 105 3903 15 0 3918 36 14.77 0.67 
2016/10/26 11.25 11.4 11.25 11.3 1441 15751 104 3841 15 0 3856 59 14.76 0.66 
2016/10/27 11.4 11.4 11.2 11.25 992 15636 103 4133 15 0 4148 31 14.65 0.66 
2016/10/28 11.25 11.3 11.1 11.15 1124 15645 103 3941 15 0 3956 13 14.66 0.66 
2016/10/31 11.2 11.25 11.15 11.2 824 15573 103 4018 15 0 4033 37 14.59 0.66 
2016/11/01 11.15 11.2 11.1 11.1 951 15453 102 4008 15 0 4023 30 14.48 0.66 
2016/11/02 11.2 11.25 11.05 11.05 1070 15402 102 3889 15 0 3904 33 14.43 0.66 
2016/11/03 11.1 11.15 10.85 10.95 2369 15060 119 3989 15 0 4004 13 14.11 0.79 
2016/11/04 10.95 11.05 10.9 10.95 899 15073 119 3911 15 0 3926 24 14.12 0.79 
2016/11/07 11.05 11.05 10.95 11 1029 15177 106 3920 15 0 3935 23 14.22 0.7 
2016/11/08 11.1 11.3 10.95 11.15 1808 15283 71 4070 15 0 4085 61 14.32 0.46 
2016/11/09 11.2 11.25 10.15 10.25 3980 14791 75 4005 15 0 4020 75 13.86 0.51 
2016/11/10 10.5 10.6 10.35 10.45 2111 14730 96 4002 15 0 4017 54 13.8 0.65 
2016/11/11 10.3 10.35 9.64 9.8 4444 14245 104 3915 15 0 3930 120 13.35 0.73 
2016/11/14 9.8 9.8 9.32 9.5 3227 14768 126 3915 15 0 3930 215 13.84 0.85 
2016/11/15 9.41 9.58 9.35 9.44 1273 14730 119 4246 15 0 4261 41 13.8 0.81 
2016/11/16 9.48 9.6 9.45 9.5 1135 14720 114 4051 15 0 4066 32 13.79 0.77 
2016/11/17 9.47 9.47 8.8 8.83 5571 14826 136 4015 15 0 4030 110 13.89 0.92 
2016/11/18 9.02 9.26 9.02 9.23 3300 14464 111 4386 15 0 4401 220 13.55 0.77 
2016/11/21 9.35 9.35 9.25 9.27 1498 14231 113 4447 15 0 4462 40 13.34 0.79 
2016/11/22 9.7 10.15 9.62 10.15 7114 14073 337 4538 15 100 4653 384 13.19 2.39 
2016/11/23 10.1 10.25 9.95 9.99 3779 14082 463 4358 15 0 4373 119 13.2 3.29 
2016/11/24 10 10.15 9.82 9.86 1939 14163 461 4038 15 0 4053 76 13.27 3.25 
2016/11/25 9.86 9.91 9.65 9.77 1471 14206 478 4095 15 0 4110 38 13.31 3.36 
2016/11/28 9.76 9.9 9.75 9.77 1197 14164 477 4266 15 0 4281 36 13.27 3.37 
2016/11/29 9.88 9.99 9.82 9.99 1358 14335 493 4278 15 0 4293 56 13.43 3.44 
2016/11/30 10.05 10.1 9.85 9.85 1048 14359 475 4068 15 0 4083 13 13.46 3.31 
2016/12/01 10.1 10.35 10 10.2 4228 14674 263 4130 15 0 4145 225 13.75 1.79 
2016/12/02 10.2 10.25 10 10.1 1547 14691 212 4061 15 0 4076 13 13.77 1.44 
2016/12/05 10.15 10.15 9.92 9.94 1532 14713 208 3963 15 0 3978 16 13.79 1.41 
2016/12/06 10 10.45 10 10.15 4772 15474 212 3799 15 0 3814 269 14.5 1.37 
2016/12/07 10.15 10.15 10 10 1207 15310 206 3758 15 0 3773 62 14.35 1.35 
2016/12/08 10.25 10.35 10.1 10.1 4556 15564 211 3723 15 0 3738 218 14.58 1.36 
2016/12/09 10.15 10.2 10.05 10.1 1181 15496 180 4307 15 0 4322 11 14.52 1.16 
2016/12/12 10.2 10.25 10 10.1 1203 15340 181 4567 15 0 4582 15 14.38 1.18 
2016/12/13 10.1 10.2 10.05 10.1 681 15351 176 4679 15 0 4694 0 14.39 1.15 
2016/12/14 10.15 10.25 10.15 10.2 1253 15183 174 5029 15 0 5044 15 14.23 1.15 
2016/12/15 10.1 10.1 9.97 10.05 2152 15261 199 4987 15 0 5002 20 14.3 1.3 
2016/12/16 10.05 10.3 10.05 10.1 2178 15396 204 5153 15 0 5168 148 14.43 1.33 
2016/12/19 10.2 10.6 10.2 10.4 5682 15948 245 5204 15 0 5219 484 14.94 1.54 
2016/12/20 10.55 10.55 10.25 10.45 2321 16040 245 5081 15 0 5096 71 15.03 1.53 
2016/12/21 10.6 10.6 10.35 10.35 1610 16282 244 4935 15 0 4950 43 15.26 1.5 
2016/12/22 10.35 10.35 10.1 10.1 1709 16152 241 4863 15 0 4878 49 15.14 1.49 
2016/12/23 10.15 10.2 10.05 10.1 843 16059 254 4789 15 0 4804 46 15.05 1.58 
2016/12/26 10.1 10.3 10.05 10.15 1582 16146 254 4770 15 0 4785 169 15.13 1.57 
2016/12/27 10.25 10.25 10.1 10.1 975 16182 254 4762 15 0 4777 53 15.16 1.57 
2016/12/28 10.15 10.2 10.1 10.1 958 16095 254 4855 15 0 4870 41 15.08 1.58 
2016/12/29 10.15 10.2 10.05 10.1 851 15833 224 4842 15 0 4857 19 14.84 1.41 
2016/12/30 10.2 10.55 10.2 10.35 4174 16513 200 4902 15 0 4917 372 15.47 1.21 
2017/01/03 10.35 10.45 10.25 10.35 1118 16532 46 4930 15 0 4945 50 15.49 0.28 
2017/01/04 10.45 11.05 10.4 10.7 7469 16633 77 4683 15 0 4698 799 15.59 0.46 
2017/01/05 10.8 10.85 10.55 10.6 2336 16380 51 4616 15 0 4631 65 15.35 0.31 
2017/01/06 10.7 10.7 10.45 10.55 1870 16136 51 4612 15 0 4627 44 15.12 0.32 
2017/01/09 10.55 10.65 10.2 10.2 2492 16463 46 4290 15 0 4305 75 15.43 0.28 
2017/01/10 10.25 10.3 10.1 10.2 1167 16470 67 3989 15 0 4004 5 15.43 0.41 
2017/01/11 10.25 10.3 10.1 10.15 889 16606 67 3858 15 0 3873 7 15.56 0.4 
2017/01/12 10.3 10.45 10.15 10.15 1896 16478 67 3648 15 0 3663 134 15.44 0.41 
2017/01/13 10.15 10.25 10.15 10.2 730 16477 70 3470 15 0 3485 10 15.44 0.42 
2017/01/16 10.2 10.3 10.15 10.15 592 16530 66 3372 15 0 3387 0 15.49 0.4 
2017/01/17 10.15 10.25 10.15 10.15 788 16493 65 3361 15 0 3376 2 15.46 0.39 
2017/01/18 10.15 10.25 10.1 10.25 1275 16469 65 3507 15 0 3522 51 15.43 0.39 
2017/01/19 10.3 10.65 10.3 10.45 4665 16522 31 3682 15 0 3697 272 15.48 0.19 
2017/01/20 10.5 10.6 10.4 10.5 1804 16570 30 3796 15 0 3811 95 15.53 0.18 
2017/01/23 10.75 10.75 10.5 10.55 2358 16383 31 3947 15 0 3962 50 15.35 0.19 
2017/01/24 10.5 10.55 10.4 10.55 1250 16347 32 4118 15 0 4133 25 15.32 0.2 
2017/02/02 10.6 10.75 10.45 10.6 2353 16549 33 4480 15 0 4495 42 15.51 0.2 
2017/02/03 10.65 10.8 10.55 10.6 1988 16746 34 4767 15 0 4782 22 15.69 0.2 
2017/02/06 10.7 10.75 10.55 10.6 1700 16744 35 5055 15 0 5070 1 15.69 0.21 
2017/02/07 10.65 11.65 10.5 11.65 14054 20329 86 5339 15 0 5354 1887 19.05 0.42 
2017/02/08 12 12.3 11.6 11.6 29799 18047 133 4745 15 0 4760 3594 16.91 0.74 
2017/02/09 11.55 11.6 11.15 11.3 7155 18339 75 4797 15 0 4812 340 17.19 0.41 
2017/02/10 11.7 11.9 11.3 11.35 5858 18194 75 4424 15 0 4439 295 17.05 0.41 
2017/02/13 11.55 11.65 11.3 11.3 2988 18468 111 4371 15 0 4386 144 17.31 0.6 
2017/02/14 11.45 11.5 11.1 11.15 2994 18443 36 3167 15 0 3182 96 17.28 0.2 
2017/02/15 11.25 11.3 11.1 11.15 2344 18765 36 3263 15 0 3278 36 17.58 0.19 
2017/02/16 11.3 11.35 11.15 11.25 2136 18826 36 3300 15 0 3315 88 17.64 0.19 
2017/02/17 11.35 11.75 11.25 11.45 6592 18288 37 3321 15 0 3336 129 17.14 0.2 
2017/02/18 11.65 11.7 11.5 11.55 2444 18406 37 3321 15 0 3336 90 17.25 0.2 
2017/02/20 12.2 12.2 11.7 11.7 9875 18481 105 3308 15 0 3323 827 17.32 0.57 
2017/02/21 11.75 11.9 11.55 11.7 2987 18483 93 3323 15 0 3338 123 17.32 0.5 
2017/02/22 11.85 11.85 11.6 11.6 2475 18565 103 3320 15 0 3335 72 17.4 0.55 
2017/02/23 11.55 11.75 11.45 11.45 1797 18443 82 3361 15 0 3376 44 17.28 0.44 
2017/02/24 11.5 11.55 11.3 11.4 1686 18376 50 3396 15 0 3411 33 17.22 0.27 
2017/03/01 11.4 11.45 11.25 11.25 1378 18500 53 3498 15 0 3513 25 17.34 0.29 
2017/03/02 11.4 11.5 11.15 11.5 3593 18780 84 3487 15 0 3502 215 17.6 0.45 
2017/03/03 11.75 11.8 11.4 11.45 5233 19200 63 3463 15 0 3478 302 17.99 0.33 
2017/03/06 11.45 11.45 11.25 11.25 1967 19249 52 3521 15 0 3536 67 18.04 0.27 
2017/03/07 11.2 11.3 11.05 11.1 3289 19667 28 3542 15 0 3557 107 18.43 0.14 
2017/03/08 10.95 11 10.65 10.8 3777 19462 106 3537 15 0 3552 139 18.24 0.54 
2017/03/09 10.8 10.9 10.65 10.7 1401 19423 46 3502 15 0 3517 18 18.2 0.24 
2017/03/10 10.7 10.75 10.35 10.4 2535 19176 43 3499 15 0 3514 53 17.97 0.22 
2017/03/13 10.35 10.5 10.35 10.45 982 19143 20 3706 15 0 3721 6 17.94 0.1 
2017/03/14 10.5 10.6 10.45 10.5 1147 19260 39 3553 15 0 3568 70 18.05 0.2 
2017/03/15 10.55 10.6 10.3 10.35 1870 19041 65 3774 15 0 3789 4 17.84 0.34 
2017/03/16 10.4 10.5 10.25 10.3 1804 18505 36 3576 15 0 3591 14 17.34 0.19 
2017/03/17 10.35 10.5 10.25 10.45 1627 18429 31 3619 15 0 3634 84 17.27 0.17 
2017/03/20 10.45 10.55 10.45 10.5 1554 18319 32 3861 15 0 3876 42 17.17 0.17 
2017/03/21 10.75 10.95 10.65 10.65 3999 18104 52 3861 15 0 3876 195 16.97 0.29 
2017/03/22 10.5 10.65 10.35 10.55 1438 18091 60 3964 15 0 3979 49 16.95 0.33 
2017/03/23 10.65 10.95 10.6 10.8 2857 17809 60 3892 15 0 3907 88 16.69 0.34 
2017/03/24 10.85 10.9 10.65 10.65 1083 17729 49 3967 15 0 3982 14 16.61 0.28 
2017/03/27 10.7 11.25 10.7 10.85 5856 17860 56 4008 15 0 4023 365 16.74 0.31 
2017/03/28 11 11.15 10.7 11 2951 17920 45 4194 15 0 4209 152 16.79 0.25 
2017/03/29 11.05 11.05 10.75 10.9 1713 17823 42 4350 15 0 4365 27 16.7 0.24 
2017/03/30 10.95 11.05 10.85 10.85 1668 17875 42 4221 15 0 4236 117 16.75 0.23 
2017/03/31 11 11 10.8 10.85 1774 18006 60 4237 15 0 4252 25 16.87 0.33 
2017/04/05 11 11.05 10.75 10.8 1497 18078 55 4427 15 0 4442 62 16.94 0.3 
2017/04/06 10.8 11 10.75 10.9 1935 17934 7 5396 15 0 5411 66 16.81 0.04 
2017/04/07 11 11.3 11 11.1 5212 18041 1 5541 15 0 5556 0 16.91 0.01 
2017/04/10 11.3 11.3 11.05 11.2 2075 18079 0 4752 15 0 4767 0 16.94 0 
2017/04/11 11.35 11.65 11.1 11.1 5771 17964 0 4815 15 0 4830 0 16.83 0 
2017/04/12 11.2 11.2 10.7 10.8 3082 18045 0 4794 15 0 4809 0 16.91 0 
2017/04/13 10.8 10.9 10.7 10.7 1471 18012 15 4775 15 0 4790 19 16.88 0.08 
2017/04/14 10.7 10.7 10.4 10.4 1722 17640 16 4715 15 0 4730 20 16.53 0.09 
2017/04/17 10.5 10.55 10.3 10.3 1297 17612 24 4790 15 0 4805 1 16.5 0.14 
2017/04/18 10.45 10.5 10.35 10.4 638 17694 22 5034 15 0 5049 6 16.58 0.12 
2017/04/19 10.4 10.4 10.1 10.15 1674 17659 62 4952 15 0 4967 6 16.55 0.35 
2017/04/20 10.25 10.4 10.15 10.4 1407 17511 41 4893 15 0 4908 19 16.41 0.23 
2017/04/21 10.6 10.65 10.5 10.5 2937 17734 125 4965 15 0 4980 262 16.62 0.7 
2017/04/24 10.5 10.55 10.35 10.4 794 17708 32 5054 15 0 5069 24 16.59 0.18 
2017/04/25 10.5 10.6 10.4 10.4 871 17757 26 5076 15 0 5091 12 16.64 0.15 
2017/04/26 10.5 10.5 10.35 10.35 1034 17795 21 5410 15 0 5425 0 16.68 0.12 
2017/04/27 10.45 11.35 10.45 11.35 10229 18432 117 5436 15 0 5451 409 17.27 0.63 
2017/04/28 11.65 11.75 11.1 11.3 22773 19479 383 5208 15 0 5223 250 18.25 1.97 
2017/05/02 11.25 11.35 11.1 11.2 4066 19327 315 5326 15 0 5341 24 18.11 1.63 
2017/05/03 11.35 11.55 11.2 11.55 7138 19016 292 5362 15 0 5377 35 17.82 1.54 
2017/05/04 11.7 12.2 11.7 11.9 26396 21708 503 5454 15 0 5469 238 20.34 2.32 
2017/05/05 11.9 11.9 11.5 11.6 6456 20876 240 5695 15 0 5710 77 19.56 1.15 
2017/05/08 11.8 12 11.4 11.4 9816 21375 257 5834 15 0 5849 65 20.03 1.2 
2017/05/09 11.2 11.25 10.35 10.6 7796 20287 126 6271 15 0 6286 55 19.01 0.62 
2017/05/10 10.7 10.75 10.6 10.65 2096 19785 116 5815 15 10 5840 7 18.54 0.59 
2017/05/11 10.7 10.7 10.45 10.5 1515 19581 113 6008 15 10 6033 6 18.35 0.58 
2017/05/12 10.5 10.8 10.5 10.6 2191 19697 83 5783 15 10 5808 5 18.46 0.42 
2017/05/15 10.85 11.05 10.75 10.8 4410 19672 202 5685 15 10 5710 56 18.43 1.03 
2017/05/16 10.8 11 10.75 10.8 1388 19662 181 5720 15 10 5745 3 18.43 0.92 
2017/05/17 10.9 11.15 10.9 11.1 5158 20459 138 5770 15 10 5795 6 19.17 0.67 
2017/05/18 10.9 11.2 10.8 11.15 4522 20430 136 6023 15 10 6048 29 19.14 0.67 
2017/05/19 11.55 11.6 11.25 11.3 8041 20994 396 6047 15 10 6072 60 19.67 1.89 
2017/05/22 11.2 11.6 11.2 11.2 5129 21169 277 6782 15 10 6807 23 19.84 1.31 
2017/05/23 11.3 11.35 10.85 10.9 3860 21370 179 6660 15 10 6685 82 20.03 0.84 
2017/05/24 10.9 11 10.75 10.75 2056 21399 135 6713 15 10 6738 3 20.05 0.63 
2017/05/25 10.85 11.1 10.7 10.7 2435 21343 69 7472 15 100 7587 1 20 0.32 
2017/05/26 10.75 10.8 10.55 10.6 2015 21179 113 7061 15 100 7176 1 19.85 0.53 
2017/05/31 10.75 10.9 10.65 10.85 2418 20959 48 7120 15 100 7235 8 19.64 0.23 
2017/06/01 10.85 11.15 10.85 11 7148 21404 474 7188 15 0 7203 107 20.06 2.21 
2017/06/02 11.05 11.1 10.85 10.85 2280 21358 220 7178 15 0 7193 6 20.01 1.03 
2017/06/03 10.9 11.3 10.9 11.1 4076 21537 232 7178 15 0 7193 59 20.18 1.08 
2017/06/05 11.3 11.6 11.2 11.25 7563 21128 269 7503 15 0 7518 24 19.8 1.27 
2017/06/06 11.3 11.3 11.05 11.1 2342 21267 157 7352 15 0 7367 1 19.93 0.74 
2017/06/07 11.05 11.2 11 11 1815 21353 157 7217 15 0 7232 4 20.01 0.74 
2017/06/08 11.1 11.15 11 11.05 1437 21314 163 8157 15 0 8172 6 19.97 0.76 
2017/06/09 11.15 11.5 10.95 10.95 8256 21432 153 8564 15 0 8579 21 20.08 0.71 
2017/06/12 10.9 11 10.85 10.85 1168 21271 94 8878 15 0 8893 3 19.93 0.44 
2017/06/13 10.9 11.05 10.85 10.85 1718 21713 114 5732 15 0 5747 1 20.35 0.53 
2017/06/14 10.95 10.95 10.6 10.65 2628 21671 131 5696 15 0 5711 0 20.31 0.6 
2017/06/15 10.7 10.9 10.65 10.85 2009 21706 143 5718 15 0 5733 12 20.34 0.66 
2017/06/16 10.85 11.1 10.85 10.85 5295 21735 120 5873 15 0 5888 28 20.37 0.55 
2017/06/19 11 11 10.75 10.8 1993 21990 90 5692 15 0 5707 2 20.61 0.41 
2017/06/20 10.9 10.95 10.75 10.75 1476 22082 88 5286 15 0 5301 3 20.69 0.4 
2017/06/21 10.7 10.8 10.65 10.7 1944 22010 88 5427 15 0 5442 4 20.63 0.4 
2017/06/22 10.75 10.8 10.6 10.65 2106 22110 89 5576 15 0 5591 5 20.72 0.4 
2017/06/23 10.75 10.85 10.6 10.6 2817 22119 94 4988 15 0 5003 2 20.73 0.42 
2017/06/26 10.7 10.7 10.5 10.55 2037 22250 106 4696 15 0 4711 5 20.85 0.48 
2017/06/27 10.6 10.65 10.5 10.5 1617 21925 45 4650 15 0 4665 0 20.55 0.21 
2017/06/28 10.5 10.55 10.4 10.4 1836 22063 69 4586 15 0 4601 1 20.68 0.31 
2017/06/29 10.5 10.6 10.4 10.4 1170 22035 65 4733 15 0 4748 3 20.65 0.29 
2017/06/30 10.4 10.5 10.4 10.45 1067 21895 67 4784 15 0 4799 0 20.52 0.31 
2017/07/03 10.45 10.5 10.4 10.4 813 21803 65 4903 15 0 4918 0 20.43 0.3 
2017/07/04 10.5 10.6 10.45 10.45 1625 21842 72 4740 15 0 4755 6 20.47 0.33 
2017/07/05 10.45 10.5 10.4 10.4 961 21748 67 4784 15 0 4799 0 20.38 0.31 
2017/07/06 10.45 10.5 10.4 10.45 599 21681 67 4862 15 0 4877 2 20.32 0.31 
2017/07/07 10.5 10.5 10.3 10.35 1495 21331 35 4909 15 0 4924 10 19.99 0.16 
2017/07/10 10.4 10.65 10.4 10.5 3849 21154 38 4911 15 0 4926 21 19.82 0.18 
2017/07/11 10.55 10.55 10.3 10.35 1262 21161 55 4961 15 0 4976 0 19.83 0.26 
2017/07/12 10.4 10.4 10.2 10.25 1527 21093 86 5202 15 0 5217 11 19.77 0.41 
2017/07/13 10.25 10.55 10.25 10.3 2958 21083 59 5314 15 0 5329 26 19.76 0.28 
2017/07/14 10.4 10.4 10.15 10.2 2048 21245 85 5202 15 0 5217 5 19.91 0.4 
2017/07/17 10.25 10.3 10.1 10.15 1603 21204 116 5308 15 0 5323 1 19.87 0.55 
2017/07/18 10.2 10.25 10.1 10.15 699 21232 126 5263 15 0 5278 1 19.9 0.59 
2017/07/19 10.2 10.3 10.15 10.15 1821 21147 48 5202 15 0 5217 1 19.82 0.23 
2017/07/20 10.2 10.3 10.15 10.2 1110 21169 59 5206 15 0 5221 20 19.84 0.28 
2017/07/21 10.25 10.35 10.2 10.25 1303 21140 59 5232 15 0 5247 2 19.81 0.28 
2017/07/24 10.25 10.25 10.1 10.1 1337 21143 57 5085 15 0 5100 4 19.81 0.27 
2017/07/25 10.1 10.2 10.1 10.2 867 21392 16 5151 15 0 5166 0 20.05 0.07 
2017/07/26 10.25 10.5 10.2 10.35 3311 21352 21 5490 15 0 5505 5 20.01 0.1 
2017/07/27 10.45 10.45 10.25 10.25 1246 21354 94 5460 15 0 5475 0 20.01 0.44 
2017/07/28 10.3 10.45 10.25 10.3 2257 21514 93 5324 15 0 5339 8 20.16 0.43 
2017/07/31 10.4 10.4 10.25 10.3 1204 21615 93 5590 15 0 5605 0 20.26 0.43 
2017/08/01 10.3 10.6 10.3 10.5 5293 21248 116 5769 15 0 5784 12 19.91 0.55 
2017/08/02 10.6 10.6 10.35 10.4 1168 22302 118 5799 15 0 5814 0 20.9 0.53 
2017/08/03 10.45 10.5 10.35 10.45 1019 22321 103 5462 15 0 5477 2 20.92 0.46 
2017/08/04 10.55 10.75 10.45 10.6 3855 22415 104 5468 15 0 5483 31 21 0.46 
2017/08/07 10.65 10.65 10.4 10.4 2164 22498 92 5502 15 0 5517 0 21.08 0.41 
2017/08/08 10.45 10.5 10.4 10.4 1023 22495 90 5546 15 0 5561 1 21.08 0.4 
2017/08/09 10.45 10.5 10.25 10.3 1366 22427 109 5629 15 0 5644 1 21.02 0.49 
2017/08/10 10.3 10.4 10.1 10.1 1961 22144 119 5628 15 0 5643 4 20.75 0.54 
2017/08/11 10 10 9.81 9.84 3347 22038 155 5615 15 0 5630 37 20.65 0.7 
2017/08/14 9.85 9.92 9.01 9.15 3128 21582 200 5915 15 0 5930 46 20.22 0.93 
2017/08/15 9.16 9.39 9.16 9.32 1404 21535 442 6034 15 0 6049 14 20.18 2.05 
2017/08/16 9.35 9.84 9.23 9.65 3119 21067 587 5965 15 0 5980 71 19.74 2.79 
2017/08/17 9.74 9.74 9.6 9.62 1367 21179 671 5922 15 0 5937 3 19.85 3.17 
2017/08/18 9.52 9.52 9.33 9.37 1516 21051 733 5801 15 0 5816 35 19.73 3.48 
2017/08/21 9.43 9.47 9.34 9.35 855 21201 734 5788 15 0 5803 6 0 3.46 
2017/08/22 9.36 9.43 9.23 9.26 2183 20890 638 5776 15 0 5791 0 0 3.05 
2017/08/23 9.27 9.38 9.25 9.25 1678 20740 576 5768 15 0 5783 0 0 2.78 
2017/08/24 9.25 9.32 9.24 9.27 983 20616 565 5604 15 0 5619 0 0 2.74 
2017/08/25 9.28 9.32 9.26 9.3 788 20504 565 5675 15 0 5690 0 0 2.76 
2017/08/28 9.3 9.3 9.18 9.19 1130 20400 555 5727 15 0 5742 0 0 2.72 
2017/08/29 9.19 9.19 9.03 9.05 1738 20213 550 5771 15 0 5786 0 0 2.72 
2017/08/30 9.1 9.17 9.09 9.15 1142 20138 543 5460 15 0 5475 0 0 2.7 
2017/08/31 9.2 9.33 9.2 9.32 1483 20117 533 5711 15 0 5726 0 0 2.65 
2017/09/01 9.36 9.38 9.28 9.36 1547 20013 483 5852 15 0 5867 0 0 2.41 
2017/09/04 9.39 9.4 9.3 9.3 1338 19928 483 5777 15 0 5792 0 0 2.42 
2017/09/05 9.32 9.83 9.32 9.82 3338 19664 482 5945 15 0 5960 0 0 2.45 
2017/09/06 9.85 10.35 9.8 10.05 5817 19190 453 5485 15 132 5632 0 0 2.36 
2017/09/07 10.15 10.25 9.9 9.9 2768 19025 404 5380 15 133 5528 0 0 2.12 
2017/09/08 10.05 10.1 9.81 9.9 1756 18929 404 5320 15 133 5468 0 0 2.13 
2017/09/11 10 10.35 9.92 10.3 5110 18798 404 5338 15 133 5486 0 0 2.15 
2017/09/12 10.4 10.4 10.1 10.1 1848 18731 404 5147 15 133 5295 0 0 2.16 
2017/09/13 10.15 10.2 9.96 9.97 2001 18519 402 5316 15 145 5476 0 0 2.17 
2017/09/14 10.05 10.15 10 10.1 794 18504 402 5410 15 145 5570 0 0 2.17 
2017/09/15 10.15 10.15 9.99 10 911 18465 402 5533 15 145 5693 0 0 2.18 
2017/09/18 10.1 10.15 10.05 10.05 1226 18426 402 5738 15 145 5898 0 0 2.18 
2017/09/19 10.15 10.2 10 10.05 1084 18231 402 5924 15 145 6084 0 0 2.21 
2017/09/20 10.05 10.15 10 10.05 975 18103 402 5997 15 145 6157 0 0 2.22 
2017/09/21 10.1 10.1 10 10 902 17982 402 6012 15 145 6172 0 0 2.24 
2017/09/22 10.05 10.1 9.92 9.92 1120 17876 402 6070 15 145 6230 0 0 2.25 
2017/09/25 9.92 10.05 9.81 9.99 1439 17841 402 6042 15 145 6202 0 0 2.25 
2017/09/26 10 10.1 9.77 9.77 1651 17751 402 6093 15 145 6253 0 0 2.26 
2017/09/27 9.72 9.89 9.72 9.79 661 17742 402 5779 15 145 5939 0 0 2.27 
2017/09/28 9.8 10.15 9.8 10.05 1917 17635 402 5621 15 145 5781 0 0 2.28 
2017/09/29 10.05 10.05 9.88 9.89 959 17627 402 5799 15 145 5959 0 0 2.28 
2017/09/30 10 10 9.89 9.92 330 17600 402 5799 15 145 5959 0 0 2.28 
2017/10/02 9.99 9.99 9.85 9.85 920 17441 402 5859 15 145 6019 0 0 2.3 
2017/10/03 9.89 10.05 9.89 9.93 1311 17375 402 5927 15 145 6087 0 0 2.31 
2017/10/05 9.95 10.05 9.93 9.94 1763 17090 402 6551 15 145 6711 0 0 2.35 
2017/10/06 10.05 10.3 10.05 10.2 4215 16854 402 7582 15 345 7942 0 0 2.39 
2017/10/11 10.2 10.45 10.1 10.4 3958 16723 401 8108 15 345 8468 0 0 2.4 
2017/10/12 10.45 10.8 10.4 10.4 7276 16176 401 7601 15 345 7961 0 0 2.48 
2017/10/13 10.4 10.55 10.25 10.45 2383 16139 390 7379 15 345 7739 0 0 2.42 
2017/10/16 10.8 11.45 10.8 11.45 20975 14911 2 7198 15 245 7458 0 0 0.01 
2017/10/17 12.55 12.55 11.9 12.4 47143 12159 2 10272 15 160 10447 0 0 0.02 
2017/10/18 11.9 12.3 11.5 12.15 16403 11766 2 10827 15 725 11567 0 0 0.02 
2017/10/19 12.55 13 12.2 12.25 21616 10759 2 10816 15 725 11556 0 0 0.02 
2017/10/20 12.2 12.5 11.8 12.15 10545 10299 2 9360 15 725 10100 0 0 0.02 
2017/10/23 12.5 12.55 12.15 12.2 6735 10114 2 9218 15 725 9958 0 0 0.02 
2017/10/24 12.05 12.1 11.75 11.8 8222 9988 0 8742 15 725 9482 0 0 0 
2017/10/25 11.8 12.5 11.8 12.2 14367 9742 0 8581 15 745 9341 0 0 0 
2017/10/26 12.4 12.4 11.95 12 7897 9664 0 8284 15 725 9024 0 0 0 
2017/10/27 12.1 12.2 11.7 11.7 7196 9611 0 8240 15 725 8980 0 0 0 
2017/10/30 11.75 12.15 11.6 11.7 4496 9551 0 8290 15 725 9030 0 0 0 
2017/10/31 11.85 11.85 11.35 11.5 4132 9529 0 8254 15 725 8994 0 0 0 
2017/11/01 11.45 11.45 11.05 11.15 5865 9423 0 8629 15 725 9369 0 0 0 
2017/11/02 11.25 11.25 11.05 11.05 2935 9379 0 8823 15 725 9563 0 0 0 
2017/11/03 11.1 11.15 10.85 10.95 3050 9367 0 8941 15 725 9681 0 0 0 
2017/11/06 11.15 11.4 11.05 11.3 3171 9331 0 9057 15 725 9797 0 0 0 
2017/11/07 11.55 11.55 11.25 11.3 4126 9328 0 8427 15 725 9167 0 0 0 
2017/11/08 11.3 11.3 11.05 11.15 2788 9282 0 8414 15 725 9154 0 0 0 
2017/11/09 11.45 12.25 11.35 11.95 22087 8912 0 8410 15 725 9150 0 0 0 
2017/11/10 11.85 12.8 11.8 12.55 28290 8633 0 8815 15 725 9555 0 0 0 
2017/11/13 12.85 13.75 12.6 13.1 31425 7909 0 8260 15 725 9000 0 0 0 
2017/11/14 13 13 12.2 12.35 14558 7782 0 8304 15 725 9044 0 0 0 
2017/11/15 12.3 12.3 11.85 12.05 7442 7766 0 8492 15 725 9232 0 0 0 
2017/11/16 11.95 12.35 11.9 12 6071 7762 0 8543 15 725 9283 0 0 0 
2017/11/17 12.1 12.25 11.75 11.75 7241 7744 0 8200 15 725 8940 0 0 0 
2017/11/20 11.8 11.9 11.35 11.4 6338 7743 0 8751 15 725 9491 0 0 0 
2017/11/21 11.5 12.45 11.45 12.1 11410 7663 0 9307 15 725 10047 0 0 0 
2017/11/22 12.1 12.1 11.65 11.65 8682 7423 0 8345 15 725 9085 0 0 0 
2017/11/23 11.7 11.8 11.45 11.6 4924 7383 0 8559 15 725 9299 0 0 0 
2017/11/24 11.7 11.8 11.6 11.7 3299 7337 0 10152 15 725 10892 0 0 0 
2017/11/27 11.3 11.55 11.2 11.35 10050 7292 0 9404 15 665 10084 0 0 0 
2017/11/28 11.3 11.3 11 11.1 6628 7268 0 9510 15 535 10060 0 0 0 
2017/11/29 11.3 11.4 11.2 11.4 6708 7160 0 9373 15 345 9733 0 0 0 
2017/11/30 11.3 11.4 11.15 11.15 4281 7057 0 9319 15 345 9679 0 0 0 
2017/12/01 11.15 11.2 10.95 10.95 5580 6945 0 9300 15 275 9590 0 0 0 
2017/12/04 11 11.1 10.85 10.9 3075 6838 0 9461 15 255 9731 0 0 0 
2017/12/05 10.9 10.9 10.5 10.65 4360 6838 0 9498 15 255 9768 0 0 0 
2017/12/06 10.55 10.75 10.5 10.55 3269 6833 0 9586 15 255 9856 0 0 0 
2017/12/07 10.65 10.7 10.5 10.55 2460 6811 0 9261 15 255 9531 0 0 0 
2017/12/08 10.7 10.75 10.55 10.6 2104 6806 0 9405 15 255 9675 0 0 0 
2017/12/11 10.7 10.75 10.6 10.65 1838 6780 0 9464 15 255 9734 0 0 0 
2017/12/12 10.7 11 10.65 10.85 3905 6701 0 9429 15 255 9699 0 0 0 
2017/12/13 10.8 10.9 10.65 10.65 2362 6691 0 10024 15 255 10294 0 0 0 
2017/12/14 10.75 10.85 10.65 10.65 2057 6670 0 10179 15 215 10409 0 0 0 
2017/12/15 10.75 10.75 10.6 10.65 1236 6666 0 10293 15 215 10523 0 0 0 
2017/12/18 10.65 10.75 10.55 10.6 1569 6661 0 10545 15 215 10775 0 0 0 
2017/12/19 10.65 10.65 10.5 10.5 1220 6627 0 10728 15 215 10958 0 0 0 
2017/12/20 10.6 10.6 10.15 10.35 4038 6605 0 10873 15 215 11103 0 0 0 
2017/12/21 10.3 10.9 10.3 10.8 5069 6517 0 10926 15 0 10941 0 0 0 
2017/12/22 10.75 10.75 10.45 10.55 2606 6498 0 10751 15 0 10766 0 0 0 
2017/12/25 10.5 10.5 10.35 10.35 1738 6369 0 10749 15 0 10764 0 0 0 
2017/12/26 10.45 10.6 10.3 10.3 2199 6345 0 10746 15 0 10761 0 0 0 
2017/12/27 10.3 10.45 10.3 10.3 1214 6343 0 10718 15 0 10733 0 0 0 
2017/12/28 10.35 10.4 10.25 10.3 1678 6325 0 10742 15 0 10757 0 0 0 
2017/12/29 10.3 10.35 10.2 10.25 2129 6320 0 10798 15 0 10813 0 0 0 
2018/01/02 10.3 10.35 10.15 10.25 1191 6280 0 10931 15 0 10946 0 0 0 
2018/01/03 10.35 10.45 10.25 10.3 2190 5885 0 10993 15 0 11008 0 0 0 
2018/01/04 10.35 10.4 10.2 10.3 2191 5875 0 11263 15 0 11278 0 0 0 
2018/01/05 10.3 10.45 10.3 10.35 1821 5874 0 11385 15 0 11400 0 0 0 
2018/01/08 10.35 10.4 10.2 10.2 3976 5848 0 11301 15 0 11316 0 0 0 
2018/01/09 10.3 10.3 10.05 10.1 2415 5816 0 11315 15 0 11330 0 0 0 
2018/01/10 10.05 10.15 10 10.05 1804 5816 0 11261 15 0 11276 0 0 0 
2018/01/11 10.05 10.1 9.95 10.1 2518 5724 0 11234 15 0 11249 0 0 0 
2018/01/12 10.15 10.3 10.1 10.15 1712 5648 0 11297 15 0 11312 0 0 0 
2018/01/15 10.25 10.3 10.05 10.1 1705 5485 0 11348 15 0 11363 0 0 0 
2018/01/16 10.15 10.2 10.1 10.2 1342 5424 0 11489 15 0 11504 0 0 0 
2018/01/17 10.2 10.2 10.1 10.2 1320 5419 0 11679 15 0 11694 0 0 0 
2018/01/18 10.2 10.3 10.1 10.15 1460 5413 0 11729 15 0 11744 0 0 0 
2018/01/19 10.15 10.15 10.05 10.05 1777 5326 0 11986 15 0 12001 0 0 0 
2018/01/22 10.1 10.4 10.05 10.4 3256 5298 0 12161 15 0 12176 0 0 0 
2018/01/23 10.4 10.4 10.15 10.15 2384 5205 0 12061 15 0 12076 0 0 0 
2018/01/24 10.1 10.15 10.05 10.1 1836 5181 0 12169 15 0 12184 0 0 0 
2018/01/25 10.15 10.2 10.05 10.05 1615 5155 0 12187 15 0 12202 0 0 0 
2018/01/26 10.05 10.1 10.05 10.05 1354 5046 0 12091 15 0 12106 0 0 0 
2018/01/29 10.05 10.15 9.99 10 1857 4993 0 11931 15 0 11946 0 0 0 
2018/01/30 10 10.05 9.96 9.96 1726 4981 0 11829 15 0 11844 0 0 0 
2018/01/31 9.95 9.95 9.72 9.79 2478 4880 0 11561 15 0 11576 0 0 0 
2018/02/01 9.8 9.98 9.8 9.9 821 4880 0 11614 15 0 11629 0 0 0 
2018/02/02 9.98 9.98 9.81 9.81 598 4850 0 11556 15 0 11571 0 0 0 
2018/02/05 9.38 9.63 9.38 9.61 1269 4840 0 11630 15 0 11645 0 0 0 
2018/02/06 9.48 9.5 8.65 8.73 4525 4668 0 11657 15 0 11672 0 0 0 
2018/02/07 9.01 9.03 8.88 8.9 1627 4664 0 11789 15 0 11804 0 0 0 
2018/02/08 9 9 8.89 8.9 1095 4615 0 11888 15 0 11903 0 0 0 
2018/02/09 8.7 8.84 8.4 8.75 2418 4598 0 12217 15 0 12232 0 0 0 
2018/02/12 8.81 8.9 8.72 8.87 1439 4577 0 12210 15 0 12225 0 0 0 
2018/02/21 9.05 9.39 9 9.35 1725 4525 0 12281 15 0 12296 0 0 0 
2018/02/22 9.35 9.5 9.2 9.31 1176 4520 0 12254 15 0 12269 0 0 0 
2018/02/23 9.5 9.5 9.31 9.31 950 4520 0 12250 15 0 12265 0 0 0 
2018/02/26 9.4 9.43 9.31 9.31 1059 4518 0 12229 15 0 12244 0 0 0 
2018/02/27 9.31 9.4 9.19 9.2 760 4509 0 12202 15 0 12217 0 0 0 
2018/03/01 9.2 9.2 9.12 9.18 912 4509 0 12238 15 0 12253 0 0 0 
2018/03/02 9.17 9.17 9.11 9.15 969 4497 0 12211 15 0 12226 0 0 0 
2018/03/05 9.16 9.23 9.14 9.15 956 4487 0 12128 15 0 12143 0 0 0 
2018/03/06 9.16 9.21 9.13 9.13 884 4487 0 12184 15 0 12199 0 0 0 
2018/03/07 9.1 9.13 9.06 9.06 929 4487 0 12213 15 0 12228 0 0 0 
2018/03/08 9.06 9.1 9 9.06 1230 4486 0 12344 15 0 12359 0 0 0 
2018/03/09 9.02 9.06 9.01 9.03 1124 4485 0 12413 15 0 12428 0 0 0 
2018/03/12 9.11 9.15 9.02 9.02 959 4473 0 12547 15 0 12562 0 0 0 
2018/03/13 9.04 9.4 9.04 9.32 2221 4462 0 12790 15 0 12805 0 0 0 
2018/03/14 9.4 10.1 9.38 9.92 4717 4457 0 12629 15 0 12644 0 0 0 
2018/03/15 9.92 9.92 9.6 9.73 2204 4451 0 12582 15 0 12597 0 0 0 
2018/03/16 9.74 9.85 9.6 9.7 1257 4451 0 12468 15 0 12483 0 0 0 
2018/03/19 9.7 9.78 9.5 9.67 1426 4451 0 12541 15 0 12556 0 0 0 
2018/03/20 9.62 9.62 9.49 9.49 1190 4443 0 12431 15 0 12446 0 0 0 
2018/03/21 9.5 9.59 9.41 9.53 1160 4443 0 12425 15 0 12440 0 0 0 
2018/03/22 9.51 9.8 9.48 9.48 2192 4442 0 12394 15 0 12409 0 0 0 
2018/03/23 9.25 9.25 9.03 9.13 1945 4436 0 12101 15 0 12116 0 0 0 
2018/03/26 9.13 9.13 9.01 9.09 1318 4430 0 12110 15 0 12125 0 0 0 
2018/03/27 9.12 9.14 9.05 9.08 884 4430 0 12091 15 0 12106 0 0 0 
2018/03/28 9.06 9.09 9.02 9.08 637 4430 0 12076 15 0 12091 0 0 0 
2018/03/29 9.1 9.14 9.08 9.1 684 4430 0 12074 15 0 12089 0 0 0 
2018/03/30 9.08 9.1 9.05 9.05 711 4426 0 12058 15 0 12073 0 0 0 
2018/03/31 9.07 9.1 9.03 9.05 419 4426 0 12058 15 0 12073 0 0 0 
2018/04/02 9.08 9.1 9.02 9.1 816 4408 0 12100 15 0 12115 0 0 0 
2018/04/03 9.04 9.1 9.01 9.1 1005 4408 0 12084 15 0 12099 0 0 0 
2018/04/09 9.11 9.11 9.02 9.03 842 4337 0 12067 15 0 12082 0 0 0 
2018/04/10 9.05 9.1 9.05 9.05 853 4253 0 12065 15 0 12080 0 0 0 
2018/04/11 9.07 9.18 9.07 9.13 530 4249 0 12123 15 0 12138 0 0 0 
2018/04/12 9.13 9.31 9.09 9.31 2301 4242 0 12297 15 0 12312 0 0 0 
2018/04/13 9.34 9.38 9.2 9.25 1254 4236 0 12284 15 0 12299 0 0 0 
2018/04/16 9.21 9.25 9.1 9.13 921 4231 0 12237 15 0 12252 0 0 0 
2018/04/17 9.15 9.15 9.05 9.05 1220 4206 0 12292 15 0 12307 0 0 0 
2018/04/18 9.05 9.12 9.05 9.09 1158 4104 0 12362 15 0 12377 0 0 0 
2018/04/19 9.1 9.48 9.1 9.25 1321 4104 0 12504 15 0 12519 0 0 0 
2018/04/20 9.25 9.27 9.16 9.2 669 4104 0 12434 15 0 12449 0 0 0 
2018/04/23 9.1 9.27 9.1 9.14 596 4104 0 12438 15 0 12453 0 0 0 
2018/04/24 9.14 9.16 9.05 9.12 1491 4104 0 12513 15 0 12528 0 0 0 
2018/04/25 9.05 9.13 9.05 9.08 1159 3999 0 12518 15 0 12533 0 0 0 
2018/04/26 9.4 9.89 9.32 9.5 6050 3896 0 12970 15 0 12985 0 0 0 
2018/04/27 9.55 9.59 9.31 9.4 2800 3894 0 13021 15 0 13036 0 0 0 
2018/04/30 9.45 9.56 9.42 9.44 2038 3894 0 13121 15 0 13136 0 0 0 
2018/05/02 10.2 10.35 9.97 10.35 10235 3878 0 13098 15 0 13113 0 0 0 
2018/05/03 10.55 11.3 10.5 11.25 29464 3819 0 14688 15 0 14703 0 0 0 
2018/05/04 11.2 11.2 10.5 10.75 10721 3786 0 13491 15 0 13506 0 0 0 
2018/05/07 10.8 10.9 10.35 10.5 6333 3726 0 13433 15 0 13448 0 0 0 
2018/05/08 10.5 10.95 10.45 10.55 4837 3726 0 13011 15 0 13026 0 0 0 
2018/05/09 10.45 10.55 10.15 10.4 5622 3724 0 12848 15 0 12863 0 0 0 
2018/05/10 10.65 11 10.65 10.9 11945 3709 0 14710 15 0 14725 0 0 0 
2018/05/11 10.8 10.95 10.6 10.7 4345 3709 0 14724 15 0 14739 0 0 0 
2018/05/14 10.85 11.45 10.6 11.05 10122 3706 0 15116 15 0 15131 0 0 0 
2018/05/15 11.05 11.05 10.6 10.65 5211 3666 0 14707 15 0 14722 0 0 0 
2018/05/16 10.55 10.75 10.35 10.4 4090 3665 0 14730 15 0 14745 0 0 0 
2018/05/17 10.7 10.7 10.3 10.3 2495 3665 0 14730 15 0 14745 0 0 0 
2018/05/18 10.3 10.45 10.25 10.35 2213 3662 0 14692 15 0 14707 0 0 0 
2018/05/21 10.5 10.5 10.3 10.3 2044 3662 0 14590 15 0 14605 0 0 0 
2018/05/22 10.4 10.45 10.3 10.35 2288 3658 0 14591 15 0 14606 0 0 0 
2018/05/23 10.45 10.45 10.3 10.35 1962 3658 0 14596 15 0 14611 0 0 0 
2018/05/24 10.45 10.7 10.35 10.55 2369 3647 0 14658 15 0 14673 0 0 0 
2018/05/25 10.5 10.6 10.4 10.4 1876 3647 0 14658 15 0 14673 0 0 0 
2018/05/28 10.5 10.6 10.4 10.5 2041 3627 0 14661 15 0 14676 0 0 0 
2018/05/29 10.65 10.7 10.5 10.5 1968 3621 0 14616 15 0 14631 0 0 0 
2018/05/30 10.5 10.5 10.3 10.4 2306 3621 0 14614 15 0 14629 0 0 0 
2018/05/31 10.5 10.5 10.25 10.25 2577 3592 0 14679 15 0 14694 0 0 0 
2018/06/01 10.25 10.5 10.25 10.35 1631 3592 0 14686 15 0 14701 0 0 0 
2018/06/04 10.35 10.4 10 10.15 3362 3569 0 14813 15 0 14828 0 0 0 
2018/06/05 10.15 10.15 9.72 9.82 4838 3567 0 14690 15 0 14705 0 0 0 
2018/06/06 9.84 10 9.83 9.95 2076 3564 0 14713 15 0 14728 0 0 0 
2018/06/07 9.85 9.85 9.73 9.76 2749 3513 0 14830 15 0 14845 0 0 0 
2018/06/08 9.76 9.76 9.53 9.56 2598 3332 0 14916 15 0 14931 0 0 0 
2018/06/11 9.21 9.5 9.21 9.28 2409 3328 0 15055 15 0 15070 0 0 0 
2018/06/12 9.25 9.62 9.25 9.46 2100 3327 0 15194 15 0 15209 0 0 0 
2018/06/13 9.46 9.47 9.28 9.31 1721 3313 0 15241 15 0 15256 0 0 0 
2018/06/14 9.31 9.38 9.27 9.31 1070 3309 0 15215 15 0 15230 0 0 0 
2018/06/15 9.28 9.39 9.28 9.3 798 3189 0 15186 15 0 15201 0 0 0 
2018/06/19 9.23 9.32 9.11 9.12 1525 3188 0 15131 15 0 15146 0 0 0 
2018/06/20 9.13 9.25 9.05 9.19 1048 3171 0 15112 15 0 15127 0 0 0 
2018/06/21 9.19 9.26 9.1 9.12 631 3159 0 15041 15 0 15056 0 0 0 
2018/06/22 9.13 9.13 9.05 9.05 1146 3150 0 15076 15 0 15091 0 0 0 
2018/06/25 9.05 9.12 9.01 9.02 933 3150 0 15075 15 0 15090 0 0 0 
2018/06/26 9 9.02 8.8 8.88 1934 3147 0 15076 15 0 15091 0 0 0 
2018/06/27 8.83 9.12 8.83 8.84 960 3143 0 15074 15 0 15089 0 0 0 
2018/06/28 8.85 9.6 8.81 9.25 2703 3067 0 15630 15 0 15645 0 0 0 
2018/06/29 9.21 9.3 9 9 1667 3046 0 15135 15 0 15150 0 0 0 
2018/07/02 9 9 8.76 8.79 1744 2860 0 15095 15 0 15110 0 0 0 
2018/07/03 8.8 8.82 8.25 8.32 3258 2845 0 15112 15 0 15127 0 0 0 
2018/07/04 8.28 8.3 8 8.09 1559 2753 0 15101 15 2 15118 0 0 0 
2018/07/05 8.09 8.44 8.09 8.21 1294 2596 0 15099 15 3 15117 0 0 0 
2018/07/06 8.3 8.3 8.03 8.22 949 2585 0 15083 15 1 15099 0 0 0 
2018/07/09 8.16 8.3 8.1 8.15 592 2583 0 15095 15 1 15111 0 0 0 
2018/07/10 8.15 8.28 8.1 8.11 880 2583 0 15170 15 1 15186 0 0 0 
2018/07/11 8.03 8.09 7.95 8.03 1024 2552 0 15242 15 1 15258 0 0 0 
2018/07/12 8.04 8.1 7.95 8.02 1147 2552 0 15257 15 2 15274 0 0 0 
2018/07/13 8.05 8.07 8 8.05 860 2512 0 15408 15 2 15425 0 0 0 
2018/07/16 8.08 8.3 8.08 8.24 998 2511 0 15514 15 0 15529 0 0 0 
2018/07/17 8.25 8.25 8.14 8.18 453 2511 0 15423 15 0 15438 0 0 0 
2018/07/18 8.38 8.38 8.15 8.2 799 2500 0 15372 15 4 15391 0 0 0 
2018/07/19 8.22 8.3 8.14 8.15 660 2497 0 15410 15 4 15429 0 0 0 
2018/07/20 8.2 8.2 8.04 8.06 839 2497 0 15304 15 4 15323 0 0 0 
2018/07/23 8.06 8.08 8.03 8.04 468 2477 0 15237 15 4 15256 0 0 0 
2018/07/24 8.02 8.21 8.02 8.17 607 2472 0 15505 15 4 15524 0 0 0 
2018/07/25 8.11 8.22 8.11 8.13 722 2468 0 15452 15 2 15469 0 0 0 
2018/07/26 8.26 8.9 8.15 8.8 3425 2465 0 16240 15 1 16256 0 0 0 
2018/07/27 8.73 8.73 8.37 8.45 2192 2455 0 15156 15 0 15171 0 0 0 
2018/07/30 8.37 8.46 8.26 8.27 977 2448 0 15013 15 0 15028 0 0 0 
2018/07/31 8.27 8.48 8.27 8.31 551 2448 0 14968 15 0 14983 0 0 0 
2018/08/01 8.32 8.38 8.2 8.24 674 2448 0 14829 15 1 14845 0 0 0 
2018/08/02 8.3 8.3 8.15 8.15 792 2385 0 14724 15 0 14739 0 0 0 
2018/08/03 8.2 8.2 8.13 8.13 524 2354 0 14717 15 0 14732 0 0 0 
2018/08/06 8.12 8.29 8.11 8.15 506 2331 0 14725 15 0 14740 0 0 0 
2018/08/07 8.21 8.22 8.15 8.16 339 2321 0 14742 15 0 14757 0 0 0 
2018/08/08 8.16 8.2 8.12 8.12 768 2308 0 14747 15 0 14762 0 0 0 
2018/08/09 8.12 8.15 8.1 8.1 422 2210 0 14743 15 0 14758 0 0 0 
2018/08/10 8.15 8.22 8.08 8.08 581 2206 0 14747 15 0 14762 0 0 0 
2018/08/13 8.05 8.05 7.8 7.9 1354 2153 0 14621 15 9 14645 0 0 0 
2018/08/14 7.9 8 7.87 7.89 493 2153 0 14694 15 9 14718 0 0 0 
2018/08/15 7.9 7.9 7.51 7.63 1261 2132 0 14779 15 10 14804 0 0 0 
2018/08/16 7.41 7.41 7 7.15 2007 2027 0 14796 15 10 14821 0 0 0 
2018/08/17 7.2 7.7 7.2 7.5 1371 2008 0 14791 15 10 14816 0 0 0 
2018/08/20 7.6 7.6 7.3 7.31 544 1934 0 14847 15 11 14873 0 0 0 
2018/08/21 7.3 7.4 7.11 7.17 809 1903 0 14899 15 11 14925 0 0 0 
2018/08/22 7.19 7.34 7.19 7.19 931 1903 0 14901 15 6 14922 0 0 0 
2018/08/23 7.25 7.43 7.19 7.4 871 1900 0 14922 15 1 14938 0 0 0 
2018/08/24 7.5 7.5 7.3 7.33 393 1900 0 14884 15 0 14899 0 0 0 
2018/08/27 7.34 7.37 7.25 7.35 308 1900 0 14897 15 1 14913 0 0 0 
2018/08/28 7.35 7.36 7.25 7.25 431 1900 0 14899 15 1 14915 0 0 0 
2018/08/29 7.36 7.36 7.23 7.24 235 1900 0 14894 15 1 14910 0 0 0 
2018/08/30 7.24 7.47 7.24 7.4 741 1894 0 15065 15 1 15081 0 0 0 
2018/08/31 7.4 7.75 7.3 7.7 2066 1873 0 15254 15 1 15270 0 0 0 
2018/09/03 7.55 7.86 7.55 7.65 1512 1872 0 14706 15 1 14722 0 0 0 
2018/09/04 7.61 7.76 7.61 7.65 771 1872 0 14850 15 1 14866 0 0 0 
2018/09/05 7.71 7.76 7.53 7.53 394 1872 0 14822 15 1 14838 0 0 0 
2018/09/06 7.5 7.65 7.4 7.42 638 1663 0 14838 15 1 14854 0 0 0 
2018/09/07 7.48 7.49 7.18 7.21 894 1658 0 14740 15 1 14756 0 0 0 
2018/09/10 7.1 7.2 6.85 6.88 1529 1638 0 14741 15 0 14756 0 0 0 
2018/09/11 7 7.23 6.92 7.14 837 1637 0 15018 15 1 15034 0 0 0 
2018/09/12 7.05 7.19 7.02 7.07 473 1637 0 15053 15 5 15073 0 0 0 
2018/09/13 7.1 7.6 7.1 7.37 1257 1636 0 15575 15 7 15597 0 0 0 
2018/09/14 7.38 7.55 7.38 7.48 510 1634 0 15535 15 7 15557 0 0 0 
2018/09/17 7.48 7.56 7.41 7.43 291 1624 0 15583 15 7 15605 0 0 0 
2018/09/18 7.38 7.54 7.38 7.39 539 1574 0 15585 15 8 15608 0 0 0 
2018/09/19 7.42 8.1 7.42 8.03 3488 1574 0 16019 15 7 16041 0 0 0 
2018/09/20 8.5 8.7 8.3 8.38 7230 1572 0 15820 15 8 15843 0 0 0 
2018/09/21 8.27 8.38 8.2 8.2 2400 1572 0 15719 15 10 15744 0 0 0 
2018/09/25 8.12 8.5 8.12 8.28 987 1572 0 15697 15 9 15721 0 0 0 
2018/09/26 8.28 8.32 8.05 8.1 1317 1572 0 15712 15 7 15734 0 0 0 
2018/09/27 8.1 8.1 7.95 7.95 898 1552 0 15656 15 7 15678 0 0 0 
2018/09/28 8.03 8.12 7.91 7.98 722 1550 0 15595 15 6 15616 0 0 0 
2018/10/01 7.98 7.98 7.81 7.94 862 1481 0 15688 15 4 15707 0 0 0 
2018/10/02 7.94 7.94 7.73 7.75 854 1480 0 15584 15 2 15601 0 0 0 
2018/10/03 7.76 7.78 7.7 7.7 550 1480 0 15573 15 1 15589 0 0 0 
2018/10/04 7.7 7.92 7.7 7.74 353 1480 0 15527 15 0 15542 0 0 0 
2018/10/05 7.7 7.82 7.31 7.45 870 1264 0 15491 15 9 15515 0 0 0 
2018/10/08 7.16 7.39 7.16 7.2 1176 1209 0 15290 15 11 15316 0 0 0 
2018/10/09 7.3 7.3 7.1 7.1 1237 1168 0 15024 15 11 15050 0 0 0 
2018/10/11 6.87 6.98 6.39 6.39 2225 561 0 14988 15 2 15005 0 0 0 
2018/10/12 6 6.36 6 6.36 1299 545 0 14870 15 1 14886 0 0 0 
2018/10/15 6.36 6.5 6.25 6.4 1094 544 0 14863 15 1 14879 0 0 0 
2018/10/16 6.42 6.7 6.41 6.55 1545 534 0 14842 15 1 14858 0 0 0 
2018/10/17 6.5 6.5 6.1 6.2 2555 534 0 14343 15 1 14359 0 0 0 
2018/10/18 6.11 6.24 5.99 6 2763 533 0 14391 15 37 14443 0 0 0 
2018/10/19 5.9 5.98 5.52 5.65 2495 397 0 14449 15 8 14472 0 0 0 
2018/10/22 5.6 5.65 5.46 5.6 1880 397 0 14533 15 1 14549 0 0 0 
2018/10/23 5.6 5.6 5.46 5.47 1911 397 0 14454 15 1 14470 0 0 0 
2018/10/24 5.47 5.47 5.32 5.37 1642 390 0 14453 15 1 14469 0 0 0 
2018/10/25 5 5.11 4.84 4.89 3538 360 0 13648 15 1 13664 0 0 0 
2018/10/26 5.05 5.07 4.65 4.75 2038 350 0 13744 15 1 13760 0 0 0 
2018/10/29 4.7 4.92 4.7 4.77 874 342 0 13743 15 1 13759 0 0 0 
2018/10/30 4.77 4.85 4.7 4.8 800 326 0 13670 15 2 13687 0 0 0 
2018/10/31 4.88 4.98 4.88 4.97 753 326 0 13794 15 2 13811 0 0 0 
2018/11/01 4.99 5.11 4.96 5.09 1042 326 0 13844 15 0 13859 0 0 0 
2018/11/02 5.59 5.59 5.59 5.59 1323 307 0 13844 15 0 13859 0 0 0 
2018/11/05 6 6.14 5.9 6.14 2642 307 0 13935 15 0 13950 0 0 0 
2018/11/06 6.6 6.64 6.17 6.24 5649 292 0 13572 15 1 13588 0 0 0 
2018/11/07 6.12 6.39 6.01 6.35 2163 292 0 13670 15 1 13686 0 0 0 
2018/11/08 6.43 6.47 6.2 6.2 1563 292 0 13577 15 1 13593 0 0 0 
2018/11/09 6.2 6.27 6.06 6.08 817 287 0 13562 15 1 13578 0 0 0 
2018/11/12 6 6.16 6 6.03 951 285 0 13539 15 1 13555 0 0 0 
2018/11/13 5.78 6.38 5.76 6.32 3178 285 0 13486 15 1 13502 0 0 0 
2018/11/14 6.32 6.66 6.3 6.49 4274 284 0 13575 15 1 13591 0 0 0 
2018/11/15 6.33 6.43 6.23 6.25 1718 284 0 13535 15 1 13551 0 0 0 
2018/11/16 6.3 6.3 6.01 6.07 1979 284 0 13550 15 1 13566 0 0 0 
2018/11/19 6.14 6.19 6.07 6.17 949 284 0 13835 15 1 13851 0 0 0 
2018/11/20 6.21 6.21 6.08 6.12 845 284 0 13700 15 1 13716 0 0 0 
2018/11/21 6.1 6.6 6.09 6.46 2905 262 0 13924 15 1 13940 0 0 0 
2018/11/22 6.46 7.09 6.36 6.85 6048 262 0 13712 15 0 13727 0 0 0 
2018/11/23 7.07 7.35 6.86 7.12 5888 256 0 13633 15 1 13649 0 0 0 
2018/11/26 7 7 6.72 6.92 2607 256 0 13737 15 3 13755 0 0 0 
2018/11/27 6.9 7.07 6.85 6.95 2553 256 0 13606 15 2 13623 0 0 0 
2018/11/28 6.95 7.3 6.92 7.11 4198 253 0 13734 15 1 13750 0 0 0 
2018/11/29 7.13 7.17 7 7.11 2757 252 0 13709 15 1 13725 0 0 0 
2018/11/30 7.11 7.34 7.02 7.22 3432 252 0 13823 15 1 13839 0 0 0 
2018/12/03 7.32 7.47 7.26 7.45 2776 250 0 14084 15 0 14099 0 0 0 
2018/12/04 7.3 7.68 7.3 7.47 3166 250 0 14290 15 1 14306 0 0 0 
2018/12/05 7.01 7.29 7.01 7.14 2645 233 0 14245 15 1 14261 0 0 0 
2018/12/06 7.12 7.41 6.99 7 4088 228 0 14111 15 1 14127 0 0 0 
2018/12/07 7.34 7.34 7.12 7.22 2151 225 0 14193 15 1 14209 0 0 0 
2018/12/10 7.16 7.22 6.97 7.02 1685 219 0 14223 15 1 14239 0 0 0 
2018/12/11 7.3 7.3 7.04 7.11 1069 219 0 14195 15 1 14211 0 0 0 
2018/12/12 7.11 7.22 7.1 7.22 1487 216 0 14442 15 1 14458 0 0 0 
2018/12/13 7.29 7.29 7.08 7.1 1410 215 0 14346 15 1 14362 0 0 0 
2018/12/14 7.19 7.19 6.86 6.91 1820 201 0 14117 15 1 14133 0 0 0 
2018/12/17 6.77 6.98 6.61 6.71 1279 201 0 14023 15 1 14039 0 0 0 
2018/12/18 6.65 6.65 6.4 6.42 1436 198 0 13879 15 1 13895 0 0 0 
2018/12/19 6.56 6.56 6.24 6.24 1029 195 0 13828 15 1 13844 0 0 0 
2018/12/20 6.2 6.29 6.05 6.1 1257 195 0 13889 15 0 13904 0 0 0 
2018/12/21 6.01 6.43 6 6.4 1485 192 0 13927 15 0 13942 0 0 0 
2018/12/22 6.21 6.39 6.21 6.27 557 192 0 13927 15 0 13942 0 0 0 
2018/12/24 6.27 6.27 6.16 6.25 571 192 0 13937 15 0 13952 0 0 0 
2018/12/25 6.16 6.16 6 6.08 845 189 0 13849 15 0 13864 0 0 0 
2018/12/26 6.1 6.18 6.03 6.04 414 189 0 13847 15 0 13862 0 0 0 
2018/12/27 6.2 6.64 6.2 6.63 4526 189 0 13682 15 0 13697 0 0 0 
2018/12/28 6.4 6.5 6.3 6.5 1937 188 0 13697 15 1 13713 0 0 0 
2019/01/02 6.5 6.5 6.31 6.33 868 185 0 13686 15 1 13702 0 0 0 
2019/01/03 6.55 6.62 6.5 6.5 1590 183 0 13691 15 1 13707 0 0 0 
2019/01/04 6.5 6.53 6.35 6.47 804 171 0 13743 15 1 13759 0 0 0 
2019/01/07 6.52 6.6 6.5 6.52 701 171 0 13708 15 1 13724 0 0 0 
2019/01/08 6.58 6.58 6.41 6.41 707 171 0 13667 15 1 13683 0 0 0 
2019/01/09 6.5 6.52 6.39 6.41 819 171 0 13728 15 1 13744 0 0 0 
2019/01/10 6.43 6.48 6.38 6.38 628 171 0 13679 15 1 13695 0 0 0 
2019/01/11 6.45 6.49 6.37 6.49 801 171 0 13648 15 1 13664 0 0 0 
2019/01/14 6.48 6.65 6.42 6.53 1167 171 0 13712 15 1 13728 0 0 0 
2019/01/15 6.59 6.63 6.49 6.5 714 171 0 13664 15 1 13680 0 0 0 
2019/01/16 6.55 6.95 6.54 6.81 3321 171 0 13724 15 1 13740 0 0 0 
2019/01/17 6.91 7 6.75 6.75 2134 171 0 13596 15 1 13612 0 0 0 
2019/01/18 6.81 6.87 6.7 6.8 968 166 0 13593 15 0 13608 0 0 0 
2019/01/21 6.8 6.83 6.65 6.66 871 166 0 13599 15 1 13615 0 0 0 
2019/01/22 6.75 6.75 6.56 6.58 590 166 0 13588 15 1 13604 0 0 0 
2019/01/23 6.64 6.66 6.54 6.58 664 166 0 13585 15 1 13585 0 0 0 
2019/01/24 6.61 6.65 6.58 6.58 525 166 0 13608 15 1 13624 0 0 0 
2019/01/25 6.6 6.62 6.54 6.55 770 166 0 13637 15 2 13637 0 0 0 
2019/01/28 6.55 6.59 6.5 6.55 775 166 0 13693 15 3 13693 0 0 0 
2019/01/29 6.51 6.51 6.43 6.5 551 166 0 13655 15 1 13671 0 0 0 
2019/01/30 6.5 6.54 6.46 6.46 773 166 0 13589 15 1 13589 0 0 0 
2019/02/11 6.5 6.54 6.31 6.35 1114 166 0 13586 15 1 13602 0 0 0 
2019/02/12 6.31 6.45 6.31 6.35 577 166 0 13599 15 1 13615 0 0 0 
2019/02/13 6.2 6.2 5.72 5.86 7683 161 0 13563 15 1 13579 0 0 0 
2019/02/14 5.8 6.09 5.61 5.95 4349 161 0 13721 15 1 13737 0 0 0 
2019/02/15 5.9 5.93 5.8 5.82 2152 6 0 13605 15 1 13621 0 0 0 
2019/02/18 5.79 5.96 5.78 5.81 1173 3 0 13731 15 1 13747 0 0 0 
2019/02/19 5.81 5.88 5.67 5.68 2394 0 0 13723 15 1 13739 0 0 0 
2019/02/20 5.7 5.82 5.69 5.7 1292 0 0 13821 15 1 13837 0 0 0 
2019/02/21 5.71 5.72 5.65 5.7 1071 0 0 13877 15 1 13893 0 0 0 
2019/02/22 5.68 5.73 5.63 5.63 867 0 0 13792 15 1 13808 0 0 0 
2019/02/25 5.67 5.71 5.56 5.66 1527 0 0 13997 15 1 14013 0 0 0 
2019/02/26 5.7 5.77 5.64 5.67 1247 0 0 14000 15 1 14016 0 0 0 
2019/02/27 5.73 5.73 5.67 5.69 665 0 0 13922 15 1 13938 0 0 0 
2019/03/04 5.69 5.78 5.68 5.75 1025 0 0 13793 15 1 13809 0 0 0 
2019/03/05 5.95 6.32 5.93 6.27 6852 0 0 13763 15 1 13779 0 0 0 
2019/03/06 6.1 6.27 6.1 6.15 2788 0 0 13670 15 1 13686 0 0 0 
2019/03/07 6.2 6.24 6.01 6.04 1934 0 0 13624 15 1 13640 0 0 0 
2019/03/08 6.06 6.06 5.93 6.01 1307 0 0 13644 15 1 13660 0 0 0 
2019/03/11 5.98 6.13 5.98 6.01 794 0 0 13666 15 1 13682 0 0 0 
2019/03/12 6.04 6.15 6 6.09 1641 0 0 13717 15 1 13733 0 0 0 
2019/03/13 6.1 6.2 6.04 6.2 2511 0 0 13922 15 1 13938 0 0 0 
2019/03/14 6.28 6.29 6.15 6.15 3085 0 0 13964 15 1 13980 0 0 0 
2019/03/15 6.09 6.15 6.08 6.08 1537 0 0 13978 15 1 13994 0 0 0 
2019/03/18 6.09 6.1 5.95 6 1736 0 0 13951 15 1 13967 0 0 0 
2019/03/19 5.99 6.03 5.87 5.98 1319 0 0 14164 15 1 14180 0 0 0 
2019/03/20 6 6.03 5.98 6 636 0 0 14285 15 1 14301 0 0 0 
2019/03/21 5.96 5.96 5.87 5.88 1514 0 0 14272 15 1 14288 0 0 0 
2019/03/22 5.92 5.93 5.86 5.86 1015 0 0 14273 15 3 14291 0 0 0 
2019/03/25 5.8 5.8 5.7 5.72 1130 0 0 14089 15 3 14107 0 0 0 
2019/03/26 5.76 5.83 5.76 5.81 740 0 0 14028 15 2 14045 0 0 0 
2019/03/27 5.81 5.85 5.61 5.73 1140 0 0 14014 15 1 14030 0 0 0 
2019/03/28 5.73 5.73 5.62 5.69 1152 0 0 13955 15 4 13974 0 0 0 
2019/03/29 5.7 5.96 5.7 5.94 1962 0 0 14028 15 2 14045 0 0 0 
2019/04/01 5.96 6.01 5.85 5.9 1554 0 0 13967 15 2 13984 0 0 0 
2019/04/02 5.88 5.92 5.75 5.81 1887 0 0 13934 15 2 13951 0 0 0 
2019/04/03 6.15 6.15 5.92 5.95 3142 0 0 14097 15 2 14114 0 0 0 
2019/04/08 6.01 6.04 5.89 5.91 965 0 0 14034 15 2 14051 0 0 0 
2019/04/09 5.95 5.95 5.91 5.94 679 0 0 14074 15 1 14090 0 0 0 
2019/04/10 5.94 6 5.89 6 1310 0 0 14240 15 4 14259 0 0 0 
2019/04/11 6.02 6.07 5.98 6.01 1999 0 0 14341 15 1 14357 0 0 0 
2019/04/12 6.04 6.06 5.98 5.99 1125 0 0 14417 15 1 14433 0 0 0 
2019/04/15 6.09 6.32 6.05 6.3 4031 0 0 14904 15 4 14923 0 0 0 
2019/04/16 6.33 6.38 6.13 6.13 2849 0 0 14573 15 4 14592 0 0 0 
2019/04/17 6.13 6.17 6.06 6.17 1926 0 0 14716 15 5 14736 0 0 0 
2019/04/18 6.38 6.38 6.11 6.14 2818 0 0 14472 15 5 14492 0 0 0 
2019/04/19 6.25 6.73 6.24 6.63 7354 0 0 15280 15 5 15300 0 0 0 
2019/04/22 6.63 6.78 6.52 6.58 3610 0 0 14887 15 4 14906 0 0 0 
2019/04/23 6.57 6.57 6.34 6.46 2058 0 0 14814 15 4 14833 0 0 0 
2019/04/24 6.46 6.5 6.34 6.42 1237 0 0 14701 15 4 14720 0 0 0 
2019/04/25 6.45 6.48 6.4 6.42 967 0 0 14771 15 4 14790 0 0 0 
2019/04/26 6.47 6.7 6.4 6.64 2030 0 0 14982 15 4 15001 0 0 0 
2019/04/29 6.69 6.69 6.45 6.51 1570 0 0 14806 15 4 14825 0 0 0 
2019/04/30 6.97 6.98 6.75 6.82 6947 0 0 14396 15 4 14415 0 0 0 
2019/05/02 6.84 6.84 6.71 6.8 2435 0 0 14544 15 4 14563 0 0 0 
2019/05/03 6.8 6.8 6.76 6.77 1303 0 0 14468 15 4 14487 0 0 0 
2019/05/06 6.75 6.75 6.45 6.45 2714 0 0 14346 15 1 14362 0 0 0 
2019/05/07 6.58 6.76 6.5 6.72 2865 0 0 14597 15 1 14613 0 0 0 
2019/05/08 6.5 7.2 6.47 7.15 7861 0 0 15682 15 0 15697 0 0 0 
2019/05/09 7.2 7.2 6.91 7 4091 0 0 15462 15 0 15477 0 0 0 
2019/05/10 7.01 7.1 6.7 6.87 3476 0 0 15298 15 2 15315 0 0 0 
2019/05/13 6.65 6.72 6.4 6.4 5540 0 0 15128 15 10 15153 0 0 0 
2019/05/14 6.33 6.59 6.2 6.5 2486 0 0 14942 15 18 14975 0 0 0 
2019/05/15 6.51 6.74 6.51 6.7 3124 0 0 15027 15 16 15058 0 0 0 
2019/05/16 6.7 6.75 6.51 6.6 3341 0 0 15151 15 13 15179 0 0 0 
2019/05/17 6.69 7.14 6.69 6.8 7041 0 0 14826 15 11 14852 0 0 0 
2019/05/20 6.78 6.78 6.65 6.65 1740 0 0 14765 15 14 14794 0 0 0 
2019/05/21 6.73 6.75 6.59 6.61 1590 0 0 14722 15 15 14752 0 0 0 
2019/05/22 6.6 6.7 6.52 6.6 1527 0 0 14753 15 15 14783 0 0 0 
2019/05/23 6.6 6.6 6.45 6.46 1524 0 0 14763 15 14 14792 0 0 0 
2019/05/24 6.42 6.51 6.37 6.37 1175 0 0 14799 15 14 14828 0 0 0 
2019/05/27 6.4 6.42 6.14 6.14 2179 0 0 14833 15 14 14862 0 0 0 
2019/05/28 6.11 6.19 6.1 6.12 1055 0 0 14722 15 14 14751 0 0 0 
2019/05/29 6.11 6.17 6.07 6.12 672 0 0 14712 15 14 14741 0 0 0 
2019/05/30 6.22 6.22 6.12 6.19 734 0 0 14718 15 14 14747 0 0 0 
2019/05/31 6.2 6.23 6.16 6.18 941 0 0 14681 15 11 14707 0 0 0 
2019/06/03 6.17 6.17 6.1 6.12 507 0 0 14687 15 10 14712 0 0 0 
2019/06/04 6.12 6.14 5.99 6.01 1947 0 0 14711 15 4 14730 0 0 0 
2019/06/05 6.06 6.19 6.06 6.11 1305 0 0 14760 15 4 14779 0 0 0 
2019/06/06 6.15 6.19 6.08 6.08 658 0 0 14752 15 1 14768 0 0 0 
2019/06/10 6.09 6.12 6.01 6.03 1061 0 0 14742 15 2 14759 0 0 0 
2019/06/11 6.05 6.1 5.99 6 2759 0 0 14815 15 2 14832 0 0 0 
2019/06/12 5.96 5.99 5.89 5.89 2892 0 0 14867 15 5 14887 0 0 0 
2019/06/13 5.88 5.88 5.7 5.76 2679 0 0 14789 15 6 14810 0 0 0 
2019/06/14 5.73 6 5.71 5.9 2160 0 0 15015 15 1 15031 0 0 0 
2019/06/17 5.92 5.98 5.87 5.87 1130 0 0 14819 15 3 14837 0 0 0 
2019/06/18 5.87 5.93 5.8 5.8 1180 0 0 14791 15 3 14809 0 0 0 
2019/06/19 6.24 6.25 6.06 6.15 4165 0 0 14809 15 9 14832 0 0 0 
2019/06/20 6.15 6.15 6.06 6.12 3039 0 0 14913 15 11 14938 0 0 0 
2019/07/01 9.38 9.5 9.13 9.28 1847 0 0 9856 15 9 9880 0 0 0 
2019/07/02 9.28 9.28 9.01 9.05 1864 0 0 9564 15 9 9588 0 0 0 
2019/07/03 9.03 9.03 8.84 8.85 1768 0 0 9590 15 9 9614 0 0 0 
2019/07/04 8.87 8.92 8.79 8.85 1273 0 0 9663 15 9 9687 0 0 0 
2019/07/05 8.9 8.9 8.86 8.86 602 0 0 9707 15 8 9730 0 0 0 
2019/07/08 8.86 8.86 8.65 8.65 1431 0 0 9728 15 5 9748 0 0 0 
2019/07/09 8.8 8.86 8.77 8.79 1046 0 0 9768 15 5 9788 0 0 0 
2019/07/10 8.8 8.88 8.76 8.8 661 0 0 9770 15 5 9790 0 0 0 
2019/07/11 8.87 8.88 8.81 8.81 860 0 0 9771 15 5 9791 0 0 0 
2019/07/12 8.8 8.88 8.76 8.81 498 0 0 9761 15 5 9781 0 0 0 
2019/07/15 8.82 8.87 8.76 8.81 534 0 0 9739 15 5 9759 0 0 0 
2019/07/16 8.81 8.97 8.8 8.95 1320 0 0 9817 15 5 9837 0 0 0 
2019/07/17 8.95 8.95 8.85 8.85 691 0 0 9742 15 5 9762 0 0 0 
2019/07/18 8.85 8.85 8.82 8.82 664 0 0 9738 15 5 9758 0 0 0 
2019/07/19 8.89 8.89 8.8 8.81 365 0 0 9730 15 5 9750 0 0 0 
2019/07/22 8.81 8.87 8.74 8.78 739 0 0 9620 15 5 9640 0 0 0 
2019/07/23 8.86 8.86 8.68 8.68 835 0 0 9362 15 6 9382 0 0 0 
2019/07/24 8.71 8.72 8.44 8.46 1382 0 0 9374 15 6 9394 0 0 0 
2019/07/25 8.34 8.59 8.34 8.5 579 0 0 9413 15 10 9438 0 0 0 
2019/07/26 8.53 8.6 8.48 8.51 786 0 0 9334 15 6 9355 0 0 0 
2019/07/29 8.55 9.14 8.52 9 2426 0 0 9433 15 6 9454 0 0 0 
2019/07/30 9.13 9.13 8.8 8.92 1295 0 0 9349 15 5 9369 0 0 0 
2019/07/31 8.85 8.91 8.77 8.82 717 0 0 9412 15 5 9432 0 0 0 
2019/08/01 8.84 8.95 8.8 8.85 542 0 0 9432 15 5 9452 0 0 0 
2019/08/02 8.84 8.84 8.63 8.73 741 0 0 9415 15 5 9435 0 0 0 
2019/08/05 8.73 8.76 8.5 8.55 1024 0 0 9372 15 5 9392 0 0 0 
2019/08/06 8.8 9.24 8.66 9.18 3675 0 0 9608 15 9 9632 0 0 0 
2019/08/07 9.25 9.35 8.9 8.9 2629 0 0 9397 15 6 9418 0 0 0 
2019/08/08 8.9 9.03 8.76 8.77 1609 0 0 9369 15 5 9389 0 0 0 
2019/08/12 8.77 8.96 8.75 8.87 1505 0 0 9490 15 5 9510 0 0 0 
2019/08/13 8.87 8.89 8.73 8.75 843 0 0 9413 15 5 9433 0 0 0 
2019/08/14 8.85 8.85 8.56 8.6 1736 0 0 9293 15 5 9313 0 0 0 
2019/08/15 8.4 8.43 8.21 8.27 1930 0 0 9180 15 5 9200 0 0 0 
2019/08/16 8.3 8.3 8.11 8.18 1552 0 0 9193 15 5 9213 0 0 0 
2019/08/19 8.3 8.39 8.25 8.39 2547 0 0 9186 15 5 9206 0 0 0 
2019/08/20 8.25 8.38 8.19 8.24 2317 0 0 9218 15 5 9238 0 0 0 
2019/08/21 8.85 8.88 8.45 8.52 7028 0 0 9388 15 5 9408 0 0 0 
2019/08/22 8.73 8.78 8.31 8.31 2376 0 0 9282 15 5 9302 0 0 0 
2019/08/23 8.32 8.33 8.21 8.21 1392 0 0 9302 15 5 9322 0 0 0 
2019/08/26 8.07 8.1 8.04 8.08 1262 0 0 9327 15 5 9347 0 0 0 
2019/08/27 8.12 8.12 8.02 8.05 732 0 0 9278 15 5 9298 0 0 0 
2019/08/28 8.06 8.06 7.82 7.85 2466 0 0 9229 15 5 9249 0 0 0 
2019/08/29 7.82 7.82 7.56 7.58 3554 0 0 9221 15 5 9241 0 0 0 
2019/08/30 7.69 7.75 7.6 7.69 2220 0 0 9721 15 7 9743 0 0 0 
2019/09/02 7.75 8.14 7.75 8.01 5480 0 0 9934 15 5 9954 0 0 0 
2019/09/03 8.05 8.06 7.9 7.95 2458 0 0 9839 15 5 9859 0 0 0 
2019/09/04 7.95 7.99 7.92 7.95 2239 0 0 9866 15 5 9886 0 0 0 
2019/09/05 7.95 8.05 7.92 7.94 3218 0 0 9968 15 5 9988 0 0 0 
2019/09/06 7.94 7.95 7.78 7.83 2310 0 0 9845 15 5 9865 0 0 0 
2019/09/09 7.78 7.83 7.78 7.8 1244 0 0 9858 15 5 9878 0 0 0 
2019/09/10 7.8 7.81 7.71 7.71 1309 0 0 9867 15 5 9887 0 0 0 
2019/09/11 7.77 7.88 7.74 7.85 2498 0 0 10025 15 5 10045 0 0 0 
2019/09/12 7.9 8.01 7.86 8 2644 0 0 10320 15 5 10340 0 0 0 
2019/09/16 8.03 8.05 7.95 7.97 2246 0 0 10266 15 5 10286 0 0 0 
2019/09/17 7.96 7.97 7.85 7.85 1695 0 0 10287 15 5 10307 0 0 0 
2019/09/18 7.51 7.52 7.44 7.48 11728 0 0 11963 15 0 11978 0 0 0 
2019/09/19 7.47 7.53 7.4 7.44 4062 0 0 11900 15 0 11915 0 0 0 
2019/09/20 7.47 7.5 7.42 7.5 1688 0 0 11992 15 0 12007 0 0 0 
2019/09/23 7.51 7.62 7.48 7.56 3534 0 0 12238 15 0 12253 0 0 0 
2019/09/24 7.58 7.69 7.58 7.62 3511 0 0 12260 15 0 12275 0 0 0 
2019/09/25 7.62 7.63 7.53 7.56 1603 0 0 12092 15 0 12107 0 0 0 
2019/09/26 7.57 7.6 7.51 7.55 1583 0 0 11889 15 0 11904 0 0 0 
2019/09/27 7.55 7.55 7.43 7.44 2532 0 0 11858 15 0 11873 0 0 0 
2019/10/01 7.5 7.53 7.44 7.46 1037 0 0 11863 15 0 11878 0 0 0 
2019/10/02 7.46 7.48 7.42 7.44 969 0 0 11851 15 0 11866 0 0 0 
2019/10/03 7.42 7.45 7.38 7.42 1269 0 0 11903 15 0 11918 0 0 0 
2019/10/04 7.43 7.52 7.43 7.44 1089 0 0 11941 15 0 11956 0 0 0 
2019/10/07 7.49 7.5 7.39 7.42 1538 0 0 11970 15 0 11985 0 0 0 
2019/10/08 7.42 7.48 7.4 7.44 981 0 0 11993 15 0 12008 0 0 0 
2019/10/09 7.43 7.44 7.38 7.4 812 0 0 11968 15 0 11983 0 0 0 
2019/10/14 7.43 7.46 7.35 7.38 1728 0 0 12007 15 4 12026 0 0 0 
2019/10/15 7.36 7.41 7.36 7.41 1242 0 0 12060 15 5 12080 0 0 0 
2019/10/16 7.46 7.72 7.46 7.62 8726 0 0 11939 15 0 11954 0 0 0 
2019/10/17 7.55 7.59 7.44 7.48 3918 0 0 11663 15 0 11678 0 0 0 
2019/10/18 7.52 7.54 7.42 7.43 2104 0 0 11677 15 0 11692 0 0 0 
2019/10/21 7.43 7.51 7.43 7.51 1670 0 0 11881 15 0 11896 0 0 0 
2019/10/22 7.54 7.65 7.51 7.59 3094 0 0 11920 15 0 11935 0 0 0 
2019/10/23 7.6 7.6 7.5 7.51 1417 0 0 11839 15 0 11854 0 0 0 
2019/10/24 7.51 7.57 7.49 7.54 1467 0 0 12191 15 0 12206 0 0 0 
2019/10/25 7.6 7.73 7.56 7.56 3362 0 0 11975 15 0 11990 0 0 0 
2019/10/28 7.61 7.63 7.5 7.53 1619 0 0 11975 15 0 11990 0 0 0 
2019/10/29 7.53 7.59 7.47 7.5 1583 0 0 12096 15 0 12111 0 0 0 
2019/10/30 7.51 7.65 7.46 7.62 2538 0 0 12470 15 0 12485 0 0 0 
2019/10/31 8.38 8.38 8.15 8.38 21902 0 0 12252 15 0 12267 0 0 0 
2019/11/01 8.3 8.48 8.17 8.27 12388 0 0 11764 15 0 11779 0 0 0 
2019/11/04 8.28 8.28 7.94 7.96 8665 0 0 11394 15 0 11409 0 0 0 
2019/11/05 8 8 7.83 7.83 4563 0 0 11156 15 1 11172 0 0 0 
2019/11/06 7.82 7.96 7.79 7.85 2692 0 0 11178 15 1 11194 0 0 0 
2019/11/07 7.85 7.95 7.85 7.92 2212 0 0 11216 15 1 11232 0 0 0 
2019/11/08 7.95 8.15 7.9 7.98 3084 0 0 11220 15 0 11235 0 0 0 
2019/11/11 7.92 7.93 7.61 7.61 3421 0 0 11058 15 1 11074 0 0 0 
2019/11/12 7.63 7.72 7.63 7.69 992 0 0 11065 15 1 11081 0 0 0 
2019/11/13 7.7 7.74 7.65 7.7 1061 0 0 11007 15 1 11023 0 0 0 
2019/11/14 7.62 7.62 7.4 7.43 4380 0 0 10933 15 1 10949 0 0 0 
2019/11/15 7.49 7.59 7.47 7.52 2541 0 0 11156 15 1 11172 0 0 0 
2019/11/18 7.53 7.58 7.45 7.47 1438 0 0 11140 15 1 11156 0 0 0 
2019/11/19 7.48 7.53 7.41 7.44 1162 0 0 11192 15 1 11208 0 0 0 
2019/11/20 7.42 7.46 7.4 7.41 922 0 0 11225 15 1 11241 0 0 0 
2019/11/21 7.4 7.48 7.37 7.47 1211 0 0 11280 15 1 11296 0 0 0 
2019/11/22 7.48 7.52 7.45 7.47 952 0 0 11282 15 1 11298 0 0 0 
2019/11/25 7.52 7.56 7.48 7.54 1028 0 0 11340 15 1 11356 0 0 0 
2019/11/26 7.58 7.6 7.49 7.55 861 0 0 11054 15 1 11070 0 0 0 
2019/11/27 7.54 7.55 7.48 7.49 1068 0 0 10819 15 1 10835 0 0 0 
2019/11/28 7.49 7.49 7.38 7.4 2041 0 0 10785 15 1 10801 0 0 0 
2019/11/29 7.41 7.41 7.37 7.38 1252 0 0 10714 15 1 10730 0 0 0 
2019/12/02 7.37 7.41 7.28 7.29 1225 0 0 10607 15 1 10623 0 0 0 
2019/12/03 7.32 7.39 7.32 7.38 610 0 0 10639 15 1 10655 0 0 0 
2019/12/04 7.37 7.37 7.31 7.32 1013 0 0 10520 15 1 10536 0 0 0 
2019/12/05 7.36 7.37 7.32 7.35 772 0 0 10281 15 1 10297 0 0 0 
2019/12/06 7.33 7.37 7.32 7.32 728 0 0 10302 15 1 10318 0 0 0 
2019/12/09 7.33 7.37 7.31 7.31 552 0 0 10287 15 1 10303 0 0 0 
2019/12/10 7.35 7.45 7.31 7.43 1125 0 0 10349 15 1 10365 0 0 0 
2019/12/11 7.36 7.4 7.33 7.34 1408 0 0 10338 15 1 10354 0 0 0 
2019/12/12 7.37 7.39 7.33 7.34 647 0 0 10286 15 6 10307 0 0 0 
2019/12/13 7.35 7.36 7.28 7.28 1117 0 0 10230 15 9 10254 0 0 0 
