1999/10/08 67 76.5 67 67 2552 
1999/10/15 63.5 74 63.5 70 3739 
1999/10/22 70 73 64 65.5 2236 
1999/10/29 65 70 64.5 70 1535 
1999/11/05 70 70 63 64 1046 
1999/11/12 63 64 61 62.5 655 
1999/11/19 62.5 69 62.5 65 2756 
1999/11/26 65 73 61 69 5519 
1999/12/03 71 73.5 66.5 67 2783 
1999/12/10 67.5 68 64 66.5 1079 
1999/12/17 67.5 70.5 65 67 1693 
1999/12/24 71.5 76.5 70 75 4501 
1999/12/31 75 79 75 76.5 1243 
2000/01/07 77 81.5 75 76.5 2527 
2000/01/14 77.5 84.5 76 80.5 4673 
2000/01/21 80 80.5 76.5 77.5 1586 
2000/01/28 77 83 76 78.5 3982 
2000/02/04 79.5 88 79.5 88 2568 
2000/02/11 92.5 94 86 94 3288 
2000/02/18 94 97 88 96 5354 
2000/02/25 95.5 95.5 85 91 1836 
2000/03/03 92 96 88 95 2122 
2000/03/10 95.5 95.5 88.5 90.5 1971 
2000/03/17 90.5 90.5 74.5 80 1348 
2000/03/24 77.5 100.5 75 100.5 3296 
2000/03/31 102 132.5 101.5 132.5 7448 
2000/04/07 135 149.5 134 149.5 3800 
2000/04/14 159 170 132 132 4459 
2000/04/21 123 142 123 133 3753 
2000/04/28 131 132 112 130 3664 
2000/05/05 132 133 113.5 125 3233 
2000/05/12 125 128 116 119 2192 
2000/05/19 119 132.5 106.5 126 3872 
2000/05/26 126 128 111 119 1816 
2000/06/02 119 153 116 153 9185 
2000/06/09 161 170 155 160 7322 
2000/06/16 162 173 130 133 12286 
2000/06/23 134 138 123 136 7125 
2000/06/30 136 136 112 118.5 4794 
2000/07/07 116.5 118.5 96.5 111 3864 
2000/07/14 111 130 103 126 5710 
2000/07/21 129.5 129.5 110 116 3698 
2000/07/28 116 117 105 113 3148 
2000/08/04 112 114 104 108 2958 
2000/08/11 105 128 105 120 6803 
2000/08/18 120 128 118 125 6906 
2000/08/25 126 131.5 115 120.5 5539 
2000/09/01 118 121.5 97 102.5 6760 
2000/09/08 105 112.5 100 100 4992 
2000/09/15 99 100 88.5 89 3415 
2000/09/22 89 98 85 88.5 4347 
2000/09/29 88.5 90 75.5 76 3814 
2000/10/06 75 79.5 70 75 2391 
2000/10/13 76 76 61 65 1192 
2000/10/20 69.5 69.5 48.7 51 3698 
2000/10/27 50 63 49.3 58.5 4076 
2000/11/03 56.5 57.5 52 54 2389 
2000/11/10 52.5 66 51 65 4638 
2000/11/17 60.5 60.5 51.5 54 2641 
2000/11/24 52 57.5 49 57.5 2293 
2000/12/01 59 60.5 53 54 2105 
2000/12/08 54 55.5 50 50.5 1343 
2000/12/15 51 51 45.8 45.8 1581 
2000/12/22 44.2 45.3 38.6 39.1 592 
2000/12/29 39.9 40.5 35.5 36.7 892 
2001/01/05 36.7 47.9 36.7 47.9 641 
2001/01/12 50.5 58.5 48.5 54 5369 
2001/01/19 52 68 52 65 3311 
2001/02/02 64 74.5 58 74.5 4360 
2001/02/09 71 74 63.5 69.5 3573 
2001/02/16 68.5 73.5 67.5 70.5 2781 
2001/02/23 66 70 60 64 1817 
2001/03/02 64 66 61 66 1476 
2001/03/09 67 77 64.5 76 5417 
2001/03/16 73.5 85.5 73.5 83 6125 
2001/03/23 82.5 91.5 78 88 3170 
2001/03/30 89 96 86 96 5252 
2001/04/06 92 93.5 81.5 86.5 2222 
2001/04/13 85 90 82.5 86 1556 
2001/04/20 84.5 95.5 83.5 92.5 4800 
2001/04/27 92.5 98 91 91 2775 
2001/05/04 91 91 81.5 83 2214 
2001/05/11 82 83 75 80.5 1775 
2001/05/18 78 83 77.5 78 618 
2001/05/25 77.5 77.5 63.5 70 3233 
2001/06/01 68 69 63.5 67 1660 
2001/06/08 67 83.5 65 83.5 3733 
2001/06/15 84 86 65 68 6072 
2001/06/22 67 68 64 65 1344 
2001/06/29 65 66 58.5 66 1890 
2001/07/06 65 65 60 61.5 1343 
2001/07/13 60.5 61 53.5 53.5 2043 
2001/07/20 53.5 54 45 48.1 3329 
2001/07/27 49 50 41.6 48.9 2686 
2001/08/03 47.2 53 47 51.5 2273 
2001/08/10 50 51.5 45.5 47.4 3122 
2001/08/17 47 53 46.3 52 5855 
2001/08/24 49.3 51 46.4 46.4 2565 
2001/08/31 43.6 45.8 41.5 42.1 2272 
2001/09/07 42.5 44.9 38.2 38.5 1558 
2001/09/14 38 38.9 31.9 32 1432 
2001/09/21 31.2 33.5 31.2 31.5 647 
2001/09/28 31.5 37.9 31.5 36.6 3636 
2001/10/05 35.1 36 33.3 36 1547 
2001/10/12 34.9 39.3 33.8 36.1 2686 
2001/10/19 35.5 36.3 33.4 36.3 4385 
2001/10/26 36.9 43 36.6 41.3 10045 
2001/11/02 41.3 42.5 39 42.5 7335 
2001/11/09 45.4 49.3 43.5 46.8 11939 
2001/11/16 46.7 49.8 45.2 48.7 9854 
2001/11/23 48 54.5 47.6 53.5 18232 
2001/11/30 53.5 56 49.6 54 12497 
2001/12/07 56 60.5 55 58.5 14287 
2001/12/14 58.5 64.5 56.5 58.5 14301 
2001/12/21 58.5 59.5 53.5 54 6612 
2001/12/28 52 63 52 60 14635 
2002/01/04 60 63 57.5 58.5 8259 
2002/01/11 59.5 66 58 60.5 16316 
2002/01/18 59 61.5 56 57.5 5850 
2002/01/25 57.5 69.5 57.5 67 20758 
2002/02/01 67.5 72 65.5 68.5 15804 
2002/02/08 68.5 68.5 64 68 3414 
2002/02/22 69 70 58.5 59.5 4941 
2002/03/01 60.5 61 57 59 3521 
2002/03/08 61.5 66.5 59.5 63 9162 
2002/03/15 62.5 65 60.5 62 4697 
2002/03/22 62.5 64.5 57 62 8148 
2002/03/29 62.5 63.5 58.5 59 5826 
2002/04/05 58 61.5 57 58 2810 
2002/04/12 58 60 56 60 2480 
2002/04/19 60.5 61 58 59 3232 
2002/04/26 59.5 60 56 56.5 1482 
2002/05/03 56 56.5 50 51.5 1838 
2002/05/10 51 56 48 53 4990 
2002/05/17 52 55 51 52.5 1973 
2002/05/24 52 55 49 54.5 2724 
2002/05/31 54 54.5 51.5 53 1430 
2002/06/07 52.5 56.5 51 52.5 3694 
2002/06/14 53 56 52 55 2262 
2002/06/21 55.5 57.5 50.5 52 2646 
2002/06/28 51 51.5 46.6 48.6 1975 
2002/07/05 48.6 49 42.9 48.9 2737 
2002/07/12 50 50.5 46.6 50.5 2350 
2002/07/19 51 54 43.3 43.7 5410 
2002/07/26 42.7 44.8 40.8 40.9 1952 
2002/08/02 40.9 48 40.9 47.8 7244 
2002/08/09 44.5 49.1 43.7 47.8 6786 
2002/08/16 48.1 49.9 46.6 49.2 5614 
2002/08/23 49.4 49.5 46 47.8 4640 
2002/08/30 47.6 48.3 46.1 46.1 1596 
2002/09/06 45.5 45.8 43.6 44.2 1731 
2002/09/13 45.1 49.5 44.3 47.9 5934 
2002/09/20 47.9 48.1 43 43.4 3150 
2002/09/27 43.4 44 39.2 40.2 3520 
2002/10/04 39.4 40.3 37.4 37.7 2491 
2002/10/11 37.1 37.3 35.1 35.7 1602 
2002/10/18 36 41.4 36 40.7 5142 
2002/10/25 41.2 44 38.8 42.6 9014 
2002/11/01 43.5 43.5 39.8 39.9 4185 
2002/11/08 41.5 43.2 40.1 41.5 4998 
2002/11/15 41.4 42.3 39.8 40.8 3189 
2002/11/22 40.8 41.5 37.8 38.8 2714 
2002/11/29 39 39.4 37.6 38.5 1116 
2002/12/06 38.8 41.1 38.2 39.5 1923 
2002/12/13 40.5 41 37.8 38.4 1468 
2002/12/20 38.4 39 35 38.2 1342 
2002/12/27 36.1 38.2 34.8 35.5 2258 
2003/01/03 35.1 37.9 34.5 37.8 1863 
2003/01/10 38.4 39.8 37 38.7 2200 
2003/01/17 38.8 41.1 38.8 39.1 3068 
2003/01/24 38.7 40 38.2 38.5 738 
2003/01/31 38.5 39.1 38.1 39.1 403 
2003/02/07 39.1 39.1 36.8 37.3 326 
2003/02/14 37.2 39.5 36.8 38.5 754 
2003/02/21 39.5 41.7 38.6 40.2 1926 
2003/02/28 41.3 41.3 39.2 39.2 1237 
2003/03/07 39.8 39.8 38 38.1 600 
2003/03/14 38.2 41 37.3 38.9 1266 
2003/03/21 38.6 41.5 38.3 40.7 2488 
2003/03/28 41 41.5 39.5 39.5 1163 
2003/04/04 39.1 40.5 38.1 40 757 
2003/04/11 39 40.8 39 39.4 1465 
2003/04/18 40 45.3 38.9 45.2 6216 
2003/04/25 45.2 45.8 40 41.5 5737 
2003/05/02 41.4 42 39.2 41.5 2532 
2003/05/09 41.5 42.6 40.9 40.9 1596 
2003/05/16 41.4 43.9 40.9 42 2841 
2003/05/23 41.1 43.2 40.4 42.8 1552 
2003/05/30 43.1 49.2 43 47.8 13302 
2003/06/06 48.6 51 48 50 9082 
2003/06/13 50 53.5 49.1 52.5 10834 
2003/06/20 52 58 50.5 57 16722 
2003/06/27 57 58 52.5 53 6213 
2003/07/04 53.5 56.5 53 56 7509 
2003/07/11 57 57 53 53 6871 
2003/07/18 54 55.5 46.5 48 8304 
2003/07/25 48.3 51.5 46.3 50.5 7619 
2003/08/01 51 54 50 54 7140 
2003/08/08 53.5 54 51 51 2842 
2003/08/15 51.5 59.5 51 59.5 15242 
2003/08/22 59.5 62 56 56 12430 
2003/08/29 56 58 50 53.5 10324 
2003/09/05 56 56 51 51.5 4788 
2003/09/12 51 54 50.5 52 2826 
2003/09/19 52 56.5 51.5 56.5 12988 
2003/09/26 56 56 51 52.5 5001 
2003/10/03 52 54.5 51 53.5 3959 
2003/10/10 53.5 54 51 52 2918 
2003/10/17 52 53.5 51 52.5 3748 
2003/10/24 52 53 51 51 1299 
2003/10/31 51 52.5 50.5 50.5 2441 
2003/11/07 50.5 52 50.5 51 2315 
2003/11/14 51.5 54.5 51 54 6334 
2003/11/21 54 55.5 51 51.5 3209 
2003/11/28 52 52.5 50 51 2067 
2003/12/05 50.5 54.5 50.5 52.5 5212 
2003/12/12 52.5 54 51.5 52.5 1827 
2003/12/19 53.5 53.5 51 52 1100 
2003/12/26 52 52.5 51 51.5 2023 
2004/01/02 51.5 52.5 51.5 52 1037 
2004/01/09 52.5 54 51.5 53 4150 
2004/01/16 53 54 52 52.5 4078 
2004/01/30 53 53.5 52 52.5 2276 
2004/02/06 52.5 54 51.5 51.5 5368 
2004/02/13 52 52.5 51 51 4210 
2004/02/20 51.5 52 50.5 51 4346 
2004/02/27 51.5 57.5 51 56.5 13673 
2004/03/05 57 58 54.5 55.5 6489 
2004/03/12 56.5 56.5 54 56 2975 
2004/03/19 56 57 52.5 53 3162 
2004/03/26 49.3 50 45.9 47.2 3098 
2004/04/02 48.8 52 48.5 50 2485 
2004/04/09 51 51.5 47.6 47.9 4666 
2004/04/16 49 49.9 48.5 49.3 2153 
2004/04/23 49.3 50.5 46.1 46.3 3027 
2004/04/30 46.3 47 41.2 42.5 2494 
2004/05/07 42.5 42.9 40 41.5 2927 
2004/05/14 41.4 41.4 38.6 39.8 2561 
2004/05/21 39 41.6 37.1 41.5 1796 
2004/05/28 41.5 41.8 40.7 41.8 696 
2004/06/04 41.8 41.8 37.7 39.2 1033 
2004/06/11 39.4 40.9 39 40.3 443 
2004/06/18 40 40.3 37.5 37.8 836 
2004/06/25 38 38.8 37.5 38.8 402 
2004/07/02 38.2 39.2 36.7 37.7 829 
2004/07/09 37.3 37.3 35.6 36.3 598 
2004/07/16 36 37.8 36 36.6 814 
2004/07/23 35.6 36.5 31.6 33.6 1051 
2004/07/30 35.3 37.2 34.5 36.3 2183 
2004/08/06 36.2 36.9 34.3 35.5 1593 
2004/08/13 35 35.5 32.7 33.2 1043 
2004/08/20 33 34.5 31.6 33.8 1491 
2004/08/27 33.7 36.2 33.5 35.6 1971 
2004/09/03 35.7 37.5 34.7 37.2 3096 
2004/09/10 36.8 36.8 31.2 31.3 3491 
2004/09/17 32 33.6 31.4 32.6 4041 
2004/09/24 32.6 32.6 31.5 32.3 1210 
2004/10/01 32.2 32.3 31.3 32 739 
2004/10/08 32.8 33.7 32.5 33 3380 
2004/10/15 33 33 31.5 31.6 1156 
2004/10/22 31.6 31.6 30.7 30.8 941 
2004/10/29 30.6 30.6 28.3 29.2 1194 
2004/11/05 29 29.9 28.4 29.2 1061 
2004/11/12 29.5 29.5 28 28 717 
2004/11/19 28 29 26.3 28.3 3064 
2004/11/26 28.2 28.6 26 26.4 1708 
2004/12/03 26.3 26.3 24.6 25.1 1349 
2004/12/10 25.2 26.1 25.2 25.8 877 
2004/12/17 26 26.9 25.8 26.2 1459 
2004/12/24 25.8 26 25.2 25.3 771 
2004/12/31 25.4 26.6 24.8 26 3220 
2005/01/07 26.2 26.2 24.9 25.1 1112 
2005/01/14 24.9 25.2 24.5 24.8 995 
2005/01/21 25 25.5 24.5 25.2 756 
2005/01/28 25.2 26 24.7 25.7 841 
2005/02/04 25.4 27.5 25.4 26.9 2013 
2005/02/18 27.2 28.7 27 28.4 2406 
2005/02/25 28.8 29 27.4 27.7 1684 
2005/03/04 27.8 28.35 26.2 26.7 1994 
2005/03/11 27.2 31.45 27 31.45 6468 
2005/03/18 31.4 32.3 28.1 29.4 2572 
2005/03/25 30 30.1 28.4 28.7 1263 
2005/04/01 28.9 34.5 28.75 33.7 29654 
2005/04/08 33.7 35.6 31.75 32.2 16127 
2005/04/15 32 36.5 31.8 35.8 18288 
2005/04/22 35.4 40.1 33.6 39.2 67859 
2005/04/29 39.4 39.8 37.3 38.6 25971 
2005/05/06 39 39.6 37.4 39.6 16366 
2005/05/13 39.6 42 37.8 38.4 15427 
2005/05/20 38.4 39.3 36.8 38 11030 
2005/05/27 38 38.2 34.5 37.9 9687 
2005/06/03 37.9 39.2 36.3 38.85 10867 
2005/06/10 38.85 39.8 37.5 38.1 5340 
2005/06/17 38.1 38.9 37.55 37.85 3273 
2005/06/24 37.8 41.8 37.5 40.2 16194 
2005/07/01 40.2 43.9 40.2 41.3 22574 
2005/07/08 41.3 44 41.3 42.2 12324 
2005/07/15 44.5 44.5 42.25 43.15 17649 
2005/07/22 43.2 44.3 40.9 41 10507 
2005/07/29 41 43.45 40.5 41.5 6950 
2005/08/05 41.5 42.65 38.7 42.65 8232 
2005/08/12 43.45 50.5 43.45 46.55 46432 
2005/08/19 46.55 49.9 44.8 48 17303 
2005/08/26 48.5 49.5 45.5 47.8 12196 
2005/09/02 47.6 48.05 39.1 42.35 11794 
2005/09/09 43 44.2 42 42.35 11933 
2005/09/16 42.5 45.55 41.5 42 12018 
2005/09/23 42.4 44.5 41 43 12371 
2005/09/30 44 47.6 42.95 47.2 19588 
2005/10/07 48 49.8 46.7 48.2 22726 
2005/10/14 48.2 48.6 44.2 44.85 6232 
2005/10/21 44.85 45.35 41.15 42.8 9377 
2005/10/28 43 43.4 34.9 36.5 10739 
2005/11/04 36.8 40 36.5 38.6 15556 
2005/11/11 39 40.75 36.1 40.35 14941 
2005/11/18 40.85 42.8 40.2 42.3 12215 
2005/11/25 43 44.2 41.7 41.9 17914 
2005/12/02 42.5 45 41.65 44.35 23455 
2005/12/09 45.45 47 42.4 45.05 21572 
2005/12/16 45.05 45.35 43.25 44.4 18666 
2005/12/23 45.2 46.8 44.6 46 18483 
2005/12/30 49.2 51 45.05 46.3 36201 
2006/01/06 45.9 48.4 44.7 44.7 28693 
2006/01/13 45.3 46.5 43.1 43.6 16804 
2006/01/20 43.5 44.4 40.5 40.55 11066 
2006/01/27 40.6 40.6 38.8 39.65 3888 
2006/02/03 39.9 40.6 39.85 39.85 864 
2006/02/10 39.8 41.9 39.3 39.85 4031 
2006/02/17 39.85 45 39.55 43.9 18777 
2006/02/24 44.2 44.5 40.55 44.5 16837 
2006/03/03 44.3 47.85 43.9 46.3 49251 
2006/03/10 46.5 47.7 45.2 46.1 19539 
2006/03/17 47.2 47.4 45 46.2 19963 
2006/03/24 46.8 47.1 43.6 43.6 12047 
2006/03/31 44.2 45.5 43.8 44.7 7663 
2006/04/07 45.45 45.95 44.5 44.8 7728 
2006/04/14 44.5 49.6 42.6 49.4 28956 
2006/04/21 51 60.6 50.7 58.5 65063 
2006/04/28 55 60.5 55 57.2 21546 
2006/05/05 59.2 62.7 56 56 22948 
2006/05/12 56.6 57.9 53.7 54.4 15567 
2006/05/19 54.5 57.5 52.8 53.9 12388 
2006/05/26 54.8 56.3 48.4 48.4 18686 
2006/06/02 47 47.9 44.8 45.8 13637 
2006/06/09 45.8 46 37.7 39.75 19022 
2006/06/16 39.25 42.3 39 40.8 8822 
2006/06/23 40.8 41.5 36 39.4 7775 
2006/06/30 39.8 41.2 39 40 6376 
2006/07/07 40.05 44.7 39.3 43.5 15084 
2006/07/14 43 47.3 42.6 45.1 21030 
2006/07/21 44.75 47.4 42.15 46.3 14887 
2006/07/28 45.8 49.2 44.8 47.85 11998 
2006/08/04 49.1 49.7 46.6 48.1 13538 
2006/08/11 48 51 47.3 48.5 10451 
2006/08/18 49 50.4 47.4 49.5 13897 
2006/08/25 50.3 50.3 46.15 48 9701 
2006/09/01 48 49 43.5 43.95 14321 
2006/09/08 44.3 46.45 44.05 45.9 11434 
2006/09/15 45.8 46 39.3 40.9 15742 
2006/09/22 41.5 42.8 40.8 41.3 7468 
2006/09/29 41.35 42.4 41 41.25 4847 
2006/10/06 41 41.2 40.1 40.3 3817 
2006/10/13 40.35 40.7 39 39.8 6488 
2006/10/20 39.8 41.85 39.6 41.15 7545 
2006/10/27 41.15 42.45 40.8 41.3 5775 
2006/11/03 41 41.9 40.3 41.3 7531 
2006/11/10 39.6 42.3 39.6 41.6 8114 
2006/11/17 41.6 41.6 40.3 40.8 6495 
2006/11/24 40.6 44.4 40.5 42.4 18459 
2006/12/01 42.6 42.85 41.05 41.6 7057 
2006/12/08 41.4 41.85 40.8 41.3 5940 
2006/12/15 41.3 41.7 39.8 40 6935 
2006/12/22 40.1 42.2 40 41.35 9911 
2006/12/29 41.5 43 41.1 42.65 14465 
2007/01/05 42.85 43 41.4 42 8655 
2007/01/12 42 42.4 40 40.5 6885 
2007/01/19 41.5 41.75 40.5 41.1 10526 
2007/01/26 41.5 41.55 40.35 40.7 6308 
2007/02/02 40.9 41.1 39.55 40.6 5226 
2007/02/09 40.6 40.7 39.95 40 2970 
2007/02/16 40 40.45 39.6 39.6 2410 
2007/03/02 40.15 40.15 38.8 38.9 3583 
2007/03/09 38.8 38.8 35.3 37.3 6703 
2007/03/16 37.5 37.65 36.45 36.7 3361 
2007/03/23 36.9 38.55 36.8 37.4 3793 
2007/03/30 38 41 38 39.55 10193 
2007/04/06 39.6 42 39.4 40.4 6511 
2007/04/13 40.55 41 39.6 40 5376 
2007/04/20 40 40.8 38.6 40.35 6277 
2007/04/27 41 41.8 39.7 40.6 14325 
2007/05/04 40.5 40.5 36.8 37.8 5212 
2007/05/11 38 38.5 37.8 38.2 4080 
2007/05/18 38.2 38.45 36.95 37.05 2279 
2007/05/25 37.25 38.05 36.9 37.6 2731 
2007/06/01 37.6 37.95 37 37.6 2293 
2007/06/08 37.65 39.4 37.6 38 5337 
2007/06/15 38.2 38.6 37.65 37.7 3753 
2007/06/22 37.7 38.9 37.65 38.5 3869 
2007/06/29 38.9 40.2 38.2 39.4 11815 
2007/07/06 39.7 40.3 38.8 40 10086 
2007/07/13 40.15 44.8 40 40.05 26431 
2007/07/20 40.1 40.5 39.5 39.9 7060 
2007/07/27 40.35 41.5 37.9 38 9119 
2007/08/03 38 38.8 34 35.4 8015 
2007/08/10 34.8 35.35 34.05 34.05 3583 
2007/08/17 34.1 35.3 29.8 30 5452 
2007/08/24 31.5 31.7 29.1 30.5 4208 
2007/08/31 31 32.85 30.65 31.9 4712 
2007/09/07 32 32.4 30.8 32 3347 
2007/09/14 31.95 33.6 31.6 31.9 5139 
2007/09/21 31.9 32 30.2 31 1763 
2007/09/28 31.2 32.05 31 31.65 2166 
2007/10/05 31.7 32.3 31.35 31.8 4400 
2007/10/12 31.95 35.85 31.95 34.8 15129 
2007/10/19 35.4 36.5 34.4 34.5 13506 
2007/10/26 33.35 34.2 32.95 33 4429 
2007/11/02 33.2 34.8 31 31.3 4864 
2007/11/09 31.3 31.95 29.1 29.6 3420 
2007/11/16 28 30.2 28 29 2290 
2007/11/23 29.3 29.75 28 28 1563 
2007/11/30 28 28.2 25 25.8 4487 
2007/12/07 26.5 27.4 26.15 26.7 1860 
2007/12/14 26.8 27 24 24.1 1993 
2007/12/21 24 24.15 21.8 22.95 3766 
2007/12/28 23 24.7 23 24.5 2051 
2008/01/04 24.7 25.7 24.05 24.25 1271 
2008/01/11 22.8 24.1 22.4 23.6 1464 
2008/01/18 24 24.8 23.2 23.6 1369 
2008/01/25 23.6 23.95 21.3 22.2 2606 
2008/02/01 22.2 22.4 21.85 22.3 1110 
2008/02/15 22.25 23 21.55 22.5 571 
2008/02/22 22.75 23.5 22.55 23 1140 
2008/02/29 23 24.85 23 24.6 2266 
2008/03/07 24.4 27.1 24.4 25.85 8873 
2008/03/14 25.9 26 24.8 25.05 2149 
2008/03/21 24.5 24.9 24.1 24.75 1456 
2008/03/28 25.95 26.1 25.25 25.85 2148 
2008/04/04 25.85 26.4 25.65 26.2 1582 
2008/04/11 26 26.8 25.8 26.5 1923 
2008/04/18 26.5 28 26.1 26.95 2667 
2008/04/25 27.2 28.3 26.9 27.3 2554 
2008/05/02 27.3 27.3 26.4 26.4 1274 
2008/05/09 26.6 26.8 25.7 25.85 1744 
2008/05/16 25.9 26.6 25.6 26.45 1289 
2008/05/23 26.45 26.7 25 25 1779 
2008/05/30 25 25.5 24 24.1 1199 
2008/06/06 24.6 25 24 24.7 832 
2008/06/13 24 24.6 22.7 22.75 1261 
2008/06/20 22.9 23.4 22.05 22.05 1400 
2008/06/27 21.6 22 20 20 1860 
2008/07/04 20.1 21.6 19.5 20.9 1606 
2008/07/11 21.5 21.5 19.8 20.4 1519 
2008/07/18 20.3 20.9 18.3 18.3 1671 
2008/07/25 18.6 20.25 18.45 19.4 2172 
2008/08/01 19.05 19.5 18.65 18.85 1380 
2008/08/08 18.8 19 16.6 17.8 2010 
2008/08/15 18 18.6 18 18.2 958 
2008/08/22 18.2 18.4 16.9 16.95 959 
2008/08/29 17 17.4 17 17.3 617 
2008/09/05 17.05 17.2 14.6 14.6 1823 
2008/09/12 15 15.6 14.7 15.1 701 
2008/09/19 15.1 15.2 12.85 13.8 2908 
2008/09/26 13.9 14.4 13.3 13.5 2140 
2008/10/03 12.8 13.85 12.6 13.85 1173 
2008/10/10 13.7 13.85 12.45 12.45 1037 
2008/10/17 12.05 12.9 11.8 11.85 3838 
2008/10/24 11.5 12.2 10.8 10.8 1526 
2008/10/31 10.05 11.95 9.49 11.65 3388 
2008/11/07 11.95 12.3 10.75 11.75 2038 
2008/11/14 11.9 12.1 10.65 10.65 752 
2008/11/21 10.7 10.7 9.3 10.1 1344 
2008/11/28 9.86 11.4 9.86 11 680 
2008/12/05 10.9 11.2 10.1 10.25 418 
2008/12/12 10.3 11.35 10.3 10.8 1092 
2008/12/19 11.1 11.4 10.9 11.1 716 
2008/12/26 11.1 11.1 10.15 10.75 728 
2009/01/02 10.8 10.9 10.4 10.65 419 
2009/01/09 10.9 12.05 10.85 11.05 3322 
2009/01/16 11.1 11.4 10.75 11.05 669 
2009/01/23 11.15 11.15 10.5 10.85 233 
2009/02/06 10.75 11.2 10.45 10.95 377 
2009/02/13 11 11.25 10.85 11.05 514 
2009/02/20 11.2 11.5 10.75 10.85 572 
2009/02/27 10.8 11.35 10.7 11.25 720 
2009/03/06 11.2 11.95 10.9 11.65 2365 
2009/03/13 11.7 12.6 11.65 12.55 4567 
2009/03/20 12.65 12.7 12.1 12.1 2801 
2009/03/27 12.45 14.4 12.3 14 5931 
2009/04/03 13.8 14.4 13.15 14.15 3925 
2009/04/10 14.15 15.3 14.05 15 4497 
2009/04/17 15 15.8 14.4 14.55 6378 
2009/04/24 14.6 16.1 14.2 15.9 5268 
2009/05/01 16.05 16.2 14.7 15.35 6305 
2009/05/08 15.35 16.1 15.3 15.75 6299 
2009/05/15 16.1 16.85 15.45 16 7443 
2009/05/22 15.8 16.5 15.8 16.3 3044 
2009/05/29 16.4 17.4 16.3 17.25 5087 
2009/06/05 17.8 18.15 16.7 17.2 5627 
2009/06/12 17.3 17.3 15.5 16 1931 
2009/06/19 15.8 16 15.2 15.7 1517 
2009/06/26 15.7 16.1 15.4 15.8 1244 
2009/07/03 15.6 16.2 15.6 16.2 2200 
2009/07/10 16.2 16.4 15.15 15.9 3386 
2009/07/17 16 16.05 15.45 15.8 2483 
2009/07/24 15.85 17.7 15.85 17.35 7244 
2009/07/31 17.35 17.85 17.2 17.65 4158 
2009/08/07 17.95 18.8 17 17.45 3938 
2009/08/14 18.6 18.7 17.35 18.35 2511 
2009/08/21 18.5 18.5 17.1 17.1 2279 
2009/08/28 17.2 17.6 16.8 16.9 1834 
2009/09/04 17.2 18.45 17.2 18.2 2740 
2009/09/11 18.3 18.5 17.7 18.1 3128 
2009/09/18 18.1 19.6 18 19.55 5361 
2009/09/25 19.7 19.85 18.65 19 2454 
2009/10/02 19.1 19.4 18.8 19.25 1810 
2009/10/09 19.2 20.1 19.2 19.7 2409 
2009/10/16 19.8 20.8 19.6 20.15 3665 
2009/10/23 20.5 22.7 20.2 21.5 5814 
2009/10/30 21.5 21.8 19.3 20 3466 
2009/11/06 19.7 20.95 19.5 20.25 1483 
2009/11/13 20.8 20.85 20.2 20.6 1428 
2009/11/20 20.65 21.4 20.55 21 2185 
2009/11/27 21.1 21.85 20.5 20.6 3832 
2009/12/04 20.75 21.4 20.65 20.85 2723 
2009/12/11 21 22.9 20.8 22.3 8339 
2009/12/18 22.95 24.4 22.5 23 9087 
2009/12/25 23.3 24.4 23.1 23.5 3629 
2010/01/01 23.8 24.7 23.55 24.4 3479 
2010/01/08 24.6 24.6 23.05 23.5 4056 
2010/01/15 23.5 24.25 23 23.9 3314 
2010/01/22 23.7 24.7 23 23 3545 
2010/01/29 22.3 22.95 21.4 21.95 2168 
2010/02/05 21.95 22.2 19.8 20.3 1759 
2010/02/12 20.3 21.45 20.2 21.3 793 
2010/02/26 21.9 22.3 21.6 21.9 1257 
2010/03/05 21.9 23.7 21.9 22.95 1310 
2010/03/12 23 23.6 23 23.1 1239 
2010/03/19 23 23.7 22.9 23.6 1657 
2010/03/26 23.6 23.8 23.15 23.65 1227 
2010/04/02 23.8 25.5 23.45 24.65 3246 
2010/04/09 24.75 25.2 24.45 24.7 1589 
2010/04/16 25 25.3 24.2 24.8 2538 
2010/04/23 24.3 25.2 23.6 25.15 2597 
2010/04/30 25.35 25.95 24.85 25 3124 
2010/05/07 24.95 24.95 22.1 23 2398 
2010/05/14 23 25.65 22.7 24.8 1582 
2010/05/21 24.4 24.8 23.5 23.75 1507 
2010/05/28 23.8 24 22.2 23.5 935 
2010/06/04 23.5 23.75 22.8 23.35 580 
2010/06/11 22.7 23.3 22.35 23.15 947 
2010/06/18 23.4 24 23.25 23.95 526 
2010/06/25 24.05 24.45 24 24.2 662 
2010/07/02 24.05 24.5 23.55 23.75 682 
2010/07/09 23.9 24.55 23.7 24.3 1397 
2010/07/16 24.3 24.6 22.3 22.5 3371 
2010/07/23 22.5 23.2 22.3 22.9 900 
2010/07/30 23.1 23.1 22.65 22.85 861 
2010/08/06 22.85 25.75 22.85 25.75 7518 
2010/08/13 26.5 28.9 26.1 27.9 13137 
2010/08/20 28.4 31.7 28 29.7 11715 
2010/08/27 29.7 30.6 27.9 28.75 4535 
2010/09/03 29.5 29.5 28.1 28.9 2510 
2010/09/10 29.4 31 28.7 29 3190 
2010/09/17 29 29.5 28.6 29.1 2135 
2010/09/24 29.2 29.5 28.9 29.3 1009 
2010/10/01 30 31.7 29.65 29.65 8722 
2010/10/08 29.75 30 29 29 2336 
2010/10/15 29 30.8 28 29.95 5372 
2010/10/22 29.8 29.8 28.6 29 1575 
2010/10/29 29.25 29.5 28.85 29 1507 
2010/11/05 29.25 29.3 28.5 29.1 1827 
2010/11/12 29.4 29.6 28.65 29 858 
2010/11/19 29 29 28.2 28.45 808 
2010/11/26 28.5 28.65 27.8 28.25 554 
2010/12/03 29 34.5 28.65 34 26976 
2010/12/10 34 35.2 33.5 34.2 14348 
2010/12/17 34.9 35.8 33.5 34.25 8990 
2010/12/24 34.5 36.55 34.1 36.55 6728 
2010/12/31 37.3 38 34.05 35 11019 
2011/01/07 35.35 35.6 34.1 34.7 4029 
2011/01/14 35.2 35.4 34.1 34.1 2967 
2011/01/21 34.05 34.2 32.1 33.8 5836 
2011/01/28 34.6 34.7 33.2 33.35 2764 
2011/02/11 33.7 33.95 32.5 33.45 2597 
2011/02/18 33.45 34.25 32.8 33.9 2787 
2011/02/25 34 34.3 31.5 31.75 2916 
2011/03/04 32 35.05 32 34.1 3454 
2011/03/11 34.2 34.4 32.8 33 1939 
2011/03/18 31.6 32.5 28.5 29.8 3664 
2011/03/25 30.8 33.1 30.2 32.55 2484 
2011/04/01 32.75 32.75 31.5 32.3 1612 
2011/04/08 32.4 33 32.4 32.75 954 
2011/04/15 32.7 33 32.15 32.75 1185 
2011/04/22 33 35.5 32.2 34.9 4299 
2011/04/29 35.3 40 34.7 36.55 19716 
2011/05/06 36.55 36.85 34.8 35.75 6334 
2011/05/13 35.8 37.6 35.8 36.25 10564 
2011/05/20 36.1 36.95 35.6 35.6 4395 
2011/05/27 35.2 35.3 34 34.7 2581 
2011/06/03 34.7 38 34.6 36.7 5533 
2011/06/10 36.9 37.5 35.5 35.5 3918 
2011/06/17 35.4 35.75 33.8 33.95 2637 
2011/06/24 34.05 34.35 32.85 33.35 2225 
2011/07/01 33.15 34.5 33 34.5 1372 
2011/07/08 34.5 35 34.05 34.4 1785 
2011/07/15 35.1 35.1 30.1 32.75 3889 
2011/07/22 32.75 33.85 32.2 32.75 3901 
2011/07/29 33 33.95 31.65 31.75 5961 
2011/08/05 31.75 32 28.25 28.5 4620 
2011/08/12 28.5 29.7 25.3 29.15 4221 
2011/08/19 29.5 29.95 26.85 27 1673 
2011/08/26 27 28.1 26.15 27.15 2159 
2011/09/02 27.4 29.2 27.25 28.5 1202 
2011/09/09 27.6 28 27.1 27.45 1116 
2011/09/16 27.1 29 26.8 28.75 1111 
2011/09/23 28.75 28.75 26.05 26.8 960 
2011/09/30 26.75 26.8 26 26.45 891 
2011/10/07 26.15 26.6 25.8 26.2 787 
2011/10/14 26.8 27.25 26.6 27.15 830 
2011/10/21 27.35 29.4 27.15 28.6 4558 
2011/10/28 28.9 29.4 28.45 28.5 2889 
2011/11/04 28.5 29 28.3 28.6 1405 
2011/11/11 28.5 28.9 27 27.55 1089 
2011/11/18 27.95 28.2 27.05 27.1 553 
2011/11/25 26.9 26.9 24.3 24.4 1680 
2011/12/02 24.8 26 24.6 25.4 1037 
2011/12/09 25.4 25.75 24.4 24.9 551 
2011/12/16 25.4 25.45 24.55 25 421 
2011/12/23 25.1 26.65 24.35 26.2 1083 
2011/12/30 26.6 26.6 25.15 25.4 457 
2012/01/06 25.25 25.7 25.1 25.55 474 
2012/01/13 25.4 26.15 25.35 25.4 971 
2012/01/20 25.7 27 25.6 27 966 
2012/02/03 28.5 28.95 27.7 28.85 3019 
2012/02/10 28.85 30.6 28.3 29.8 3838 
2012/02/17 29.7 30.25 29.35 29.6 2715 
2012/02/24 29.85 31.45 29.65 30.5 3267 
2012/03/02 30.5 31.1 30.45 30.85 1450 
2012/03/09 31 31.25 29.1 30.55 2119 
2012/03/16 30.7 31.2 30.4 30.8 2333 
2012/03/23 30.8 31.15 30.3 30.7 2013 
2012/03/30 30.8 30.9 28.7 29.8 2085 
2012/04/06 29.25 29.75 27.5 28.3 1307 
2012/04/13 27.8 28.75 27.7 28.5 1278 
2012/04/20 27.95 28.15 26.65 26.7 1385 
2012/04/27 26.7 26.7 25.6 26 1140 
2012/05/04 25.9 27.3 25.75 26.8 613 
2012/05/11 26.3 26.5 25.8 25.8 360 
2012/05/18 25.55 25.7 24.9 25.1 546 
2012/05/25 25.1 25.3 24.2 24.5 562 
2012/06/01 24.5 25.45 24.35 24.6 404 
2012/06/08 24.2 24.5 23.15 23.9 536 
2012/06/15 24.2 24.7 23.8 24.7 544 
2012/06/22 25.15 26.5 24.8 26.25 1502 
2012/06/29 25.8 26.2 25.45 25.8 655 
2012/07/06 26 26.7 25.85 26.2 681 
2012/07/13 26 26.35 25.8 25.8 597 
2012/07/20 26.1 26.1 24.1 24.3 1693 
2012/07/27 24.2 24.2 23.3 24 619 
2012/08/03 24.4 25 24.35 24.65 662 
2012/08/10 25.05 25.2 24.6 25.1 719 
2012/08/17 25.15 25.45 25 25.3 777 
2012/08/24 25.3 25.45 25 25.45 457 
2012/08/31 25.45 25.6 24.35 24.5 883 
2012/09/07 24.5 25.1 24.5 24.95 548 
2012/09/14 25.15 25.65 24.9 25.4 683 
2012/09/21 25.4 25.55 25.15 25.25 606 
2012/09/28 25.4 25.4 24.25 24.4 653 
2012/10/05 24.4 24.7 24.35 24.45 235 
2012/10/12 24.45 24.5 23.3 23.8 389 
2012/10/19 23.7 24.1 23.4 23.45 531 
2012/10/26 23.15 24.3 23 23.5 1093 
2012/11/02 23.8 24 23.1 23.75 1717 
2012/11/09 23.75 24 23.4 24 1109 
2012/11/16 23.95 24.05 23.6 23.75 782 
2012/11/23 23.7 23.85 23.4 23.75 560 
2012/11/30 23.8 24.05 23.7 23.95 952 
2012/12/07 23.95 24.35 23.9 24.15 1083 
2012/12/14 24.2 24.4 23.8 24.25 1293 
2012/12/21 24.3 24.35 23.9 24 649 
2012/12/28 23.85 24.8 23.85 24.4 1136 
2013/01/04 24.55 25.3 24.55 24.75 748 
2013/01/11 24.75 25.05 24.6 24.95 383 
2013/01/18 24.9 24.9 24.4 24.65 533 
2013/01/25 24.3 24.8 24.3 24.4 419 
2013/02/01 24.5 26.9 24.5 26.55 3714 
2013/02/08 26.55 26.8 25.85 26.35 1335 
2013/02/22 26.35 26.7 26.15 26.3 1370 
2013/03/01 26.3 26.5 26.2 26.4 516 
2013/03/08 26.6 26.8 26.4 26.6 1496 
2013/03/15 26.6 26.75 26.4 26.6 925 
2013/03/22 26.4 27.25 26.4 26.9 1345 
2013/03/29 27.15 27.5 26.9 27.45 1179 
2013/04/05 27.5 27.8 27.25 27.35 364 
2013/04/12 26.95 27 26.2 26.5 731 
2013/04/19 26.5 26.7 26 26.55 572 
2013/04/26 26.8 26.8 26.35 26.35 579 
2013/05/03 26.4 27.5 26.35 26.95 1769 
2013/05/10 27.1 27.2 26.9 27 1227 
2013/05/17 27.25 27.45 26.95 27.35 1886 
2013/05/24 27.4 27.85 27 27.35 1998 
2013/05/31 27.3 27.65 27.15 27.65 1450 
2013/06/07 27.5 27.95 27.3 27.45 1233 
2013/06/14 27.45 27.45 26.8 26.9 968 
2013/06/21 26.9 27.3 26.35 26.75 865 
2013/06/28 26.7 27.25 26.5 27.05 725 
2013/07/05 27.2 27.45 26.95 27.05 397 
2013/07/12 27.05 27.55 26.9 27.55 1091 
2013/07/19 27.7 28 27.45 27.6 3079 
2013/07/26 27.8 29.25 27.65 28.65 3755 
2013/08/02 28.65 28.9 27.65 28.05 4001 
2013/08/09 28.1 28.35 25.8 26.05 3865 
2013/08/16 26.3 28.25 26 27.95 9103 
2013/08/23 28.2 28.6 26.8 27.1 3684 
2013/08/30 27.1 27.95 26.55 27 2419 
2013/09/06 27.25 27.45 26.8 27.05 2103 
2013/09/13 27.1 27.5 27 27.1 1624 
2013/09/20 27.2 27.45 27.2 27.2 560 
2013/09/27 27.45 28.6 27.2 28.25 3762 
2013/10/04 28.05 28.2 27.5 27.9 2226 
2013/10/11 28.2 30.55 28.2 29.8 8138 
2013/10/18 29.8 30.9 29.2 30.2 4048 
2013/10/25 30.3 32 30.3 31.35 4179 
2013/11/01 31.35 31.9 30.65 31.35 3476 
2013/11/08 31.5 31.6 29.7 29.7 2517 
2013/11/15 30.1 31.15 29.9 30.4 2376 
2013/11/22 30.6 34 30.6 32.5 8237 
2013/11/29 33 34.2 31.75 33.75 8162 
2013/12/06 33.95 34.15 31.9 32.2 3394 
2013/12/13 32.3 32.7 30.5 31.2 4272 
2013/12/20 31.7 32.15 31.15 31.7 2169 
2013/12/27 31.7 31.7 30.7 31.05 3339 
2014/01/03 31.2 32.3 30.95 32.3 2656 
2014/01/10 32.9 33.1 31.85 31.85 5856 
2014/01/17 31.5 31.65 30.85 31.1 2322 
2014/01/24 31.05 31.3 30.8 31.3 1663 
2014/01/31 31.3 31.3 30.9 31.1 730 
2014/02/07 30.8 30.9 30.3 30.6 920 
2014/02/14 30.6 30.75 29.4 29.45 2417 
2014/02/21 29.4 29.85 29.1 29.7 2056 
2014/02/28 29.7 29.8 29.45 29.7 1294 
2014/03/07 29.6 30.95 29.35 30 3227 
2014/03/14 29.95 30.4 29.5 30.05 1863 
2014/03/21 30.05 30.5 28.5 29.7 6526 
2014/03/28 29.5 30.35 29.1 29.55 1715 
2014/04/04 29.55 29.7 29.35 29.6 1135 
2014/04/11 29.3 30.25 29.3 29.9 2332 
2014/04/18 29.9 31.1 29.6 30.4 4858 
2014/04/25 30.4 30.55 28.9 29 2009 
2014/05/02 29 29.4 28.6 29.3 859 
2014/05/09 29.25 29.8 29.25 29.35 691 
2014/05/16 29.35 29.7 29.05 29.5 996 
2014/05/23 29.5 29.75 29.25 29.7 974 
2014/05/30 29.7 30.1 29.45 29.5 1009 
2014/06/06 29.5 29.7 29.2 29.5 762 
2014/06/13 29.6 30.35 29.45 30.2 2293 
2014/06/20 30.25 30.55 29.95 30.05 1493 
2014/06/27 30 30.8 29.8 30.55 2697 
2014/07/04 30.55 30.9 30.5 30.9 2658 
2014/07/11 31 31.8 30.6 31 4032 
2014/07/18 31.2 36.85 31.15 35.7 28315 
2014/07/25 36 36.6 34.5 36.25 15644 
2014/08/01 36.5 36.9 33.5 34.3 12305 
2014/08/08 34.3 35.4 32.35 33.95 10388 
2014/08/15 34.05 37.8 34 36.7 21858 
2014/08/22 36.75 38.25 35.5 37.6 14660 
2014/08/29 37.9 39.1 36.85 38.95 11713 
2014/09/05 39.1 39.85 37.9 38.9 7058 
2014/09/12 38.9 38.95 36.8 37.4 4879 
2014/09/19 37.7 39.65 37.4 38.8 5475 
2014/10/03 45.8 46 44 45.35 973 
2014/10/10 45.05 46.8 43.1 45.45 3662 
2014/10/17 44.45 44.45 38.8 40.2 3196 
2014/10/24 40.9 41.55 39.6 39.65 1468 
2014/10/31 39.75 39.8 36.6 38.8 2800 
2014/11/07 38.8 40.4 38.8 39.2 1241 
2014/11/14 39.55 40.4 38.85 39.05 1319 
2014/11/21 39.1 39.15 37.3 38.3 1305 
2014/11/28 38.4 38.6 37.8 38.6 1322 
2014/12/05 38 40.25 37.8 40.1 2274 
2014/12/12 40 41.7 38.6 41.7 2245 
2014/12/19 41.4 41.5 39.35 39.5 3322 
2014/12/26 39.55 40.3 39.55 40.2 938 
2015/01/02 40.3 40.35 39.5 39.6 888 
2015/01/09 39.6 39.9 39 39.5 1425 
2015/01/16 39.5 41.45 39.3 40.3 1974 
2015/01/23 40.6 44.3 40.6 43.7 8123 
2015/01/30 43.7 45.45 43.7 44.25 2575 
2015/02/06 44.25 44.4 43.65 43.75 1484 
2015/02/13 43.3 43.75 41.85 42 1787 
2015/02/27 42.25 43.45 42.25 43.3 621 
2015/03/06 43.3 43.45 42.15 42.3 793 
2015/03/13 42.15 43.7 42.15 42.8 1139 
2015/03/20 43.6 45.25 43.15 43.25 3224 
2015/03/27 43.3 44.9 43.1 44.2 2216 
2015/04/03 44.25 44.3 42.7 43 949 
2015/04/10 43.2 43.4 42.75 43.2 717 
2015/04/17 43.15 43.15 41.85 41.9 1267 
2015/04/24 41.8 42 38.6 39.05 2882 
2015/05/01 39.05 40.5 39.05 40.35 1688 
2015/05/08 40.4 40.45 39.8 40.15 866 
2015/05/15 40.3 40.8 39.6 39.65 817 
2015/05/22 39.8 40 39.55 39.85 542 
2015/05/29 40.35 40.35 39.6 39.95 665 
2015/06/05 40 40.35 38.6 38.7 665 
2015/06/12 38.5 38.6 35.6 37.2 862 
2015/06/19 36.4 37.4 36.4 37.2 361 
2015/06/26 37.2 38.9 37.1 38.7 682 
2015/07/03 38 38.8 36.1 36.1 745 
2015/07/10 36.1 36.2 33.3 33.75 643 
2015/07/17 34.5 35 34.1 34.55 504 
2015/07/24 34.55 34.9 34 34.15 647 
2015/07/31 33.5 33.8 30.75 31.75 898 
2015/08/07 31.2 31.85 30.1 31.85 935 
2015/08/14 31.85 32.5 31.75 32.2 1066 
2015/08/21 32.05 32.45 29.7 30.2 1686 
2015/08/28 29.8 30.3 27.15 29.45 2607 
2015/09/04 29.7 30.5 29.1 30.05 1478 
2015/09/11 30 31.6 30 31.5 1194 
2015/09/18 31.85 33.25 31.5 32.95 640 
2015/09/25 32.5 33.25 32.5 32.8 703 
2015/10/02 32.8 33.15 32.3 32.95 257 
2015/10/09 33.1 33.85 33 33.55 360 
2015/10/16 33.55 34.1 33.5 33.8 329 
2015/10/23 33.8 34.7 33.45 34.65 461 
2015/10/30 34.9 35.8 34.45 35.15 1286 
2015/11/06 35 35.35 34.3 34.45 725 
2015/11/13 34.45 34.45 33.1 33.25 419 
2015/11/20 33 34.2 32.75 34 330 
2015/11/27 34.4 34.4 33.25 33.4 148 
2015/12/04 33.25 33.75 33.05 33.4 187 
2015/12/11 33.6 33.6 31.05 31.8 309 
2015/12/18 31.75 32.45 31.1 31.8 240 
2015/12/25 31.6 32.1 31.45 31.75 306 
2016/01/01 31.75 32.4 31.75 32 243 
2016/01/08 31.9 31.9 30.1 30.65 389 
2016/01/15 30.75 30.75 30 30.25 392 
2016/01/22 30 31.5 29.8 31 310 
2016/01/29 31.2 32.95 30.9 32.05 738 
2016/02/05 31.95 32.15 31.5 32 340 
2016/02/19 31.85 33 31.75 32.8 506 
2016/02/26 33 33.65 32.65 33.45 393 
2016/03/04 33.6 33.9 33.05 33.2 401 
2016/03/11 33.5 33.65 33.25 33.65 391 
2016/03/18 33.85 33.85 33.2 33.5 375 
2016/03/25 33.45 34.65 33.45 33.95 343 
2016/04/01 33.95 34 33.2 33.5 335 
2016/04/08 33.2 34.3 33.2 33.9 169 
2016/04/15 33.9 34.45 33.6 33.7 373 
2016/04/22 33.65 34.25 33.25 33.45 322 
2016/04/29 33.4 33.95 33.1 33.5 293 
2016/05/06 33.3 33.5 33.1 33.1 179 
2016/05/13 33.2 33.4 32.65 33 227 
2016/05/20 32.25 33.55 32.25 33.2 271 
2016/05/27 33.25 33.65 33 33.4 168 
2016/06/03 33.4 33.65 33.05 33.45 258 
2016/06/10 33.4 33.8 33.4 33.65 150 
2016/06/17 33.85 34.5 33.7 34.15 378 
2016/06/24 34.2 34.65 33 33.2 520 
2016/07/01 33.2 34.65 33.2 34.2 501 
2016/07/08 34.5 34.5 34.1 34.35 257 
2016/07/15 34.5 36.95 34.35 35.9 1149 
2016/07/22 35.9 36.9 35.6 36.2 1384 
2016/07/29 36.2 36.5 36 36 521 
2016/08/05 36 36.85 35.9 36.8 1045 
2016/08/12 36.85 37.6 35.3 35.3 4050 
2016/08/19 35.3 36.15 34.65 35.05 1501 
2016/08/26 35.3 35.3 33.95 34.4 969 
2016/09/02 34.65 35.35 34 34.25 666 
2016/09/09 34.4 35.3 34.35 35.05 618 
2016/09/16 35 35.05 34.5 34.75 331 
2016/09/23 35.2 35.4 34.95 35.35 432 
2016/09/30 35.35 35.45 34.55 34.7 227 
2016/10/07 34.8 35.25 34.7 35.05 240 
2016/10/14 34.85 34.9 34.2 34.25 508 
2016/10/21 34.25 35.25 34.1 34.45 184 
2016/10/28 34.55 37.45 34.55 36.4 2710 
2016/11/04 36.45 36.95 36.1 36.25 802 
2016/11/11 36.35 36.7 34.7 35.2 892 
2016/11/18 35.2 35.6 35.15 35.35 402 
2016/11/25 35.35 36 35.35 35.85 373 
2016/12/02 35.9 36.15 35.7 35.85 216 
2016/12/09 35.85 36.1 35.7 35.75 258 
2016/12/16 35.75 35.9 35.55 35.55 319 
2016/12/23 35.5 35.9 35.25 35.35 245 
2016/12/30 35.35 35.85 35.2 35.6 214 
2017/01/06 35.7 35.95 35.5 35.6 263 
2017/01/13 35.6 35.6 35.3 35.35 125 
2017/01/20 35.35 35.6 35.05 35.3 197 
2017/01/27 35.3 35.35 35.1 35.3 110 
2017/02/03 35.3 35.55 35.3 35.35 131 
2017/02/10 35.35 35.9 35.35 35.8 405 
2017/02/17 36.1 38.35 36.1 38.3 3599 
2017/02/24 38.1 40 38.1 39.2 2028 
2017/03/03 39.05 39.35 38.8 39.25 688 
2017/03/10 39.3 40.1 39.1 39.4 856 
2017/03/17 38.9 40.7 38.75 40.4 1179 
2017/03/24 40.55 43.9 40.45 41.55 4051 
2017/03/31 41.4 41.8 40.45 41.55 1137 
2017/04/07 41.5 42.3 41.5 42.25 237 
2017/04/14 42.7 43 40.7 40.7 1265 
2017/04/21 40.7 40.7 39.5 40.2 148 
2017/04/28 41.9 42.2 41.8 41.8 163 
2017/05/05 42.2 42.65 42.2 42.45 255 
2017/05/12 42.65 43.3 41.15 41.85 1043 
2017/05/19 41.9 41.95 41.1 41.5 709 
2017/05/26 41.4 42.5 41.4 42.1 854 
2017/06/02 42.3 42.3 41.5 41.55 565 
2017/06/09 41.6 41.65 41.2 41.45 293 
2017/06/16 40.7 40.7 39.65 39.85 976 
2017/06/23 40 40.25 39.7 40.05 654 
2017/06/30 40.1 40.55 40.05 40.25 558 
2017/07/07 40.5 40.5 40.3 40.5 398 
2017/07/14 37.25 37.35 37 37.2 231 
2017/07/21 37.7 37.7 37.45 37.55 107 
2017/07/28 37.85 37.9 37.6 37.65 54 
2017/08/04 38.7 39.35 38.6 38.85 583 
2017/08/11 38.85 39.1 38.85 39.05 225 
2017/08/18 38.5 38.55 38.05 38.4 140 
2017/08/25 39.1 39.35 39.1 39.35 77 
2017/09/01 40.05 40.35 40.05 40.2 111 
2017/09/08 40.15 40.25 40 40.15 144 
2017/09/15 40.2 40.6 40.2 40.3 298 
2017/09/22 41.5 41.55 41.25 41.4 99 
2017/09/29 40.3 40.3 39.55 39.8 309 
2017/10/06 40.15 40.35 40 40.25 81 
2017/10/13 41.2 41.45 40.8 41.2 103 
2017/10/20 41.45 41.5 41.35 41.5 94 
2017/10/27 44 44.6 43.85 44.1 885 
2017/11/03 44.7 44.85 44.1 44.5 698 
2017/11/10 44.8 44.85 43.75 43.8 566 
2017/11/17 43.7 43.7 42.95 43.1 329 
2017/11/24 43.2 43.2 43 43.15 85 
2017/12/01 45.5 45.5 44.15 44.45 500 
2017/12/08 44.35 44.35 42.5 42.5 379 
2017/12/15 42.85 43.8 42.8 43.7 275 
2017/12/22 43.4 43.4 42.65 42.85 276 
2017/12/29 42.9 42.95 42.4 42.95 230 
2018/01/05 42.95 43.75 42.9 43.4 209 
2018/01/12 43.3 43.5 42.7 42.9 472 
2018/01/19 43.1 43.25 42.8 43 448 
2018/01/26 42.95 43.25 42.6 42.6 477 
2018/02/02 42.6 42.95 42.2 42.5 419 
2018/02/09 42.05 43.1 41 41.85 1363 
2018/02/16 41.4 41.65 41.35 41.6 187 
2018/02/23 41.6 43.45 41.6 43.25 614 
2018/03/02 43.35 43.8 42.95 43.1 363 
2018/03/09 43.2 43.2 42.6 42.8 271 
2018/03/16 42.8 43.25 42.7 43.05 216 
2018/03/23 43.05 44.7 42.6 44 716 
2018/03/30 44.5 44.75 43.3 43.55 1683 
2018/04/06 43.6 44.2 43.6 43.9 310 
2018/04/13 43.9 44 43.15 43.4 399 
2018/04/20 43.3 43.55 42.85 43 279 
2018/04/27 42.95 42.95 42 42.3 278 
2018/05/04 42.1 42.7 42.05 42.4 159 
2018/05/11 42.3 42.55 41.7 41.8 466 
2018/05/18 41.7 41.8 41.5 41.7 480 
2018/05/25 41.7 42.05 41.5 41.95 666 
2018/06/01 42 42.15 41.8 41.95 295 
2018/06/08 42 42.7 42 42.15 358 
2018/06/15 42.25 42.7 42.2 42.3 552 
2018/06/22 42.3 42.35 41.65 42 508 
2018/06/29 42 42 41.55 41.8 888 
2018/07/06 39.05 39.05 37 37 864 
2018/07/13 37.05 37.8 36.95 37.6 307 
2018/07/20 37.6 38.2 37.6 38 276 
2018/07/27 37.95 38.05 37.65 37.9 151 
2018/08/03 37.9 38.35 37.75 37.8 373 
2018/08/10 37.7 38.55 37.7 38.15 331 
2018/08/17 38.05 38.05 37.1 37.35 306 
2018/08/24 37.35 37.9 37.35 37.65 96 
2018/08/31 37.65 37.7 37.3 37.35 334 
2018/09/07 37.45 37.5 37.05 37.05 230 
2018/09/14 36.6 37.05 35.5 36.7 395 
2018/09/21 37.8 37.8 36.6 37.4 192 
2018/09/28 37.6 37.6 37 37 78 
2018/10/05 37 37.1 36.2 36.45 186 
2018/10/12 36 36.45 32.25 34.2 794 
2018/10/19 33.55 35.3 33.5 34.4 1302 
2018/10/26 34.55 34.75 32.55 33.85 602 
2018/11/02 33.9 35.8 33.9 35.75 524 
2018/11/09 35.3 36.05 35.3 35.6 476 
2018/11/16 35.6 36.3 35.5 35.8 318 
2018/11/23 36.1 36.1 35.5 36 276 
2018/11/30 36.15 36.45 36 36.3 274 
2018/12/07 36.4 37.3 36.1 36.15 460 
2018/12/14 36.15 36.25 35.75 36 431 
2018/12/21 36.1 36.1 35.45 35.55 286 
2018/12/28 35.55 35.95 35.4 35.7 187 
2019/01/04 35.5 35.9 35.3 35.55 33 
2019/01/11 35.6 36.4 35.55 36.4 157 
2019/01/18 36.15 36.3 36 36.1 111 
2019/01/25 36.7 36.7 36.1 36.45 150 
2019/02/01 36.45 36.9 36.4 36.8 139 
2019/02/15 36.75 38.15 36.6 37.8 804 
2019/02/22 37.9 39.3 37.85 38.9 623 
2019/03/01 38.9 39.7 38.9 39.4 422 
2019/03/08 39.5 39.8 38.85 38.9 513 
2019/03/15 38.8 39.1 38.45 39.1 441 
2019/03/22 39.45 40.2 38.6 38.85 1475 
2019/03/29 38.55 39.1 38.4 39.05 732 
2019/04/05 39.1 39.6 39.1 39.55 475 
2019/04/12 39.8 39.8 39.15 39.3 276 
2019/04/19 39.3 39.6 39.05 39.15 241 
2019/04/26 39.15 39.45 39.05 39.2 325 
2019/05/03 39.2 39.9 39.2 39.75 427 
2019/05/10 39.55 39.55 38.5 38.7 649 
2019/05/17 38.55 38.8 37.6 38.55 276 
2019/05/24 38.55 38.55 38.1 38.25 279 
2019/05/31 38.25 38.7 38.25 38.6 240 
2019/06/07 38.6 38.7 38.25 38.25 146 
2019/06/14 38.3 38.8 38.2 38.75 172 
2019/06/21 38.7 39 38.5 38.85 215 
2019/06/28 38.95 39.15 38.75 39 366 
2019/07/05 39.2 39.5 39.15 39.45 569 
2019/07/12 39.45 39.75 39.35 39.45 256 
