2001/03/23 22.1 26.9 22.1 26.9 9 
2001/03/30 28.7 37.4 28.7 37.4 1705 
2001/04/06 37.9 42 37.5 39.9 3859 
2001/04/13 39.2 39.7 36.6 36.8 2093 
2001/04/20 36.5 41.1 34 41.1 2623 
2001/04/27 41.9 45.8 41 42.2 2308 
2001/05/04 41.6 42.3 39.2 39.9 731 
2001/05/11 39.9 41 37.5 39.8 497 
2001/05/18 39.5 39.5 37.2 38.4 486 
2001/05/25 37.9 39 35.8 37.4 562 
2001/06/01 36.7 38 34.2 34.2 255 
2001/06/08 34 35.8 33 35.8 652 
2001/06/15 36.6 40.7 35.8 36.5 891 
2001/06/22 36.6 38.5 34.6 35.5 455 
2001/06/29 35.8 36.4 34.8 35.8 267 
2001/07/06 36 36.3 29.2 30.1 403 
2001/07/13 30.3 31.2 29.1 31.1 346 
2001/07/20 31 31 29 29.4 187 
2001/07/27 29.2 30.2 24.8 29.2 415 
2001/08/03 28.2 31 28.2 31 425 
2001/08/10 30.4 30.6 28.2 29.5 245 
2001/08/17 29.9 31.5 29.2 31 833 
2001/08/24 30.5 30.9 27.9 27.9 263 
2001/08/31 29 30.5 28.4 28.9 278 
2001/09/07 29.1 29.7 27.5 29 242 
2001/09/14 28.7 28.7 26.2 27.4 269 
2001/09/21 26.5 27 25.8 26.1 114 
2001/09/28 26 27.3 25.6 26.7 154 
2001/10/05 26.8 26.8 25 26 217 
2001/10/12 25.5 27.3 25.1 26.3 463 
2001/10/19 25.1 27.3 25.1 26.2 272 
2001/10/26 26.4 27.1 25.5 26.2 304 
2001/11/02 26.4 26.8 25.4 26.8 155 
2001/11/09 27 32.5 26.5 29.6 2206 
2001/11/16 29.6 33.4 28.8 33.2 2677 
2001/11/23 34.5 34.5 31 32.6 1713 
2001/11/30 32.1 34.5 32.1 33.6 1382 
2001/12/07 34.5 43 34.2 40.3 3617 
2001/12/14 39 47.9 38.5 45.3 2953 
2001/12/21 45.3 45.5 38.5 40.5 1422 
2001/12/28 40.5 49.5 40.4 47 3313 
2002/01/04 46 48.5 45.1 47 2024 
2002/01/11 47 51 46.1 49 2182 
2002/01/18 47.6 48.4 44.1 48 910 
2002/01/25 48 52 47.9 51 1990 
2002/02/01 52 53.5 47.6 49.4 1170 
2002/02/08 50 50.5 46.1 47.5 523 
2002/02/22 49.5 49.5 44 45.5 1040 
2002/03/01 45.9 45.9 42 43.7 372 
2002/03/08 45 48.5 43 46.6 995 
2002/03/15 47.1 47.5 43.7 44.8 837 
2002/03/22 45.3 45.5 42.9 44.4 568 
2002/03/29 44.4 46 42.5 44.8 696 
2002/04/05 44.4 44.8 42.5 43 419 
2002/04/12 43 43.5 39.4 41.8 628 
2002/04/19 42.5 43 41 41.5 530 
2002/04/26 40 41.5 38.5 39.4 294 
2002/05/03 39.1 39.2 34.1 38.3 383 
2002/05/10 37.5 38.8 35.5 36.6 459 
2002/05/17 36 37.5 36 37.2 302 
2002/05/24 37.1 38.4 35.5 37.6 187 
2002/05/31 37.5 37.8 36 37.8 165 
2002/06/07 37.5 37.5 35.4 37 92 
2002/06/14 37 38.8 37 38.8 336 
2002/06/21 36.1 38.5 34.6 37.3 161 
2002/06/28 36.9 37 34.7 37 234 
2002/07/05 36.4 36.4 31.5 34.2 280 
2002/07/12 33.5 35 31.8 33.9 133 
2002/07/19 32.5 33.7 31.9 32.3 100 
2002/07/26 31.6 33.5 31.3 32 327 
2002/08/02 31.9 33 31 32 528 
2002/08/09 31 31.2 24 28.9 558 
2002/08/16 28.9 30.8 28.8 30 324 
2002/08/23 29.5 30.2 29.1 30 164 
2002/08/30 32 32 28 28.3 116 
2002/09/06 28.3 28.9 27 27 61 
2002/09/13 25.2 27 25.2 26.5 131 
2002/09/20 26.5 26.5 25.4 26 73 
2002/09/27 25.5 27.3 24.6 26.2 171 
2002/10/04 24.9 27.2 24.9 25.8 148 
2002/10/11 25.5 25.7 24.3 24.3 60 
2002/10/18 24.9 25.6 24.4 25.1 301 
2002/10/25 25 29.4 25 28.6 1818 
2002/11/01 30 30 26.6 26.6 506 
2002/11/08 26.3 27 25.7 26.6 365 
2002/11/15 26.5 26.5 25.7 25.8 299 
2002/11/22 25.5 25.7 24.5 25.4 512 
2002/11/29 25.4 27.6 24.7 27.6 988 
2002/12/06 28.4 28.8 25.2 26.7 948 
2002/12/13 26.8 26.8 25 25.4 286 
2002/12/20 24.5 26.4 24.4 24.8 254 
2002/12/27 25.8 26.6 24.8 26.1 303 
2003/01/03 26.1 26.1 25.2 26 133 
2003/01/10 25.7 26.4 25.1 25.7 284 
2003/01/17 25.7 26.1 24.7 25.2 342 
2003/01/24 24.8 25.5 24 24.4 391 
2003/01/31 23.9 24.2 23 23.6 200 
2003/02/07 23 23.8 22 23 147 
2003/02/14 22.4 23.2 22.2 22.8 273 
2003/02/21 24.2 24.2 22.3 23 176 
2003/02/28 23 23.6 21.5 23.6 228 
2003/03/07 23.2 23.8 21.2 22.8 355 
2003/03/14 23 23 21.6 22.8 290 
2003/03/21 21.9 22.9 21.3 22.6 782 
2003/03/28 22.1 22.7 21.7 21.7 573 
2003/04/04 20.3 21.5 19.6 20.3 307 
2003/04/11 19.8 20.7 19.8 19.9 329 
2003/04/18 20.6 20.6 19.8 20.2 173 
2003/04/25 20.7 20.9 19.1 19.5 495 
2003/05/02 18.9 19.3 16.4 17 443 
2003/05/09 17 17.2 16.5 16.9 177 
2003/05/16 16.9 17.2 16.5 16.9 126 
2003/05/23 16.3 16.9 16 16.8 220 
2003/05/30 16.9 16.9 16.1 16.7 478 
2003/06/06 16.8 18.8 16.7 17.6 871 
2003/06/13 17.7 18.8 17.2 17.4 768 
2003/06/20 17.9 18.9 17.2 18.9 1512 
2003/06/27 19.6 20.2 17.2 17.2 2146 
2003/07/04 17.1 18 17 17.7 964 
2003/07/11 17.7 18.6 17.3 17.6 1531 
2003/07/18 17.6 17.7 17.1 17.4 597 
2003/07/25 17.6 18.2 17.2 17.3 954 
2003/08/01 17.6 18.1 15.3 15.5 1526 
2003/08/08 15.4 15.5 13.8 14.1 688 
2003/08/15 14 14.3 13.7 14 451 
2003/08/22 13.95 13.95 13.3 13.5 667 
2003/08/29 13.5 13.55 11.9 12.5 1304 
2003/09/05 12.5 12.5 11.65 11.85 440 
2003/09/12 11.8 11.8 10.25 11.1 2550 
2003/09/19 11 12.5 10.9 11.65 2134 
2003/09/26 11.55 11.75 11.3 11.7 529 
2003/10/03 11.7 12.5 11.6 11.65 879 
2003/10/10 11.65 11.8 11.5 11.65 391 
2003/10/17 11.8 11.85 11.45 11.6 619 
2003/10/24 11.6 11.75 11.4 11.55 591 
2003/10/31 11.6 11.6 10.85 11 287 
2003/11/07 11 11.65 10.8 11.05 1463 
2003/11/14 11 11.8 10.9 11.7 1246 
2003/11/21 11.7 11.8 11 11.4 1002 
2003/11/28 11.4 11.4 10.55 10.75 660 
2003/12/05 10.7 12.7 10.7 12.3 3115 
2003/12/12 12.55 12.9 11.6 12.7 4375 
2003/12/19 13.1 15.1 13.1 13.3 8187 
2003/12/26 13.3 14.25 13.3 13.5 2867 
2004/01/02 13.5 13.8 12.85 12.85 1660 
2004/01/09 12.9 14.75 12.65 14.75 5608 
2004/01/16 15 16.4 14.5 15.3 6719 
2004/01/30 15.9 15.9 14.45 14.95 1672 
2004/02/06 15.1 15.7 14.3 15 2335 
2004/02/13 15.2 15.5 14.4 14.45 1782 
2004/02/20 14.5 15 14.15 14.4 1713 
2004/02/27 14.5 14.5 13.8 13.95 1377 
2004/03/05 14 14 13.2 13.65 2722 
2004/03/12 13.75 13.9 12.9 13 2224 
2004/03/19 13.1 13.4 11.8 13.2 2477 
2004/03/26 12.3 12.3 11.1 11.1 1560 
2004/04/02 11.4 12.5 11.3 12.25 1356 
2004/04/09 12.3 12.6 12 12.2 1171 
2004/04/16 12.3 12.8 12.3 12.55 1573 
2004/04/23 12.55 12.7 11.8 12.6 2511 
2004/04/30 12.8 14 11.3 11.45 8875 
2004/05/07 11.45 12.5 10.35 10.5 5875 
2004/05/14 10.5 10.6 8.75 8.75 6073 
2004/05/21 8.25 9 8.15 8.95 4237 
2004/05/28 8.8 9.4 8.65 9.4 5289 
2004/06/04 9.9 10.05 8.5 8.65 7406 
2004/06/11 8.75 9.2 8.4 8.5 3625 
2004/06/18 8.5 8.6 6.95 7.45 3821 
2004/06/25 7.3 8.05 7.2 8 1801 
2004/07/02 8 8 7.35 7.65 953 
2004/07/09 7.35 7.55 7.25 7.55 533 
2004/07/16 7.55 7.75 7.25 7.35 559 
2004/07/23 7.25 7.3 6.4 6.8 1018 
2004/07/30 6.5 7.3 6.5 7.15 1015 
2004/08/06 7 7.65 6.65 7.45 633 
2004/08/13 7.55 7.8 7.45 7.45 602 
2004/08/20 7.45 7.45 6.35 6.6 814 
2004/08/27 6.45 7.25 6.4 7.15 1175 
2004/09/03 7 7.25 6.75 6.85 783 
2004/09/10 6.85 7.45 6.8 7.45 1703 
2004/09/17 7.55 7.7 6.85 7 3999 
2004/09/24 6.95 7 6.7 6.95 551 
2004/10/01 6.95 7 6.7 6.95 272 
2004/10/08 6.95 7.05 6.7 6.85 903 
2004/10/15 6.85 6.85 6.65 6.75 580 
2004/10/22 6.7 6.75 6.5 6.6 459 
2004/10/29 6.5 6.5 6 6.15 519 
2004/11/05 6 6.3 6 6.15 572 
2004/11/12 6.2 6.25 5.6 6 1078 
2004/11/19 6.15 6.15 5.6 5.75 993 
2004/11/26 5.8 5.85 4.99 4.99 1837 
2004/12/03 4.98 4.98 4.13 4.6 2732 
2004/12/10 4.6 5.4 4.57 5.4 1901 
2004/12/17 5.7 6.45 5.3 5.95 6546 
2004/12/24 6.25 6.55 6 6.45 2543 
2004/12/31 6.5 6.5 6.15 6.25 885 
2005/01/07 6.25 6.3 5.85 6.05 1334 
2005/01/14 6 6.05 5.6 5.75 1393 
2005/01/21 5.75 5.9 5.35 5.8 413 
2005/01/28 5.85 5.85 5.35 5.65 340 
2005/02/04 5.7 5.8 5.45 5.75 482 
2005/02/18 5.8 6.35 5.55 5.75 4152 
2005/02/25 5.8 6 5.55 5.55 4047 
2005/03/04 5.75 5.75 5.5 5.72 1021 
2005/03/11 5.7 7.04 5.66 7.04 5207 
2005/03/18 7.53 8.61 6.49 6.86 11238 
2005/03/25 6.5 7.34 6.5 6.8 8658 
2005/04/01 6.85 7 6.51 6.69 2222 
2005/04/08 6.75 6.77 6.32 6.46 1034 
2005/04/15 6.45 6.45 5.9 6.07 1330 
2005/04/22 6.07 6.07 5.45 5.7 1390 
2005/04/29 5.6 5.75 5.15 5.16 1540 
2005/05/06 5.16 5.85 5.16 5.72 2739 
2005/05/13 5.75 6.98 5.75 6.8 5788 
2005/05/20 6.85 6.98 6.55 6.61 3040 
2005/05/27 6.61 7.15 6.5 7.08 1836 
2005/06/03 7.31 7.52 6.8 7.12 3502 
2005/06/10 7 7.25 6.93 7.16 2219 
2005/06/17 7.15 7.7 7.1 7.33 3074 
2005/06/24 7.33 7.33 6.92 7.14 2051 
2005/07/01 7.06 7.2 7.02 7.13 1914 
2005/07/08 7.2 8.14 7.15 7.88 3910 
2005/07/15 7.9 8.67 7.58 8.67 3690 
2005/07/22 9.27 10.05 9.2 9.47 11668 
2005/07/29 9.3 9.6 9.01 9.2 5061 
2005/08/05 9.2 9.2 8.1 8.4 3758 
2005/08/12 8.35 8.45 8.2 8.29 2786 
2005/08/19 8.3 8.3 7.7 7.98 1455 
2005/08/26 8 9.15 7.96 8.54 4535 
2005/09/02 8.54 9.5 8.45 9.5 3428 
2005/09/09 9.65 10 9.3 9.41 6298 
2005/09/16 9.46 9.57 9.18 9.43 2177 
2005/09/23 9.5 9.75 9.46 9.7 2163 
2005/09/30 9.7 10.1 9.54 9.97 2286 
2005/10/07 10.05 11 9.97 11 6887 
2005/10/14 11.2 11.75 10.65 11.3 6313 
2005/10/21 11.4 11.45 9.45 9.7 3341 
2005/10/28 9.68 10 9.13 9.71 1300 
2005/11/04 9.8 9.98 9.73 9.97 1358 
2005/11/11 10 10.6 9.9 10.35 2336 
2005/11/18 10.4 10.45 9.92 10 1847 
2005/11/25 10 10.6 10 10.3 2358 
2005/12/02 10.4 10.95 9.9 10.05 2791 
2005/12/09 10.1 11.1 9.95 10.6 8616 
2005/12/16 10.8 10.95 10.6 10.7 3529 
2005/12/23 10.9 11.2 10.5 10.95 4069 
2005/12/30 11.15 12.3 10.85 12.3 10768 
2006/01/06 12.3 15 12.3 14.3 15136 
2006/01/13 14.45 15.2 13.3 13.35 11166 
2006/01/20 13.4 13.4 12.25 12.8 4308 
2006/01/27 12.5 12.75 11.55 11.8 2860 
2006/02/03 11.95 12.35 11.95 12.15 374 
2006/02/10 12 12.9 12 12.4 3113 
2006/02/17 12.3 12.45 11.8 12.25 1321 
2006/02/24 12.25 13.1 11.85 12 3815 
2006/03/03 12 12.55 11.7 12.1 1478 
2006/03/10 11.8 12.8 11.6 12.8 3414 
2006/03/17 12.8 13.85 12.4 13.5 7337 
2006/03/24 13.6 13.6 12.7 12.9 2776 
2006/03/31 12.9 13.55 12.7 13.1 3589 
2006/04/07 13.2 13.5 13.05 13.3 1776 
2006/04/14 13.35 14.5 13.05 14.5 5693 
2006/04/21 14.7 15.2 13.8 14.2 9259 
2006/04/28 14.05 15.55 14.05 15.5 8334 
2006/05/05 15.5 15.75 14.9 15 5567 
2006/05/12 15 15.2 14.2 14.8 2971 
2006/05/19 14.8 15.1 14.3 14.45 1372 
2006/05/26 14.65 15.25 14.4 14.65 2077 
2006/06/02 14.7 15.4 14.5 15.05 3821 
2006/06/09 15.05 15.1 13.2 13.7 2299 
2006/06/16 13.3 14.2 13.1 14 1234 
2006/06/23 14 15.25 13.95 15.2 2019 
2006/06/30 15.1 17.6 15.1 17.4 6461 
2006/07/07 17.1 17.4 16.1 16.25 3616 
2006/07/14 16.2 17 15.3 15.45 5159 
2006/07/21 15.35 15.8 15 15.4 1275 
2006/07/28 15.3 15.4 14.3 15.25 1613 
2006/08/04 15.35 16.05 15.1 16.05 2693 
2006/08/11 16.1 16.5 15.8 16.45 2904 
2006/08/18 16.45 16.8 15.7 16.55 4888 
2006/08/25 16.3 16.8 15.8 16.2 3753 
2006/09/01 16 16.4 15.6 16.25 2628 
2006/09/08 16 16.3 14.9 15.25 1849 
2006/09/15 15.4 15.5 14.5 14.75 1134 
2006/09/22 14.75 15.3 14.75 14.95 1087 
2006/09/29 15 15.55 15 15.35 1192 
2006/10/06 15.3 15.5 14.9 15.05 702 
2006/10/13 15.05 15.15 14.85 15.05 491 
2006/10/20 14.9 15.45 14.9 15.3 1773 
2006/10/27 15.3 16.35 14.5 15 5803 
2006/11/03 14.8 15.2 14.5 15.1 3941 
2006/11/10 14.9 15.45 14.65 15.25 3137 
2006/11/17 15.3 16 15.25 15.7 4173 
2006/11/24 15.8 16.35 15.35 15.65 4611 
2006/12/01 15.8 16.5 15.6 16.5 5984 
2006/12/08 16.8 17 16.1 16.4 7392 
2006/12/15 16.5 17.3 16.25 16.7 4109 
2006/12/22 16.8 17.25 16.7 16.9 3308 
2006/12/29 16.9 17 16.4 16.6 2277 
2007/01/05 16.6 17.75 16.45 17.35 7240 
2007/01/12 17.7 21.3 17.3 20 15750 
2007/01/19 20.3 20.65 19.5 19.7 5465 
2007/01/26 20.1 20.95 19.55 20.95 5639 
2007/02/02 21.8 23.4 20.9 21.25 9777 
2007/02/09 21.3 21.95 20.8 21 3051 
2007/02/16 21 21 19.3 19.5 3209 
2007/03/02 19.7 20.2 19.5 20.1 2216 
2007/03/09 20.1 23.6 19.5 22.65 11053 
2007/03/16 23 24.5 22.1 22.8 15464 
2007/03/23 22.9 25.4 22.85 24.85 14863 
2007/03/30 25 27.95 23.65 27.3 20346 
2007/04/06 27.5 29.2 26.25 26.5 9963 
2007/04/13 26.8 30.1 26.5 28.8 9022 
2007/04/20 29 29 26.25 26.75 7290 
2007/04/27 27.5 28.2 26.55 28.05 7292 
2007/05/04 28.3 29.7 27.25 29.7 10671 
2007/05/11 30 32.4 29.7 32.25 12504 
2007/05/18 32.5 32.6 30.75 31.4 5764 
2007/05/25 31.5 33.5 31.2 32.45 5011 
2007/06/01 32.6 33.95 32.6 33.2 7127 
2007/06/08 33.3 38.5 33.2 36.5 13878 
2007/06/15 37.6 42 37.5 40.2 17052 
2007/06/22 41 44 39.4 43.7 6116 
2007/06/29 44.7 44.7 41.15 42 6364 
2007/07/06 42.3 42.5 39.95 41.65 4916 
2007/07/13 42 42.25 37.5 37.5 9777 
2007/07/20 37.6 39 37.5 38.1 4585 
2007/07/27 38.1 41.5 37.8 38.85 11031 
2007/08/03 40.5 40.5 34.05 36 6466 
2007/08/10 34 37.8 34 36.85 6570 
2007/08/17 37.5 37.7 31.65 31.65 5335 
2007/08/24 33.85 37.7 33.85 37.4 4166 
2007/08/31 38.5 39.15 36.5 37.95 4110 
2007/09/07 38.15 38.45 36.7 37.5 2530 
2007/09/14 36.5 37.95 36.5 37.3 1767 
2007/09/21 37.45 37.6 36 37.5 1952 
2007/09/28 37.6 39.65 36.5 39.65 5855 
2007/10/05 39.7 42 38.9 40.1 9058 
2007/10/12 40.1 41.3 38.6 39 4062 
2007/10/19 39 39.8 38.6 39.3 2793 
2007/10/26 38.2 39 36.5 37.5 2670 
2007/11/02 37.6 39.4 36.05 36.05 4021 
2007/11/09 36.05 37.2 34.5 36.3 2748 
2007/11/16 35 35.8 33.1 33.2 2147 
2007/11/23 33.2 33.8 32 32.3 1649 
2007/11/30 32.75 33.1 31 32.4 1829 
2007/12/07 32.5 33 32.2 32.8 1313 
2007/12/14 32.8 33 30.5 31.4 1418 
2007/12/21 31 31.2 27.9 28.9 2135 
2007/12/28 29 29.7 28.1 29.35 1709 
2008/01/04 29.45 31.6 29.45 30.45 2046 
2008/01/11 29.95 32.2 29.1 30.2 1808 
2008/01/18 31.9 31.9 28.65 28.8 1198 
2008/01/25 28.75 29.2 24.85 27.5 2035 
2008/02/01 26.35 28.5 26.25 28.45 1516 
2008/02/15 28.45 28.45 26.9 27.4 1207 
2008/02/22 27.4 28.25 26.65 26.85 1238 
2008/02/29 26 27.95 26 27.6 1957 
2008/03/07 27 28 26.6 27.7 1995 
2008/03/14 27.7 27.85 26.15 26.8 1718 
2008/03/21 26.7 26.95 26.2 26.7 1180 
2008/03/28 28 28 26.15 26.45 1489 
2008/04/04 26.3 27.7 26 27.35 2138 
2008/04/11 27.7 28.2 26.35 26.7 2087 
2008/04/18 26.25 27.4 26.25 26.95 1881 
2008/04/25 27.7 33.9 27.7 33 11967 
2008/05/02 33 33.55 29.05 29.3 5038 
2008/05/09 29.5 30.75 29 30.25 4156 
2008/05/16 30.3 30.5 29.5 30.3 2037 
2008/05/23 30.2 30.5 29.5 29.65 1980 
2008/05/30 29.95 30.4 27.6 28.7 2283 
2008/06/06 28.35 29.1 27.3 28.65 2798 
2008/06/13 28 28.5 25.6 26.45 2046 
2008/06/20 26.6 27.35 26.05 26.55 1555 
2008/06/27 26.1 26.6 24.5 26.2 2140 
2008/07/04 26.05 26.45 25.35 26 1887 
2008/07/11 25.55 26.5 25.3 26.4 1906 
2008/07/18 26.2 26.4 22.8 22.8 2652 
2008/07/25 23.2 25.45 21.25 25.2 4989 
2008/08/01 25 25.95 24.2 24.85 2768 
2008/08/08 24.5 25.8 23.6 25.55 4500 
2008/08/15 25.7 26.8 21.3 22.4 7525 
2008/08/22 22.4 22.4 20.2 20.8 2957 
2008/08/29 20.8 20.9 20.15 20.6 2335 
2008/09/05 20.4 20.8 17.95 19.3 5972 
2008/09/12 19.5 20.9 19.25 19.85 5080 
2008/09/19 19.6 20 17.95 20 5700 
2008/09/26 20.05 20.45 18.5 19.25 6460 
2008/10/03 18 19.2 18 18.5 4117 
2008/10/10 18.3 18.4 17.1 17.55 5832 
2008/10/17 17 17.2 15.85 15.85 5827 
2008/10/24 15.3 15.6 13.8 15 7768 
2008/10/31 14.5 15.05 13.4 13.4 9099 
2008/11/07 12.5 12.5 9.4 9.4 1450 
2008/11/14 8.75 10.75 8.75 10.05 39421 
2008/11/21 9.7 11.3 9.6 11.3 29746 
2008/11/28 11.5 12.5 10.65 10.65 42679 
2008/12/05 10.55 10.95 9.5 9.8 23287 
2008/12/12 9.9 11.25 9.8 10.3 28106 
2008/12/19 10.6 10.9 10 10.45 20404 
2008/12/26 10.5 10.5 9.99 10.1 18386 
2009/01/02 10.1 10.8 10 10.45 13699 
2009/01/09 10.6 10.7 10 10.05 14685 
2009/01/16 10 10.4 9.26 9.26 13907 
2009/01/23 9.26 9.5 9.11 9.45 12443 
2009/02/06 9.45 9.85 9.26 9.85 5023 
2009/02/13 9.91 9.96 9.36 9.41 6817 
2009/02/20 9.4 9.49 9.1 9.3 7051 
2009/02/27 9.25 9.74 9.11 9.45 9628 
2009/03/06 9.45 9.64 9 9.4 7279 
2009/03/13 9.4 10.45 9.4 10.2 13195 
2009/03/20 10.4 10.45 9.71 9.71 10339 
2009/03/27 9.75 11.35 9.73 11.35 23586 
2009/04/03 11.7 11.8 10.65 10.95 30334 
2009/04/10 11.2 12.95 10.9 12.2 36088 
2009/04/17 12.3 13.7 11.8 13 38081 
2009/04/24 13.85 14.85 13.15 13.25 43225 
2009/05/01 13.25 13.4 10.9 11.7 19732 
2009/05/08 11.95 12.8 11.15 12.55 18464 
2009/05/15 12.8 12.8 11.75 12.25 12798 
2009/05/22 12.1 12.95 11.8 12.65 12183 
2009/05/29 12.95 13 12.05 12.3 7588 
2009/06/05 12.35 14 12.35 13.2 29830 
2009/06/12 13.3 13.4 11.4 11.5 8366 
2009/06/19 11.4 11.6 10.75 11.25 6324 
2009/06/26 11.25 11.55 11 11.35 5740 
2009/07/03 11.4 11.7 11.05 11.55 3233 
2009/07/10 11.55 12.15 11.45 11.85 4725 
2009/07/17 11.95 12.65 11.3 12.65 9364 
2009/07/24 12.8 12.9 12.2 12.6 8689 
2009/07/31 12.7 13.4 12.45 12.85 13494 
2009/08/07 12.9 13.7 12.2 12.4 11049 
2009/08/14 11.7 12.8 11.5 12.45 10337 
2009/08/21 12.45 13.5 12.3 12.85 19158 
2009/08/28 13.35 14.45 12.75 14.05 19884 
2009/09/04 13.9 14 12.85 13.65 13479 
2009/09/11 13.75 14.55 13.45 14.35 19321 
2009/09/18 14.25 14.95 13.8 14.7 16606 
2009/09/25 15 18.35 15 18.35 72384 
2009/10/02 18.15 19.4 17.05 18.35 48954 
2009/10/09 18.35 18.75 16.5 17.1 26028 
2009/10/16 17.4 18.2 16.85 17 20542 
2009/10/23 16.85 18.45 16.85 17.55 31776 
2009/10/30 17.55 17.9 15 15 18904 
2009/11/06 13.95 15.4 13.95 14.9 16032 
2009/11/13 15.05 15.95 14.75 15.95 11963 
2009/11/20 16.1 17.5 15.4 17.4 26885 
2009/11/27 17.55 18.4 16.8 17.75 36569 
2009/12/04 18.95 22 18.95 22 97678 
2009/12/11 23.4 26.2 22.8 26.2 119098 
2009/12/18 26.5 28.25 24.1 25 73169 
2009/12/25 25 26.15 24.5 25.15 40943 
2010/01/01 25.4 26.95 25.1 26.35 34531 
2010/01/08 28.15 30.1 24.75 26.25 77860 
2010/01/15 26 28.15 25.3 27.15 32377 
2010/01/22 27 27.75 24.1 24.7 28840 
2010/01/29 24.4 25.5 21.3 23 25754 
2010/02/05 23.7 24.9 21.4 22.3 22914 
2010/02/12 23.2 25.3 22.5 24.9 23516 
2010/02/26 25.6 27 24.55 25.65 53207 
2010/03/05 25.8 27 25.4 25.75 26959 
2010/03/12 26.1 28.3 25.9 27.55 52559 
2010/03/19 27.9 28.75 26.9 27.9 39314 
2010/03/26 27.9 28.7 26.7 27.8 38454 
2010/04/02 28.3 30.4 28.2 29.4 66378 
2010/04/09 29.95 29.95 27.15 28.35 19957 
2010/04/16 28.6 28.7 26.9 27.05 24199 
2010/04/23 26.9 28.25 25.8 27.35 29372 
2010/04/30 27.8 27.8 25.8 26 18794 
2010/05/07 25.8 26.2 20.85 21.85 16965 
2010/05/14 22.3 24.5 21.85 24.5 15581 
2010/05/21 24.2 24.9 21.25 21.3 11474 
2010/05/28 22.5 22.5 18.6 21.05 17406 
2010/06/04 21.05 22.1 20.5 21.5 11808 
2010/06/11 20.3 21.2 19.8 20.65 8181 
2010/06/18 20.95 23.3 20.75 22.3 18251 
2010/06/25 22.5 24.2 22.3 22.8 15352 
2010/07/02 23 23.2 21.25 22.9 7501 
2010/07/09 23.4 23.9 22.85 22.95 11005 
2010/07/16 23.2 25.2 22.35 24.1 26333 
2010/07/23 23.75 25.15 23.5 24.15 17005 
2010/07/30 24.25 24.25 23 23.15 9785 
2010/08/06 23.3 23.75 22.3 22.55 9319 
2010/08/13 21.7 22.35 20.9 21.75 9444 
2010/08/20 21.75 21.95 21.3 21.5 5163 
2010/08/27 21.5 21.6 19 19.3 7867 
2010/09/03 19.4 19.7 17.8 19.5 9491 
2010/09/10 20 20.5 19.2 19.8 9491 
2010/09/17 19.8 21.65 19.8 21.15 11300 
2010/09/24 21.35 22 20.8 21.2 10681 
2010/10/01 21.5 22.85 20.85 22.6 17047 
2010/10/08 23 23.1 22 22.15 14448 
2010/10/15 22.3 22.45 20.7 20.75 6418 
2010/10/22 20.8 20.8 20 20.35 3956 
2010/10/29 20.35 21.05 20.2 20.3 3484 
2010/11/05 20.25 20.55 18.7 18.9 5135 
2010/11/12 18.9 19.1 18 18.55 4624 
2010/11/19 18.5 18.85 18.25 18.45 1545 
2010/11/26 18.6 20.25 18.3 19.8 9595 
2010/12/03 20 21 19.6 20.4 7510 
2010/12/10 20.4 21.8 20 21 15159 
2010/12/17 21 21.2 19.85 20.05 8287 
2010/12/24 20.05 22.3 19.5 21.55 24365 
2010/12/31 21.6 21.7 19.8 20 8137 
2011/01/07 20.05 20.1 19.3 19.75 6734 
2011/01/14 19.75 20.1 19.4 19.5 5277 
2011/01/21 19.6 19.65 19.05 19.1 3176 
2011/01/28 19.1 19.45 18.85 18.85 2363 
2011/02/11 19 19.2 18.6 18.6 3337 
2011/02/18 19.9 19.9 18.85 19.1 4062 
2011/02/25 19.2 19.2 17.45 18.2 5818 
2011/03/04 18.3 19.25 18.1 18.55 5303 
2011/03/11 18.5 18.95 18 18.15 2277 
2011/03/18 17.25 17.85 15.1 16.2 9109 
2011/03/25 16.3 17.9 16.15 17.65 6387 
2011/04/01 17.65 18.1 17.25 17.4 2701 
2011/04/08 17.5 18.9 17.4 18.45 6149 
2011/04/15 18.3 18.3 17.35 17.35 2503 
2011/04/22 17.35 17.7 16.95 17.4 2204 
2011/04/29 17.4 17.9 16.6 16.8 3300 
2011/05/06 16.75 16.75 15.75 16.25 3358 
2011/05/13 16.35 16.5 16.05 16.3 1720 
2011/05/20 16.2 16.4 15 15.3 2525 
2011/05/27 15.3 15.4 14.65 15.25 3007 
2011/06/03 15.4 15.8 15.2 15.5 2342 
2011/06/10 15.6 17.05 15.6 16.2 9183 
2011/06/17 15.9 17 15.55 16.5 7005 
2011/06/24 16.7 16.8 15.1 15.15 3473 
2011/07/01 14.9 15.55 14.9 15.25 1724 
2011/07/08 15.4 15.55 14.9 15.05 2528 
2011/07/15 15 15.35 12.15 12.85 6929 
2011/07/22 12.85 13.3 12.6 13.1 3066 
2011/07/29 13.1 13.2 12.6 12.65 2580 
2011/08/05 12.9 12.9 11.45 11.45 2544 
2011/08/12 10.65 10.75 9.2 10.25 8281 
2011/08/19 10.5 10.85 9.4 10 4345 
2011/08/26 9.45 10.5 9.45 10 2932 
2011/09/02 10.15 10.6 10 10.1 3760 
2011/09/09 10 10.45 9.85 10.15 2676 
2011/09/16 10.05 10.7 9.57 10.7 4356 
2011/09/23 11.1 11.1 9.91 10 4676 
2011/09/30 9.95 9.96 9.3 9.6 1977 
2011/10/07 9.5 9.7 9.25 9.6 1426 
2011/10/14 9.7 9.9 9.58 9.82 1227 
2011/10/21 9.93 10.1 9.76 9.77 2679 
2011/10/28 9.9 10.85 9.8 10.6 6429 
2011/11/04 10.8 10.8 10.05 10.6 5256 
2011/11/11 10.65 10.95 9.92 9.95 4578 
2011/11/18 10.15 10.65 10 10.65 4495 
2011/11/25 10.65 10.85 9.27 9.68 8613 
2011/12/02 9.66 11.7 9.66 11.4 13598 
2011/12/09 11.4 12.45 11.25 11.45 18448 
2011/12/16 11.45 13.1 11.25 11.7 38313 
2011/12/23 11.8 12.65 11.15 12.15 18284 
2011/12/30 12.15 13.3 11.7 11.95 33243 
2012/01/06 11.85 12.05 11.35 11.65 14653 
2012/01/13 11.65 12.2 11.2 11.5 14152 
2012/01/20 11.7 12.8 11.2 12.45 21328 
2012/02/03 12.8 15.2 12.65 15 61209 
2012/02/10 14.8 15.8 14.3 14.8 35625 
2012/02/17 14.8 16.1 14.2 14.55 39317 
2012/02/24 14.7 15.3 14.4 14.4 18541 
2012/03/02 14.5 14.75 12.75 13.45 22842 
2012/03/09 13.5 13.65 12 12.6 17424 
2012/03/16 12.6 13.1 12.4 12.65 13134 
2012/03/23 12.7 13.5 12.4 12.85 26188 
2012/03/30 12.8 12.85 11.2 11.5 9646 
2012/04/06 11.55 11.8 10.2 10.65 10698 
2012/04/13 10.6 12.1 10.35 11.9 11685 
2012/04/20 11.8 11.8 10.85 11.15 8430 
2012/04/27 11.15 11.35 10.5 10.9 6792 
2012/05/04 10.75 11.85 10.65 11.7 8568 
2012/05/11 11.4 11.45 11 11.1 6247 
2012/05/18 11.2 11.35 10.45 10.45 7090 
2012/05/25 10.55 10.7 9.91 10 4820 
2012/06/01 10.05 10.65 9.92 10.3 4785 
2012/06/08 10 10.2 9.58 9.96 4858 
2012/06/15 10.1 10.6 10 10.4 3683 
2012/06/22 10.65 11 10.35 10.6 4092 
2012/06/29 10.55 10.65 10.3 10.55 2529 
2012/07/06 10.7 11.05 10.6 10.85 4721 
2012/07/13 10.8 11.3 10.5 10.6 4460 
2012/07/20 10.65 10.7 10.25 10.4 2578 
2012/07/27 10.35 10.65 10.05 10.45 2693 
2012/08/03 10.6 10.75 10.4 10.55 1974 
2012/08/10 10.65 11.5 10.3 11.2 7163 
2012/08/17 11.4 12.1 11.15 11.9 9416 
2012/08/24 11.9 12.2 11.65 12.1 7080 
2012/08/31 12.2 12.55 11.15 12.4 14290 
2012/09/07 12.4 13.1 12.4 12.65 14176 
2012/09/14 13.5 14 13.2 13.5 24258 
2012/09/21 13.5 14.25 13.15 13.65 13316 
2012/09/28 13.65 13.9 12.95 13.25 9271 
2012/10/05 13.2 13.7 13.05 13.15 7946 
2012/10/12 13.15 13.2 12.15 12.55 5219 
2012/10/19 12.6 12.75 11.8 12 4535 
2012/10/26 11.8 12.05 11.05 11.05 6107 
2012/11/02 11.05 11.45 10.3 11.05 6702 
2012/11/09 11 11.3 10.7 11.3 2574 
2012/11/16 11.3 11.4 11 11.2 2890 
2012/11/23 11.25 11.5 10.8 11.5 2622 
2012/11/30 11.5 12.2 11.5 11.95 7833 
2012/12/07 12 12.35 11.9 11.9 5638 
2012/12/14 11.9 12.15 11.45 11.95 4120 
2012/12/21 11.9 12.25 11.7 12.05 5274 
2012/12/28 12.05 13.1 12.05 12.75 15555 
2013/01/04 12.8 13.05 12.5 12.5 6479 
2013/01/11 12.65 13.1 12.25 13.05 9614 
2013/01/18 13.05 13.05 12 12.45 7803 
2013/01/25 12.55 12.7 12.25 12.4 5499 
2013/02/01 12.5 13.3 12.2 12.9 13896 
2013/02/08 13 13.15 12.6 12.7 4404 
2013/02/22 12.9 13.65 12.9 13.05 15542 
2013/03/01 13 13.8 13 13.2 10780 
2013/03/08 13.2 13.35 12.95 13.05 5815 
2013/03/15 13.1 13.4 12.85 12.85 7037 
2013/03/22 12.7 13.4 12.4 13.05 13035 
2013/03/29 13.05 13.2 12.75 13 6046 
2013/04/05 13.15 13.15 12.85 12.9 2603 
2013/04/12 12.6 12.7 12 12.15 4495 
2013/04/19 12.1 12.5 11.8 12.35 7621 
2013/04/26 12.45 12.8 12.25 12.4 6613 
2013/05/03 12.45 13.4 12.35 13.05 12572 
2013/05/10 13.1 13.2 12.8 12.85 5416 
2013/05/17 12.8 13.1 12.5 12.95 6868 
2013/05/24 13 13.65 12.95 13.1 16527 
2013/05/31 13.1 13.75 13.1 13.2 10413 
2013/06/07 13.15 13.55 12.65 12.85 9347 
2013/06/14 12.9 13.3 12.7 12.75 4751 
2013/06/21 12.8 13.15 12.5 12.65 4446 
2013/06/28 12.6 13.3 12.5 12.9 5933 
2013/07/05 12.9 13.75 12.9 13.35 14147 
2013/07/12 13.4 13.6 12.9 13.05 8378 
2013/07/19 13.1 13.35 13 13.05 5204 
2013/07/26 13.15 14.5 13.1 14.1 24026 
2013/08/02 14.1 14.25 13.8 13.85 8690 
2013/08/09 13.8 14.05 12.4 12.85 17233 
2013/08/16 12.9 13 12.4 12.45 7098 
2013/08/23 12.45 13 12.35 12.8 8740 
2013/08/30 12.95 12.95 12.15 12.55 8015 
2013/09/06 12.55 12.95 12.4 12.7 10560 
2013/09/13 12.65 12.85 12.4 12.55 11000 
2013/09/20 12.6 13.15 12.5 12.85 15940 
2013/09/27 12.9 13.1 12.65 12.75 8042 
2013/10/04 12.7 13.45 12.7 12.9 14332 
2013/10/11 12.9 13.05 12.6 12.75 6271 
2013/10/18 12.85 13.1 12.65 12.9 11340 
2013/10/25 13 13 12.7 12.7 4468 
2013/11/01 12.7 13.15 12.7 12.9 8664 
2013/11/08 12.9 14 12.6 13.35 34603 
2013/11/15 13.3 13.45 11.9 12.25 14815 
2013/11/22 12.3 12.4 12 12.05 4843 
2013/11/29 12.1 12.35 12.05 12.25 4787 
2013/12/06 12.2 12.75 12 12.45 10515 
2013/12/13 12.55 13 12.35 12.8 10874 
2013/12/20 12.8 12.85 12.45 12.55 5117 
2013/12/27 12.55 13.1 12.45 13.05 15301 
2014/01/03 13.05 13.05 12.8 12.9 7011 
2014/01/10 12.9 13.4 12.85 13.15 18878 
2014/01/17 13.15 13.45 12.85 13.4 14729 
2014/01/24 13.35 13.55 12.9 12.9 8359 
2014/01/31 12.75 12.95 12.6 12.7 3080 
2014/02/07 12.5 13 12.4 12.8 2133 
2014/02/14 12.9 13.5 12.75 13.25 17352 
2014/02/21 13.4 13.9 13.1 13.4 22101 
2014/02/28 13.5 13.8 13.25 13.5 9154 
2014/03/07 13.5 14.8 13.4 14.1 36854 
2014/03/14 14.2 14.35 13.75 13.95 15594 
2014/03/21 13.95 14.2 13.15 13.25 11381 
2014/03/28 13.1 13.65 12.85 13.4 7705 
2014/04/04 13.5 13.7 13.4 13.4 4291 
2014/04/11 13.15 14.25 13.15 14.25 16224 
2014/04/18 14.5 15.25 14.1 14.7 54179 
2014/04/25 14.75 16.4 14.6 15.05 79199 
2014/05/02 14 15.1 14 14.55 32735 
2014/05/09 14.75 14.75 14.15 14.6 16248 
2014/05/16 14.55 14.6 13.5 14.15 13228 
2014/05/23 14.15 14.6 13.25 14.5 26166 
2014/05/30 14.5 14.9 14.4 14.5 15047 
2014/06/06 14.65 14.9 14.35 14.6 10057 
2014/06/13 14.7 15.65 14.7 15.3 30281 
2014/06/20 15.35 15.5 14.8 15.2 21489 
2014/06/27 15.2 15.3 14.55 14.85 14320 
2014/07/04 14.85 15.25 14.85 15.1 12588 
2014/07/11 15.15 15.2 14 14 16337 
2014/07/18 14 14.3 13.9 14.05 9783 
2014/07/25 14.05 14.35 13.95 14.05 6266 
2014/08/01 14.05 14.15 13.55 13.7 5230 
2014/08/08 13.6 14.15 13.3 13.35 7146 
2014/08/15 13.5 14.1 13.15 13.2 14041 
2014/08/22 13.2 13.2 12.35 12.85 5523 
2014/08/29 12.85 13.5 12.85 13.45 7694 
2014/09/05 13.5 13.5 13.05 13.15 2613 
2014/09/12 13.15 13.35 12.9 12.9 3018 
2014/09/19 12.75 12.95 12.65 12.85 1984 
2014/09/26 12.85 12.85 12.35 12.4 2225 
2014/10/03 12.5 12.8 12.25 12.75 3867 
2014/10/10 12.75 12.9 12.35 12.5 2214 
2014/10/17 12.15 12.15 10.6 11 6401 
2014/10/24 11.15 11.55 11 11.15 2199 
2014/10/31 11.3 11.65 10.9 11.6 2435 
2014/11/07 11.7 11.85 11.45 11.8 2654 
2014/11/14 11.9 11.9 11.5 11.55 2269 
2014/11/21 11.65 11.7 11.4 11.6 1942 
2014/11/28 11.7 11.75 11.3 11.35 1744 
2014/12/05 11.15 12.5 11.15 12.45 6290 
2014/12/12 12.5 12.5 11.8 12 3145 
2014/12/19 12 12.5 11.85 12.05 4877 
2014/12/26 12.2 12.5 12.05 12.45 3675 
2015/01/02 12.45 12.9 12.45 12.6 5941 
2015/01/09 12.6 13.2 12.35 12.75 7178 
2015/01/16 12.75 13.1 12.6 12.95 6279 
2015/01/23 13.1 13.2 12.7 12.8 4955 
2015/01/30 12.8 12.85 12.5 12.6 2674 
2015/02/06 12.55 12.75 12.15 12.2 2375 
2015/02/13 12.2 12.3 11.9 11.95 2250 
2015/02/27 12.05 12.35 12 12.15 1659 
2015/03/06 12.15 12.65 12.1 12.6 4493 
2015/03/13 12.45 12.55 12.25 12.3 2209 
2015/03/20 12.3 12.4 12.1 12.25 2485 
2015/03/27 12.35 12.45 12.1 12.2 3470 
2015/04/03 12.3 12.3 11.9 12 1689 
2015/04/10 12.05 12.35 11.9 12.05 3732 
2015/04/17 12.05 12.45 11.9 12.1 5702 
2015/04/24 12.1 12.1 11.8 11.85 2453 
2015/05/01 11.85 11.95 11.7 11.7 1537 
2015/05/08 11.75 12 11.65 11.7 2205 
2015/05/15 11.9 11.9 11.3 11.4 2618 
2015/05/22 11.45 11.75 11.3 11.4 2882 
2015/05/29 11.45 11.45 11.15 11.25 2478 
2015/06/05 11.25 11.25 10.6 10.65 3100 
2015/06/12 10.7 10.7 9.6 10.05 3700 
2015/06/19 10.25 10.25 10 10.2 1221 
2015/06/26 10.2 10.45 10.2 10.35 1182 
2015/07/03 10.1 10.5 9.98 10.35 1710 
2015/07/10 10.25 10.35 9.6 10 2164 
2015/07/17 10.1 10.3 9.69 9.7 3531 
2015/07/24 9.64 9.95 9.64 9.8 2216 
2015/07/31 9.68 9.79 8.52 9 3046 
2015/08/07 8.99 8.99 8.7 8.75 2014 
2015/08/14 8.7 8.97 8.7 8.88 1206 
2015/08/21 8.9 8.9 7.74 7.74 2591 
2015/08/28 7.35 8.07 6.29 8 4775 
2015/09/04 8 8.6 7.8 8.54 2645 
2015/09/11 8.44 9.46 8.44 9.23 3641 
2015/09/18 9.23 9.6 9.15 9.6 2628 
2015/09/25 9.51 9.93 9.37 9.68 2515 
2015/10/02 9.63 9.75 9.43 9.66 1025 
2015/10/09 10.1 10.35 9.95 10.35 3289 
2015/10/16 10.35 10.75 10.3 10.75 2529 
2015/10/23 10.75 11 10.5 10.95 3788 
2015/10/30 10.95 11.2 10.85 11.05 3268 
2015/11/06 11.05 11.05 10.65 10.9 2157 
2015/11/13 10.9 11 10.3 10.35 1200 
2015/11/20 10.25 11.2 10.15 10.95 3515 
2015/11/27 10.9 11.2 10.4 10.4 2079 
2015/12/04 10.55 10.85 10.35 10.7 3043 
2015/12/11 10.75 10.8 9.95 10 1608 
2015/12/18 10.1 10.3 9.15 10.05 2923 
2015/12/25 10 10.2 10 10.1 1174 
2016/01/01 10.1 10.75 9.99 10.75 2930 
2016/01/08 10.8 11.65 10.2 11.25 11143 
2016/01/15 11.2 11.25 9.9 10 6014 
2016/01/22 9.95 11.8 9.94 11.3 16947 
2016/01/29 11.3 13.25 11.1 12.7 51947 
2016/02/05 12.9 12.95 11.45 11.5 10701 
2016/02/19 11.6 12.1 11.6 11.7 9450 
2016/02/26 11.7 12.35 11.3 11.6 11644 
2016/03/04 11.5 12.2 11.5 12.1 10266 
2016/03/11 12.15 12.2 11.5 11.7 8681 
2016/03/18 11.75 11.9 11.4 11.5 5010 
2016/03/25 11.65 11.85 11.45 11.6 3627 
2016/04/01 11.6 11.6 10.9 10.95 4412 
2016/04/08 11 11.25 10.95 11 1281 
2016/04/15 11 11 10.5 10.7 2665 
2016/04/22 10.8 10.8 10.05 10.15 1882 
2016/04/29 10.25 10.25 9.9 10 1197 
2016/05/06 10 10.1 9.94 10 1026 
2016/05/13 10.1 10.15 9.53 9.55 1764 
2016/05/20 9.55 9.74 9.51 9.6 1183 
2016/05/27 9.65 10.2 9.6 9.99 1513 
2016/06/03 9.99 10.75 9.96 10.2 3673 
2016/06/10 10.3 10.35 10 10.25 833 
2016/06/17 10.15 10.6 10.1 10.3 1813 
2016/06/24 10.45 10.45 10 10.1 1380 
2016/07/01 10.15 10.55 10.05 10.4 2461 
2016/07/08 10.4 10.5 10.25 10.3 2019 
2016/07/15 9.81 10.2 9.81 10.05 2437 
2016/07/22 10 10.4 9.96 10.15 3380 
2016/07/29 10.15 10.2 9.98 9.99 1195 
2016/08/05 10 10.4 9.99 10.2 2582 
2016/08/12 10.15 11.3 10.05 11 10870 
2016/08/19 11 11.4 10.7 10.85 6776 
2016/08/26 10.85 11.45 10.6 11.3 4458 
2016/09/02 11.3 11.35 10.65 10.7 6809 
2016/09/09 10.8 11.25 10.7 10.85 4157 
2016/09/16 10.9 10.95 10.6 10.6 1006 
2016/09/23 10.8 10.9 10.6 10.75 1750 
2016/09/30 10.75 10.85 10.7 10.8 490 
2016/10/07 10.8 11.25 10.65 11.05 3232 
2016/10/14 11.1 11.1 10.3 10.3 2128 
2016/10/21 10.3 10.5 10.25 10.4 1205 
2016/10/28 10.4 10.45 10.2 10.25 858 
2016/11/04 10.3 10.3 9.98 9.98 1758 
2016/11/11 10 10.1 9.7 9.91 1850 
2016/11/18 9.86 9.86 9.71 9.73 1104 
2016/11/25 9.74 9.86 9.7 9.8 747 
2016/12/02 9.79 10.15 9.79 10 1720 
2016/12/09 9.99 10.3 9.95 10.2 1582 
2016/12/16 10.25 10.45 10.15 10.3 1440 
2016/12/23 10.25 10.45 10.1 10.1 997 
2016/12/30 10.1 11 10.1 10.5 5561 
2017/01/06 10.4 10.7 10.35 10.45 2300 
2017/01/13 10.5 11.2 10.4 10.65 5312 
2017/01/20 10.65 10.65 10.45 10.45 1370 
2017/01/27 10.55 10.7 10.45 10.5 947 
2017/02/03 10.5 10.75 10.5 10.65 844 
2017/02/10 10.75 11.05 10.75 10.85 3574 
2017/02/17 10.85 11.3 10.85 11.05 6638 
2017/02/24 11 11.15 10.85 11 2525 
2017/03/03 11 11.15 10.9 10.9 1613 
2017/03/10 11 11.15 10.8 10.85 2170 
2017/03/17 10.85 11.2 10.85 11.1 3321 
2017/03/24 11.1 11.9 11.1 11.45 10408 
2017/03/31 11.4 11.45 10.95 11.25 3866 
2017/04/07 11.35 11.4 11.25 11.35 834 
2017/04/14 11.15 11.2 10.65 10.85 4001 
2017/04/21 10.95 11 10.7 10.8 543 
2017/04/28 10.75 10.75 10.5 10.55 288 
2017/05/05 10.6 11.2 10.6 11 3362 
2017/05/12 10.95 10.95 10.2 10.2 2410 
2017/05/19 10.2 10.35 10.1 10.2 2361 
2017/05/26 10.25 10.7 10.2 10.4 2016 
2017/06/02 10.45 10.8 10.4 10.8 1576 
2017/06/09 10.75 10.95 10.7 10.9 1193 
2017/06/16 10.8 10.9 10.55 10.6 824 
2017/06/23 10.75 11 10.6 10.8 1752 
2017/06/30 10.8 11.15 10.8 10.9 3271 
2017/07/07 10.9 10.95 10.85 10.95 364 
2017/07/14 10.5 10.5 10.35 10.4 1393 
2017/07/21 10.4 10.6 10.4 10.45 618 
2017/07/28 10.35 10.45 10.25 10.25 374 
2017/08/04 10.25 10.35 10.15 10.35 1654 
2017/08/11 10.35 10.4 10.25 10.25 403 
2017/08/18 10.2 10.2 9.97 9.99 855 
2017/08/25 10.25 10.35 10.15 10.25 366 
2017/09/01 10.3 10.35 10.2 10.25 504 
2017/09/08 10.55 10.6 10.35 10.4 587 
2017/09/15 10.55 10.85 10.4 10.65 3608 
2017/09/22 10.7 10.9 10.6 10.7 2319 
2017/09/29 10.35 10.4 10.1 10.1 1320 
2017/10/06 10.2 10.3 10.2 10.3 430 
2017/10/13 10.25 10.35 10.2 10.25 595 
2017/10/20 10.35 10.35 10.3 10.35 431 
2017/10/27 10.25 10.5 10.2 10.2 2781 
2017/11/03 10.25 10.6 10.2 10.5 2078 
2017/11/10 10.5 10.65 10.4 10.45 2830 
2017/11/17 10.5 10.5 10.4 10.45 569 
2017/11/24 10.05 10.05 9.93 9.98 823 
2017/12/01 10 10.05 9.97 10 602 
2017/12/08 10.15 10.15 9.95 9.99 1310 
2017/12/15 9.99 10.05 9.8 9.83 1539 
2017/12/22 9.77 9.83 9.61 9.8 1438 
2017/12/29 9.8 9.83 9.68 9.73 1284 
2018/01/05 9.73 10.1 9.72 9.98 3338 
2018/01/12 10.1 10.15 9.87 10 2788 
2018/01/19 10.05 10.4 9.91 10.1 8176 
2018/01/26 10.1 10.15 9.81 9.92 2922 
2018/02/02 9.95 10 9.83 9.84 1211 
2018/02/09 9.7 9.79 8.88 9.01 2814 
2018/02/16 9.02 9.09 9 9.01 402 
2018/02/23 9.07 9.19 9.07 9.14 762 
2018/03/02 9.2 9.37 9.14 9.33 934 
2018/03/09 9.3 9.41 9.11 9.22 2466 
2018/03/16 9.25 9.34 9.21 9.31 735 
2018/03/23 9.31 9.32 8.92 8.99 1318 
2018/03/30 8.99 8.99 8.8 8.82 2128 
2018/04/06 8.83 8.83 8.66 8.75 902 
2018/04/13 8.75 9 8.7 8.82 1268 
2018/04/20 8.78 8.84 8.45 8.57 1137 
2018/04/27 8.57 8.61 8.14 8.16 1009 
2018/05/04 8.25 8.25 8.12 8.21 408 
2018/05/11 8.23 8.37 8.16 8.25 975 
2018/05/18 8.21 8.21 7.66 7.8 2307 
2018/05/25 7.84 8.15 7.76 8.1 1746 
2018/06/01 8.1 8.96 8.07 8.7 2889 
2018/06/08 8.7 8.83 8.51 8.76 1796 
2018/06/15 9.63 10.8 9.4 10.8 19900 
2018/06/22 11 11.15 10.25 10.35 15453 
2018/06/29 10.4 11.3 9.96 11.15 20691 
2018/07/06 11.5 11.55 9.98 10.15 17235 
2018/07/13 10.15 10.25 9.27 9.45 7925 
2018/07/20 9.48 9.72 9.25 9.25 3006 
2018/07/27 9.26 9.74 9.22 9.44 2544 
2018/08/03 9.45 9.6 9.34 9.36 2147 
2018/08/10 9.4 9.86 9.4 9.41 3885 
2018/08/17 9.4 9.4 8.8 9.03 2628 
2018/08/24 9.1 9.71 8.9 9.63 3689 
2018/08/31 9.66 10.35 9.61 10.3 5016 
2018/09/07 10.35 10.4 9.86 9.86 5418 
2018/09/14 9.98 10.7 9.86 10.1 6588 
2018/09/21 10.3 10.3 9.69 9.74 3449 
2018/09/28 9.71 9.92 9.58 9.79 2910 
2018/10/05 9.84 10.45 9.61 9.71 5272 
2018/10/12 9.78 9.81 8.2 8.45 3460 
2018/10/19 8.7 9.16 8.51 8.82 1842 
2018/10/26 8.67 8.95 8.08 8.13 1881 
2018/11/02 8.13 8.7 8.1 8.6 1264 
2018/11/09 8.43 8.86 8.43 8.73 1307 
2018/11/16 8.73 8.92 8.4 8.5 1453 
2018/11/23 8.69 9.86 8.54 9.47 6595 
2018/11/30 9.35 9.8 9.23 9.45 4478 
2018/12/07 9.45 10.25 9.4 9.54 9337 
2018/12/14 9.6 10.15 9.6 9.89 4768 
2018/12/21 9.81 9.93 9.1 9.29 2576 
2018/12/28 9.25 9.63 9.06 9.41 3877 
2019/01/04 9.33 9.41 8.91 9.01 1103 
2019/01/11 9.15 9.6 9.12 9.27 2650 
2019/01/18 9.2 9.48 9.13 9.34 1715 
2019/01/25 9.36 9.95 9.34 9.44 4335 
2019/02/01 9.57 9.57 9.35 9.38 684 
2019/02/15 9.49 9.87 9.37 9.7 2941 
2019/02/22 9.78 9.93 9.72 9.78 2543 
2019/03/01 9.75 9.86 9.62 9.66 1189 
2019/03/08 9.68 10.3 9.66 10.3 8403 
2019/03/15 10.3 10.6 9.97 10.05 4900 
2019/03/22 10.1 10.5 9.99 10.05 9308 
2019/03/29 9.99 11.35 9.99 11 21573 
2019/04/05 11.3 11.55 10.85 11.1 8019 
2019/04/12 11.25 11.3 10.8 11 7390 
2019/04/19 11.1 12.1 11.05 11.05 21441 
2019/04/26 11.2 11.55 11.05 11.05 6410 
2019/05/03 11.1 11.6 10.6 11.55 8582 
2019/05/10 11.3 12.55 11.25 12.55 31636 
2019/05/17 12.65 12.75 10.7 10.8 39114 
2019/05/24 10.95 11.15 10.25 10.5 10344 
2019/05/31 10.5 10.65 10.2 10.55 6150 
2019/06/07 10.55 10.7 10.3 10.4 2900 
2019/06/14 10.4 10.45 10.15 10.25 3538 
2019/06/21 10.3 10.6 10.25 10.3 3722 
2019/06/28 10.3 10.35 10.05 10.1 2864 
2019/07/05 10.25 10.55 10.2 10.5 3396 
2019/07/12 10.55 10.7 10.35 10.65 4171 
2019/07/19 10.7 10.95 10.5 10.65 3594 
2019/07/26 10.65 11.8 10.6 11.15 19595 
2019/08/02 11.25 11.45 10.6 10.75 6004 
2019/08/09 10.75 10.85 10.1 10.35 2212 
2019/08/16 10.3 10.4 10.1 10.25 2844 
2019/08/23 10.3 10.7 10.3 10.5 2660 
2019/08/30 10.3 11.1 10.2 10.75 4525 
2019/09/06 10.75 10.85 10.7 10.85 773 
