2003/01/03 13.95 13.95 11.5 11.95 804 
2003/01/10 11.6 12 11.2 11.8 1454 
2003/01/17 12.6 13.4 11.75 12.15 1123 
2003/01/24 12.15 13.25 11.25 13.25 687 
2003/01/31 13.2 13.2 12.1 12.2 399 
2003/02/07 12.35 12.35 11.55 11.65 62 
2003/02/14 11.55 12.15 11.3 11.85 610 
2003/02/21 12.2 12.65 11.9 11.9 583 
2003/02/28 11.9 12 11.7 11.75 308 
2003/03/07 11.75 11.85 11.2 11.3 396 
2003/03/14 11.15 12.2 10.9 11.75 851 
2003/03/21 11.5 12 11.2 11.3 891 
2003/03/28 11.5 11.7 11.15 11.6 1241 
2003/04/04 11.5 11.5 10.75 10.85 1347 
2003/04/11 10.6 11.35 10.6 11.25 880 
2003/04/18 11.2 11.55 10.9 11.3 1777 
2003/04/25 11.3 11.4 10.3 10.6 1048 
2003/05/02 10.35 10.45 9.55 9.9 507 
2003/05/09 9.5 10.15 9.5 9.95 272 
2003/05/16 9.9 10 9.55 9.75 367 
2003/05/23 9.6 10.1 9.5 10 347 
2003/05/30 10.15 10.55 9.95 10.15 920 
2003/06/06 10.3 11.1 10.25 10.95 2151 
2003/06/13 10.9 11.9 10.7 10.95 1910 
2003/06/20 10.95 13 10.8 12.55 2953 
2003/06/27 12.55 12.8 11.6 12.2 2035 
2003/07/04 12.2 13.3 12.2 12.65 2695 
2003/07/11 12.4 12.95 11.9 11.9 1539 
2003/07/18 12 13 12 12.65 2517 
2003/07/25 12.65 16.6 12.6 16.6 3509 
2003/08/01 17.7 18.9 15.7 16.5 9997 
2003/08/08 16.4 17.6 15.8 17.2 8558 
2003/08/15 17.1 17.4 16 17.1 5944 
2003/08/22 17.3 19.3 17.1 18.9 12565 
2003/08/29 19 19 16.4 17 5569 
2003/09/05 17.3 17.3 16.2 16.3 1698 
2003/09/12 16.2 16.5 14 15.2 2266 
2003/09/19 14.55 17.5 14.5 17.1 8829 
2003/09/26 17.3 18.5 16.7 17.8 7049 
2003/10/03 17.3 17.5 16.7 17 4594 
2003/10/10 17.2 17.2 16.3 16.7 2481 
2003/10/17 17 18.4 16.8 18 7809 
2003/10/24 18.3 19.1 17.5 18.1 12620 
2003/10/31 18.1 21.7 18.1 21 24978 
2003/11/07 21.2 24.1 20.8 24.1 18621 
2003/11/14 24.7 27.2 24.7 26.3 21065 
2003/11/21 26 27 24.6 25.5 10811 
2003/11/28 26 27.7 26 27.1 11281 
2003/12/05 27.1 29.6 26.7 28.4 16113 
2003/12/12 27.8 28.1 24.5 25.5 8624 
2003/12/19 25.9 26.7 25.2 25.7 4936 
2003/12/26 26.1 26.5 24.8 25.8 4510 
2004/01/02 25.6 26.2 24.5 26 4843 
2004/01/09 26.1 26.9 23.8 26.4 11943 
2004/01/16 26.4 27.8 25.8 26.3 7596 
2004/01/30 26.6 26.8 24.9 25.7 4380 
2004/02/06 25.7 25.9 24.2 24.7 5688 
2004/02/13 24.9 26.4 24.1 25.7 12364 
2004/02/20 26.1 28.8 25.2 28.1 17246 
2004/02/27 28.1 28.4 24.5 25.7 11678 
2004/03/05 25.5 27.2 24.9 26.5 12293 
2004/03/12 27 29.9 26 29.5 32518 
2004/03/19 29.5 29.6 26.3 26.4 11852 
2004/03/26 24.6 25.4 22.9 24.6 10194 
2004/04/02 25.4 27.2 25.1 27 9715 
2004/04/09 27 28.5 25.3 25.6 19054 
2004/04/16 26 27.9 26 27.1 14712 
2004/04/23 27.6 28.5 25.3 25.4 18658 
2004/04/30 25.4 26.8 23.6 24.4 10467 
2004/05/07 24 24.5 21 21.9 5860 
2004/05/14 21.5 22 19.2 19.2 4653 
2004/05/21 18.2 18.6 16.7 18.4 8245 
2004/05/28 18.4 21.3 17.8 21.3 7825 
2004/06/04 21.3 21.4 18.4 19 4133 
2004/06/11 19 20.3 18.9 19.6 4682 
2004/06/18 20 20 17.7 17.9 3819 
2004/06/25 18.5 19.1 17.2 18.7 3701 
2004/07/02 18.7 19.6 18.2 19 2938 
2004/07/09 18.8 19.3 18 19.1 1941 
2004/07/16 19.8 20.2 18.5 18.5 2891 
2004/07/23 18.5 18.7 16 17.4 3859 
2004/07/30 16.9 18.2 16.9 17.5 1871 
2004/08/06 17.5 17.5 16.2 17.1 2696 
2004/08/13 16.6 18.9 16.1 17 5373 
2004/08/20 17 20.2 16.6 20 19267 
2004/08/27 20.4 22 20 21.5 11671 
2004/09/03 21.6 24.4 21 22.9 21530 
2004/09/10 23 25.8 22.9 24 26328 
2004/09/17 24.6 24.7 23.3 23.7 15003 
2004/09/24 23.9 26.3 23.1 25.8 23594 
2004/10/01 25.9 26 24.2 25 9402 
2004/10/08 25.3 26.1 24.8 25.3 12750 
2004/10/15 25.5 25.9 20.9 21 20457 
2004/10/22 21.4 22.5 20.3 20.3 11769 
2004/10/29 19.5 20.4 18.6 19.3 11022 
2004/11/05 19.3 21.6 19 20.9 13288 
2004/11/12 20.9 21.3 20.1 20.8 7478 
2004/11/19 21 23.5 20.3 22.9 24913 
2004/11/26 22.2 22.6 21 21 12286 
2004/12/03 20.6 21.6 19.5 20.9 14766 
2004/12/10 20.5 21.8 20.5 21.7 8032 
2004/12/17 22.1 24.4 21.9 23.7 28386 
2004/12/24 22.5 24 22.5 23.4 12392 
2004/12/31 23.5 23.5 22.5 22.8 11513 
2005/01/07 22.8 23.1 20.6 20.8 14862 
2005/01/14 20.5 20.8 18.9 19.4 13660 
2005/01/21 19.7 20.1 19.4 19.6 7199 
2005/01/28 19.7 19.7 18.9 19.5 7330 
2005/02/04 19.9 21.2 19.8 20.2 15045 
2005/02/18 20.8 22 20 21.4 21750 
2005/02/25 21.6 22.9 20.6 21.1 26700 
2005/03/04 21.3 21.4 20.3 20.9 9672 
2005/03/11 21.5 23.8 21 22.3 29319 
2005/03/18 22 22.9 20.45 20.85 14300 
2005/03/25 21 22.1 21 21.45 10604 
2005/04/01 21.8 21.8 20.4 20.7 8062 
2005/04/08 20.5 20.85 19.8 20.8 5994 
2005/04/15 20.8 21.15 20.3 20.5 5823 
2005/04/22 20 20.2 18.7 19.8 6639 
2005/04/29 19.75 19.75 18.9 19.3 2658 
2005/05/06 19.3 19.45 16.3 16.95 11742 
2005/05/13 17 18.1 17 17.65 6294 
2005/05/20 17.8 17.8 16.8 17.15 3307 
2005/05/27 17.2 17.45 16.65 17.35 4494 
2005/06/03 17.4 18.2 16.8 17.65 7880 
2005/06/10 17.65 18.5 17.65 18.05 7931 
2005/06/17 19.3 19.9 18.5 19.05 17321 
2005/06/24 19.2 20.35 19.05 19.4 17254 
2005/07/01 19.6 19.75 18.3 18.55 7884 
2005/07/08 18.7 19.3 17.9 18.3 11138 
2005/07/15 18.5 19.4 18 19.1 16619 
2005/07/22 19.2 20.3 18.7 18.7 15338 
2005/07/29 18.4 18.8 17.85 17.85 6749 
2005/08/05 17.8 17.8 16.65 17.5 8183 
2005/08/12 17.5 17.95 17.2 17.7 7088 
2005/08/19 17.5 17.8 16.85 16.9 5553 
2005/08/26 16.95 17.15 15.5 15.7 5435 
2005/09/02 16 16.2 14.6 15.2 5995 
2005/09/09 15.2 15.2 13.15 13.9 11188 
2005/09/16 13.95 14.05 13.25 13.65 6345 
2005/09/23 14 16.8 13.8 15.45 23096 
2005/09/30 15.6 17.35 15.6 17.35 28264 
2005/10/07 17.6 18.55 17.3 18.3 41507 
2005/10/14 18.5 18.5 16.6 17.6 17530 
2005/10/21 17.7 17.9 15.1 16 25229 
2005/10/28 16.5 16.65 14.5 15.35 10597 
2005/11/04 15.9 16.4 15.6 15.8 12030 
2005/11/11 15.8 15.85 15 15.65 8690 
2005/11/18 15.75 18.2 15.55 17.15 29388 
2005/11/25 17.15 19 16.8 19 55249 
2005/12/02 19.5 21.25 18.6 20.5 78644 
2005/12/09 21.3 22 20.15 21.45 64334 
2005/12/16 21.6 23.3 20.5 23.3 64568 
2005/12/23 23.7 25.5 22.5 24.9 106401 
2005/12/30 25 26.35 23.75 25.5 69703 
2006/01/06 24.9 27 23.7 23.7 83372 
2006/01/13 24 25.4 22.55 22.7 54398 
2006/01/20 22.7 23.8 21.05 21.35 30024 
2006/01/27 21 21 19.8 20.6 22488 
2006/02/03 21 21.5 20.8 21.15 3242 
2006/02/10 21 22.5 20.5 21.05 17329 
2006/02/17 21 22.35 20.3 21.6 30156 
2006/02/24 21.5 22.1 19.6 20.2 24751 
2006/03/03 19.6 21.5 19.6 20.05 16995 
2006/03/10 20.05 22.2 20.05 21.7 32423 
2006/03/17 22 23.5 21.65 22.15 51977 
2006/03/24 22.3 24.95 22.3 23.1 57774 
2006/03/31 23.25 24.95 23.15 24.05 38708 
2006/04/07 24.4 25.2 24.2 24.7 43160 
2006/04/14 24.5 25.8 23.5 25.3 51841 
2006/04/21 25.3 27 24.6 25.2 73862 
2006/04/28 24.8 29.05 24.8 29 87463 
2006/05/05 28.7 30 28.15 28.9 82707 
2006/05/12 29.2 31.6 28.3 30.5 78974 
2006/05/19 30.5 32.8 29.3 31.8 85918 
2006/05/26 32.3 32.3 29.6 31.5 56929 
2006/06/02 31.7 31.8 30.1 30.3 27758 
2006/06/09 30 30.5 24.35 26.15 39031 
2006/06/16 26 27.1 24.95 25.6 25089 
2006/06/23 25.1 25.55 21.4 24.35 25436 
2006/06/30 24.3 27.05 24.1 26.7 26788 
2006/07/07 26.9 26.9 25 25.6 15165 
2006/07/14 25.6 27.7 25.5 25.7 26241 
2006/07/21 25.7 26 24.1 25.15 12441 
2006/07/28 24.3 25.55 24.3 25.2 18219 
2006/08/04 25.5 26.4 24.6 25.8 23375 
2006/08/11 23.1 24.45 22.7 23.45 33215 
2006/08/18 23.5 24.9 23.5 23.7 20986 
2006/08/25 23.7 23.9 22.05 22.35 15251 
2006/09/01 22.35 24.1 21.5 23.45 17367 
2006/09/08 23.75 24.4 23 24.1 30006 
2006/09/15 24.3 24.75 22 22.75 21560 
2006/09/22 23.5 24.15 23.1 23.9 14814 
2006/09/29 24.1 24.15 23.3 23.95 18780 
2006/10/06 24.05 24.4 23.7 23.85 15766 
2006/10/13 24 25.35 23.8 24.6 36520 
2006/10/20 24.8 27.1 24.15 26.4 48245 
2006/10/27 26.8 26.95 25.85 26.65 33086 
2006/11/03 26.7 27.3 25.6 25.9 33481 
2006/11/10 24.5 26.35 24.5 25.45 27409 
2006/11/17 25.55 26.2 25.1 25.7 23403 
2006/11/24 25.9 26.5 25.3 26 27310 
2006/12/01 26.3 26.5 25.15 26 31902 
2006/12/08 26.4 26.4 25.1 25.65 24918 
2006/12/15 25.6 26.1 25.1 25.45 14715 
2006/12/22 25.6 28.15 25.45 27.35 89333 
2006/12/29 27.35 27.65 26.6 26.7 29617 
2007/01/05 26.8 27.8 26.65 27.55 32026 
2007/01/12 27.5 28.7 26.5 26.9 51582 
2007/01/19 27 27.5 26.6 26.95 20772 
2007/01/26 27 27.3 26.75 26.75 18079 
2007/02/02 26.8 27 25.6 25.65 14421 
2007/02/09 25.7 26.2 25.45 26 10516 
2007/02/16 25.5 26.2 25.5 26.1 5250 
2007/03/02 26.5 26.5 25.15 25.3 9944 
2007/03/09 25.2 26.1 23.7 25.35 15152 
2007/03/16 25.7 27.8 25.45 26.8 38534 
2007/03/23 26.8 27.45 26.3 26.5 13180 
2007/03/30 26.6 29.55 26.4 29.1 86102 
2007/04/06 29.3 29.35 28.25 28.6 20466 
2007/04/13 28.9 29.9 27.8 29.4 40308 
2007/04/20 29.7 30.3 28.5 28.75 44215 
2007/04/27 29 31.35 28.7 30.4 54830 
2007/05/04 30.55 33.2 30.1 31.5 71519 
2007/05/11 32.3 33.3 31.6 32.7 45062 
2007/05/18 33.3 37.9 33.2 37.9 65461 
2007/05/25 39.6 40.55 37.5 37.6 69765 
2007/06/01 37.9 44.9 37.7 44.9 45215 
2007/06/08 45.6 46.8 42.4 42.55 42013 
2007/06/15 43.3 45.55 42.75 43.8 32876 
2007/06/22 43.8 44.5 43.2 43.8 13581 
2007/06/29 43.8 46.6 41.9 42.05 29905 
2007/07/06 42.2 42.5 39.15 41.8 34010 
2007/07/13 42 46 40.7 45.1 40796 
2007/07/20 46 51.7 45.5 47.95 54621 
2007/07/27 51.3 53 44.05 44.6 60367 
2007/08/03 45 47.8 43.3 46.2 25948 
2007/08/10 45.2 50.6 44.6 49.6 28099 
2007/08/17 43.3 44.9 37.2 37.85 37541 
2007/08/24 40.45 45.7 40 44.2 31174 
2007/08/31 45.5 45.5 40.15 43 20833 
2007/09/07 43.15 45.4 42.5 44.7 19450 
2007/09/14 43.2 45.6 43.05 43.5 16148 
2007/09/21 43.5 43.75 39.1 40.5 15071 
2007/09/28 40.75 43.15 40.2 43.15 9399 
2007/10/05 42.6 44.05 42.15 43.9 15968 
2007/10/12 44.4 45.15 42.5 43 11987 
2007/10/19 43.4 48.3 41.75 46.75 26569 
2007/10/26 45.2 47.6 44.3 45.9 20150 
2007/11/02 46.2 46.4 43.2 43.3 12991 
2007/11/09 44 47.2 41.5 43.5 21286 
2007/11/16 41.8 42.95 39 40.35 12972 
2007/11/23 40.5 41.7 36.8 36.8 17482 
2007/11/30 37.5 37.8 35 36.85 9356 
2007/12/07 37.4 39.5 37 38.4 7952 
2007/12/14 38.4 38.4 32 32.2 9114 
2007/12/21 32.2 32.3 28 30.9 12013 
2007/12/28 31.8 36.5 31.1 36.45 11360 
2008/01/04 36.9 37.3 31.8 32.35 11789 
2008/01/11 31 32.2 28.55 31.6 9093 
2008/01/18 32.5 32.6 29.8 31.6 7475 
2008/01/25 31.95 32 24.95 26.2 14810 
2008/02/01 26 26.7 24.8 26.4 11088 
2008/02/15 25.9 28.2 25.6 28.1 9428 
2008/02/22 28.2 29.1 27.6 28.6 8247 
2008/02/29 28.85 30.65 28.65 30 12840 
2008/03/07 29.2 30.9 28.55 30.2 11968 
2008/03/14 30.2 30.4 28.2 28.65 8655 
2008/03/21 28.4 29.2 27 29.2 6071 
2008/03/28 31 34.4 29.75 33 26163 
2008/04/04 32.95 35.3 32.9 33.85 13421 
2008/04/11 33.85 35 33 34.1 14074 
2008/04/18 34 37.75 33.6 36.7 19189 
2008/04/25 37 38.1 35.1 36.5 9648 
2008/05/02 36.8 37.5 36.15 36.65 5784 
2008/05/09 36.65 39.7 36.65 37.7 15539 
2008/05/16 37.5 37.95 36.8 37.5 8431 
2008/05/23 37.5 39.3 37.4 37.6 13016 
2008/05/30 37.2 37.3 34 35 6969 
2008/06/06 35 37 35 36.3 3976 
2008/06/13 33.85 35.65 33 34.95 5367 
2008/06/20 35.2 35.55 34.3 34.6 3380 
2008/06/27 34 34.2 29.8 29.8 4578 
2008/07/04 29.8 30.5 28 28.75 5031 
2008/07/11 28.95 29.9 28.35 29.9 5889 
2008/07/18 29.3 30.2 27.6 27.65 5216 
2008/07/25 27.9 30.8 27.9 29.8 4858 
2008/08/01 29.5 29.8 28.5 29.1 2577 
2008/08/08 29.1 30.95 28.3 30.7 6856 
2008/08/15 31 31.9 30.2 30.2 10760 
2008/08/22 30.15 30.2 28 28.4 8209 
2008/08/29 29 30.55 28.4 30.25 11208 
2008/09/05 29.8 30.1 25.15 25.7 14038 
2008/09/12 27.3 27.45 24.9 26.4 13082 
2008/09/19 26 26.3 22.8 25.65 11011 
2008/09/26 26.45 26.5 21.1 21.8 12549 
2008/10/03 20.3 21.5 19.8 20.7 4774 
2008/10/10 20.1 21.65 20.05 20.2 6918 
2008/10/17 19.5 20.85 19.4 19.7 6587 
2008/10/24 19.05 20.4 18.2 18.2 6346 
2008/10/31 16.95 17.5 14.35 16.6 29652 
2008/11/07 17 17.45 15.9 16.85 25352 
2008/11/14 16.45 16.5 12.25 12.25 24305 
2008/11/21 11.4 12 10.7 11.95 20928 
2008/11/28 12.05 13.15 11.6 12.85 17818 
2008/12/05 12.8 13.15 10.75 10.85 17218 
2008/12/12 11.05 12.7 11.05 11.6 24933 
2008/12/19 12 12.3 11.3 12.15 29231 
2008/12/26 12.3 12.75 10.9 12.3 30355 
2009/01/02 12.5 12.75 12.15 12.3 15008 
2009/01/09 12.8 13.6 11.95 12.05 27496 
2009/01/16 12.25 12.85 11.75 12.3 15952 
2009/01/23 12.5 12.55 11.3 11.7 4934 
2009/02/06 12.1 13.15 11.75 13.05 16468 
2009/02/13 13.5 15.05 13 14.65 52002 
2009/02/20 14.9 15.2 13.65 14 27710 
2009/02/27 13.8 15.2 13.65 15.1 27184 
2009/03/06 15 16.5 14.2 15.95 43824 
2009/03/13 16.1 17.2 15.6 16.7 33545 
2009/03/20 16.8 16.95 15.65 15.85 23552 
2009/03/27 15.85 17.8 15.85 16.85 29196 
2009/04/03 16.5 17.5 15.7 17.1 26977 
2009/04/10 17.45 17.7 16.8 17.1 25745 
2009/04/17 17.15 19.8 16.9 18.45 76878 
2009/04/24 18.9 22 18.75 21.4 89156 
2009/05/01 21.6 22 19.65 21.05 52180 
2009/05/08 21 22.75 20.05 22.55 70680 
2009/05/15 22.5 22.5 19.5 20.2 46350 
2009/05/22 20.45 21.25 19.8 20.85 30565 
2009/05/29 21.15 21.45 19.3 19.85 17124 
2009/06/05 20.3 21.8 19.35 21.35 39333 
2009/06/12 21.75 21.9 18.15 18.7 44704 
2009/06/19 18.4 18.45 16.3 17 16427 
2009/06/26 17.1 18 16.85 17.7 11324 
2009/07/03 17.7 19.1 17.4 18.75 11540 
2009/07/10 18.85 19.5 18.5 18.9 19779 
2009/07/17 19.1 19.8 18.1 19.7 18927 
2009/07/24 19.9 20.6 19.4 20.05 27561 
2009/07/31 20.2 23.4 20.15 22.8 45256 
2009/08/07 23.8 23.8 20.8 21.1 53717 
2009/08/14 21.1 24.05 21.05 23.85 34163 
2009/08/21 23.5 24.05 21.6 22.4 36027 
2009/08/28 22.8 23.3 22.2 22.6 19337 
2009/09/04 22.6 26.15 22.6 25.5 55247 
2009/09/11 25.8 26.4 24.55 25.55 30459 
2009/09/18 26 27.95 25.5 27.15 38163 
2009/09/25 27 27.6 25.7 26.5 21329 
2009/10/02 26.5 27.1 25.35 25.85 27305 
2009/10/09 25.85 27.85 25.6 26.8 47889 
2009/10/16 27 27.6 26.2 26.65 19398 
2009/10/23 26.6 29.5 26.5 29 48053 
2009/10/30 29.3 30.4 27.5 28.05 37319 
2009/11/06 27.2 29.2 27.2 28.05 17445 
2009/11/13 28.15 28.5 27.6 27.8 12023 
2009/11/20 27.8 28.8 27.8 28 18844 
2009/11/27 28 30.2 28 28.25 41103 
2009/12/04 28.9 30.8 28.8 29.15 46207 
2009/12/11 29.3 30.7 29 30.45 35875 
2009/12/18 30.6 31.9 30 30.75 34688 
2009/12/25 30.75 31.95 30.75 31.2 21832 
2010/01/01 31.2 32.3 30.85 31.9 21627 
2010/01/08 32 32.3 30.1 30.5 18973 
2010/01/15 30.8 33 30.3 32.25 27641 
2010/01/22 32 33.3 31.7 32.45 28374 
2010/01/29 32.45 34.2 30.7 31.5 30548 
2010/02/05 31.5 32 29.2 30.1 18956 
2010/02/12 30.3 31.5 30.1 31.15 8392 
2010/02/26 31.9 32.2 30.9 31 10508 
2010/03/05 31.05 32.5 31.05 32.3 19483 
2010/03/12 32.5 35.6 32.3 35.2 45498 
2010/03/19 35.5 39.9 34.1 39.25 58218 
2010/03/26 39.5 42.1 38 39.25 48346 
2010/04/02 40 41.65 39.6 41.1 35009 
2010/04/09 41.5 42.5 39.95 42 20422 
2010/04/16 43.5 44.9 41.85 43.65 22164 
2010/04/23 41.9 46.3 41.4 45.3 26221 
2010/04/30 46.05 48.2 42.6 43.2 26741 
2010/05/07 42.8 44.65 41.3 43.3 17369 
2010/05/14 43.6 46.8 42.9 46.8 23924 
2010/05/21 46.2 46.85 40.5 41 18015 
2010/05/28 41.2 43.2 39.8 42 12139 
2010/06/04 42 42.3 38.1 40.15 29597 
2010/06/11 38.05 39.25 35.8 37.4 17683 
2010/06/18 38.3 39.85 37.65 38.5 13309 
2010/06/25 38.95 41.2 38.4 40.65 18725 
2010/07/02 41 44.1 39.8 43.9 41172 
2010/07/09 44 47 43.15 45.15 34195 
2010/07/16 45.4 46.45 44 44 16390 
2010/07/23 43.5 52.6 43.5 51.8 49494 
2010/07/30 52 52.5 48.55 48.6 30003 
2010/08/06 48.65 50.4 47 47.4 27563 
2010/08/13 47.3 48.8 45.2 47.2 24047 
2010/08/20 46.9 50.9 45.9 49.3 37537 
2010/08/27 49.8 49.95 45.8 46.1 28932 
2010/09/03 46.9 46.9 42.75 45.2 24458 
2010/09/10 45.8 45.9 41.5 43 23670 
2010/09/17 44 44.65 42.8 43.05 14216 
2010/09/24 43.05 45.85 43 44.3 14664 
2010/10/01 45 45.75 43.75 45.1 14992 
2010/10/08 45.8 46 43.35 43.85 13609 
2010/10/15 44 44 42 42.1 12473 
2010/10/22 42.1 45.5 40.9 44.35 27624 
2010/10/29 44.3 45.5 44.2 44.9 16681 
2010/11/05 45.3 45.4 42.6 43.15 13669 
2010/11/12 43.2 44.3 42.2 43.4 7940 
2010/11/19 43.2 43.8 42.55 43.45 4013 
2010/11/26 43.9 46.5 43.45 45.3 29237 
2010/12/03 45.5 48.4 44.7 46.8 31415 
2010/12/10 47.2 47.8 43.35 44.7 28627 
2010/12/17 44.2 45.8 44.2 44.85 16963 
2010/12/24 45.3 45.75 44.25 45.05 10138 
2010/12/31 45.2 45.2 43.5 44.3 9308 
2011/01/07 44.5 45.7 43.8 44.7 11349 
2011/01/14 45.2 48.2 44.85 46.9 29331 
2011/01/21 47.6 47.85 46 46.6 23135 
2011/01/28 47.2 47.6 46.05 46.1 8651 
2011/02/11 48.4 50.8 46.65 47.3 34519 
2011/02/18 48 50.4 47.7 49.85 24751 
2011/02/25 49.8 50.3 45.9 47.15 19818 
2011/03/04 47.15 48.15 46.4 47.4 10336 
2011/03/11 47.2 48.4 45.45 46.2 11027 
2011/03/18 45.8 46.8 42.7 46.2 17319 
2011/03/25 46.2 47.6 46 46.4 11647 
2011/04/01 46.9 47.6 46.55 47 8854 
2011/04/08 47.3 48.7 47.2 47.85 11090 
2011/04/15 47.85 48.6 46.5 47.6 9455 
2011/04/22 48 49.75 46.4 48.15 30282 
2011/04/29 48.1 48.35 47.1 47.15 11400 
2011/05/06 47.2 47.2 45.45 46.1 5998 
2011/05/13 46.1 46.4 44.7 45.15 8186 
2011/05/20 45.15 45.2 43.1 43.8 6432 
2011/05/27 43.8 44.4 43.1 43.9 4384 
2011/06/03 44.4 45.05 42.95 43.85 9403 
2011/06/10 43.7 44.35 42.95 43 4818 
2011/06/17 42.6 43.5 41.6 41.9 4193 
2011/06/24 41.9 41.9 39.9 40.3 7182 
2011/07/01 40 41.5 39.8 41.2 3144 
2011/07/08 41.5 41.6 39.95 40 5137 
2011/07/15 40 40 36.25 37.3 12384 
2011/07/22 37.3 38.4 36.8 38.05 6377 
2011/07/29 38 39 37.15 38.75 7556 
2011/08/05 39.7 41.25 36.4 36.4 20536 
2011/08/12 35.5 35.9 31.4 33.35 32375 
2011/08/19 33.7 34.5 31 31.2 13939 
2011/08/26 31 34.3 31 33 6771 
2011/09/02 33.05 35.7 33.05 34.45 10447 
2011/09/09 33.9 35.4 33.6 35.15 6600 
2011/09/16 34.8 35.2 33.1 35 4571 
2011/09/23 35.2 35.2 31.2 31.6 5828 
2011/09/30 31.3 32 30.5 32 6183 
2011/10/07 31.75 31.9 30.85 31.45 3120 
2011/10/14 31.85 32.2 31.45 31.9 1552 
2011/10/21 32.2 33.7 30.7 33 10993 
2011/10/28 33.7 34 32.8 33.3 7683 
2011/11/04 33.1 33.45 32 32.85 4481 
2011/11/11 32.85 33.5 30.7 30.95 6517 
2011/11/18 31.15 31.9 29.8 30 4721 
2011/11/25 29.6 29.9 26.3 27.3 5917 
2011/12/02 27.8 28.7 27.3 28.3 5314 
2011/12/09 28.5 28.5 26.5 26.85 3104 
2011/12/16 26.5 27.5 26.5 26.65 2947 
2011/12/23 26.5 27.5 24.75 27.25 4285 
2011/12/30 27 27.4 26.8 27.15 1534 
2012/01/06 27.25 29.6 26.6 29.6 5439 
2012/01/13 29.7 29.9 27.7 28.6 11520 
2012/01/20 29.65 31.25 28.85 31.2 7697 
2012/02/03 31.55 34.25 31.55 33.65 18368 
2012/02/10 34 37 33.5 35.7 11772 
2012/02/17 35.5 36.4 34.2 35.5 14660 
2012/02/24 35.8 36.4 34.6 35.45 13782 
2012/03/02 35.45 36.3 35.1 35.9 6519 
2012/03/09 35.9 36.5 33.5 36.4 13185 
2012/03/16 36.65 37.9 35.65 35.65 14668 
2012/03/23 35.75 36.2 34.85 35.85 8165 
2012/03/30 36.1 36.5 33.5 34.4 8495 
2012/04/06 34 34.35 30.4 32.8 6409 
2012/04/13 32.2 34.2 32 33.95 6049 
2012/04/20 33.8 33.8 32 32.3 4542 
2012/04/27 32.2 33.5 31.5 32.7 4933 
2012/05/04 32.2 34.3 32.2 33.8 8147 
2012/05/11 33.3 33.8 31.6 31.7 3925 
2012/05/18 31.9 31.9 30.2 30.25 4990 
2012/05/25 30.5 31.35 30.25 30.25 2551 
2012/06/01 30.25 31.8 30.2 31.2 3268 
2012/06/08 29.9 31.4 29.05 30.85 3455 
2012/06/15 31.05 33.25 30.4 33.25 3621 
2012/06/22 32.75 33.25 32.1 32.7 3568 
2012/06/29 32.5 33.5 32.05 32.9 4545 
2012/07/06 33 33.7 32.6 32.7 3066 
2012/07/13 32.7 32.9 31.55 31.55 2279 
2012/07/20 31.9 31.9 30.55 31.2 3055 
2012/07/27 31.1 31.3 30.4 31.1 6334 
2012/08/03 30 31.15 29.75 30.9 3809 
2012/08/10 31.5 31.6 28.7 29.7 6154 
2012/08/17 29.9 30.4 29.5 30.15 3330 
2012/08/24 30.3 30.6 29.9 30.45 3105 
2012/08/31 30.7 30.75 29.9 30 3673 
2012/09/07 30 30.7 29.85 30.2 4558 
2012/09/14 30.4 30.95 30 30.5 5895 
2012/09/21 30.6 30.75 30.25 30.25 3808 
2012/09/28 30.25 30.35 29.65 30 2964 
2012/10/05 30 30.9 30 30.15 2180 
2012/10/12 29.9 30.05 28.05 28.15 3338 
2012/10/19 28.15 28.85 28.05 28.6 1439 
2012/10/26 28.3 30.9 28.15 29.75 5571 
2012/11/02 30.1 31.15 29.6 29.9 12109 
2012/11/09 29.9 30.4 29.55 30.3 3455 
2012/11/16 30 30.25 29.8 29.8 2071 
2012/11/23 29.9 30.2 29.35 29.8 2503 
2012/11/30 30 30.55 29.7 30.3 3125 
2012/12/07 30.45 30.9 30 30.05 6662 
2012/12/14 30 30.5 29.75 30.05 3407 
2012/12/21 29.9 29.95 29.35 29.45 2845 
2012/12/28 29.45 29.85 29.4 29.65 1988 
2013/01/04 29.75 30.4 29.6 29.8 2813 
2013/01/11 29.9 29.9 29.6 29.7 3508 
2013/01/18 29.7 30.35 29.5 29.85 4500 
2013/01/25 29.85 31.1 29.85 30.5 5735 
2013/02/01 30.5 33.55 30.3 33.55 17712 
2013/02/08 34.05 35.85 33.9 34.35 25698 
2013/02/22 34.95 35.4 33.6 34 14427 
2013/03/01 34 34.35 33.2 34.05 8386 
2013/03/08 34.25 34.7 33.45 33.85 8775 
2013/03/15 33.85 34.3 33.55 34.15 5375 
2013/03/22 34 34.15 33.4 34.1 4332 
2013/03/29 34.45 34.8 34 34.25 8795 
2013/04/05 34.3 34.4 33.55 33.65 2867 
2013/04/12 33.3 33.45 32.7 33.05 4532 
2013/04/19 33.1 33.8 32.2 33.4 4299 
2013/04/26 33.5 33.95 33.1 33.2 4410 
2013/05/03 33.5 34.95 32.85 34.5 9553 
2013/05/10 34.75 35.2 33.6 34.5 9090 
2013/05/17 34.5 34.7 33.9 34.35 4847 
2013/05/24 34.2 35.1 34.05 34.25 4994 
2013/05/31 34.6 35.65 34.2 34.6 5976 
2013/06/07 34.1 34.65 34.05 34.05 3144 
2013/06/14 34.1 34.55 33.2 33.45 2910 
2013/06/21 33.2 34.5 33.2 34.1 4127 
2013/06/28 34.3 34.3 33.2 33.5 6041 
2013/07/05 31.2 31.65 30.3 31 5116 
2013/07/12 30.8 31.8 30.65 31.5 2168 
2013/07/19 31.6 31.7 31 31.05 1798 
2013/07/26 31.1 33.8 31.05 33.15 8307 
2013/08/02 33.15 33.45 32.55 32.55 3323 
2013/08/09 32.95 32.95 31.9 32 3688 
2013/08/16 30 31.05 29.5 30 6751 
2013/08/23 30.25 30.25 29.3 30 2214 
2013/08/30 29.55 30.15 29.35 29.6 2444 
2013/09/06 30 31.2 29.75 30.9 2061 
2013/09/13 30.9 31.1 29.9 30.45 1802 
2013/09/20 30.45 31 30.45 30.75 1476 
2013/09/27 30.8 31 30.25 30.35 2755 
2013/10/04 30.35 31.5 30.1 31.4 4015 
2013/10/11 31.55 32.1 30.8 31 2583 
2013/10/18 30.8 32.5 30.4 32.3 5523 
2013/10/25 32.9 33.1 31.9 32.2 6141 
2013/11/01 32.4 33.55 32.25 32.3 7110 
2013/11/08 32.1 32.4 31.1 31.15 2626 
2013/11/15 31.15 31.5 30.5 30.5 1850 
2013/11/22 30.6 30.9 30.25 30.35 1307 
2013/11/29 30.35 31.45 30.2 31.45 5623 
2013/12/06 31.5 31.5 30.4 30.7 1951 
2013/12/13 30.95 31 30.3 30.3 1273 
2013/12/20 30.3 31 30.2 30.85 1981 
2013/12/27 31 31 30.5 30.85 1688 
2014/01/03 31 32.15 30.8 32 4714 
2014/01/10 32.2 33.2 32 32.65 10928 
2014/01/17 32.9 33 32.05 32.55 4359 
2014/01/24 32.55 32.8 32.2 32.45 4165 
2014/01/31 32.2 32.2 31.7 31.95 926 
2014/02/07 31.5 33.15 31.2 33.05 6422 
2014/02/14 33.05 34.2 32.8 33.4 11445 
2014/02/21 33.5 33.9 33 33.4 4322 
2014/02/28 33.6 34.55 33.6 34.3 7243 
2014/03/07 34.3 35.5 33.95 34.5 10251 
2014/03/14 34.3 34.75 34.05 34.6 6876 
2014/03/21 34.65 36.1 33.8 34 8537 
2014/03/28 33.8 34.75 33.35 33.9 2876 
2014/04/04 34 34.6 33.5 34.35 3871 
2014/04/11 34.15 35.35 34 34.3 6098 
2014/04/18 34.05 34.85 33.8 34.85 4153 
2014/04/25 34.5 36.3 34 34.7 13254 
2014/05/02 34.5 34.9 34 34.25 3665 
2014/05/09 34.25 34.45 33.55 33.6 2266 
2014/05/16 31.25 32.4 31.15 31.15 7965 
2014/05/23 31.4 32.2 31.3 31.85 3462 
2014/05/30 31.8 32.25 31.5 31.9 2247 
2014/06/06 31.95 32.5 31.45 32.3 2372 
2014/06/13 32.35 32.7 32 32.25 1862 
2014/06/20 32.25 32.5 31.8 32.15 2206 
2014/06/27 31.5 32.5 31.5 31.9 1654 
2014/07/04 31.8 32.4 31.8 32.2 2181 
2014/07/11 32.2 32.5 31.9 31.9 1763 
2014/07/18 32 32.4 31.7 31.8 3971 
2014/07/25 31.9 32.1 31.75 32 1078 
2014/08/01 31.8 32.7 31.75 32.55 2176 
2014/08/08 32.8 32.8 31.6 32.15 1965 
2014/08/15 32.15 32.7 28.2 28.5 12817 
2014/08/22 28.5 28.5 25.45 26.2 8945 
2014/08/29 26.5 27.2 25.95 27.2 4201 
2014/09/05 27.3 27.3 26.65 27 2550 
2014/09/12 27 27.2 26.7 27.15 2959 
2014/09/19 27 27.15 26.5 26.5 2762 
2014/09/26 26.5 26.75 25.9 26 1641 
2014/10/03 26.15 26.2 25.1 25.4 2172 
2014/10/10 25.6 25.95 25.2 25.65 1441 
2014/10/17 25.25 25.4 21.45 21.45 5461 
2014/10/24 22.95 24.55 22.95 23.7 4027 
2014/10/31 23.5 23.95 23.3 23.7 1787 
2014/11/07 23.9 24.05 23.65 23.7 1226 
2014/11/14 23.8 23.9 23.25 23.35 1762 
2014/11/21 23.4 23.4 23 23.3 1471 
2014/11/28 23.5 23.6 23.05 23.6 1686 
2014/12/05 23.2 24.05 23.2 23.8 3896 
2014/12/12 23.95 23.95 23 23.3 2941 
2014/12/19 23.2 23.85 23.05 23.6 2848 
2014/12/26 23.6 24.5 23.5 24.25 2104 
2015/01/02 24.3 24.45 23.85 24 841 
2015/01/09 23.85 24 23.55 23.8 887 
2015/01/16 23.9 24.15 23.6 23.75 1571 
2015/01/23 23.95 25.7 23.7 25.7 7565 
2015/01/30 26.1 27.2 25.85 26.2 10928 
2015/02/06 26 26 24.65 24.7 3211 
2015/02/13 25 25.4 24.65 24.75 1790 
2015/02/27 24.85 25.15 24.65 24.9 1619 
2015/03/06 25 25 24.35 24.65 2457 
2015/03/13 24.5 25.2 24.4 24.6 3808 
2015/03/20 24.6 25.95 24.4 25.3 7900 
2015/03/27 25.5 25.55 24.55 24.9 2690 
2015/04/03 25 25 24.6 24.6 1546 
2015/04/10 24.6 24.95 24.55 24.7 1454 
2015/04/17 24.7 25.3 24.7 25.25 2915 
2015/04/24 25.25 26.25 25.1 25.5 4757 
2015/05/01 25.6 25.75 25.4 25.5 2522 
2015/05/08 25.5 25.55 24.45 24.9 3037 
2015/05/15 24.9 24.9 24.3 24.55 2445 
2015/05/22 24.4 24.75 23 23.75 2803 
2015/05/29 23.75 23.8 23.15 23.35 1136 
2015/06/05 23.2 23.4 21 21.8 2653 
2015/06/12 21.85 21.85 20.5 20.95 1623 
2015/06/19 21.5 21.75 20.95 21.1 750 
2015/06/26 21.2 21.9 21.05 21.3 696 
2015/07/03 21.1 21.3 20.6 21.2 750 
2015/07/10 21 21.05 19.6 20.15 1469 
2015/07/17 20.2 20.4 18.95 19.15 3741 
2015/07/24 19.15 19.4 18.55 18.8 1643 
2015/07/31 18.5 18.85 18.1 18.6 2071 
2015/08/07 18.6 19.3 18 18.65 1259 
2015/08/14 18.5 19.2 18.35 19 969 
2015/08/21 19 19.1 18 18.1 1053 
2015/08/28 16.65 19.75 16.05 19.5 2772 
2015/09/04 19.5 20.2 19.3 19.75 1861 
2015/09/11 19.75 20.95 19.75 20.9 1579 
2015/09/18 21 22.25 20.25 21.9 1973 
2015/09/25 21.75 22.2 21.3 21.5 1107 
2015/10/02 21.5 21.65 21.2 21.55 946 
2015/10/09 21.7 22 21.4 21.65 1116 
2015/10/16 21.65 24 21.4 24 1735 
2015/10/23 23.75 23.75 22.75 23.35 2003 
2015/10/30 24.3 24.35 22.3 22.4 2809 
2015/11/06 22.4 23.45 22.15 23 1513 
2015/11/13 23 23 21.8 22.1 664 
2015/11/20 21.9 22.35 21.7 21.75 1097 
2015/11/27 21.75 22 21.35 21.45 876 
2015/12/04 21.45 22.4 21 21.95 967 
2015/12/11 22.2 22.3 21.1 21.2 1247 
2015/12/18 21 22.15 20.75 21.5 2019 
2015/12/25 21.5 21.95 21.3 21.8 777 
2016/01/01 21.8 22.35 21.7 22.1 1083 
2016/01/08 22 22.15 21.25 21.85 650 
2016/01/15 21.5 21.8 21.2 21.5 715 
2016/01/22 22.1 22.95 21.6 22.85 1161 
2016/01/29 22.85 23.9 22.7 23.75 1711 
2016/02/05 23.7 24 23.5 23.95 1326 
2016/02/19 23.7 26.45 23.7 25.85 4911 
2016/02/26 25.85 27.15 25.8 26.6 4210 
2016/03/04 26.6 28.3 25.8 26.3 3996 
2016/03/11 25.9 26.85 25.7 26.85 3100 
2016/03/18 27 28.1 26.3 26.7 6358 
2016/03/25 26.8 29.3 26.6 27.95 8496 
2016/04/01 28.2 29.1 27.35 28.8 5717 
2016/04/08 28.75 29.1 28.05 28.1 1927 
2016/04/15 28.05 28.4 27.4 27.75 2935 
2016/04/22 28.15 29.75 27.8 29.55 10359 
2016/04/29 29.4 30 29.1 29.85 6857 
2016/05/06 29.85 30.35 29.3 30 4738 
2016/05/13 30 30.15 29.15 29.95 5772 
2016/05/20 29.8 30.05 28.8 30 3068 
2016/05/27 30 32 29.9 30.95 4458 
2016/06/03 31.2 31.2 29.8 30.4 5066 
2016/06/10 30.4 31.2 30.2 31 1380 
2016/06/17 30.95 31.55 30.1 31.55 3105 
2016/06/24 31.65 32.6 30.8 31.8 5847 
2016/07/01 31.5 32.35 30.8 31.1 8339 
2016/07/08 30.8 31.95 30.8 31.85 2380 
2016/07/15 32.2 34.95 32 34.35 9903 
2016/07/22 34.4 35.3 33.8 34.85 6233 
2016/07/29 35 35.4 33.85 34 3965 
2016/08/05 34.3 35.7 33 33.65 8149 
2016/08/12 33.55 34.2 33 34 4461 
2016/08/19 33.8 36.25 33.8 35.6 7023 
2016/08/26 35.65 35.9 35 35.35 3765 
2016/09/02 35.35 36.25 34.05 34.05 3948 
2016/09/09 34.45 35.25 34 34.15 2653 
2016/09/16 34.3 34.3 31.8 33.1 1728 
2016/09/23 33.1 33.95 33.05 33.3 1638 
2016/09/30 33.2 33.2 31 31.35 1951 
2016/10/07 31.8 31.8 30.4 30.8 2302 
2016/10/14 30.75 32.25 30.2 31.8 2092 
2016/10/21 31.8 33.15 31.2 32 2504 
2016/10/28 32.1 34.45 31.5 33.9 3043 
2016/11/04 33.9 34.3 32.5 32.75 2164 
2016/11/11 33.2 33.5 31.5 31.9 2304 
2016/11/18 32.2 33.3 31.5 32.65 3656 
2016/11/25 32.75 34.4 32.3 33.45 4174 
2016/12/02 33.45 33.7 32.85 32.95 1150 
2016/12/09 33.2 33.85 32.9 33.7 1967 
2016/12/16 33.7 33.7 32.1 33.45 2587 
2016/12/23 33.45 33.45 32.6 32.65 1175 
2016/12/30 32.9 33.3 32.6 33.3 794 
2017/01/06 33.3 38.05 33.3 37.95 17126 
2017/01/13 38.2 38.3 36.6 37.8 11136 
2017/01/20 37.8 41.1 35.8 40.65 19140 
2017/01/27 41.2 43.1 41.2 41.7 10264 
2017/02/03 42.85 44.8 41.85 43.5 9434 
2017/02/10 43.5 43.8 39.7 39.9 24930 
2017/02/17 40.35 42.45 39.9 41.7 26520 
2017/02/24 41.95 42.6 40.25 41.85 16226 
2017/03/03 41.85 41.85 40.3 40.85 8703 
2017/03/10 40.8 44.45 40.8 43.85 19614 
2017/03/17 44.5 46.3 43.5 45.15 19914 
2017/03/24 45.45 45.75 43.75 44.6 9455 
2017/03/31 44.3 45.1 42.85 44.95 9281 
2017/04/07 45 45 44.5 44.6 1546 
2017/04/14 46.2 46.2 43.3 44 9482 
2017/04/21 44.15 44.6 42.5 44.05 1752 
2017/04/28 43.4 44.3 43 44.25 1496 
2017/05/05 45.3 45.4 45.1 45.35 1059 
2017/05/12 46.2 46.2 43.5 44.5 5240 
2017/05/19 43.85 44.8 43.5 43.9 3931 
2017/05/26 44 44.45 43.6 43.6 3433 
2017/06/02 44.05 44.05 41.8 43.45 4747 
2017/06/09 44 44.45 43.8 44.15 1358 
2017/06/16 42.95 43.2 41.6 42.95 3764 
2017/06/23 43 44.15 42.7 43.6 4044 
2017/06/30 43.7 44.2 43.15 44.2 6847 
2017/07/07 41.65 42 40.8 41.55 1993 
2017/07/14 40.45 40.7 40.05 40.7 2300 
2017/07/21 39.75 39.85 38.3 38.85 3794 
2017/07/28 42 43.3 41.8 43 3227 
2017/08/04 44.4 51.4 43 51 25507 
2017/08/11 51 56.1 50.8 54.7 10706 
2017/08/18 53 53.5 51.1 52.5 4303 
2017/08/25 52.5 56.9 52.5 56.3 3640 
2017/09/01 57.8 59 57.5 58.8 2713 
2017/09/08 59 59.2 57.6 57.9 1656 
2017/09/15 59 59.1 58.3 58.3 438 
2017/09/22 59.6 63 58.7 62.7 5805 
2017/09/29 57.5 57.9 54.4 55.5 5510 
2017/10/06 58.5 59.8 58.1 59.1 1495 
2017/10/13 69.5 71.5 67.3 68.6 8677 
2017/10/20 68.3 75.5 67.7 70 7388 
2017/10/27 69 70.6 63.5 63.5 11483 
2017/11/03 63.7 65.1 60.6 61.4 12718 
2017/11/10 61.9 64.4 59.3 59.6 6472 
2017/11/17 59.6 61.8 58.5 60.4 1560 
2017/11/24 61.4 62.4 60.5 61.6 1353 
2017/12/01 65.5 68.1 64.1 66.7 10524 
2017/12/08 65.4 66.8 63.7 63.7 4529 
2017/12/15 63.4 68.2 63.4 64.5 7535 
2017/12/22 63.3 67 63.2 64.3 7009 
2017/12/29 64.3 66.3 59 65.3 7113 
2018/01/05 65.5 69.5 63.9 67.6 10095 
2018/01/12 68.2 71.2 63.7 67.6 9523 
2018/01/19 68.1 69.3 64 64.1 8224 
2018/01/26 64 65.7 62.7 63.1 4199 
2018/02/02 63.5 64.8 60 63.2 8500 
2018/02/09 60.4 68.8 60 67.4 17795 
2018/02/16 69.2 70.6 68.8 69.7 6797 
2018/02/23 72.5 74.4 70 70.8 16371 
2018/03/02 72.4 79 72.3 74.4 45546 
2018/03/09 74.4 75.2 70.4 71.5 11558 
2018/03/16 72.8 75.4 68 70.5 27233 
2018/03/23 71.9 76.5 68.5 70.2 23126 
2018/03/30 70 73 66.8 71.9 16169 
2018/04/06 72.3 72.5 68.8 71.4 3171 
2018/04/13 72 73.9 69.5 72.8 8463 
2018/04/20 72.9 73.2 67.2 68.5 8518 
2018/04/27 68.1 68.1 55.8 63.8 25484 
2018/05/04 63.8 69.6 63.8 65.9 9639 
2018/05/11 67.9 68.3 64.9 66.2 8483 
2018/05/18 67 67.7 62.9 63.4 6667 
2018/05/25 63.4 64.3 61.7 63.3 7830 
2018/06/01 64 68.7 63.6 64.4 23257 
2018/06/08 65.9 76.5 65.8 71 50657 
2018/06/15 70.5 74.5 70.3 70.8 18762 
2018/06/22 70.1 71.1 66.7 66.9 15296 
2018/06/29 66.8 72.1 66.6 71.1 13490 
2018/07/06 71.3 77.1 69.5 71.5 22818 
2018/07/13 72.7 76.4 71 72 15705 
2018/07/20 72 73.5 70.7 71.4 8504 
2018/07/27 71 71.9 69.9 70.7 7063 
2018/08/03 70.8 76.3 70 76 12639 
2018/08/10 77.1 77.8 70 71.5 14368 
2018/08/17 70.6 70.8 66.8 69 7296 
