1989/07/21 50 58.5 50 56 70284 
1989/07/28 57 62 53.5 62 45875 
1989/08/04 65 67.5 60.5 64 58926 
1989/08/11 67 72 60 63.5 56085 
1989/08/18 63.5 71 60.5 68 79377 
1989/08/25 68.5 72.5 63.5 72.5 65216 
1989/09/01 76 76 68 70.5 80551 
1989/09/08 71 76 70 70.5 73187 
1989/09/15 67.5 72 67 70 23615 
1989/09/22 70.5 78.5 70 75.5 79105 
1989/09/29 77 84 72.5 72.5 79987 
1989/10/06 69 71 62 65.5 36710 
1989/10/13 65.5 73 64 68 39007 
1989/10/20 65 72 64 69.5 35095 
1989/10/27 70 75 68.5 74 43008 
1989/11/03 76 87 75.5 78 108374 
1989/11/10 78 86.5 73 86.5 96909 
1989/11/17 92.5 103 92.5 102 112887 
1989/11/24 101 107 84.5 85 138585 
1989/12/01 86 86 74 77.5 95029 
1989/12/08 80 81 63.5 65 103682 
1989/12/15 65 68 57 68 115704 
1989/12/22 67 68.5 57 58.5 68462 
1989/12/29 59 62 58.5 61 22581 
1990/01/05 62 65 61 63.5 15705 
1990/01/12 64 67.5 60 64 59718 
1990/01/19 68 71 65 67 70076 
1990/01/26 70 72 67 67.5 30006 
1990/02/02 69 75 66 69 52412 
1990/02/09 69.5 73 67 71.5 39599 
1990/02/16 73 76 70 71.5 56911 
1990/02/23 72.5 82.5 72 75 98762 
1990/03/02 74.5 75 68.5 70.5 38373 
1990/03/09 70 81 66.5 81 59247 
1990/03/16 75.5 86 75.5 81 113610 
1990/03/23 81 81 68.5 69 63871 
1990/03/30 70 78 68.5 77 40355 
1990/04/06 78 81.5 67 67 73619 
1990/04/13 65 72.5 63 66.5 48231 
1990/04/20 67 71 64 69.5 54899 
1990/04/27 70 75.5 70 73 76292 
1990/05/04 73.5 74.5 61 66 50878 
1990/05/11 66 68 59 63 52026 
1990/05/18 63.5 70 58.5 58.5 58459 
1990/05/25 58.5 60 41.5 41.9 27554 
1990/06/01 40.5 55 40.5 52 44153 
1990/06/08 50.5 52 41.2 41.2 43102 
1990/06/15 38.5 43.7 37.2 37.2 22320 
1990/06/22 38 39.5 33.3 34.2 19206 
1990/06/29 35 36.6 30.6 33.7 23412 
1990/07/06 34.3 39 32.3 38.3 33784 
1990/07/13 37.8 42 34.3 35.5 37740 
1990/07/20 35 40.5 33.8 40 34059 
1990/07/27 40.9 41.5 35 41 30207 
1990/08/03 41.6 43.5 34.6 34.6 49645 
1990/08/10 34.6 34.6 26 28 19253 
1990/08/17 27.5 32.4 26.1 27.6 27304 
1990/08/24 27.6 30.7 23.4 24.7 25596 
1990/08/31 25 29.6 24.9 29 33260 
1990/09/07 27 28 25.2 25.8 14609 
1990/09/14 26.5 27.6 24.6 24.6 20731 
1990/09/21 24.6 25.2 20.4 20.4 18424 
1990/09/28 19.5 19.5 16.2 17.6 12677 
1990/10/05 17.2 18 15.6 17.6 22017 
1990/10/12 17.7 19.5 15.5 16.9 26368 
1990/10/19 17 19.9 16.5 19.9 45490 
1990/10/26 21.1 23.9 20.8 20.8 60090 
1990/11/02 22.1 23 20 23 32121 
1990/11/09 23.5 26 21.9 23.4 48848 
1990/11/16 25 26.9 24.6 26.9 35955 
1990/11/23 28.7 34 26.5 31.7 54377 
1990/11/30 30.1 31.8 26.5 31.8 41173 
1990/12/07 31.8 38.3 31.8 32.6 74439 
1990/12/14 31.5 37.5 28 28.8 46222 
1990/12/21 28.1 31.8 25.6 31.8 41390 
1990/12/28 34 37 31.7 36.4 29179 
1991/01/04 35.2 38 33.9 38 16376 
1991/01/11 37.2 37.5 31 31.2 30381 
1991/01/18 29.8 39.6 29.5 39.6 27206 
1991/01/25 42.2 47.2 37.8 43 40568 
1991/02/01 44 47 39 41.2 25981 
1991/02/08 41.5 47.7 41.5 47.7 33402 
1991/02/15 51 51 50 51 6921 
1991/02/22 54.5 57 49.5 52 61166 
1991/03/01 52 58 47.5 54 52728 
1991/03/08 50.5 57.5 50.5 54.5 34249 
1991/03/15 55 61 54 59.5 57794 
1991/03/22 58 63 55 58 43484 
1991/03/29 57.5 66 57 66 29285 
1991/04/05 69.5 71 66 68.5 23105 
1991/04/12 68.5 68.5 64 66 27690 
1991/04/19 66 76 61.5 75 34840 
1991/04/26 75 76 70 70.5 21483 
1991/05/03 71.5 72 63 66.5 19509 
1991/05/10 68 71 60 62 52823 
1991/05/17 61 61.5 54 54 20954 
1991/05/24 54 61.5 54 58 21359 
1991/05/31 58 59.5 52.5 54.5 12822 
1991/06/07 55 58.5 53 57.5 11721 
1991/06/14 58 59 56 58 11492 
1991/06/21 59 61 58 60.5 12089 
1991/06/28 60.5 60.5 55 55 8642 
1991/07/05 57 57 53.5 54 3917 
1991/07/12 54 55 52 54.5 4787 
1991/07/19 54.5 57 50 56 8525 
1991/07/26 55.5 56.5 53 55.5 16776 
1991/08/02 56 59.5 52 54 27138 
1991/08/09 54 55 49.5 53.5 15868 
1991/08/16 52.5 53.5 50.5 50.5 10248 
1991/08/23 50.5 51 45.2 45.7 14841 
1991/08/30 45.7 45.7 40.4 43.2 9449 
1991/09/06 43.8 45.8 42.2 44.3 12854 
1991/09/13 45 45.5 42.4 43 9844 
1991/09/20 43.5 44.5 42.5 44.4 5216 
1991/09/27 44.8 46 44.3 45.5 6909 
1991/10/04 45.7 46.5 44.1 45.2 8839 
1991/10/11 45 46 44.2 45 4061 
1991/10/18 41.9 43 37.5 40 8628 
1991/10/25 39.7 40.5 36.2 38.1 4618 
1991/11/01 38.7 43.4 38.7 41.1 16539 
1991/11/08 41.2 46 40.8 44.4 24997 
1991/11/15 44.5 44.7 42.3 43.3 10776 
1991/11/22 43.3 43.6 38.4 38.5 19533 
1991/11/29 38.5 41.4 38.2 38.4 18449 
1991/12/06 38.5 38.5 37 38.2 5478 
1991/12/13 38.5 39.1 37 37.2 7818 
1991/12/20 37 37.5 36.3 37.4 5050 
1991/12/27 38.5 40.5 37.5 39.6 17550 
1992/01/03 40.1 40.1 39 39 3531 
1992/01/10 39.3 41.2 39.3 40.3 22861 
1992/01/17 40.5 43.5 40.4 40.6 31752 
1992/01/24 41.2 45 41 42.3 32337 
1992/01/31 42.6 44.6 42.6 43.5 16031 
1992/02/07 43.8 49.7 43.6 49.7 16436 
1992/02/14 53 53 44.1 45.8 42352 
1992/02/21 45.8 50 42.8 47.7 29576 
1992/02/28 48 48.4 43.7 44.8 24006 
1992/03/06 45.4 47.9 44.7 45.4 35715 
1992/03/13 45.4 46.3 44.5 45.5 12396 
1992/03/20 45.7 46 42 42.2 9005 
1992/03/27 41.8 43.5 41.7 42.8 8016 
1992/04/03 43 43 40.5 41.8 3759 
1992/04/10 41.3 41.5 40 40 4844 
1992/04/17 40 40 38.6 39.3 9386 
1992/04/24 39.5 40.9 38.6 38.8 8760 
1992/05/01 38.9 40.9 38.9 39.5 8866 
1992/05/08 39.9 40 38.8 38.9 4821 
1992/05/15 37.2 38 36.1 36.6 6630 
1992/05/22 36.9 39 36.8 38.6 8651 
1992/05/29 38.6 38.9 37 37 4074 
1992/06/05 37 37.6 36.5 37 2298 
1992/06/12 37.2 38.2 36.3 37.8 5664 
1992/06/19 38 39 36.6 39 6865 
1992/06/26 40.2 43.6 37.8 39.5 32100 
1992/07/03 39.2 39.4 37.5 38.2 9840 
1992/07/10 38.3 39.5 37.5 39.1 11777 
1992/07/17 39.1 39.1 37 37.2 9095 
1992/07/24 37.2 38.4 32.4 33.6 19704 
1992/07/31 34 34 31.2 32.5 12058 
1992/08/07 33.4 33.5 31.8 31.9 6230 
1992/08/14 31.5 31.7 29.6 29.8 5071 
1992/08/21 29.2 29.3 26.1 27.8 10178 
1992/08/28 28 28.8 27.4 28.5 5948 
1992/09/04 28.7 29.5 27.5 27.5 5722 
1992/09/11 27.8 27.8 26.5 26.8 3930 
1992/09/18 26.5 26.5 21.9 23.6 8410 
1992/09/25 23.1 23.4 21.3 22.2 14523 
1992/10/02 22.4 25.4 21.3 25.2 15673 
1992/10/09 25.2 26 23.2 24.2 11996 
1992/10/16 24 25.3 23.4 25 9392 
1992/10/23 25.2 25.2 23.8 24.1 6068 
1992/10/30 24.1 24.3 23.5 23.7 2926 
1992/11/06 23.6 23.6 22.1 22.6 4566 
1992/11/13 22.6 22.8 22.1 22.4 2113 
1992/11/20 22.5 23.7 22.2 23.5 4985 
1992/11/27 23.5 23.7 22.4 22.4 2672 
1992/12/04 22.6 22.9 21.5 22.9 2851 
1992/12/11 22.9 23.6 22.4 22.7 5809 
1992/12/18 22.7 23 22.2 22.2 3270 
1992/12/25 22.3 22.6 20 20.1 4006 
1993/01/01 20.1 20.1 18.6 19 3349 
1993/01/08 19.1 19.4 15.6 17.2 13587 
1993/01/15 16.6 19.9 16.3 19.9 18298 
1993/01/22 20.4 21 20 20.5 13850 
1993/01/29 20.5 20.5 18.3 19.7 9755 
1993/02/05 20.8 22.6 20.5 21.8 34002 
1993/02/12 22 23.2 21.4 22.1 39971 
1993/02/19 22.1 22.8 21.5 22.7 24631 
1993/02/26 23.5 24 22 23.4 35575 
1993/03/05 23.4 28 22.5 27.2 80036 
1993/03/12 26.7 27.2 23.7 23.9 43272 
1993/03/19 24.2 26.5 24 25.2 38298 
1993/03/26 25.9 26.4 24.5 24.6 37167 
1993/04/02 25.1 28 24.8 27.4 50191 
1993/04/09 28 28.7 25 25.3 27582 
1993/04/16 25.1 25.3 21.9 22 16501 
1993/04/23 23 24.8 22.5 24.3 17739 
1993/04/30 24.5 24.7 23.5 23.6 10260 
1993/05/07 23.5 24.5 23 24.1 8956 
1993/05/14 24.2 24.3 22.8 23.1 8707 
1993/05/21 23.1 23.2 20.5 20.5 8824 
1993/05/28 20.5 20.8 20 20 8754 
1993/06/04 20.2 20.6 19.6 20.3 4947 
1993/06/11 20.2 20.3 19.6 19.8 3314 
1993/06/18 19.8 20.2 19.1 19.1 4453 
1993/06/25 18.6 19.2 18.5 18.9 3683 
1993/07/02 18.7 18.7 17 17 4421 
1993/07/09 17.1 20.7 17 20 22050 
1993/07/16 19.8 20 18.1 18.6 14140 
1993/07/23 18.7 20.4 18.5 20 14769 
1993/07/30 20.2 20.5 19.3 19.5 13341 
1993/08/06 19.5 21 19.3 20.1 21792 
1993/08/13 20.2 20.9 20.1 20.1 15545 
1993/08/20 20.1 20.4 19.4 19.6 7782 
1993/08/27 19.6 19.8 18.9 19 5917 
1993/09/03 19 19.3 17.7 18 7260 
1993/09/10 18 18.6 17.5 18.1 7391 
1993/09/17 18.1 19.3 17.8 18.8 14610 
1993/09/24 18.9 19.4 18.4 18.8 13825 
1993/10/01 18.7 19 18.6 19 5491 
1993/10/08 18.9 20.1 18.8 20 18357 
1993/10/15 20 21.4 20 21 24181 
1993/10/22 21.2 21.5 20.4 21.3 21574 
1993/10/29 21.9 23.4 21.6 23.2 45015 
1993/11/05 23.4 25 23.2 23.5 33319 
1993/11/12 23.5 23.9 22.8 23.4 15293 
1993/11/19 23.6 23.8 21.1 22 19556 
1993/11/26 22 22.4 21.2 21.2 6822 
1993/12/03 22.3 24.3 21.7 23.8 46138 
1993/12/10 24 25.4 23.7 25 50321 
1993/12/17 25.2 26.5 24.5 25.6 65094 
1993/12/24 25.8 26.3 25 25.4 29894 
1993/12/31 25.7 27.6 25.7 27.1 37100 
1994/01/07 27.5 31 27.2 30.2 50527 
1994/01/14 30.5 31.6 28.4 30.8 49219 
1994/01/21 30.7 30.8 28.4 29.5 29083 
1994/01/28 30 30.6 29 29.8 22638 
1994/02/04 30.3 31.5 29.4 29.5 37770 
1994/02/18 29.1 29.1 27.5 28.1 9213 
1994/02/25 28.1 28.5 27.3 27.7 11474 
1994/03/04 27.5 28.3 27.1 27.7 9443 
1994/03/11 28.2 28.2 24.4 24.5 8509 
1994/03/18 24.5 25.3 23.8 24.1 13335 
1994/03/25 24.2 26 24.1 25.1 16106 
1994/04/01 25.1 25.9 24.6 25.8 13815 
1994/04/08 25.8 26.7 25.7 25.9 12109 
1994/04/15 26.2 27.5 25.7 26.7 19044 
1994/04/22 26.6 30.1 26.5 28.8 39048 
1994/04/29 29.8 31.5 28.6 30.5 54816 
1994/05/06 30.6 32.8 29.5 29.5 46310 
1994/05/13 30 30 28.1 28.6 28260 
1994/05/20 28.9 29.2 27 27.1 24618 
1994/05/27 27.2 27.4 26.2 27.1 13375 
1994/06/03 27.2 27.4 26.5 26.5 12055 
1994/06/10 26.7 27.8 26.4 26.4 23290 
1994/06/17 26.7 27 25.5 25.5 7665 
1994/06/24 25.7 25.7 24 24.1 7057 
1994/07/01 24.1 25.2 24.1 24.5 9462 
1994/07/08 24.7 25.7 24.3 24.3 13907 
1994/07/15 24.8 24.9 23.1 23.4 6190 
1994/07/22 23.2 25.6 22.8 24.7 26158 
1994/07/29 25.2 27.5 24.7 27.3 45809 
1994/08/05 27.7 28.7 26.2 26.8 34924 
1994/08/12 26.8 27.9 25 25.6 11443 
1994/08/19 25.6 26 24.5 25.4 9714 
1994/08/26 25.6 25.8 24.8 25 9496 
1994/09/02 25.3 26.7 25 25.4 13758 
1994/09/09 25.4 25.6 24.8 25.6 5451 
1994/09/16 25.8 27 25 25.3 21663 
1994/09/23 25.6 25.8 25 25.2 3285 
1994/09/30 25.4 26.2 25 25.7 6817 
1994/10/07 25.7 26.1 21 21 10653 
1994/10/14 21 22.7 19.6 22 13846 
1994/10/21 22 23.6 21.8 23.6 14066 
1994/10/28 24 24.4 22 22.1 10422 
1994/11/04 22.2 22.7 21 22.2 10620 
1994/11/11 22.5 23.7 21.8 22.8 17977 
1994/11/18 23.2 23.2 22 23 10794 
1994/11/25 23.1 25.3 22.2 24.5 40960 
1994/12/02 24.6 24.9 23.8 24 26092 
1994/12/09 25 26.4 24.3 25.9 45610 
1994/12/16 26.2 28.3 25.4 26.9 52040 
1994/12/23 27.5 27.5 25.3 27 32445 
1994/12/30 27.5 28.7 25.6 28.7 36930 
1995/01/06 29 29 26 26.2 26441 
1995/01/13 26.5 26.5 24.1 25.1 13092 
1995/01/20 25.7 26 23.6 24.4 21802 
1995/01/27 24.6 24.7 23.2 23.6 9396 
1995/02/03 24.2 24.6 23.8 23.8 800 
1995/02/10 23.6 25.7 23.6 25.6 20977 
1995/02/17 25.7 26.2 25 25.7 28576 
1995/02/24 26 26.9 25.2 26.7 31299 
1995/03/03 26 27 25.2 26.2 34794 
1995/03/10 26.5 26.7 25 26 26642 
1995/03/17 26.2 26.4 25.3 25.7 19169 
1995/03/24 25.7 25.9 24.5 24.5 11296 
1995/03/31 24.9 25.5 24.5 24.7 8973 
1995/04/07 25 25.2 24.5 24.7 4474 
1995/04/14 24.9 24.9 22.8 22.8 7792 
1995/04/21 22.8 23 20.5 20.8 5575 
1995/04/28 21 21.2 19.7 20.4 9212 
1995/05/05 20.7 20.7 19.8 20 6883 
1995/05/12 20 21 19.7 20.9 8627 
1995/05/19 21 22.2 20.4 21.5 17245 
1995/05/26 21.5 21.5 19.8 20.2 12664 
1995/06/02 20 20.7 19.8 20.5 7509 
1995/06/09 20.5 20.5 19.7 20.1 5734 
1995/06/16 20.1 20.2 18 18.6 10352 
1995/06/23 18.2 19.1 18 18.8 6893 
1995/06/30 19 19.1 17.5 18 7229 
1995/07/07 17.8 18.3 16.6 17.9 13290 
1995/07/14 18 18.1 16.8 16.9 8363 
1995/07/21 17 17.1 14.4 15.3 14446 
1995/07/28 15.3 15.6 14.35 14.75 11963 
1995/08/04 15 15.2 13.35 13.35 7712 
1995/08/11 13.05 13.5 11.75 11.75 13484 
1995/08/18 11.6 12.7 10.6 12 17841 
1995/08/25 12 12.25 10.8 11.15 9777 
1995/09/01 11.15 13.35 11.1 13.1 18659 
1995/09/08 13.2 14.2 13.2 14 19913 
1995/09/15 14 14.05 12.8 13 9840 
1995/09/22 13.1 13.6 12.8 12.85 6761 
1995/09/29 13.5 13.5 12.9 13.1 6447 
1995/10/06 13.15 14.75 13.05 14.4 30462 
1995/10/13 14.75 15 14 14.05 16435 
1995/10/20 14.05 14.45 13.35 13.8 9032 
1995/10/27 13.8 14.3 13.3 13.65 6153 
1995/11/03 13.45 13.55 13.1 13.35 3101 
1995/11/10 13.35 13.85 13.15 13.35 4312 
1995/11/17 13.3 13.7 13 13.5 7900 
1995/11/24 13.6 13.85 13.2 13.65 8073 
1995/12/01 13.8 14.25 13.55 13.8 11742 
1995/12/08 13.95 15.4 13.8 15 21692 
1995/12/15 15 16.4 15 15.5 36311 
1995/12/22 15.7 16.1 14.65 15.2 17251 
1995/12/29 15.1 16.2 15 16.1 20895 
1996/01/05 16.3 16.6 15 15.7 20104 
1996/01/12 15.9 17.4 15.9 16.7 67395 
1996/01/19 17 17.3 15.2 15.6 41037 
1996/01/26 15.6 15.8 15 15.1 7825 
1996/02/02 15 15.1 14.1 14.6 10767 
1996/02/09 14.3 14.7 14.05 14.4 6471 
1996/02/16 14.5 15 14.4 14.4 6055 
1996/02/23 14.5 14.6 14.3 14.4 514 
1996/03/01 14.3 14.7 14 14.5 4830 
1996/03/08 14.55 14.8 14.1 14.6 5785 
1996/03/15 14.3 15.8 14.2 15.4 14590 
1996/03/22 15.6 15.8 15 15.3 13409 
1996/03/29 15.7 15.7 15 15.5 6611 
1996/04/05 15.7 16.5 15.6 16.2 18727 
1996/04/12 16.2 16.7 15.5 16.4 35063 
1996/04/19 16.6 17.5 15.8 16.2 25883 
1996/04/26 16.4 17.2 16.3 17 23170 
1996/05/03 17.1 17.4 16.2 16.4 16089 
1996/05/10 16.4 16.5 16 16.2 4957 
1996/05/17 16.5 16.5 15.4 15.6 5065 
1996/05/24 15.5 16.2 14.8 15.7 9256 
1996/05/31 15.9 16.5 15.5 16.2 8671 
1996/06/07 16.4 17.1 15.7 16.4 25674 
1996/06/14 16.4 17.1 15.9 16 15585 
1996/06/21 15.8 17.4 15.8 16.7 15320 
1996/06/28 16.7 17 15 15.5 12927 
1996/07/05 15.5 15.7 15 15.1 3180 
1996/07/12 15.2 15.3 14.8 15.1 2995 
1996/07/19 15.1 15.8 14.8 15.4 6974 
1996/07/26 15.2 15.5 15 15.4 2488 
1996/08/02 15.4 15.4 15.1 15.1 1545 
1996/08/09 15.1 15.4 15 15.2 2768 
1996/08/16 15.3 15.9 15.1 15.3 3438 
1996/08/23 15.4 15.5 14.7 15.3 2434 
1996/08/30 15.2 15.8 15.2 15.5 12238 
1996/09/06 15.3 15.4 14.2 14.8 3714 
1996/09/13 15 15.6 14.7 15.3 5773 
1996/09/20 15.3 15.5 15.1 15.2 3437 
1996/09/27 15.3 15.4 15.1 15.3 1518 
1996/10/04 15.3 15.7 15.3 15.7 3699 
1996/10/11 15.6 16.3 15.6 15.9 4586 
1996/10/18 16 16.6 15.5 15.5 4822 
1996/10/25 15.5 15.9 15.5 15.5 1669 
1996/11/01 15.5 15.9 14.95 14.95 2272 
1996/11/08 15.2 15.4 14.95 15.3 3371 
1996/11/15 15.3 15.3 14.65 14.8 4207 
1996/11/22 14.8 15.1 14.4 14.45 2665 
1996/11/29 14.4 14.8 14.3 14.75 2808 
1996/12/06 14.75 15.9 14.7 15.7 6641 
1996/12/13 15.8 20.5 15.8 20.1 27932 
1996/12/20 20 20.4 19.1 19.9 11622 
1996/12/27 20 21.2 19.7 20.9 10111 
1997/01/03 20.9 21.9 20.3 21.5 8138 
1997/01/10 21.5 24.6 21.5 24.2 10905 
1997/01/17 24.4 26.5 24.3 25 9690 
1997/01/24 25.3 25.6 22.7 24 7075 
1997/01/31 24 25.2 21.6 24.6 8164 
1997/02/07 25.2 25.5 25 25.4 2930 
1997/02/14 26 26 24.1 26 12257 
1997/02/21 27.7 30.7 26.3 29.3 21251 
1997/02/28 29.5 31 28.3 30 11750 
1997/03/07 29.8 30 28.7 29.1 7808 
1997/03/14 29.3 34.5 28.7 31.5 25511 
1997/03/21 31.6 32 30 30.7 14266 
1997/03/28 30.8 30.9 27.7 30.2 16807 
1997/04/04 29.8 32.4 28.2 31.4 10526 
1997/04/11 31 31.8 29.1 29.6 9140 
1997/04/18 30 30.5 29.2 29.4 4565 
1997/04/25 29.4 31.5 29.4 30.7 7369 
1997/05/02 31 31.4 29.6 31.3 9473 
1997/05/09 31.6 33.4 23.5 25.8 19397 
1997/05/16 25 27.4 22.4 27.3 16803 
1997/05/23 27.3 31.5 26.4 31.5 8276 
1997/05/30 32.3 32.7 29.6 31 9045 
1997/06/06 31 32 29.5 29.9 4486 
1997/06/13 29.9 30.9 29.9 30.9 2075 
1997/06/20 30.8 31.6 29.2 30.5 7720 
1997/06/27 30.8 30.8 29.6 29.8 2284 
1997/07/04 30 30.8 29.8 30.2 1574 
1997/07/11 30.2 30.2 28.6 29.7 1629 
1997/07/18 30 33 29.1 32.1 3564 
1997/07/25 32.6 33 31.5 31.5 4677 
1997/08/01 31.5 32.3 30 31.2 1244 
1997/08/08 31 31.5 30.1 30.8 541 
1997/08/15 31 33.3 30.5 32.4 1828 
1997/08/22 32.6 32.6 30.2 30.3 1294 
1997/08/29 31.7 31.9 30 31.1 970 
1997/09/05 31.7 31.7 30 30.1 814 
1997/09/12 30.3 31 29.4 30.1 724 
1997/09/19 30.1 30.6 29.8 30.1 268 
1997/09/26 30.2 31.2 29.8 30.1 850 
1997/10/03 30.3 30.3 28 28.8 410 
1997/10/10 28.5 30.1 28.5 29.5 235 
1997/10/17 29.5 29.5 26.8 29.4 626 
1997/10/24 29.4 29.4 26.8 26.8 388 
1997/10/31 26.8 26.8 24.1 25.6 222 
1997/11/07 26 28.2 25.4 27 361 
1997/11/14 26.7 27 25.1 26 175 
1997/11/21 25.5 27.2 25.2 25.7 389 
1997/11/28 25.7 25.8 24.2 24.9 1175 
1997/12/05 23.6 29.3 23.5 28.5 6133 
1997/12/12 28.5 28.9 26.5 27.6 1783 
1997/12/19 27.2 27.9 26.4 26.6 595 
1997/12/26 26.7 28.4 25.5 27.4 1723 
1998/01/02 27.5 28.5 27.3 27.6 802 
1998/01/09 27.2 31.3 27.2 29.7 8066 
1998/01/16 27.8 28.8 27 27.5 2692 
1998/01/23 27.4 27.9 26.6 27.6 1463 
1998/02/06 28.2 29 27.6 28.3 1544 
1998/02/13 28 29 28 28.8 1250 
1998/02/20 29.6 31.5 27.6 31.5 6033 
1998/02/27 32 34.6 31.4 31.4 14363 
1998/03/06 31.5 32.8 29.1 32 12439 
1998/03/13 32.3 35.6 32 35.6 11748 
1998/03/20 35.4 49.7 35.4 49.2 31954 
1998/03/27 45.8 48.1 42.7 44.5 13415 
1998/04/03 44.5 45.8 43.1 43.1 10870 
1998/04/10 43.8 43.9 40.6 42.2 7514 
1998/04/17 42.5 42.5 38.9 40.7 4058 
1998/04/24 40.7 41.1 38.8 38.8 2077 
1998/05/01 38 43.4 37 41 3692 
1998/05/08 41.5 43.7 41.5 42.7 4859 
1998/05/15 42.5 43.2 39.1 42.1 2568 
1998/05/22 41.9 45.5 40.5 45.5 4127 
1998/05/29 48.6 53 45 45.3 13412 
1998/06/05 45.3 49.8 42.2 48.2 7184 
1998/06/12 48 49.5 42.6 45 6074 
1998/06/19 45 50 45 48.8 9721 
1998/06/26 48.8 48.8 46.1 46.7 2876 
1998/07/03 46.7 48.7 45.9 48.5 3366 
1998/07/10 49 52.5 48.4 52 10336 
1998/07/17 52.5 55 50.5 55 12042 
1998/07/24 55 57 50.5 56 14608 
1998/07/31 56 56.5 52.5 53 7224 
1998/08/07 54 54 46 48.5 5389 
1998/08/14 48.5 48.5 43.1 44.2 4515 
1998/08/21 44 44.8 40.5 42 1810 
1998/08/28 42 42 35 37.7 3197 
1998/09/04 37.8 37.8 33.2 36.9 3785 
1998/09/11 37.4 41.3 36.1 37.8 8411 
1998/09/18 37.5 38.8 37 38.3 6700 
1998/09/25 38.5 38.6 35.7 36.1 3492 
1998/10/02 36.1 36.8 34.2 35 4968 
1998/10/09 34.9 36.1 34.2 35.1 1567 
1998/10/16 35.3 35.5 33 34.1 2250 
1998/10/23 33.9 33.9 30.5 30.7 3472 
1998/10/30 30.8 33.3 30.2 30.9 4600 
1998/11/06 33 37.4 29.7 31.8 10684 
1998/11/13 33 33 30 31.5 3494 
1998/11/20 31.3 31.9 30.5 30.7 4018 
1998/11/27 30.9 32.2 29.1 30.5 4408 
1998/12/04 30.9 30.9 27.2 28.2 3051 
1998/12/11 29.6 29.6 25.7 26 7059 
1998/12/18 27 27 24.5 24.7 2101 
1998/12/25 24.7 25.5 24.5 24.6 1436 
1999/01/01 24.8 24.9 21 21 1459 
1999/01/08 21.5 21.6 19.5 20.9 1743 
1999/01/15 20.5 21.5 18.5 20.9 2501 
1999/01/22 22.2 22.3 20.2 20.5 4842 
1999/01/29 20.1 20.5 18.6 19 2546 
1999/02/05 19.3 19.3 15.9 17.2 2909 
1999/02/12 17.5 18.7 17.2 17.7 1356 
1999/02/19 18.9 18.9 17.8 18.9 468 
1999/02/26 20 20.9 18.5 19.1 2325 
1999/03/05 19.5 20.4 19 19.6 2312 
1999/03/12 19.7 19.7 18.6 18.8 829 
1999/03/19 19.3 20.2 18.5 19.5 3633 
1999/03/26 20 21 19.5 20.3 7932 
1999/04/02 20.5 20.5 18.7 19.8 4389 
1999/04/09 19.8 21.5 19.6 20.1 9549 
1999/04/16 20 20 18.7 19.5 5651 
1999/04/23 19.6 20.4 19 20.4 6807 
1999/04/30 21.7 21.9 19.7 20 17100 
1999/05/07 20.2 20.3 19.5 19.7 5723 
1999/05/14 19.7 20.2 19 19 3489 
1999/05/21 19 19 18 18.5 3232 
1999/05/28 18.5 19.1 17.5 17.7 2518 
1999/06/04 17.7 19.5 17 17.8 4424 
1999/06/11 18 18 17.3 17.4 1460 
1999/06/18 18 18.3 17 17.1 1654 
1999/06/25 17 17 15.1 15.9 2600 
1999/07/02 15.5 17.3 15.2 17.3 3003 
1999/07/09 17.9 18.5 16.8 18.5 5987 
1999/07/16 18.7 19.9 18.5 19.5 12419 
1999/07/23 19.7 20.3 19 19.6 8337 
1999/07/30 19.6 19.6 14.55 15.2 7727 
1999/08/06 15.2 15.5 14.1 14.4 2565 
1999/08/13 14.7 14.8 12.15 12.9 5990 
1999/08/20 12.9 13.9 12.3 13.9 4851 
1999/08/27 14.8 14.8 13.9 14 3747 
1999/09/03 14 14.9 13.5 13.8 5789 
1999/09/10 13.8 13.8 11.65 11.9 4447 
1999/09/17 12 12 11 11.3 1578 
1999/09/24 11.3 11.9 11.3 11.45 148 
1999/10/01 11.05 12.3 10.05 12.3 2178 
1999/10/08 12.8 13.5 12.65 12.7 3814 
1999/10/15 13.3 13.3 12 12 1725 
1999/10/22 12 12.1 12 12 353 
1999/10/29 12.1 12.7 11.3 11.95 693 
1999/11/05 12 12.1 8.7 9.35 1846 
1999/11/12 9.5 9.9 9.2 9.2 1180 
1999/11/19 9.2 9.3 8.5 8.7 563 
1999/11/26 8.9 10 8.7 9.25 899 
1999/12/03 9.35 10.45 9.35 9.7 619 
1999/12/10 9.8 10.3 9.7 9.8 971 
1999/12/17 9.85 10 9.35 9.75 536 
1999/12/24 9.8 10 9.5 9.6 1602 
1999/12/31 9.65 9.65 9 9.1 625 
2000/01/07 9.7 11.8 9.7 11.8 626 
2000/01/14 12.6 13.45 11.25 12.3 3117 
2000/01/21 12.3 13 12 12.9 1925 
2000/01/28 13.2 13.9 12.3 12.7 2619 
2000/02/04 12.4 13.25 12.4 12.9 618 
2000/02/11 13.5 15.6 13.5 15.2 3850 
2000/02/18 15 16.8 14.75 16.6 7617 
2000/02/25 17.5 17.5 14.45 15 3690 
2000/03/03 15.3 16 14.7 14.8 1783 
2000/03/10 15 15 13.4 14 2183 
2000/03/17 13.7 13.7 12.15 13.5 1684 
2000/03/24 13.05 16 12.6 15.7 3945 
2000/03/31 16 16.7 14.8 15.1 6103 
2000/04/07 14.5 15 13.5 13.5 1017 
2000/04/14 13.5 14.2 12.5 12.85 1370 
2000/04/21 12.95 14.1 12.3 13.15 789 
2000/04/28 13.15 13.15 11.3 11.7 1146 
2000/05/05 11.8 12.1 10.85 11.8 346 
2000/05/12 11.85 11.95 10.75 11.3 2251 
2000/05/19 11.4 11.4 10.1 10.2 1287 
2000/05/26 10.2 10.6 10 10.3 977 
2000/06/02 10.4 10.45 10 10.1 1186 
2000/06/09 10.1 10.4 10 10.05 119 
2000/06/16 10.05 10.4 10 10.1 441 
2000/06/23 10.1 10.3 10.1 10.1 580 
2000/06/30 10.1 10.2 10.1 10.1 659 
2000/07/07 10.1 10.2 10 10 502 
2000/07/14 10 10.2 9.5 10.1 1646 
2000/07/21 10.2 10.3 9.8 9.9 399 
2000/07/28 10 10 9.15 9.9 730 
2000/08/04 9.9 9.9 9.6 9.7 211 
2000/08/11 9.7 9.7 9.7 9.7 161 
2000/08/18 9.7 9.8 9.3 9.7 1094 
2000/08/25 9.7 9.8 9 9.5 303 
2000/09/01 9.5 9.5 8.8 9 1211 
2000/09/08 9 9.5 8.9 9.5 1820 
2000/09/15 9.5 9.5 9.05 9.4 2003 
2000/09/22 9.05 9.35 8.7 9.2 878 
2000/09/29 9 9.15 8.4 9 1953 
2000/10/06 9 9.3 8.7 8.85 537 
2000/10/13 8.85 8.9 7.95 8.4 352 
2000/10/20 8.4 8.7 7.8 8.7 479 
2000/10/27 8.7 9.1 8.4 8.9 434 
2000/11/03 8.8 9 7.85 8.5 384 
2000/11/10 8.3 9 8.25 8.5 232 
2000/11/17 8.5 8.8 8 8.4 2975 
2000/11/24 8.4 8.5 7.85 8.5 540 
2000/12/01 8.5 8.5 8.2 8.3 351 
2000/12/08 8.3 8.5 8 8.1 319 
2000/12/15 8.1 8.3 8 8.1 290 
2000/12/22 8.1 8.1 7.5 7.8 264 
2000/12/29 7.75 7.75 7.2 7.55 257 
2001/01/05 7.55 8 7.35 7.95 327 
2001/01/12 7.7 8.1 7.35 8 201 
2001/01/19 7.9 8.1 7.35 8 245 
2001/02/02 8 8.4 7.8 8.4 858 
2001/02/09 8.3 8.4 8 8.2 207 
2001/02/16 8.2 8.3 8 8.25 492 
2001/02/23 8.25 8.4 8 8.3 141 
2001/03/02 8.3 8.4 8 8.4 106 
2001/03/09 8.4 8.5 8.1 8.3 202 
2001/03/16 8.3 8.4 8.1 8.3 118 
2001/03/23 8.2 8.6 8 8.3 176 
2001/03/30 8.3 8.3 8.1 8.2 270 
2001/04/06 8.2 8.3 8 8.2 116 
2001/04/13 8.2 8.3 7.9 8.2 202 
2001/04/20 8.2 8.3 8 8.2 134 
2001/04/27 8 8.2 7.85 7.9 137 
2001/05/04 7.9 8 7.5 7.7 146 
2001/05/11 7.6 7.95 7.6 7.85 130 
2001/05/18 7.7 8 7.5 7.8 317 
2001/05/25 7.7 8 7.6 7.85 159 
2001/06/01 7.8 7.9 7.5 7.65 120 
2001/06/08 7.65 7.9 7.6 7.9 157 
2001/06/15 7.9 8 7.7 7.9 156 
2001/06/22 7.9 8.2 7.7 8 128 
2001/06/29 7.9 8.2 7.8 8.1 127 
2001/07/06 8.2 8.2 7.9 8 187 
2001/07/13 8 8.2 7.8 7.95 98 
2001/07/20 7.9 8 7.4 7.4 276 
2001/07/27 7.4 7.7 6.5 7.5 170 
2001/08/03 7.4 7.8 7.1 7.7 117 
2001/08/10 7.6 8 7.25 7.8 106 
2001/08/17 7.8 8.2 7.45 8.2 167 
2001/08/24 8.2 8.5 7.4 7.7 118 
2001/08/31 7.4 8 7.4 7.9 275 
2001/09/07 7.6 7.8 7 7.2 73 
2001/09/14 7 7.5 6.3 6.5 136 
2001/09/21 6.35 6.75 6.15 6.7 121 
2001/09/28 6.3 7 6.25 6.5 96 
2001/10/05 6.25 6.6 5.8 6.55 102 
2001/10/12 6.15 6.75 6 6.7 75 
2001/10/19 6.3 6.5 5.5 6.05 129 
2001/10/26 6.05 6.4 5.65 6.2 258 
2001/11/02 6 6.6 5.9 6.5 189 
2001/11/09 6.7 6.7 6.4 6.5 200 
2001/11/16 6.8 7.1 6.7 7.05 131 
2001/11/23 7.2 7.6 7 7.5 3654 
2001/11/30 7.6 8 7.15 7.5 3194 
2001/12/07 7.5 8.2 7.4 8.2 415 
2001/12/14 8.2 8.55 7.6 7.6 404 
2001/12/21 7.9 8.1 7.3 7.5 288 
2001/12/28 7.6 7.7 7 7.3 88 
2002/01/04 7.1 7.95 7.1 7.5 109 
2002/01/11 7.5 7.5 7 7.1 182 
2002/01/18 7 7.1 6.5 6.75 115 
2002/01/25 6.6 6.6 6.1 6.5 135 
2002/02/01 6.5 7.15 6.2 7.15 249 
2002/02/08 7.15 7.45 6.25 6.4 245 
2002/02/22 6.3 6.7 5.9 6.7 209 
2002/03/01 7 7 5.95 6.55 139 
2002/03/08 6.55 6.55 6.1 6.1 208 
2002/03/15 6.4 7.9 6.3 7.3 1081 
2002/03/22 7.6 7.6 7 7.4 2799 
2002/03/29 7.7 9 7.7 8.3 1308 
2002/04/05 7.75 8.3 7.75 8.2 245 
2002/04/12 8.25 8.75 7 7 409 
2002/04/19 7.2 7.7 7 7.2 188 
2002/04/26 7.2 8.25 7.1 7.6 712 
2002/05/03 7.4 7.5 6.6 6.9 217 
2002/05/10 6.95 7.85 6.45 7.85 292 
2002/05/17 7.8 7.8 6.3 6.3 444 
2002/05/24 6.3 6.3 5.4 5.95 302 
2002/05/31 6.3 6.35 5.95 6.15 1404 
2002/06/07 6.15 7 6.1 6.4 2177 
2002/06/14 6.4 7 6.1 6.55 802 
2002/06/21 6.8 6.8 6.05 6.6 1431 
2002/06/28 6.55 6.55 5.75 5.8 82 
2002/07/05 5.6 6.5 5.6 6.1 68 
2002/07/12 6.1 6.1 5.8 5.9 84 
2002/07/19 5.9 5.95 5.5 5.6 163 
2002/07/26 5.6 5.6 5.3 5.3 47 
2002/08/02 5.5 5.5 4.98 5.4 47 
2002/08/09 5.05 5.3 4.7 5.3 217 
2002/08/16 5.1 5.75 5.05 5.75 39 
2002/08/23 5.4 5.85 5.3 5.55 50 
2002/08/30 5.55 5.55 4.96 5.25 40 
2002/09/06 5 5.2 4.73 4.95 136 
2002/09/13 5.2 5.35 4.75 5.2 856 
2002/09/20 5 5 4.55 5 120 
2002/09/27 4.75 5.15 4.66 5 67 
2002/10/04 5 5 4.66 4.9 88 
2002/10/11 4.68 4.97 4.65 4.9 53 
2002/10/18 4.56 5.2 4.56 4.97 282 
2002/10/25 5.1 5.1 4.7 4.75 44 
2002/11/01 4.68 4.84 4.57 4.57 106 
2002/11/08 4.57 5.1 4.5 5 85 
2002/11/15 4.75 5.1 4.62 5 123 
2002/11/22 5 5.05 4.67 4.75 64 
2002/11/29 4.77 4.9 4.55 4.84 58 
2002/12/06 4.64 5.55 4.64 5.25 551 
2002/12/13 5.2 5.9 5.05 5.8 175 
2002/12/20 5.45 5.85 5.2 5.25 62 
2002/12/27 5.3 5.8 5.3 5.6 143 
2003/01/03 5.6 6.8 5.6 6.75 376 
2003/01/10 6.7 6.8 6.3 6.8 201 
2003/01/17 7 7.2 6.6 7 315 
2003/01/24 6.9 7.2 6.7 7.05 1765 
2003/01/31 7.5 7.8 7.25 7.8 2214 
2003/02/07 7.9 8.3 7.8 8.3 416 
2003/02/14 8.3 8.3 8.3 8.3 0 
2003/02/21 8.3 8.3 8.3 8.3 0 
2003/02/28 8.3 8.3 8.3 8.3 0 
2003/03/07 8.3 8.3 8.3 8.3 0 
2003/03/14 8.3 10.8 8.3 10.8 535 
2003/03/21 11.55 11.6 10.95 11 3480 
2003/03/28 11.1 11.1 9.2 10.4 315 
2003/04/04 10.8 10.8 9.1 10.5 289 
2003/04/11 10.7 10.8 10.1 10.5 540 
2003/04/18 10.55 10.55 9.9 10.4 812 
2003/04/25 9.9 10.4 9.3 9.5 120 
2003/05/02 9.5 9.5 8.5 8.5 32 
2003/05/09 8 8.5 7.2 7.5 283 
2003/05/16 7.2 7.2 6.5 6.8 257 
2003/05/23 6.65 7.05 6.2 7 105 
2003/05/30 7.4 7.4 6.65 7.3 57 
2003/06/06 6.9 7.6 6.9 6.95 45 
2003/06/13 6.9 7.8 6.9 7.8 134 
2003/06/20 8.3 8.7 7.5 7.7 285 
2003/06/27 7.9 8.8 7.4 8.5 1499 
2003/07/04 8.1 8.35 7.6 7.7 879 
2003/07/11 8 8.3 7.4 7.4 898 
2003/07/18 7.5 8.4 7.5 8 1502 
2003/07/25 7.8 8.3 7.6 7.8 254 
2003/08/01 8 9 7.65 8.8 731 
2003/08/08 8.7 8.85 8.1 8.4 171 
2003/08/15 8 8.45 7.8 8.2 854 
2003/08/22 8.1 8.1 7.65 7.65 108 
2003/08/29 7.85 8.2 7.45 8.05 120 
2003/09/05 8 8.05 7.45 8.05 247 
2003/09/12 8 8.8 7.9 8 305 
2003/09/19 8 8 7.4 7.4 188 
2003/09/26 7.4 7.7 7 7.5 195 
2003/10/03 7.2 7.45 6.8 7.3 219 
2003/10/10 7.3 7.5 7.1 7.2 722 
2003/10/17 7.2 7.5 6.9 7.45 95 
2003/10/24 7.4 7.5 7 7.1 812 
2003/10/31 7.2 8 7 8 880 
2003/11/07 8 8.1 7.25 7.8 1756 
2003/11/14 7.8 7.8 7.3 7.35 2706 
2003/11/21 7.55 7.6 7.2 7.25 715 
2003/11/28 7.25 7.4 6.95 7.1 257 
2003/12/05 7.1 7.5 7 7.05 260 
2003/12/12 7 7.2 6.9 7 169 
2003/12/19 6.95 7.2 6.45 7.2 486 
2003/12/26 6.9 7.6 6.9 7.2 672 
2004/01/02 7.1 7.2 6.95 7.15 316 
2004/01/09 7.2 7.65 7.05 7.15 459 
2004/01/16 7.25 7.65 7 7.65 194 
2004/01/30 7.65 8.1 7.3 7.9 672 
2004/02/06 8 8.45 7.8 7.9 739 
2004/02/13 8.2 9.5 8 8.45 1586 
2004/02/20 8.5 8.95 8.05 8.15 391 
2004/02/27 8.05 8.2 7.7 8 420 
2004/03/05 8 8.3 7.75 7.8 576 
2004/03/12 7.8 8.2 7.8 8.15 438 
2004/03/19 8.05 8.25 6.7 7.7 668 
2004/03/26 7.2 7.5 6.7 7.1 215 
2004/04/02 7.45 7.5 7 7.05 203 
2004/04/09 7.1 7.4 6.95 7.35 237 
2004/04/16 7.35 8.7 7.35 7.8 746 
2004/04/23 7.85 7.9 7 7.7 114 
2004/04/30 7.5 8.2 7.05 8 494 
2004/05/07 7.5 7.95 7 7.1 669 
2004/05/14 6.7 7.6 6.65 7.3 300 
2004/05/21 6.8 7.4 6.4 7.05 205 
2004/05/28 7 7.4 6.85 7.4 131 
2004/06/04 7.05 7.2 6.8 7 124 
2004/06/11 7 7.05 6.6 6.7 96 
2004/06/18 6.55 6.8 6.3 6.5 57 
2004/06/25 6.3 6.6 6 6.4 96 
2004/07/02 6.1 6.7 6 6.7 227 
2004/07/09 6.3 6.7 6.25 6.7 154 
2004/07/16 6.7 6.7 6 6.4 46 
2004/07/23 6.15 6.65 6.1 6.5 57 
2004/07/30 6.45 7.1 6.05 7 407 
2004/08/06 6.75 7.2 6.3 7.1 262 
2004/08/13 7.4 7.45 7 7.1 124 
2004/08/20 7.1 7.3 6.6 7 27 
2004/08/27 7 7 6.7 7 51 
2004/09/03 7 7 6.55 6.55 56 
2004/09/10 6.6 7.2 6.5 6.65 103 
2004/09/17 6.6 7 6.25 6.7 50 
2004/09/24 6.4 7.05 6.2 6.2 109 
2004/10/01 6.2 7.1 6 7.1 182 
2004/10/08 7 7.45 6.6 6.6 183 
2004/10/15 6.9 7 6.4 6.9 147 
2004/10/22 6.9 6.9 6.3 6.3 17 
2004/10/29 6.2 6.75 6.1 6.75 43 
2004/11/05 6.75 6.75 6.05 6.45 104 
2004/11/12 6.45 7 6 6.35 136 
2004/11/19 6.35 6.6 6 6.4 164 
2004/11/26 6.25 6.4 6 6.15 257 
2004/12/03 6.05 6.7 5.9 6.7 581 
2005/01/07 8.3 8.4 7.65 7.9 74 
2005/01/14 7.65 7.9 6.4 6.85 174 
2005/01/21 6.85 7.2 6.4 7.2 309 
2005/01/28 6.8 7.1 5.9 6.25 191 
2005/02/04 6.25 6.7 5.95 6.7 206 
2005/02/18 6.65 7.2 6.35 7 1422 
2005/02/25 6.8 7.4 6.4 6.85 397 
2005/03/04 6.85 6.85 6.15 6.2 121 
2005/03/11 6.25 6.3 5.9 6.2 103 
2005/03/18 6.25 6.25 5.71 5.71 27 
2005/03/25 5.71 6.2 5.7 5.9 134 
2005/04/01 5.9 6.2 5.81 6.05 2089 
2005/04/08 6.05 6.2 5.9 6.2 60 
2005/04/15 6 6.3 6 6 36 
2005/09/16 6.42 6.42 6.42 6.42 127 
2005/09/23 6.42 6.42 5.57 5.57 0 
2005/09/30 5.19 5.19 4.5 4.5 0 
2005/10/07 4.5 4.5 3.9 3.9 1 
2005/10/14 3.63 3.63 3.38 3.38 0 
2005/10/21 3.15 3.15 2.73 2.73 0 
2005/10/28 2.73 2.73 2.37 2.37 0 
2005/11/04 2.21 2.21 1.92 1.92 0 
2005/11/11 1.92 1.92 1.67 1.67 0 
2005/11/18 1.56 1.56 1.27 1.27 8 
2005/11/25 1.19 1.19 0.97 1 121 
2005/12/02 0.93 1.05 0.82 1.05 354 
2005/12/09 1.12 1.44 0.98 1.44 34 
2005/12/16 1.52 1.52 1.42 1.43 33 
2005/12/23 1.43 1.43 1.36 1.38 62 
2005/12/30 1.4 1.67 1.4 1.67 46 
2006/01/06 1.78 2.32 1.78 2.32 75 
2006/01/13 2.48 3.02 2.48 3.02 61 
2006/01/20 3.02 3.02 2.62 2.62 2 
2006/01/27 2.62 2.62 2.27 2.61 7 
2006/02/03 2.43 2.7 2.43 2.68 19 
2006/02/10 2.68 2.68 2.33 2.33 0 
2006/02/17 2.33 2.33 2.02 2.02 0 
2006/02/24 1.75 1.75 1.63 1.63 25 
2006/03/03 1.52 1.52 1.42 1.42 18 
2006/03/10 1.43 1.43 1.24 1.24 8 
2006/04/14 3.33 3.33 2.92 2.92 4 
2006/04/21 2.79 2.79 2.31 2.31 5 
2006/04/28 2.19 2.19 1.84 1.84 4 
2006/05/05 1.84 2.09 1.84 2.09 16 
2006/05/12 2.23 2.89 2.23 2.89 29 
2006/05/19 3.09 4.03 3.09 4.03 27 
2006/05/26 4.31 5.63 4.31 5.63 35 
2006/06/02 6.02 7.37 6.02 7.37 138 
2006/06/09 7.88 8.43 6.44 6.44 324 
2006/06/16 5.99 6.82 5.58 6.82 84 
2006/06/23 7.29 7.8 7.29 7.6 152 
2006/06/30 7.6 7.6 6.59 6.67 140 
2006/07/07 6.5 7.13 6.24 6.7 48 
2006/07/14 6.9 8.26 6.31 7.3 404 
2006/07/21 7 7.19 6.41 6.8 159 
2006/07/28 6.54 6.96 6.41 6.96 225 
2006/08/04 7.24 7.24 6.7 6.76 60 
2006/08/11 6.7 6.75 6.25 6.36 38 
2006/08/18 6.58 8.01 6.56 7.4 329 
2006/08/25 7.2 7.54 7.02 7.02 56 
2006/09/01 7.02 7.37 6.25 6.25 134 
2006/09/08 6.25 6.68 6.19 6.25 61 
2006/09/15 6.26 6.26 5.7 5.98 79 
2006/09/22 5.98 6.25 5.82 6.16 29 
2006/09/29 6 6.84 6 6.5 141 
2006/10/06 6.5 6.5 6.47 6.5 29 
2006/10/13 6.5 6.5 6.07 6.49 51 
2006/10/20 6.5 8 6.5 7.77 185 
2006/10/27 7.25 7.39 6.9 6.9 37 
2006/11/03 7.04 7.04 6.31 6.64 54 
2006/11/10 6.6 7.6 6.6 7.45 415 
2006/11/17 7.45 8.2 6.94 7.5 390 
2006/11/24 7.6 7.86 6.97 7.4 168 
2006/12/01 7.4 7.6 7.2 7.55 260 
2006/12/08 7.6 8.33 7.2 7.5 239 
2006/12/15 7.99 7.99 7.11 7.6 185 
2006/12/22 7.6 7.73 7.21 7.25 46 
2006/12/29 7.5 9.49 7.5 8.25 992 
2007/01/05 8.2 8.25 7.02 7.02 271 
2007/01/12 6.73 8.13 6.73 7.77 427 
2007/01/19 7.41 7.41 6.86 7.1 114 
2007/01/26 6.98 6.98 6.45 6.8 135 
2007/02/02 6.62 6.85 6.22 6.43 75 
2007/02/09 6.3 6.55 6.15 6.21 76 
2007/02/16 6.21 6.35 6 6.3 41 
2007/03/02 6.28 6.48 6.06 6.32 802 
2007/03/09 6.08 6.28 6 6.01 746 
2007/03/16 6.14 6.28 6.03 6.03 86 
2007/03/23 6.11 6.18 6.02 6.04 66 
2007/03/30 6.17 6.28 5.9 6.1 108 
2007/04/06 6.1 6.92 6.05 6.92 176 
2007/04/13 7.4 8.46 7.18 7.4 1056 
2007/04/20 7.4 7.89 7.03 7.04 325 
2007/04/27 7.1 8.4 7.05 7.8 553 
2007/05/04 7.26 7.3 6.51 6.8 307 
2007/05/11 6.7 7 6.59 6.71 153 
2007/05/18 6.26 6.98 6.26 6.83 238 
2007/05/25 6.46 7.92 6.46 7.3 476 
2007/06/01 7.13 7.13 6.76 6.9 79 
2007/06/08 6.9 7.23 6.68 7 75 
2007/06/15 6.52 7.13 6.44 7 146 
2007/06/22 6.81 7.59 6.8 7.15 212 
2007/06/29 7.15 7.54 6.9 7 423 
2007/07/06 6.7 7.39 6.7 7.2 483 
2007/07/13 7.28 8.6 7.28 7.95 1820 
2007/07/20 8.19 9.82 7.79 9.82 1773 
2007/07/27 10.5 10.5 7.76 8.3 2726 
2007/08/03 8.28 8.28 7.5 7.6 576 
2007/08/10 7.6 8.1 7.25 7.39 560 
2007/08/17 7.31 7.47 6.6 7.47 726 
2007/08/24 7.99 9.13 7.52 8.1 2722 
2007/08/31 7.8 8.29 7.28 7.51 861 
2007/09/07 7.26 7.49 5.49 5.49 1310 
2007/09/14 5.11 5.11 4.14 4.15 344 
2007/09/21 3.9 4.77 3.9 4.77 74 
2007/09/28 4.9 5.15 4.9 5.15 51 
2007/10/05 5.1 5.86 5.1 5.82 106 
2007/10/12 5.88 7.05 5.88 7.05 79 
2007/10/19 7.15 7.3 6.79 6.79 115 
2007/10/26 7.15 7.9 6.73 7.5 100 
2007/11/02 7.48 8.3 7.07 7.07 128 
2007/11/09 7.56 7.56 6.12 6.51 90 
2007/11/16 6.06 7.82 6.06 7.82 43 
2007/11/23 7.6 8.35 6.79 7.27 136 
2007/11/30 7.5 8.34 6.79 7.63 99 
2007/12/07 7.63 8.72 7.1 7.99 43 
2007/12/14 7.44 8 7.17 7.65 26 
2007/12/21 7.12 7.5 6.5 6.5 6 
2007/12/28 6.5 6.69 5.63 6.69 16 
2008/01/04 6.69 6.69 5.8 6.44 4 
2008/01/11 5.99 6.83 5.92 6.8 6 
2008/01/18 6.8 6.8 5.89 5.89 0 
2008/01/25 5.89 6.19 4.75 4.75 17 
2008/02/01 4.75 5.29 4.42 4.58 9 
2008/02/15 4.88 5.7 4.84 5.7 62 
2008/02/22 5.4 6.59 5.4 6.59 27 
2008/02/29 6.59 6.79 6.55 6.79 3 
2008/03/07 6.79 7.25 6.33 7.18 4 
2008/03/14 7.18 7.18 6.22 6.94 3 
2008/03/21 6.9 7.15 6.9 7.15 8 
2008/03/28 7.15 7.15 6.61 6.61 16 
2008/04/04 6.61 6.61 6.2 6.2 3 
2008/04/11 6.2 6.2 5.4 5.5 59 
2008/04/18 5.6 6.22 5.6 6.22 159 
2008/04/25 6.3 6.3 5.81 6.2 88 
2008/05/02 6.19 6.19 5.8 5.8 9 
2008/05/09 5.8 5.8 5.8 5.8 0 
2008/05/16 5.8 6.14 5.32 5.7 12 
2008/05/23 5.98 6.18 5.1 6.18 41 
2008/05/30 6.5 6.5 6.5 6.5 14 
2008/06/06 6.5 6.5 6.5 6.5 7 
2008/06/13 6.5 6.5 6.05 6.05 7 
2008/06/20 6.05 6.05 6.05 6.05 1 
2008/06/27 6.05 6.05 6.05 6.05 0 
2008/07/04 6.05 6.05 6.05 6.05 0 
2008/07/11 6.05 6.05 6.05 6.05 0 
2008/07/18 6.05 6.05 6.05 6.05 0 
2008/07/25 6.05 6.05 6.05 6.05 0 
2008/08/01 6.05 6.05 6.05 6.05 0 
2008/08/08 6.05 6.05 6.05 6.05 0 
2008/08/15 6.05 6.05 6.05 6.05 0 
2008/08/22 6.05 6.05 6.05 6.05 0 
2008/08/29 6.05 6.05 6.05 6.05 0 
2008/09/05 6.05 6.05 5.63 5.63 0 
2008/09/12 5.63 5.63 4.54 4.54 11 
2008/09/19 4.23 4.85 4.23 4.52 5 
2008/09/26 4.21 4.21 3.65 3.65 0 
2008/10/03 3.65 3.65 3.17 3.17 0 
2008/10/10 3.17 3.17 2.75 2.75 0 
2008/10/17 2.75 2.75 2.66 2.66 0 
2008/10/24 2.66 2.66 2.57 2.57 0 
2008/10/31 2.57 2.57 2.4 2.4 0 
2008/11/07 2.09 2.09 1.6 1.6 55 
2008/11/14 1.49 1.7 1.49 1.7 5 
2008/11/21 1.7 1.7 1.59 1.59 0 
2008/11/28 1.59 1.59 1.2 1.2 32 
2008/12/05 1.12 1.28 1.12 1.2 21 
2008/12/12 1.2 1.2 1.2 1.2 0 
2008/12/19 1.2 1.33 1.2 1.33 7 
2008/12/26 1.33 1.33 1.25 1.25 3 
2009/01/02 1.25 1.25 1.25 1.25 0 
2009/01/09 1.33 1.33 1.25 1.25 8 
2009/01/16 1.25 1.25 1.25 1.25 0 
2009/01/23 1.25 1.25 1.25 1.25 0 
2009/02/06 1.25 1.25 1.1 1.15 10 
2009/02/13 1.15 1.15 1.15 1.15 0 
2009/02/20 1.15 1.15 1.15 1.15 0 
2009/02/27 1.15 1.15 1.15 1.15 0 
2009/03/06 1.15 1.15 1.15 1.15 0 
2009/03/13 1.15 1.15 1.15 1.15 0 
2009/03/20 1.23 1.59 1.23 1.59 15 
2009/03/27 1.59 1.7 1.48 1.7 5 
2009/04/03 1.59 2.3 1.59 2.3 22 
2009/04/10 2.46 3.21 2.46 3.21 17 
2009/04/17 3.42 4.4 3.42 4.4 28 
2009/04/24 4.38 4.92 4.38 4.6 12 
2009/05/01 4.6 4.6 4.28 4.28 1 
2009/05/08 4.28 4.28 3.72 3.72 0 
2009/05/15 3.72 3.72 3.22 3.22 0 
2009/05/22 3 3 2.26 2.26 36 
2009/05/29 2.26 2.26 2.26 2.26 0 
2009/06/05 2.11 2.92 2.11 2.92 23 
2009/06/12 3.12 4.06 3.12 4.06 85 
2009/06/19 4.34 5.67 4.34 5.67 104 
2009/06/26 5.67 5.67 4.92 4.92 0 
2009/07/03 4.92 4.92 4.26 4.26 0 
2009/07/10 3.97 4.86 3.97 4.86 12 
2009/07/17 4.86 5.53 4.52 5.51 122 
2009/07/24 5.3 7.24 5.26 7.24 164 
2009/07/31 6.75 7.69 6.66 6.73 46 
2009/08/07 6.27 6.99 6.07 6.64 74 
2009/08/14 6.19 6.91 6.05 6.47 39 
2009/08/21 6.47 6.91 6.02 6.64 28 
2009/08/28 6.19 7.06 6.19 7.06 45 
2009/09/04 6.58 7.06 6.52 7.01 157 
2009/09/11 6.99 7.46 6.54 7 169 
2009/09/18 6.95 7 6.06 6.94 42 
2009/09/25 6.9 7.92 6.9 6.9 146 
2009/10/02 6.9 6.9 5.68 5.68 18 
2009/10/09 5.68 7.39 5.68 7.39 62 
2009/10/16 7.3 7.91 6.4 7.91 140 
2009/10/23 7.6 8.67 7.07 8 83 
2009/10/30 8.49 8.49 7.39 8 54 
2009/11/06 7.55 9.8 7.5 9.69 152 
2009/11/13 9.02 9.65 8.38 8.38 9 
2009/11/20 7.83 9.55 7.79 7.79 23 
2009/11/27 7.79 7.79 7.25 7.25 3 
2009/12/04 7.5 7.5 7.1 7.4 9 
2009/12/11 7.4 7.4 7.08 7.4 12 
2009/12/18 7.2 7.2 6.3 6.3 29 
2009/12/25 6.47 6.62 6 6.62 10 
2010/01/01 7.03 7.03 6.16 6.55 18 
2010/01/08 6.1 7.15 5.87 7.15 30 
2010/01/15 7 7.6 6.15 6.58 13 
2010/01/22 6.29 6.29 6.29 6.29 3 
2010/01/29 5.85 6.52 5.85 6.52 10 
2010/02/05 6.96 8.1 6.96 8.1 24 
2010/02/12 8 8.1 7.95 8.1 12 
2010/02/26 8.1 8.1 8.1 8.1 0 
2010/03/05 8.63 8.66 8 8.56 145 
2010/03/12 8.8 8.8 7.53 8.62 143 
2010/03/19 8.99 10.85 8.62 10.75 1635 
2010/03/26 10.05 10.15 9.31 9.31 76 
2010/04/02 9.31 9.31 8.8 9.3 16 
2010/04/09 8.71 9.24 8.07 9.24 50 
2010/04/16 9.75 9.8 9.26 9.26 25 
2010/04/23 9.89 9.89 7.62 7.68 31 
2010/04/30 8.2 8.76 7.6 8.08 100 
2010/05/07 8.08 8.08 7.52 7.52 6 
2010/05/14 7.52 7.52 7.52 7.52 1 
2010/05/21 7.52 7.52 7.52 7.52 0 
2010/05/28 7.52 7.52 7.52 7.52 0 
2010/06/04 7 8.59 7 8.59 42 
2010/06/11 9.19 10.3 9.14 9.5 282 
2010/06/18 9.5 9.5 8.4 8.4 4 
2010/06/25 8.4 9.4 8.36 8.75 30 
2010/07/02 8.16 8.54 7.41 7.41 20 
2010/07/09 7.41 7.99 6.9 7.99 12 
2010/07/16 8 8.29 7.72 8 41 
2010/07/23 7.95 9.79 7.95 9.77 88 
2010/07/30 9.7 9.7 8.65 8.65 24 
2010/08/06 8.5 9.89 8.5 9.42 65 
2010/08/13 9.42 10.45 9.26 9.82 105 
2010/08/20 9.82 10.5 9.62 10 134 
2010/08/27 10 11.35 9.36 10.9 107 
2010/09/03 11.65 11.65 9.68 10.1 199 
2010/09/10 10 10.3 10 10.25 71 
2010/09/17 10 10.3 9.45 10.1 73 
2010/09/24 9.71 10.85 9.71 10.05 66 
2010/10/01 10.05 10.1 9.45 10 15 
2010/10/08 10 10.3 9.5 9.55 72 
2010/10/15 9.5 10.8 8.97 10.65 390 
2010/10/22 10.65 10.85 10.05 10.05 112 
2010/10/29 10.1 11.65 10.05 11.65 722 
2010/11/05 12.45 14.2 12.4 14.15 1494 
2010/11/12 15.1 17.85 15.1 16.45 3866 
2010/11/19 15.3 16.25 14.25 15.15 1895 
2010/11/26 15.45 15.45 13.85 13.85 840 
2010/12/03 14 15.05 13.25 14.55 985 
2010/12/10 14.6 14.6 13.55 13.7 820 
2010/12/17 13.9 14.25 13.25 13.55 651 
2010/12/24 13.3 14.2 13.3 13.75 345 
2010/12/31 14.7 19.15 14.7 19.15 3274 
2011/01/07 20.4 20.4 17.4 17.4 3328 
2011/01/14 18.6 20.2 18.5 18.8 2986 
2011/01/21 19 19.7 17.6 18.2 1340 
2011/01/28 18.2 18.95 17.45 17.5 1058 
2011/02/11 17.7 17.7 16.4 16.4 778 
2011/02/18 16.6 17.5 16.1 17 749 
2011/02/25 17 17 15.2 15.55 873 
2011/03/04 15.6 16.6 15.35 15.9 569 
2011/03/11 16 17.9 15.7 15.8 1820 
2011/03/18 15.2 15.55 13.6 14.6 842 
2011/03/25 15.15 16.2 14.7 15 1144 
2011/04/01 15 15.15 14.1 14.7 509 
2011/04/08 14.6 14.95 14.4 14.4 485 
2011/04/15 14.5 15.7 14.4 15.25 2340 
2011/04/22 14.8 15.35 14.6 15.1 470 
2011/04/29 15.35 16 14.6 15 1630 
2011/05/06 15 15.2 13.7 13.8 1289 
2011/05/13 14 15.3 13.4 13.95 2190 
2011/05/20 13.95 14.95 13.8 14.05 2656 
2011/05/27 14.1 14.75 13.7 13.95 644 
2011/06/03 14.15 15.3 13.9 14.25 10398 
2011/06/10 14.25 14.25 13.15 13.6 762 
2011/06/17 13.35 13.8 12.8 12.8 1203 
2011/06/24 13.2 13.2 11.8 12.15 740 
2011/07/01 12.05 13 12 12.65 449 
2011/07/08 12.5 13.35 12.2 12.75 444 
2011/07/15 12.75 12.75 11.6 12.1 463 
2011/07/22 12.1 13.65 11.9 13.5 1342 
2011/07/29 14.4 14.95 13.65 14.25 2157 
2011/08/05 14.5 14.7 12.65 12.65 755 
2011/08/12 12.65 12.65 11.05 12.35 506 
2011/08/19 13 13.6 12.05 12.1 327 
2011/08/26 11.85 13.3 11.85 13.05 320 
2011/09/02 13.2 13.55 12.4 12.65 196 
2011/09/09 12.3 12.65 11.8 12.1 1463 
2011/09/16 11.4 12.1 11.4 11.95 333 
2011/09/23 12.05 12.1 11.5 11.6 400 
2011/09/30 11.6 11.65 11 11.4 349 
2011/10/07 11 11.4 10.95 11.1 169 
2011/10/14 11.2 11.35 11 11.15 105 
2011/10/21 11.25 12 10.75 11.15 208 
2011/10/28 11 12.1 11 11.4 1782 
2011/11/04 11.4 11.6 11.05 11.35 221 
2011/11/11 11.45 11.55 10.7 11 202 
2011/11/18 11 11.2 9.92 10 323 
2011/11/25 10 10 7.64 7.64 411 
2011/12/02 7.64 8.47 7.6 8.18 399 
2011/12/09 8.01 8.29 7.53 7.83 133 
2011/12/16 7.9 7.94 7.39 7.5 543 
2011/12/23 7.21 7.91 6.98 7.89 410 
2011/12/30 7.61 8.25 7.61 8 120 
2012/01/06 8 9.18 7.91 8.7 781 
2012/01/13 8.4 8.7 8.03 8.13 289 
2012/01/20 8.39 8.76 8.1 8.38 146 
2012/02/03 8.6 9.18 8.6 9.06 353 
2012/02/10 9.14 9.21 8.81 8.82 427 
2012/02/17 9 10.35 8.89 9.99 1168 
2012/02/24 9.9 10.25 9.71 10.15 745 
2012/03/02 10.25 10.3 9.81 10.3 441 
2012/03/09 10.3 10.3 9.71 9.82 382 
2012/03/16 9.83 10.1 9.71 9.87 314 
2012/03/23 9.87 9.99 9.41 9.59 187 
2012/03/30 9.6 9.8 8.9 9.18 369 
2012/04/06 9 9.45 8.45 9.01 1993 
2012/04/13 8.85 9.48 8.7 9.42 299 
2012/04/20 9.01 9.3 8.61 8.75 58 
2012/04/27 8.74 9.3 8.61 9.25 91 
2012/05/04 8.89 9.52 8.75 9.52 597 
2012/05/11 9.98 10.9 9.62 9.75 2796 
2012/05/18 9.9 10.25 9.4 10.25 489 
2012/05/25 10.95 13.15 10.95 12.2 5326 
2012/06/01 12.35 13.25 11.65 12.1 4086 
2012/06/08 11.7 12 11.35 11.7 1583 
2012/06/15 11.8 12.8 11.7 12.3 2449 
2012/06/22 12.45 12.9 12.05 12.05 1328 
2012/06/29 12.1 12.1 11.6 11.65 1093 
2012/07/06 11.7 12.1 11.65 11.7 1191 
2012/07/13 11.55 11.65 11.35 11.4 749 
2012/07/20 11.5 12.05 11.3 11.6 1114 
2012/07/27 11.5 11.65 11.4 11.65 480 
2012/08/03 11.7 12.2 11.6 11.85 1275 
2012/08/10 12 12.7 11.65 11.7 2150 
2012/08/17 11.7 11.95 11.45 11.7 967 
2012/08/24 11.65 11.7 11.3 11.6 818 
2012/08/31 11.6 11.8 11.2 11.65 1462 
2012/09/07 11.6 11.8 11.55 11.7 1722 
2012/09/14 11.8 12.9 11.75 12.25 7611 
2012/09/21 12.1 13.3 12.05 12.75 5573 
2012/09/28 12.75 14.5 12.75 13.7 9185 
2012/10/05 14 14 12.4 12.6 2976 
2012/10/12 12.6 12.6 11.25 11.55 1664 
2012/10/19 11.25 12.35 11.2 12.35 1961 
2012/10/26 12.9 13.35 11.65 11.65 5072 
2012/11/02 11.2 11.4 10.1 10.45 3756 
2012/11/09 10.5 11.05 10.25 10.7 1486 
2012/11/16 10.75 11.2 10.7 10.7 810 
2012/11/23 10.7 10.8 10.35 10.5 590 
2012/11/30 10.6 11 10.6 10.8 658 
2012/12/07 10.8 11.35 10.8 11.15 1074 
2012/12/14 11.25 11.55 11 11.4 1076 
2012/12/21 11.5 12.75 11.4 12.4 2090 
2012/12/28 12.6 13.05 12.5 12.85 1810 
2013/01/04 12.7 13.05 12.6 12.7 818 
2013/01/11 12.8 13.55 12.6 13.1 3265 
2013/01/18 13.1 13.4 12.5 12.65 1992 
2013/01/25 12.65 12.9 12.65 12.8 492 
2013/02/01 12.8 13.2 12.7 13 427 
2013/02/08 13 14.1 12.9 14.1 1549 
2013/02/22 14.25 16.65 14.25 16.65 5197 
2013/03/01 16.1 17.45 16.1 16.95 1872 
2013/03/08 16.7 17.9 16.7 17.35 1775 
2013/03/15 17.25 19.25 16.7 19.25 1225 
2013/03/22 20.55 23.9 20.55 22.8 13743 
2013/03/29 22.95 22.95 19.5 21.2 5837 
2013/04/05 21.5 24.2 21.25 23.15 6200 
2013/04/12 22.1 22.65 21.8 21.8 3834 
2013/04/19 22.3 23.55 21.5 22.85 5144 
2013/04/26 22.85 27.9 22.85 26.95 12305 
2013/05/03 26.95 28.8 26.4 26.4 5495 
2013/05/10 26.9 28.4 26.7 27.55 6110 
2013/05/17 28.8 28.85 27.75 28 4674 
2013/05/24 28 28.7 27 27 2719 
2013/05/31 27.5 29.4 27.2 29.4 3137 
2013/06/07 31.45 39.6 31.45 38.4 20271 
2013/06/14 38.3 39.55 35.1 35.1 14584 
2013/06/21 33.45 35.85 32.45 33.4 7421 
2013/06/28 34.7 36 33.55 34.3 7695 
2013/07/05 34.3 36.5 33.9 34 4365 
2013/07/12 34.5 34.5 32.8 33.15 2471 
2013/07/19 33.15 36.2 33.15 34.5 5722 
2013/07/26 34.9 35.7 34.35 34.5 2446 
2013/08/02 34.6 35.4 33.8 35 1906 
2013/08/09 35.25 37.9 34.3 35.85 6858 
2013/08/16 36 36.7 35 35.65 2594 
2013/08/23 36.5 38.5 35.8 37.95 4333 
2013/08/30 38 39.15 25.75 26.8 6752 
2013/09/06 27 27.1 25.95 26.8 2494 
2013/09/13 27.5 27.5 26.2 26.6 2414 
2013/09/20 26.8 27.25 26.6 27.15 1414 
2013/09/27 27.15 28.85 26.4 26.75 5593 
2013/10/04 26.5 26.5 24.65 25.1 4821 
2013/10/11 25.1 25.95 23.3 23.7 3627 
2013/10/18 22.8 26.5 22.8 24.5 8035 
2013/10/25 23.95 24 22.45 22.45 11605 
2013/11/01 22.45 22.45 20.5 20.7 5614 
2013/11/08 20.7 21.15 19.5 20.75 4015 
2013/11/15 20.8 20.9 20.3 20.35 2754 
2013/11/22 20.5 21 20.4 20.45 2753 
2013/11/29 20.45 22 20.4 21.85 4260 
2013/12/06 22 22.05 21 21 2083 
2013/12/13 21.1 21.5 20.85 21.1 1336 
2013/12/20 21.2 23.75 20.8 23 9576 
2013/12/27 23.25 23.5 21.85 22.2 4692 
2014/01/03 22.2 22.95 22 22.3 3033 
2014/01/10 22.3 23.55 22.05 23.5 8674 
2014/01/17 23.55 24.4 22.75 23.55 9940 
2014/01/24 23.55 23.65 22.9 23.15 2841 
2014/01/31 23 23.7 22.95 23.4 1179 
2014/02/07 23.3 23.6 22.9 23.25 1845 
2014/02/14 23.4 26.85 23.4 26.55 20047 
2014/02/21 26.9 28.55 26.4 28.55 23020 
2014/02/28 29.9 30 26 26.5 22469 
2014/03/07 26.5 26.55 25.15 25.25 5862 
2014/03/14 25.15 26.5 24.8 25.5 4241 
2014/03/21 25.6 26.9 24.9 25.3 5049 
2014/03/28 24 25.7 24 24.6 2855 
2014/04/04 24.6 25 24.15 24.3 1963 
2014/04/11 24 25.3 23.4 24.3 3252 
2014/04/18 24.3 25.9 24.1 25.85 3236 
2014/04/25 26.05 26.5 23.45 24.7 5500 
2014/05/02 23.55 24.85 23.55 24.6 1987 
2014/05/09 24.6 25.5 24.25 24.5 2567 
2014/05/16 24.5 24.6 23.4 24.45 3092 
2014/05/23 24.45 24.45 23.6 24.2 2239 
2014/05/30 24.2 26.45 23.75 25.1 9958 
2014/06/06 25.1 25.35 23.9 24.5 3883 
2014/06/13 24.6 26.2 24.45 25.5 4155 
2014/06/20 25.8 25.8 24.3 24.85 2871 
2014/06/27 24.8 24.8 23.95 24.5 2625 
2014/07/04 24.55 24.8 23.8 24.15 3272 
2014/07/11 24.1 24.3 23.2 23.35 2403 
2014/07/18 23.35 24.8 23.2 23.75 5562 
2014/07/25 23.6 23.9 23.1 23.3 2014 
2014/08/01 23.5 23.8 22.9 23.3 1522 
2014/08/08 23.35 23.55 23 23.05 1178 
2014/08/15 23.1 23.9 23 23.4 1084 
2014/08/22 23.25 23.6 23.1 23.4 1030 
2014/08/29 23.2 24.7 23.2 23.9 1805 
2014/09/05 24 24.45 23.6 24 1229 
2014/09/12 23.75 24.2 23.45 23.5 565 
2014/09/19 23.5 23.75 22.8 23.55 972 
2014/09/26 23.5 23.55 22.75 23.2 797 
2014/10/03 23.2 23.6 23 23.35 487 
2014/10/10 23.15 23.6 22.8 22.9 670 
2014/10/17 22.8 22.8 17.75 18.65 2496 
2014/10/24 19 19 16.15 17.1 4534 
2014/10/31 17.1 20.85 16.2 20.4 5182 
2014/11/07 20.8 20.8 20 20.2 1790 
2014/11/14 20.8 22.6 20.25 20.85 2461 
2014/11/21 20.8 21.05 19.75 20.4 1308 
2014/11/28 20.15 20.6 19.5 19.95 1754 
2014/12/05 18.6 20.5 18.6 19.95 2178 
2014/12/12 19.95 20.1 19.45 20 776 
2014/12/19 20 20 18.8 19 616 
2014/12/26 19 19.85 18.95 19.7 723 
2015/01/02 19.75 20 19.5 19.65 469 
2015/01/09 19.65 19.8 19.35 19.45 504 
2015/01/16 19.45 19.65 19.05 19.3 742 
2015/01/23 19.3 19.45 19 19.45 830 
2015/01/30 20.8 22.25 20.3 20.5 8962 
2015/02/06 20.4 20.4 19.65 19.95 2814 
2015/02/13 19.95 19.95 19.05 19.2 1839 
2015/02/27 19.4 19.4 19.05 19.15 614 
2015/03/06 19.4 19.4 19.05 19.15 810 
2015/03/13 19.15 19.3 19 19.15 591 
2015/03/20 19.15 19.75 19.05 19.5 678 
2015/03/27 19.5 20.45 19.15 19.95 4374 
2015/04/03 20 20.4 19.7 20.3 1792 
2015/04/10 20.45 22.3 20.3 20.55 3000 
2015/04/17 20.65 20.7 19.35 19.5 1393 
2015/04/24 19.5 19.7 19.15 19.5 1437 
2015/05/01 19.55 19.95 19.35 19.7 677 
2015/05/08 19.75 19.75 19.15 19.3 853 
2015/05/15 20.5 20.6 18.55 18.7 1340 
2015/05/22 18.8 19.4 17.55 17.8 1695 
2015/05/29 17.9 17.9 16.9 17.45 965 
2015/06/05 17.3 17.8 16.15 16.95 979 
2015/06/12 16.7 16.85 15 16.4 1068 
2015/06/19 16.5 18.2 16.25 17.6 759 
2015/06/26 18 18 17.4 17.75 891 
2015/07/03 17.7 17.8 17.2 17.5 1292 
2015/07/10 17.4 18.2 16.8 16.8 1788 
2015/07/17 17.2 17.2 16.25 16.9 2391 
2015/07/24 16.9 17.4 16.85 17.2 905 
2015/07/31 17.3 17.3 16.3 16.75 586 
2015/08/07 16.4 16.9 16.25 16.6 360 
2015/08/14 16.6 16.95 16.5 16.8 310 
2015/08/21 16.8 16.85 15.3 15.4 725 
2015/08/28 15.4 16.6 14 16.45 1569 
2015/09/04 16.4 16.65 16.1 16.25 590 
2015/09/11 16.1 17.95 16.1 17.35 1282 
2015/09/18 17.3 19.2 17.3 18.55 1333 
2015/09/25 18.5 18.8 17.65 18.6 1216 
2015/10/02 18.5 18.75 18.3 18.65 493 
2015/10/09 18.95 18.95 18.4 18.7 438 
2015/10/16 18.6 20.2 18.25 20.05 1371 
2015/10/23 20.05 21.75 20 20.7 5049 
2015/10/30 20.7 21 19.8 20.2 1892 
2015/11/06 20.25 21.4 20 20.6 2163 
2015/11/13 20.5 20.6 19.35 19.7 1565 
2015/11/20 19.05 20.15 19.05 19.8 1306 
2015/11/27 19.9 19.95 19.35 19.75 677 
2015/12/04 19.5 19.75 19.25 19.35 684 
2015/12/11 19.5 19.8 19 19.3 894 
2015/12/18 19.2 19.95 19 19.9 932 
2015/12/25 19.75 22.3 19.75 22 4910 
2016/01/01 22 22.45 21.6 21.7 4082 
2016/01/08 22.1 22.15 20 20.5 2901 
2016/01/15 20.4 20.5 19.35 19.7 1617 
2016/01/22 19.55 20.25 19.3 20.1 736 
2016/01/29 19.9 20.55 19.75 20.05 1333 
2016/02/05 20.05 21 20.05 20.55 817 
2016/02/19 20.55 21.1 20.4 20.75 898 
2016/02/26 20.75 21.25 20.4 20.8 864 
2016/03/04 21 21.75 20.75 21.3 1478 
2016/03/11 21.6 24.2 21.45 23.45 5064 
2016/03/18 24 24.55 21.9 21.9 5445 
2016/03/25 22 23.15 21.3 22.45 2819 
2016/04/01 22.45 23.8 21.8 23.4 2941 
2016/04/08 23.4 24.6 23.4 24.4 2869 
2016/04/15 24.6 25 21.9 22.4 4822 
2016/04/22 22.4 23.15 21.9 22.85 2413 
2016/04/29 22.85 22.95 20.9 21 2384 
2016/05/06 21 21.5 19.5 21.25 3461 
2016/05/13 21.55 21.9 19.25 19.45 2384 
2016/05/20 19.8 20.5 19.05 19.4 1593 
2016/05/27 19.4 20.8 19.4 20.35 1292 
2016/06/03 20.35 20.7 20.1 20.2 1036 
2016/06/10 20.2 20.55 20.15 20.4 469 
2016/06/17 21 22.45 20.6 20.95 4884 
2016/06/24 21.05 21.95 20.5 21.2 1867 
2016/07/01 21.2 22.25 20.9 21.8 2309 
2016/07/08 21.8 22.4 21.55 21.7 1594 
2016/07/15 22.1 22.55 21.55 21.55 4191 
2016/07/22 21.55 22.1 21.1 21.75 2582 
2016/07/29 21.75 21.8 21.2 21.3 1113 
2016/08/05 21.3 21.7 21.3 21.7 846 
2016/08/12 21.55 22.2 19.75 20.1 4227 
2016/08/19 20 20.15 19.05 19.15 2700 
2016/08/26 19.2 19.35 18.8 19.05 1253 
2016/09/02 19.05 19.25 18.6 18.95 1526 
2016/09/09 18.9 19.3 18.65 19 843 
2016/09/16 18.85 19.05 18.5 18.6 436 
2016/09/23 18.45 18.7 18.35 18.65 972 
2016/09/30 18.7 18.7 18.35 18.6 227 
2016/10/07 18.6 18.6 17.6 17.85 962 
2016/10/14 17.85 17.9 16.85 17 1130 
2016/10/21 17 17.15 16.65 16.75 819 
2016/10/28 16.75 16.8 16.4 16.55 1215 
2016/11/04 16.65 17.05 16.45 16.6 746 
2016/11/11 16.5 16.6 15.5 16.5 1000 
2016/11/18 16.5 16.5 15.95 16.1 1103 
2016/11/25 16.05 16.15 15.8 16 940 
2016/12/02 16.1 17.6 16 16.9 1326 
2016/12/09 17 17.25 16.55 16.7 599 
2016/12/16 17 17 16.4 16.6 444 
2016/12/23 16.6 16.7 16.35 16.35 417 
2016/12/30 16.35 16.45 16.1 16.3 469 
2017/01/06 16.45 16.65 16.3 16.4 491 
2017/01/13 16.35 16.35 15.85 16 672 
2017/01/20 15.9 16 15.7 16 585 
2017/01/27 16 16 15.85 15.95 181 
2017/02/03 16.2 16.3 15.8 15.8 374 
2017/02/10 15.8 16.4 15.8 16.1 1343 
2017/02/17 16.1 16.35 15.9 16 684 
2017/02/24 16.1 16.55 15.95 16.3 996 
2017/03/03 16.35 16.35 15.9 15.95 273 
2017/03/10 15.95 16.05 15.55 15.8 755 
2017/03/17 15.8 15.8 15.5 15.65 567 
2017/03/24 15.6 15.8 15.5 15.55 612 
2017/03/31 15.55 15.55 14.9 15.2 1489 
2017/04/07 15.2 15.2 14.95 15 246 
2017/04/14 15.2 15.2 14.9 15.1 802 
2017/04/21 15.1 15.1 14.9 14.95 96 
2017/04/28 14.9 14.9 14.7 14.8 112 
2017/05/05 14.65 14.65 14.45 14.55 235 
2017/05/12 14.45 14.5 14 14.1 976 
2017/05/19 13.85 13.95 12.65 13.55 2400 
2017/05/26 13.6 13.65 13.4 13.45 448 
2017/06/02 13.45 13.5 13 13.45 348 
2017/06/09 13.45 13.5 13.4 13.45 155 
2017/06/16 13.4 14.7 13.2 14.7 1409 
2017/06/23 14.6 15.45 14.6 14.9 1615 
2017/06/30 14.95 15.65 14.55 15.5 1436 
2017/07/07 15.6 17.05 15.6 17.05 3997 
2017/07/14 18.35 19.4 15.25 15.25 5462 
2017/07/21 15.5 15.7 15.25 15.25 609 
2017/07/28 15 15.1 14.75 14.8 445 
2017/08/04 14.95 15.15 14.55 14.55 567 
2017/08/11 14.55 15.05 14.4 14.7 175 
2017/08/18 14.55 14.7 14.15 14.2 188 
2017/08/25 14.2 15.5 14.2 15.5 452 
2017/09/01 14.95 14.95 14.8 14.8 154 
2017/09/08 14.7 14.7 14.5 14.55 148 
2017/09/15 14.55 14.8 14.55 14.7 98 
2017/09/22 14.4 14.5 14.35 14.35 71 
2017/09/29 14.3 14.45 14.05 14.15 111 
2017/10/06 14 14.1 13.95 14 35 
2017/10/13 14.1 14.1 14 14 57 
2017/10/20 14.15 14.15 14 14 44 
2017/10/27 14.3 14.4 14 14 260 
2017/11/03 14 14.5 13.95 14.35 403 
2017/11/10 14.4 14.55 14 14.35 751 
2017/11/17 14.15 14.25 13.9 14.25 117 
2017/11/24 14 14 13.9 13.9 47 
2017/12/01 14 14 13.85 14 219 
2017/12/08 13.45 13.45 12.7 13 768 
2017/12/15 12.85 12.85 12.1 12.55 548 
2017/12/22 12.45 13.9 12.4 13.9 1313 
2017/12/29 13.3 14.5 13 14.05 911 
2018/01/05 14.05 14.35 13.8 13.9 558 
2018/01/12 13.9 14.1 13.2 13.8 554 
2018/01/19 13.6 14 13.6 13.8 293 
2018/01/26 13.85 13.85 13.3 13.5 346 
2018/02/02 13.5 13.75 12.95 13.05 528 
2018/02/09 12.8 13.15 10.95 11.75 1025 
2018/02/16 11.55 11.65 11.2 11.65 115 
2018/02/23 11.7 12 11.65 11.85 221 
2018/03/02 11.8 12.3 11.75 11.85 157 
2018/03/09 11.65 12 11.6 11.6 378 
2018/03/16 11.75 11.8 11.2 11.6 537 
2018/03/23 11.55 12.05 11.45 11.7 791 
2018/03/30 11.4 11.6 11.3 11.55 377 
2018/04/06 11.55 11.65 11.3 11.5 136 
2018/04/13 11.5 11.6 11.05 11.3 375 
2018/04/20 11.35 11.35 10.9 11.05 284 
2018/04/27 11.05 11.05 10.45 10.65 422 
2018/05/04 10.65 10.7 10.2 10.5 529 
2018/05/11 10.5 10.5 9.95 10 696 
2018/05/18 10 10.15 9.5 9.78 1026 
2018/05/25 9.83 10.15 9.8 10.1 462 
2018/06/01 10.2 10.25 10 10.2 430 
2018/06/08 10.3 10.65 10.25 10.6 565 
2018/06/15 10.45 10.6 10.15 10.25 455 
2018/06/22 10.2 10.2 9.81 10 262 
2018/06/29 10.1 10.1 9.86 9.98 293 
2018/07/06 10 10 9.5 9.75 308 
2018/07/13 9.75 9.75 9.34 9.55 406 
2018/07/20 9.55 9.6 9.31 9.48 319 
2018/07/27 9.49 9.49 9.32 9.44 191 
2018/08/03 9.43 9.75 9.43 9.65 392 
2018/08/10 9.65 9.65 9.38 9.47 214 
2018/08/17 9.45 9.49 8.95 9.15 452 
2018/08/24 9.15 9.16 8.95 9.01 311 
2018/08/31 9.03 9.03 8.83 8.89 365 
2018/09/07 8.89 8.9 8.5 8.78 297 
2018/09/14 8.78 9.19 8.5 8.99 229 
2018/09/21 8.99 8.99 8.8 8.95 107 
2018/09/28 8.85 8.95 8.8 8.87 144 
2018/10/05 8.87 8.88 8.25 8.35 361 
2018/10/12 8.4 8.4 6.48 7.13 1419 
2018/10/19 7 7.43 7 7.4 270 
2018/10/26 7.54 8 7.3 7.91 349 
2018/11/02 7.68 7.95 7.6 7.9 225 
2018/11/09 7.7 8.44 7.65 8.28 212 
2018/11/16 8.23 8.3 7.91 8.07 106 
2018/11/23 8.05 8.2 7.95 8.04 126 
2018/11/30 8.14 10.65 8.14 9.95 9418 
2018/12/07 10.3 11.6 9.94 10.05 5412 
2018/12/14 9.91 10.2 9.53 9.78 1706 
2018/12/21 9.78 10.35 9.2 9.73 3628 
2018/12/28 9.73 10.05 8.53 8.53 1596 
2019/01/04 8.61 8.63 8.04 8.06 428 
2019/01/11 8.15 8.15 7.82 7.9 905 
2019/01/18 7.96 8.05 7.78 7.9 601 
2019/01/25 8 8.15 7.86 8.03 447 
2019/02/01 8.05 8.19 8 8.19 281 
2019/02/15 8.19 8.19 7.71 7.85 859 
2019/02/22 7.86 8.13 7.78 7.99 646 
2019/03/01 7.99 8.44 7.92 8.35 734 
2019/03/08 8.8 9.2 8.54 9.15 3239 
2019/03/15 9.23 9.48 9 9.14 1233 
2019/03/22 9.2 9.24 9.05 9.18 616 
2019/03/29 9.08 9.17 8.9 9.09 850 
2019/04/05 9.09 9.17 8.85 8.99 426 
2019/04/12 9 9.08 8.67 8.93 626 
2019/04/19 8.86 9.02 8.6 8.79 712 
2019/04/26 8.85 9 8.49 8.89 626 
2019/05/03 8.97 9 8.66 8.73 493 
2019/05/10 8.73 8.77 8.2 8.34 667 
2019/05/17 8.22 8.38 7.8 7.9 744 
2019/05/24 7.9 8.09 7.66 7.82 459 
2019/05/31 7.82 7.84 7.3 7.37 369 
2019/06/07 7.33 7.33 7.05 7.22 238 
2019/06/14 7.25 7.4 7.12 7.3 277 
2019/06/21 7.32 7.41 7.19 7.34 313 
2019/06/28 7.38 7.38 7.1 7.23 543 
2019/07/05 7.3 7.3 7 7.1 527 
2019/07/12 7.1 7.14 7.03 7.09 363 
2019/07/19 7.17 8.5 7.17 7.56 2802 
2019/07/26 7.57 7.79 7.39 7.48 792 
2019/08/02 7.48 8.25 7.37 7.56 1360 
2019/08/09 7.53 7.54 6.95 7.34 436 
2019/08/16 7.62 7.62 6.98 7.14 672 
2019/08/23 7.14 7.27 6.97 7.1 589 
2019/08/30 7.15 7.15 6.98 7.06 319 
2019/09/06 7.06 7.14 7 7.06 251 
2019/09/13 7.06 7.19 7.03 7.1 353 
2019/09/20 7.1 7.37 7.05 7.2 483 
2019/09/27 7.19 7.19 7.05 7.14 241 
2019/10/04 7.05 7.15 7 7.07 140 
2019/10/11 7 7.09 7 7.09 160 
2019/10/18 7.01 7.11 6.92 7.1 233 
2019/10/25 7.09 7.1 6.95 7 358 
2019/11/01 6.95 7.04 6.92 6.99 182 
2019/11/08 7.04 7.04 6.9 7 266 
2019/11/15 6.93 7.01 6.9 6.98 298 
2019/11/22 6.96 6.96 6.67 6.75 244 
2019/11/29 6.75 7 6.69 6.8 215 
2019/12/06 6.73 6.82 6.64 6.81 170 
2019/12/13 6.81 6.88 6.64 6.7 275 
2019/12/20 6.7 6.97 6.5 6.8 536 
2019/12/27 6.85 6.94 6.68 6.68 317 
2020/01/03 6.68 6.85 6.67 6.83 505 
2020/01/10 6.71 7.48 6.66 7.48 1743 
2020/01/17 6.74 7.3 6.67 6.89 1780 
2020/01/24 6.9 6.91 6.7 6.78 191 
2020/01/31 6.11 6.29 5.6 6.2 797 
2020/02/07 6.15 6.15 5.73 5.85 700 
2020/02/14 5.81 5.83 5.67 5.8 686 
2020/02/21 5.77 5.86 5.71 5.76 489 
2020/02/28 5.72 5.85 5.7 5.77 327 
2020/03/06 5.63 5.83 5.61 5.76 492 
2020/03/13 5.76 5.76 4.61 4.68 1227 
2020/03/20 4.7 4.73 3.51 4.16 1701 
2020/03/27 4.14 4.7 4 4.4 325 
2020/04/03 4.38 4.67 4.06 4.43 148 
2020/04/10 4.43 5.11 4.15 5 668 
2020/04/17 5.14 5.39 4.99 5.09 592 
2020/04/24 5.1 5.1 4.68 4.79 405 
2020/05/01 4.76 5.07 4.72 5.05 361 
2020/05/08 5.02 6.12 4.86 5.94 1600 
2020/05/15 5.85 6 5.55 5.9 692 
2020/05/22 5.77 5.89 5.49 5.69 516 
2020/05/29 5.99 6 5.6 5.86 859 
2020/06/05 5.89 6.08 5.83 6.05 919 
2020/06/12 5.58 6.75 5.58 6.46 2758 
2020/06/19 6.4 6.48 6.15 6.3 1109 
2020/06/26 6.3 6.4 6.17 6.23 489 
2020/07/03 6.21 6.33 6.02 6.1 669 
