1990/02/09 53 56 51.5 54.5 61066 
1990/02/16 55.5 57 52 52.5 57756 
1990/02/23 53 62 53 56.5 207642 
1990/03/02 55 57.5 52 53 103205 
1990/03/09 52 58 50 58 74106 
1990/03/16 57.5 58.5 53 54 69898 
1990/03/23 53.5 55 48.9 49 48452 
1990/03/30 49 51 47.2 51 29236 
1990/04/06 51.5 51.5 44.5 44.5 23734 
1990/04/13 43 46 42 43.3 18362 
1990/04/20 42.5 45 40.5 43.1 27078 
1990/04/27 43.1 45.5 42.8 44.5 30182 
1990/05/04 44.5 44.5 36.5 38.5 26922 
1990/05/11 38.5 39 33.6 34.5 20807 
1990/05/18 34.5 38.5 31.9 31.9 34816 
1990/05/25 32 32.9 24.7 27.8 33757 
1990/06/01 27.5 35.9 26.9 34.8 56245 
1990/06/08 34 34 25.8 25.8 47627 
1990/06/15 24.3 28 24 24.7 35447 
1990/06/22 24.7 26.2 21.8 22.7 23294 
1990/06/29 22.9 23.9 20.3 21 27108 
1990/07/06 20.5 22.2 19.2 22 25368 
1990/07/13 21.7 23.3 18.5 19.4 30805 
1990/07/20 18.8 21.5 18 21.4 28488 
1990/07/27 21.5 23 19.2 22 56718 
1990/08/03 22.4 22.9 18 18.3 39504 
1990/08/10 18.5 19.2 15 15.8 28861 
1990/08/17 15.6 17 14.55 14.55 23911 
1990/08/24 14.55 14.95 11.2 11.9 17581 
1990/08/31 12.2 14.3 11.95 14 24929 
1990/09/07 13.05 13.35 11.75 12.1 12685 
1990/09/14 12.6 13.25 12.1 12.4 17058 
1990/09/21 12.2 12.7 11.3 11.3 10842 
1990/09/28 10.9 10.9 9.6 10 7512 
1990/10/05 10 10.5 9.4 10.05 9568 
1990/10/12 10 10.7 9 9.9 10021 
1990/10/19 9.75 11.95 9.7 11.95 23472 
1990/10/26 11.9 15 11.7 12.65 48105 
1990/11/02 13.3 14.3 12.1 12.9 35666 
1990/11/09 13.25 14.75 12.7 13.1 46146 
1990/11/16 14 14.5 13.2 14 43701 
1990/11/23 14.5 17.4 14.1 16.2 116585 
1990/11/30 15.7 16.2 12.9 15 51504 
1990/12/07 15.3 16.3 14.15 15.6 97512 
1990/12/14 15.4 15.7 12.8 13.1 68921 
1990/12/21 12.9 13.1 11.45 12.8 42033 
1990/12/28 13.05 13.85 12.55 13.8 32260 
1991/01/04 13.05 13.45 12.4 13.4 19918 
1991/01/11 13 13 10.5 10.65 21300 
1991/01/18 10.55 12.3 9.75 12.05 22572 
1991/01/25 11.7 13.3 11.1 12.15 51663 
1991/02/01 12.15 13 11.85 12.25 50285 
1991/02/08 12.25 14.9 12.25 14.6 74276 
1991/02/15 14.8 15.6 14.8 15.6 14752 
1991/02/22 16.6 19 16.4 17.6 79844 
1991/03/01 17.3 21.3 17.2 19.3 170120 
1991/03/08 18 20.7 17.8 19.6 182654 
1991/03/15 19.8 27.3 19.7 25.4 266249 
1991/03/22 24.7 29.6 24.7 26.7 282018 
1991/03/29 26.8 31 26.8 31 191511 
1991/04/05 32.3 33.9 30.5 32.6 95181 
1991/04/12 31.5 39.6 30.9 38.7 257997 
1991/04/19 39 39.4 34.7 38.2 249017 
1991/04/26 38.3 39.2 35.6 37.6 121397 
1991/05/03 37.8 38.5 33 35.1 104698 
1991/05/10 36.3 38 34 35.5 131770 
1991/05/17 35 36 32 35.2 67189 
1991/05/24 35.2 39 34.5 35.3 131165 
1991/05/31 35.3 35.5 28.8 30.8 54964 
1991/06/07 31 33.4 29.1 33.4 50869 
1991/06/14 34 35 32.1 35 103613 
1991/06/21 35.6 36.5 34.9 35.7 77177 
1991/06/28 35.7 35.7 32.8 33 44654 
1991/07/05 33.9 33.9 31.4 31.4 19017 
1991/07/12 31.1 32.4 29.9 31.3 33279 
1991/07/19 31.5 31.8 29.1 29.3 19284 
1991/07/26 28.8 31 25.8 31 64527 
1991/08/02 31.5 32 28 30 55063 
1991/08/09 29.8 32.4 28 31.2 63448 
1991/08/16 31.2 32 28.8 28.8 62018 
1991/08/23 28.5 29.1 25.3 26.8 67658 
1991/08/30 26.5 27.9 24.8 27 42052 
1991/09/06 27 27.8 25.8 27 36767 
1991/09/13 27.2 27.9 25.8 26.1 38856 
1991/09/20 26.3 27.5 26.1 27.2 24942 
1991/09/27 27.2 28.7 27 28.5 43574 
1991/10/04 29 29.5 27.1 28.2 41804 
1991/10/11 28.2 28.5 27.4 27.9 18268 
1991/10/18 26.8 27 23.5 24.8 33506 
1991/10/25 24.8 24.9 22.4 24 27151 
1991/11/01 24.8 26.4 24.5 26 61056 
1991/11/08 25.9 27.5 25.4 26.8 61003 
1991/11/15 27.2 27.4 26 26.5 31361 
1991/11/22 26.4 27.8 26 27 50665 
1991/11/29 27.1 27.5 26 26.1 26237 
1991/12/06 25.8 26.5 25 26 22482 
1991/12/13 26.2 27.2 25.2 25.5 19802 
1991/12/20 25.2 27 25.2 25.9 19919 
1991/12/27 26.8 29.2 26.2 28.7 54789 
1992/01/03 29.2 29.2 28.1 28.1 7835 
1992/01/10 28.5 29.3 28 28.7 45815 
1992/01/17 28.9 30.5 28.2 28.8 58556 
1992/01/24 28.7 30.2 28.7 29.1 47445 
1992/01/31 29.1 29.5 28.5 29 31438 
1992/02/07 29 29.5 28.5 28.5 8249 
1992/02/14 28.6 28.8 27.3 27.6 26952 
1992/02/21 27.6 28 26 27.5 16630 
1992/02/28 27.8 28 26.7 27.7 17073 
1992/03/06 28 28.7 27 27.3 19264 
1992/03/13 27.2 28.7 27 27.8 14500 
1992/03/20 28 28.1 26.5 26.5 11943 
1992/03/27 26.5 27 26.3 26.8 7844 
1992/04/03 26.9 26.9 25.5 25.8 5117 
1992/04/10 25.8 25.8 24.5 24.7 11463 
1992/04/17 24.7 26.2 24.6 26.1 13679 
1992/04/24 26.2 26.3 25 25.3 7964 
1992/05/01 25.5 26.8 25.3 26.3 10601 
1992/05/08 26.1 26.3 25.7 25.8 9597 
1992/05/15 25.6 25.7 22.1 22.4 14856 
1992/05/22 22.5 23.7 22.4 23.3 15594 
1992/05/29 23.3 23.4 22.1 22.4 9132 
1992/06/05 22.4 22.6 21.8 22.4 4961 
1992/06/12 22.8 22.8 21.8 22.1 8941 
1992/06/19 22.2 22.4 21.5 21.6 11168 
1992/06/26 21.8 21.8 19.8 20 10327 
1992/07/03 20.1 20.2 19 19.2 5361 
1992/07/10 19.3 19.3 17.5 18.9 10377 
1992/07/17 19.5 19.9 18.4 19 27102 
1992/07/24 19 19.9 18.1 18.7 23778 
1992/07/31 18.9 19.7 18.3 18.8 18687 
1992/08/07 19 19.2 18.2 18.2 7010 
1992/08/14 18.2 18.2 17.5 17.7 6582 
1992/08/21 17.5 17.5 16 17 10749 
1992/08/28 16.9 17.2 16.3 16.8 4764 
1992/09/04 17.1 17.8 16.6 16.6 8327 
1992/09/11 16.8 17 16 16.4 4402 
1992/09/18 16.1 16.2 14 15.9 12258 
1992/09/25 15.5 16.5 15 16 23271 
1992/10/02 16 18 15.8 17.6 31389 
1992/10/09 17.6 17.6 16.3 16.5 14818 
1992/10/16 16.5 18 16.3 17.8 18089 
1992/10/23 17.8 18 16.9 17.1 10836 
1992/10/30 17.3 17.4 16.9 17.1 4452 
1992/11/06 17 17 16.2 16.4 5191 
1992/11/13 16.2 16.6 16.2 16.4 2972 
1992/11/20 16.3 17.2 16.2 16.8 7535 
1992/11/27 16.9 16.9 16.2 16.2 3986 
1992/12/04 16.2 16.3 15.6 16.3 4404 
1992/12/11 16.3 17.4 16.3 16.9 14948 
1992/12/18 17 17.4 16.4 16.5 8586 
1992/12/25 16.7 16.8 14.5 15.3 9929 
1993/01/01 15.3 15.3 14.5 14.8 5167 
1993/01/08 15.1 15.1 12.6 13.5 8741 
1993/01/15 13.5 14.3 12.7 14.3 9785 
1993/01/22 14 14.4 14 14.2 3578 
1993/01/29 14.4 14.4 13.3 14.15 5033 
1993/02/05 14.4 16.5 14.35 15.6 34845 
1993/02/12 15.7 16.5 15 16 26387 
1993/02/19 16 16.5 15.5 16.3 29608 
1993/02/26 16.4 17.7 16 17 55731 
1993/03/05 17.2 18.5 16.9 18 67235 
1993/03/12 18 19.7 17.2 18.1 69339 
1993/03/19 18.4 20.3 18.3 18.6 88442 
1993/03/26 18.7 19.2 17.4 17.5 34867 
1993/04/02 17.7 19.5 17.6 19.4 51278 
1993/04/09 19.7 20.7 18 18.1 46763 
1993/04/16 18.1 18.4 16.6 17.3 25132 
1993/04/23 17.4 19 17.4 18.4 65378 
1993/04/30 18.7 19.3 17.8 18.2 60327 
1993/05/07 18.1 19.3 17.8 18.8 38217 
1993/05/14 18.8 19 18 18.3 39092 
1993/05/21 18.2 18.3 16.7 16.8 23655 
1993/05/28 17 17 16.3 16.5 14637 
1993/06/04 16.5 16.7 16.2 16.4 8946 
1993/06/11 16.4 16.5 15.8 15.8 22032 
1993/06/18 15.9 16.5 15.4 15.7 41579 
1993/06/25 15.8 15.8 15.3 15.3 12237 
1993/07/02 15.3 15.3 13.7 13.8 10646 
1993/07/09 13.9 14.75 13.9 14.4 31717 
1993/07/16 14.5 14.5 13.3 13.4 18056 
1993/07/23 13.5 14.4 13.35 14.1 19394 
1993/07/30 14.2 14.4 13.7 13.7 17486 
1993/08/06 13.7 14.2 13.65 13.95 11670 
1993/08/13 14.1 14.4 13.9 13.95 15523 
1993/08/20 14 14.2 13.7 13.7 12370 
1993/08/27 13.7 13.8 13.25 13.3 9096 
1993/09/03 13.3 13.35 12.6 12.8 8217 
1993/09/10 12.8 13.05 12.6 12.9 7247 
1993/09/17 12.95 13.4 12.5 13.25 9963 
1993/09/24 13.25 13.25 12.7 12.8 6736 
1993/10/01 12.7 12.9 12.65 12.7 2576 
1993/10/08 12.7 13.1 12.6 13 7764 
1993/10/15 13 13.5 13 13.3 13841 
1993/10/22 13.3 13.95 13 13.9 19993 
1993/10/29 14.4 14.45 13.6 14 27447 
1993/11/05 14.2 14.6 14.05 14.1 29986 
1993/11/12 14.1 14.2 13.7 14.1 9151 
1993/11/19 14.25 16.7 14.25 16.7 165400 
1993/11/26 16.9 16.9 15 15.5 64779 
1993/12/03 16.1 18.3 16.1 18 144124 
1993/12/10 18.5 19.8 17.9 19.4 138920 
1993/12/17 19.7 22 19.5 20.5 171389 
1993/12/24 20.6 22.2 19.8 22.2 116732 
1993/12/31 23.7 27.5 23.4 25.8 163720 
1994/01/07 25.8 29 24.3 26.1 116649 
1994/01/14 27.8 27.9 22.7 25.2 142320 
1994/01/21 25.1 27 23.2 27 154563 
1994/01/28 27.5 28.1 25.6 27.5 283644 
1994/02/04 28.3 33.8 28.1 31.3 385317 
1994/02/18 31.3 31.3 28 28 173529 
1994/02/25 28.1 29.2 26.7 26.8 103248 
1994/03/04 26.7 29.1 26.1 28.2 117268 
1994/03/11 28.7 28.7 23.3 23.6 100927 
1994/03/18 23.6 24.8 23.3 23.8 78293 
1994/03/25 24 26.2 23.6 25.3 106123 
1994/04/01 25.5 26.4 25 26.3 55495 
1994/04/08 26.5 27.2 25.8 26 64736 
1994/04/15 26.3 28.5 26 27.9 135944 
1994/04/22 28.2 29.5 28 28.2 152584 
1994/04/29 28.5 29.5 27.3 27.5 125702 
1994/05/06 27.5 28.9 26.6 28.2 64150 
1994/05/13 28.4 29.4 27.8 28.5 106986 
1994/05/20 28.3 29 26.5 26.5 54234 
1994/05/27 26.7 26.7 26 26.5 25428 
1994/06/03 26.8 29.3 26.4 29.3 97338 
1994/06/10 29.6 30.4 27.9 29.2 131441 
1994/06/17 29.4 29.7 27.6 27.7 72299 
1994/06/24 27.9 27.9 26.5 27.1 34379 
1994/07/01 27.1 27.7 26.8 27.2 27173 
1994/07/08 27.5 28 26.2 26.2 72259 
1994/07/15 26.4 26.8 24.7 24.8 59073 
1994/07/22 25 28 24.5 27.4 168449 
1994/07/29 27.8 28 26 26 97865 
1994/08/05 26.3 27.2 25.3 26.6 77650 
1994/08/12 27 28 25.3 25.4 95174 
1994/08/19 25.2 26.7 25 26.5 58774 
1994/08/26 26.9 27.2 25.6 26 70935 
1994/09/02 26.4 28.2 26.2 26.7 179209 
1994/09/09 26.9 27.2 26.1 27 52484 
1994/09/16 27.3 27.6 26.2 26.3 70233 
1994/09/23 26.3 26.5 26 26.1 18126 
1994/09/30 26.1 26.9 26 26.4 32640 
1994/10/07 26.5 27.2 22 22 71522 
1994/10/14 21.9 23.7 20.5 23.2 73601 
1994/10/21 23.6 27 23.5 27 163874 
1994/10/28 27 27.3 25.6 25.6 175174 
1994/11/04 25.5 27.5 24.4 26.9 158949 
1994/11/11 27.2 29 26.9 28.2 270075 
1994/11/18 28.4 30.3 27.5 30.2 214231 
1994/11/25 30.4 33.6 29.3 32.4 400203 
1994/12/02 32.2 32.4 30.1 31.6 224563 
1994/12/09 33.8 39 33 38.3 375395 
1994/12/16 38.3 42.5 36.1 42.2 288748 
1994/12/23 42.7 49.3 42 49.3 395514 
1994/12/30 51 51.5 45.1 48.2 313426 
1995/01/06 47.9 47.9 41.9 42.4 141557 
1995/01/13 43 43.2 39.2 42 255789 
1995/01/20 42.1 42.5 38.7 41.1 232316 
1995/01/27 41.1 41.6 38.7 39.8 110597 
1995/02/03 41.3 41.4 39.5 39.5 20134 
1995/02/10 39.5 45.7 38.5 45.3 211990 
1995/02/17 45.6 52 45.3 51 282637 
1995/02/24 51.5 52 47.5 49.4 270176 
1995/03/03 46.2 47.9 43.2 45.5 197701 
1995/03/10 45.2 45.2 42.3 44.2 95190 
1995/03/17 44.8 46.8 44.3 45 120925 
1995/03/24 44.7 44.8 42.7 43.5 79394 
1995/03/31 43.4 46.5 43.4 45.9 106348 
1995/04/07 46.5 47.3 45.4 46.9 68211 
1995/04/14 47 47 40.9 40.9 120447 
1995/04/21 40.4 40.9 37.4 38.9 142006 
1995/04/28 39.1 39.5 37.1 37.7 153274 
1995/05/05 37.7 38 34.4 35.2 141275 
1995/05/12 35.5 37.2 35 37 141095 
1995/05/19 37 37 34.8 35 82511 
1995/05/26 34.8 35.5 31.5 33.1 108610 
1995/06/02 32.8 34.8 32.1 33.7 101930 
1995/06/09 33.7 33.9 31.6 32 60039 
1995/06/16 32.3 32.3 27.6 28.3 142018 
1995/06/23 28.1 29.9 27.8 29.9 154984 
1995/06/30 30.1 30.4 26.5 26.6 109521 
1995/07/07 26.5 30.4 25.8 29.1 146436 
1995/07/14 29.3 30 27.7 28.6 118436 
1995/07/21 28.6 29.4 25.9 27.3 249101 
1995/07/28 27 28.4 25.4 26.6 146295 
1995/08/04 26.5 27.8 25.7 26.5 143800 
1995/08/11 26.5 27.7 26.2 26.5 142293 
1995/08/18 26.7 26.8 23.9 25.8 178543 
1995/08/25 25.9 26.4 24 25 90867 
1995/09/01 25 28 25 27.8 213997 
1995/09/08 28.1 30.3 28 29.6 221775 
1995/09/15 29.9 30.5 28.2 28.6 210222 
1995/09/22 28.8 30.1 28.6 28.8 95302 
1995/09/29 29.6 29.8 28.5 28.7 60982 
1995/10/06 28.7 31.6 28.7 31.2 127159 
1995/10/13 31.5 32.3 30 30.2 145220 
1995/10/20 30.7 30.9 27.8 28.5 98791 
1995/10/27 28.5 29.3 27.6 27.6 51188 
1995/11/03 27.5 27.5 24.5 25.4 56642 
1995/11/10 23.5 24.5 23.1 23.3 62589 
1995/11/17 23.1 24.2 22.8 23.6 53566 
1995/11/24 24 24.4 23.3 24 83419 
1995/12/01 24.1 24.7 23.4 23.8 70502 
1995/12/08 24.2 24.4 23.3 24.2 75201 
1995/12/15 24.2 25.8 24.2 24.3 176616 
1995/12/22 24.5 25 23.4 24.3 101295 
1995/12/29 24.2 24.2 23.4 23.6 49931 
1996/01/05 23.8 23.8 20.7 21 36355 
1996/01/12 21.3 22.7 21.2 22.7 88982 
1996/01/19 22.9 23.3 22.3 22.8 61756 
1996/01/26 23 23.1 21.8 21.9 31329 
1996/02/02 21.7 22.1 20.7 21.1 35133 
1996/02/09 21.1 21.1 20.1 20.3 28794 
1996/02/16 20.5 21.2 20.5 20.5 24032 
1996/02/23 20.7 20.9 20.4 20.4 3573 
1996/03/01 20.4 20.4 19.1 20 42639 
1996/03/08 20 20.1 19 19.3 38655 
1996/03/15 19 20.3 18.1 19.9 77432 
1996/03/22 20.1 22.3 19.9 21.8 132759 
1996/03/29 22.1 22.2 21 21.4 60373 
1996/04/05 21.6 23.6 21.6 23.5 124413 
1996/04/12 23.4 24.8 22.3 24 219354 
1996/04/19 24.3 25 22 22.1 160703 
1996/04/26 22.2 23.3 22.2 22.7 74069 
1996/05/03 22.9 23.3 21.5 21.8 69234 
1996/05/10 21.9 22.2 20.8 21 46180 
1996/05/17 21.3 21.4 20.3 20.6 33368 
1996/05/24 20.8 22.5 19.6 21.6 119898 
1996/05/31 21.9 22.7 21.3 22 100731 
1996/06/07 22.1 25.2 21.8 24.5 251249 
1996/06/14 24.5 25.5 23.7 24.4 258275 
1996/06/21 24.7 24.9 23.8 24.4 65952 
1996/06/28 24.7 26.8 24.7 26.8 248179 
1996/07/05 24.7 24.7 22.9 23 141814 
1996/07/12 23 23.5 22.6 23.2 61995 
1996/07/19 23.2 23.8 22.7 23.2 100886 
1996/07/26 23.3 23.3 21.6 22.3 46202 
1996/08/02 22.4 22.5 21.8 22.1 24631 
1996/08/09 22.2 23.2 22.1 22.4 64047 
1996/08/16 22.6 22.8 21.7 21.9 42017 
1996/08/23 21.9 22 20.5 21.4 40087 
1996/08/30 21.5 22.6 21.2 22.4 57334 
1996/09/06 22.5 22.5 21.3 22.5 50132 
1996/09/13 22.7 24.5 22.7 24.3 195755 
1996/09/20 24.6 24.9 23.4 23.4 143985 
1996/09/27 23.4 24.5 23.2 24.3 78664 
1996/10/04 24.6 24.7 23.9 24.2 101549 
1996/10/11 24.3 25.6 23.6 24.6 164658 
1996/10/18 24.9 25 23 23.1 99911 
1996/10/25 23.1 23.3 22.3 22.9 39832 
1996/11/01 22.9 23.2 22 22.5 43528 
1996/11/08 22.6 22.8 21.8 22 65114 
1996/11/15 22 22.2 21.2 21.2 42051 
1996/11/22 21.2 22.5 21.1 21.5 80044 
1996/11/29 21.5 22.4 21.3 21.7 80918 
1996/12/06 21.9 22.3 21.2 21.3 61058 
1996/12/13 21.4 21.5 20.8 20.8 36639 
1996/12/20 20.9 21.8 20.9 21 45079 
1996/12/27 21.1 21.4 20.8 20.8 30346 
1997/01/03 20.9 21 20.2 20.2 15819 
1997/01/10 20.2 20.8 20.2 20.8 37510 
1997/01/17 20.9 21.5 20.8 21.4 78688 
1997/01/24 21.7 24.1 21.6 23.4 414514 
1997/01/31 23.4 24.8 23.2 23.9 269665 
1997/02/07 24.3 24.4 23.7 23.8 23362 
1997/02/14 24 24 22.7 23 107468 
1997/02/21 23.1 23.8 22.3 23 113515 
1997/02/28 23.1 24.2 22.8 23.3 184513 
1997/03/07 23.3 24.7 23.1 23.7 223561 
1997/03/14 23.7 24.5 23.3 23.4 170586 
1997/03/21 23.4 25 22.8 23.1 224742 
1997/03/28 23.1 23.2 21.7 22.2 64369 
1997/04/04 22.2 22.9 21.6 22.6 60732 
1997/04/11 22.9 24.6 22.3 23.2 229354 
1997/04/18 23.3 25.7 23.3 23.9 416438 
1997/04/25 24.3 27.3 24.1 26.3 580733 
1997/05/02 26.8 27 22.3 23.2 191181 
1997/05/09 23.2 26.4 22.8 25.5 286261 
1997/05/16 25.5 26.3 23.8 25.1 192390 
1997/05/23 25.2 25.5 24.5 24.7 110463 
1997/05/30 24.8 25 22.1 23.4 110560 
1997/06/06 23.1 23.5 21 21.4 71113 
1997/06/13 21.4 23.3 21.4 22.5 44925 
1997/06/20 22.5 22.8 20.9 21.2 60554 
1997/06/27 22 22 20 21 57122 
1997/07/04 21.2 21.4 20.4 20.5 31829 
1997/07/11 20.5 21 19.6 21 51858 
1997/07/18 21.5 21.5 19.2 20 54949 
1997/07/25 20.2 20.8 19.6 19.7 45027 
1997/08/01 19.7 20.6 18.5 19.1 65029 
1997/08/08 19.1 20 18.8 19 25887 
1997/08/15 19.1 20.5 18.6 19.9 56040 
1997/08/22 20.1 20.4 18.8 18.9 36060 
1997/08/29 19 19.2 18.5 18.6 19147 
1997/09/05 18.8 19 16.5 17.1 29899 
1997/09/12 17.1 17.4 16.8 16.9 14019 
1997/09/19 17.1 17.5 16.8 16.9 13786 
1997/09/26 16.9 17.1 16.3 16.4 15562 
1997/10/03 16.5 16.5 14.3 14.45 18612 
1997/10/10 14.5 14.8 14.3 14.7 11355 
1997/10/17 14.7 14.75 13.4 13.85 18714 
1997/10/24 13.9 16 13.6 15.5 43937 
1997/10/31 15.6 15.8 14.45 15.6 31128 
1997/11/07 15.8 16.6 14.8 14.8 42757 
1997/11/14 14.8 15.2 14.5 14.9 11504 
1997/11/21 15 15.9 14.8 15.7 25962 
1997/11/28 15.7 16.1 14.9 15 32255 
1997/12/05 14.2 17.5 14.15 17 103138 
1997/12/12 17 17.7 15.6 17.7 91930 
1997/12/19 18.1 18.8 16.3 16.4 126247 
1997/12/26 16.5 16.8 15.8 16.3 22790 
1998/01/02 16.3 16.6 16.1 16.1 10367 
1998/01/09 16.3 16.4 15.2 15.5 14941 
1998/01/16 15.3 16.5 14.45 15.9 48603 
1998/01/23 15.9 17.1 15.9 16 52703 
1998/02/06 16.3 16.6 15.5 15.5 45591 
1998/02/13 15.6 17.8 15.5 17.8 101249 
1998/02/20 17.8 17.9 16.2 16.7 133795 
1998/02/27 16.9 17.4 16.4 16.6 49820 
1998/03/06 16.8 18 16.6 18 118099 
1998/03/13 18.6 21 18.6 19.8 371018 
1998/03/20 19.9 20.2 18.8 18.9 189953 
1998/03/27 19.1 19.4 18.3 18.9 71307 
1998/04/03 19 19.3 18.5 18.9 64293 
1998/04/10 19.1 19.6 18.8 19.1 73224 
1998/04/17 19 19.1 17 17.1 43142 
1998/04/24 17.2 17.4 16.3 17 27696 
1998/05/01 16.9 17.2 16.2 16.2 25123 
1998/05/08 16.2 16.4 15.3 15.5 23875 
1998/05/15 15.5 15.8 14.2 14.3 27761 
1998/05/22 14.3 16 14.3 15 49647 
1998/05/29 15 15.3 14.6 14.8 23387 
1998/06/05 14.8 15.8 14.5 15.4 43559 
1998/06/12 15.5 15.7 14 14.1 23231 
1998/06/19 14 16.1 14 15.1 53870 
1998/06/26 15.1 17.5 15.1 17.5 121093 
1998/07/03 17.5 17.5 15.8 16.1 61823 
1998/07/10 15.3 15.4 14.5 14.8 55812 
1998/07/17 14.6 14.7 14.15 14.55 33957 
1998/07/24 14.55 14.55 14 14.4 15289 
1998/07/31 14.4 14.4 12.8 13.4 20514 
1998/08/07 13.6 13.6 12.6 12.85 12775 
1998/08/14 12.7 12.85 12.3 12.55 10387 
1998/08/21 12.6 12.6 11.8 11.9 8980 
1998/08/28 11.8 11.8 10.2 10.45 22216 
1998/09/04 10.3 11.25 9.3 11.25 37510 
1998/09/11 12 12.05 11 11.85 62392 
1998/09/18 12 13.65 11.85 13.65 156418 
1998/09/25 14.15 14.6 12.05 12.95 137190 
1998/10/02 13 13 11.3 12.05 55955 
1998/10/09 12 14.4 11.85 13.55 124487 
1998/10/16 13.7 13.8 12.5 12.65 42542 
1998/10/23 12.85 13.2 12.1 12.85 55484 
1998/10/30 12.9 13.15 12.4 12.45 51116 
1998/11/06 12.5 12.75 11.5 11.9 48974 
1998/11/13 11.9 12.1 10.8 11.15 19672 
1998/11/20 11.3 14 11.3 13.25 138916 
1998/11/27 13.15 14.9 12.8 14.5 182198 
1998/12/04 14.5 15.4 14.1 14.45 196466 
1998/12/11 14.8 14.85 12.9 13.1 75023 
1998/12/18 13.3 14.15 12.3 12.3 107662 
1998/12/25 12.2 13.05 12.2 12.4 48043 
1999/01/01 12.4 12.4 11.4 11.4 28728 
1999/01/08 11.4 12.1 10 11.75 57376 
1999/01/15 11.65 11.8 10.8 11.15 48351 
1999/01/22 11.2 12 11.15 11.2 59845 
1999/01/29 11.2 11.3 10.6 10.9 32951 
1999/02/05 10.9 10.9 8.9 9.8 43583 
1999/02/12 10.2 11 10 11 25376 
1999/02/19 11.75 11.75 11.75 11.75 9131 
1999/02/26 11.95 12.25 11.05 11.65 78831 
1999/03/05 12 12.8 11.95 12.5 103691 
1999/03/12 12.5 12.6 11.5 11.7 39563 
1999/03/19 11.7 14.3 11.6 13.35 166921 
1999/03/26 13.65 14.95 13.4 14.95 152405 
1999/04/02 15.1 17.2 14.6 16.7 279543 
1999/04/09 16.7 16.8 15.2 15.4 99101 
1999/04/16 15.4 16.3 14.65 16.3 152449 
1999/04/23 16.5 17.8 15.8 17.5 265955 
1999/04/30 18.7 19.6 17.9 18.8 247895 
1999/05/07 18.5 20.3 17.5 17.5 207892 
1999/05/14 17.5 18.5 16 16.5 111456 
1999/05/21 16.5 17.4 15.6 16.6 103847 
1999/05/28 16.8 16.8 14.65 15.3 73218 
1999/06/04 15.3 16.4 14.8 15.4 61735 
1999/06/11 15.3 15.8 14 14 53947 
1999/06/18 14.2 14.35 12.6 12.8 43118 
1999/06/25 12.9 14.1 12.9 12.95 65031 
1999/07/02 13 13.65 12 13.65 68026 
1999/07/09 13.65 14.6 13.1 13.2 76449 
1999/07/16 13 13.3 10.75 10.75 58582 
1999/07/23 11 12.3 10.5 12.1 47070 
1999/07/30 12.1 12.4 10.65 11.25 45235 
1999/08/06 11.25 12.3 11 11.25 70968 
1999/08/13 11.3 11.55 10.4 11.45 51332 
1999/08/20 11.2 12.85 11.2 12.85 134301 
1999/08/27 13.15 13.25 12 12.05 67834 
1999/09/03 12 13.75 12 12.3 105751 
1999/09/10 12.3 13.1 11.85 13.1 67689 
1999/09/17 13.5 14.6 12.95 13.6 153423 
1999/09/24 13.6 13.7 13.3 13.4 6963 
1999/10/01 12.95 13.4 12.1 12.85 89995 
1999/10/08 13 13.45 12.2 12.4 86808 
1999/10/15 12.4 13 12.2 12.7 83480 
1999/10/22 12.85 13.3 12.2 12.2 69821 
1999/10/29 12.35 12.55 11.1 11.6 47364 
1999/11/05 11.4 11.6 10.55 10.6 43901 
1999/11/12 10.3 10.9 10.1 10.85 18975 
1999/11/19 10.9 10.95 10.2 10.2 26285 
1999/11/26 10.3 11.45 10.1 10.15 42166 
1999/12/03 10.5 11.1 10.25 10.65 45920 
1999/12/10 10.75 10.8 9.8 10.1 35494 
1999/12/17 10.15 10.25 8.6 9.25 59163 
1999/12/24 9.3 9.4 8.9 8.95 27880 
1999/12/31 8.95 9.1 8.75 8.8 13645 
2000/01/07 8.9 10.3 8.9 9.65 64451 
2000/01/14 9.95 11.4 9.75 11.1 139066 
2000/01/21 11.45 12.95 11.3 12 162257 
2000/01/28 12 12.7 11.85 12.15 118739 
2000/02/04 12.3 12.75 12.3 12.4 47085 
2000/02/11 12.7 12.8 12.15 12.2 71451 
2000/02/18 12.5 14.3 12.2 13.9 224359 
2000/02/25 14.2 14.7 10.9 11.25 134950 
2000/03/03 11.3 11.5 10.5 10.55 89255 
2000/03/10 10.5 10.8 10 10 53392 
2000/03/17 10 10 8.9 9.4 43524 
2000/03/24 9.1 10.5 8.8 10.15 50509 
2000/03/31 9.7 10.8 9.6 10 61116 
2000/04/07 10 10.7 10 10.05 38993 
2000/04/14 10.05 10.75 9.2 9.25 68786 
2000/04/21 9.1 9.8 9.1 9.3 22670 
2000/04/28 9.3 9.35 8.5 8.9 25920 
2000/05/05 8.85 9.05 8 8.95 25690 
2000/05/12 8.8 9.2 8.5 8.85 26381 
2000/05/19 8.9 9.55 8.8 8.9 54300 
2000/05/26 8.9 9 7.7 8.1 23091 
2000/06/02 8.05 8.25 7.7 8.05 24836 
2000/06/09 7.95 8 7.1 7.1 17315 
2000/06/16 6.85 7.3 6.45 6.95 25578 
2000/06/23 6.95 7.4 6.75 7.2 10544 
2000/06/30 7.05 7.15 6.5 6.7 12626 
2000/07/07 6.8 7.1 6.7 6.9 11299 
2000/07/14 6.9 7.1 6.1 6.9 14890 
2000/07/21 7 7.2 6.75 6.95 10646 
2000/07/28 6.95 7 6.45 6.75 11225 
2000/08/04 6.8 6.9 6.6 6.7 6648 
2000/08/11 6.7 6.75 6.25 6.55 10102 
2000/08/18 6.45 6.5 5.7 5.85 17576 
2000/08/25 5.65 5.85 4.85 5.2 26614 
2000/09/01 5.35 5.4 4 4.29 59480 
2000/09/08 4.49 4.94 4.41 4.94 38087 
2000/09/15 4.9 4.94 4.06 4.22 19990 
2000/09/22 4.2 5 4 4.98 46773 
2000/09/29 5 5.1 4.42 4.68 40818 
2000/10/06 4.86 5.3 4.68 4.93 47648 
2000/10/13 4.8 4.88 4.19 4.57 22797 
2000/10/20 4.88 4.88 3.89 4.26 31477 
2000/10/27 4.3 4.3 3.76 3.76 22010 
2000/11/03 3.63 3.9 3.51 3.68 18739 
2000/11/10 3.6 3.65 3.2 3.4 12474 
2000/11/17 3.22 3.25 2.38 2.45 17849 
2000/11/24 2.31 2.68 2.21 2.68 14567 
2000/12/01 2.77 2.86 2.45 2.63 20846 
2000/12/08 2.55 2.56 2.24 2.37 19020 
2000/12/15 2.44 3 2.3 3 53604 
2000/12/22 2.92 3.28 2.9 3.22 25486 
2000/12/29 3.2 3.27 3.05 3.05 17214 
2001/01/05 2.92 3.28 2.9 3.06 14386 
2001/01/12 2.92 3.86 2.92 3.61 23006 
2001/01/19 3.36 4.12 3.36 4.12 20728 
2001/02/02 4.2 4.4 3.99 4.36 19187 
2001/02/09 4.4 4.85 4.05 4.36 19037 
2001/02/16 4.36 4.5 4 4.3 14386 
2001/02/23 4 4.41 3.9 3.92 23496 
2001/03/02 3.92 4.09 3.66 3.7 14381 
2001/03/09 3.7 3.84 3.64 3.73 9515 
2001/03/16 3.72 3.73 3.34 3.54 15199 
2001/03/23 3.54 3.54 3.3 3.36 10277 
2001/03/30 3.4 3.58 3.31 3.46 19605 
2001/04/06 3.48 3.5 3.15 3.33 9373 
2001/04/13 3.32 3.35 3.18 3.28 9168 
2001/04/20 3.31 3.33 3.16 3.18 13156 
2001/04/27 3.16 3.48 3.13 3.34 11916 
2001/05/04 3.34 3.36 3.01 3.1 7615 
2001/05/11 3.05 3.17 2.8 2.92 6432 
2001/05/18 2.92 2.94 2.83 2.94 3938 
2001/05/25 2.91 2.91 2.64 2.9 5262 
2001/06/01 2.81 2.85 2.65 2.66 5544 
2001/06/08 2.64 2.64 2.36 2.63 13400 
2001/06/15 2.59 2.79 2.5 2.79 13015 
2001/06/22 2.84 2.85 2.62 2.7 5742 
2001/06/29 2.65 2.7 2.45 2.5 5658 
2001/07/06 2.5 2.53 2.27 2.4 6382 
2001/07/13 2.39 2.44 2.29 2.38 8974 
2001/07/20 2.38 2.38 1.98 2.09 7624 
2001/07/27 2.09 2.09 1.99 2.04 11409 
2001/08/03 2.07 2.15 2 2.1 16038 
2001/08/10 2.08 2.35 2.01 2.23 19968 
2001/08/17 2.28 2.6 2.21 2.52 14997 
2001/08/24 2.39 2.95 2.39 2.57 23931 
2001/08/31 2.41 2.83 2.41 2.65 19320 
2001/09/07 2.65 2.65 2.35 2.46 7895 
2001/09/14 2.42 2.58 2.33 2.35 9400 
2001/09/21 2.28 2.52 2.27 2.4 4260 
2001/09/28 2.36 2.4 2.12 2.14 9342 
2001/10/05 2.13 2.16 2.05 2.06 4071 
2001/10/12 1.99 2.15 1.96 2.08 4877 
2001/10/19 2.07 2.09 2.02 2.09 2444 
2001/10/26 2.09 2.19 2.05 2.13 4748 
2001/11/02 2.14 2.21 2.1 2.2 5713 
2001/11/09 2.2 2.21 2.12 2.17 3273 
2001/11/16 2.15 2.47 2.13 2.26 10571 
2001/11/23 2.24 2.37 2.24 2.34 6111 
2001/11/30 2.34 2.4 2.17 2.22 6372 
2001/12/07 2.26 2.46 2.18 2.46 18836 
2001/12/14 2.5 2.75 2.42 2.51 17718 
2001/12/21 2.48 2.8 2.3 2.32 18839 
2001/12/28 2.37 2.49 2.31 2.36 8652 
2002/01/04 2.38 2.99 2.36 2.9 27312 
2002/01/11 2.9 2.99 2.66 2.97 23278 
2002/01/18 2.95 3.09 2.65 2.85 19825 
2002/01/25 2.95 3.29 2.85 3.2 22431 
2002/02/01 3.28 3.59 3.02 3.46 28153 
2002/02/08 3.46 3.48 2.96 3.15 11133 
2002/02/22 3.17 3.29 3.05 3.1 11962 
2002/03/01 3.31 3.5 3.2 3.49 26958 
2002/03/08 3.73 4.86 3.73 4.86 67277 
2002/03/15 5.2 6.3 5.05 5.3 127495 
2002/03/22 5.45 6.4 5.4 6.4 112165 
2002/03/29 6.8 7.75 6.5 6.7 142260 
2002/04/05 6.5 7.65 6.4 6.75 86061 
2002/04/12 6.7 7.3 5.5 5.85 87388 
2002/04/19 5.85 7.2 5.65 6.7 122915 
2002/04/26 6.7 7.9 6.55 7.3 154866 
2002/05/03 7 7.3 5.85 6.45 60436 
2002/05/10 6.4 6.75 5.8 6.25 49775 
2002/05/17 6.3 6.5 5.9 6 32692 
2002/05/24 6.05 6.05 5.05 5.9 37799 
2002/05/31 6 6.6 5.95 6.35 71933 
2002/06/07 6.35 6.35 5.6 6 46096 
2002/06/14 6.2 6.8 6.05 6.5 81015 
2002/06/21 6.6 6.9 5.9 6.1 48493 
2002/06/28 6.15 6.2 5.2 5.45 28890 
2002/07/05 5.45 5.7 5 5.6 30770 
2002/07/12 5.65 5.75 5.05 5.4 28423 
2002/07/19 5.4 5.95 5.3 5.8 41967 
2002/07/26 5.7 5.75 5 5.1 24089 
2002/08/02 5.2 5.35 5.1 5.2 20278 
2002/08/09 5 5 4.31 4.61 39802 
2002/08/16 4.68 4.73 4.35 4.65 31908 
2002/08/23 4.6 5.4 4.55 5.25 58112 
2002/08/30 5.25 5.95 5.1 5.95 78210 
2002/09/06 5.95 5.95 4.92 4.92 34482 
2002/09/13 4.95 5.5 4.95 5.1 21524 
2002/09/20 5.05 5.1 4.49 4.8 25578 
2002/09/27 4.71 4.75 4.03 4.53 31664 
2002/10/04 4.5 4.5 3.96 4.05 13257 
2002/10/11 4 4.03 3.71 3.88 11655 
2002/10/18 4 4.41 3.92 4.41 20034 
2002/10/25 4.38 4.5 4.2 4.2 22042 
2002/11/01 4.2 4.6 4 4.58 43011 
2002/11/08 4.6 5.2 4.38 5.2 61458 
2002/11/15 5.2 5.95 4.95 5.7 97767 
2002/11/22 5.7 6.05 5.15 5.3 59900 
2002/11/29 5.25 5.8 5.15 5.25 38647 
2002/12/06 5.3 6 5.15 6 86520 
2002/12/13 6.35 6.6 5.7 5.75 140087 
2002/12/20 5.6 6.3 5.6 5.85 86568 
2002/12/27 5.85 5.95 5.15 5.3 100149 
2003/01/03 5.25 6.25 5.2 6.25 96152 
2003/01/10 6.55 7.85 6.5 7.6 359545 
2003/01/17 7.65 8.15 7.1 7.1 236550 
2003/01/24 7 8.55 6.8 8.55 139961 
2003/01/31 9.1 9.7 8.5 9.7 301642 
2003/02/07 9.65 10.35 9.3 9.3 139911 
2003/02/14 9 9.2 7.6 7.9 212839 
2003/02/21 8.35 8.45 7.15 7.5 149978 
2003/02/28 7.6 7.85 6.95 7.1 63001 
2003/03/07 7.15 7.65 6.75 6.8 83652 
2003/03/14 6.6 6.9 5.9 6.9 65335 
2003/03/21 6.8 6.9 5.8 6.2 74419 
2003/03/28 6.3 6.3 5.7 5.95 49352 
2003/04/04 5.95 6.2 5.65 6.2 44999 
2003/04/11 6.15 6.9 6.05 6.55 92773 
2003/04/18 6.5 6.55 5.9 6.05 57256 
2003/04/25 6.1 6.1 5.15 5.15 44296 
2003/05/02 4.79 4.79 3.86 4.15 78935 
2003/05/09 4.1 4.49 4 4.4 52467 
2003/05/16 4.38 5.05 4.38 4.76 80374 
2003/05/23 4.71 5.1 4.67 5.05 55352 
2003/05/30 5.1 5.5 5.05 5.3 91094 
2003/06/06 5.4 5.7 5.35 5.45 47083 
2003/06/13 5.5 5.9 5.2 5.85 85103 
2003/06/20 6.25 6.65 6 6 128310 
2003/06/27 6 6.1 5.5 5.7 103861 
2003/07/04 5.85 6.35 5.8 6 89225 
2003/07/11 6.05 6.5 5.85 6.2 127824 
2003/07/18 6.25 7.55 6.1 7 252554 
2003/07/25 7.3 7.45 6.7 6.9 131261 
2003/08/01 7 7.25 6.7 6.8 80154 
2003/08/08 6.85 6.95 6.25 6.35 58590 
2003/08/15 6.45 6.9 6.35 6.9 70225 
2003/08/22 6.95 7.15 6.7 6.8 63713 
2003/08/29 6.8 7.05 6.35 6.6 50801 
2003/09/05 6.5 6.7 6.25 6.25 44452 
2003/09/12 6.2 6.35 5.7 5.9 39249 
2003/09/19 5.9 6.05 5.75 5.85 27464 
2003/09/26 5.9 6.1 5.7 6 23899 
2003/10/03 6.1 6.1 5.85 5.95 18678 
2003/10/10 6.05 6.7 6 6.35 65757 
2003/10/17 6.5 7.15 6.45 6.95 127945 
2003/10/24 6.95 7.3 6.9 7 102466 
2003/10/31 7 7.6 6.9 7.35 132343 
2003/11/07 7.45 8.15 7.2 7.5 177650 
2003/11/14 7.5 7.8 7.05 7.25 93101 
2003/11/21 7.25 7.4 6.85 6.9 36119 
2003/11/28 6.95 7.5 6.9 7.15 68039 
2003/12/05 7.15 7.45 7.1 7.2 26428 
2003/12/12 7.25 7.7 7.25 7.5 56917 
2003/12/19 7.6 7.65 7.35 7.55 38635 
2003/12/26 7.65 8.15 7.55 8.05 86994 
2004/01/02 8.15 8.55 7.65 8.45 72425 
2004/01/09 8.5 9.15 8.5 8.65 153703 
2004/01/16 8.6 9.3 8.6 9.25 117689 
2004/01/30 9.35 9.5 8.6 8.85 75103 
2004/02/06 8.9 9.15 8.4 8.7 86286 
2004/02/13 8.75 9.3 8.45 8.8 122444 
2004/02/20 8.8 9.1 8.6 9.05 101316 
2004/02/27 9.2 9.9 8.9 9.65 194260 
2004/03/05 9.75 10.55 9.5 10.2 299214 
2004/03/12 10.2 10.3 9.55 9.8 88815 
2004/03/19 9.9 10.4 9.7 10.05 99405 
2004/03/26 9.35 9.35 8.55 8.8 104904 
2004/04/02 9.15 9.4 8.9 8.95 69310 
2004/04/09 9.05 9.25 8.85 8.85 59707 
2004/04/16 8.9 9.85 8.9 9.3 124838 
2004/04/23 9.35 9.45 9 9 51418 
2004/04/30 9.05 9.1 7.65 7.7 36105 
2004/05/07 7.3 7.5 6.5 6.75 41452 
2004/05/14 6.7 6.75 6 6.1 33656 
2004/05/21 6 6.85 5.65 6.85 28838 
2004/05/28 6.8 7 6.55 6.85 24309 
2004/06/04 6.85 7.3 6.45 6.6 36659 
2004/06/11 6.8 7.45 6.75 7.15 46245 
2004/06/18 7.15 7.3 6.45 6.6 24712 
2004/06/25 6.8 7 6.6 6.9 12262 
2004/07/02 6.95 7 6.65 6.75 14778 
2004/07/09 6.7 6.9 6.6 6.85 10579 
2004/07/16 6.9 7.05 6.65 6.65 20447 
2004/07/23 6.65 6.75 6.25 6.5 12610 
2004/07/30 6.5 6.7 6.45 6.55 6788 
2004/08/06 6.5 6.8 6.2 6.8 41768 
2004/08/13 6.8 7.25 6.55 7.1 77882 
2004/08/20 7.1 7.2 6.6 7.05 21968 
2004/08/27 7.05 7.6 7 7.35 18210 
2004/09/03 7.3 8.05 7.2 7.95 99426 
2004/09/10 8.05 8.35 7.85 8.3 48798 
2004/09/17 8.35 8.9 8.2 8.25 63569 
2004/09/24 8.4 9.45 8.4 9.05 89966 
2004/10/01 9.1 9.5 8.65 9.1 60222 
2004/10/08 9.25 9.7 8.75 9.5 265741 
2004/10/15 9.5 9.55 8.4 8.7 52426 
2004/10/22 8.7 9 8.2 8.95 26934 
2004/10/29 8.95 9 8.2 8.25 29095 
2004/11/05 8.15 9.35 8.15 9.25 44951 
2004/11/12 9.35 12.3 9.2 12.3 301456 
2004/11/19 13.15 13.15 9.95 10.15 260274 
2004/11/26 10.1 10.25 8.6 8.6 85610 
2004/12/03 8.75 9 8.35 8.65 60750 
2004/12/10 8.7 9.05 8.4 8.45 62029 
2004/12/17 8.5 8.9 8.5 8.7 55444 
2004/12/24 8.65 8.75 8.5 8.5 26894 
2004/12/31 8.55 9.1 8.45 9.05 55159 
2005/01/07 9.1 9.95 9.1 9.25 146391 
2005/01/14 9.35 9.7 8.7 9.7 70053 
2005/01/21 9.75 9.9 9.15 9.25 66525 
2005/01/28 9.25 9.3 8.8 9.05 25599 
2005/02/04 9.1 9.25 8.95 9 20828 
2005/02/18 9.2 9.2 8.8 8.9 22604 
2005/02/25 8.9 9.25 8.9 8.95 39246 
2005/03/04 8.95 9.63 8.95 9.22 35596 
2005/03/11 9.25 9.31 8.95 8.99 25969 
2005/03/18 8.97 9.05 8.55 8.65 9523 
2005/03/25 8.7 9.08 8.7 8.79 13177 
2005/04/01 8.83 8.84 8.15 8.24 8562 
2005/04/08 8.24 8.48 7.9 8 5604 
2005/04/15 8 8 7.3 7.31 7191 
2005/04/22 7.24 7.24 6.36 6.81 8627 
2005/04/29 6.85 7.19 6.8 7.19 4667 
2005/05/06 7.25 7.29 7.03 7.05 2753 
2005/05/13 7.05 7.05 6.8 6.9 2835 
2005/05/20 6.94 6.95 6.7 6.76 3118 
2005/05/27 6.73 6.73 6.57 6.64 3840 
2005/06/03 6.64 7.16 6.5 7.16 6641 
2005/06/10 7.17 8.1 7.01 7.75 22057 
2005/06/17 7.75 7.75 7.3 7.42 9398 
2005/06/24 7.42 7.75 7.32 7.6 12231 
2005/07/01 7.6 7.8 7.2 7.32 8486 
2005/07/08 7.39 7.44 7.1 7.12 6270 
2005/07/15 7.16 7.39 7.13 7.17 10637 
2005/07/22 7.18 7.26 6.92 7.19 11206 
2005/07/29 7.2 7.4 7.07 7.07 8805 
2005/08/05 7.05 7.13 6.93 7.1 11666 
2005/08/12 7.05 7.07 6.9 7.04 12541 
2005/08/19 7 7 6.64 6.75 9628 
2005/08/26 6.75 6.75 6.53 6.64 4173 
2005/09/02 6.51 6.62 6.48 6.58 3380 
2005/09/09 6.58 6.6 6.45 6.55 4454 
2005/09/16 6.54 6.54 5.82 5.97 5940 
2005/09/23 5.98 6.15 5.95 6.09 4002 
2005/09/30 6.03 6.17 5.93 6.15 4076 
2005/10/07 6.15 6.15 5.88 5.98 4478 
2005/10/14 5.89 6.03 5.89 6 3522 
2005/10/21 6 6 5.16 5.76 9969 
2005/10/28 5.7 5.7 5.18 5.28 6763 
2005/11/04 5.34 5.68 5.28 5.45 8685 
2005/11/11 5.46 5.64 5.21 5.6 6322 
2005/11/18 5.6 6.19 5.56 5.97 27214 
2005/11/25 5.97 6.11 5.88 5.91 11682 
2005/12/02 5.89 5.99 5.85 5.87 9693 
2005/12/09 5.9 6.18 5.89 6.04 19281 
2005/12/16 6 6.04 5.88 6.01 17175 
2005/12/23 6.04 6.84 6.01 6.5 47861 
2005/12/30 6.5 6.69 6.38 6.58 46759 
2006/01/06 6.48 6.48 6.21 6.35 30325 
2006/01/13 6.35 6.6 6.31 6.44 25034 
2006/01/20 6.49 6.49 5.89 5.96 12581 
2006/01/27 5.88 5.97 5.75 5.96 7320 
2006/02/03 5.96 6.09 5.94 6.09 2920 
2006/02/10 6.1 6.29 6 6.18 12373 
2006/02/17 6.12 6.15 5.91 6 11754 
2006/02/24 5.99 5.99 5.64 5.66 9891 
2006/03/03 5.66 5.74 5.59 5.66 5697 
2006/03/10 5.65 5.69 5.28 5.5 10848 
2006/03/17 5.5 5.5 5.28 5.39 7747 
2006/03/24 5.3 5.33 5.12 5.23 9080 
2006/03/31 5.2 5.43 5.14 5.35 18757 
2006/04/07 5.35 5.76 5.29 5.75 19496 
2006/04/14 5.7 6.29 5.51 6.08 65734 
2006/04/21 6 6.22 6 6.13 33392 
2006/04/28 6.15 6.38 6.11 6.25 70735 
2006/05/05 6.17 7.1 6.17 6.76 101464 
2006/05/12 6.8 7.33 6.51 7.1 138338 
2006/05/19 7.25 7.98 6.76 6.83 166457 
2006/05/26 6.84 6.85 6.36 6.5 69507 
2006/06/02 6.6 6.6 6.23 6.5 26213 
2006/06/09 6.5 6.7 5.92 6.32 61260 
2006/06/16 6.23 6.88 6.16 6.69 53141 
2006/06/23 6.75 6.8 6.11 6.23 23701 
2006/06/30 6.26 7 6.15 6.74 53156 
2006/07/07 6.74 7.48 6.72 7.03 128578 
2006/07/14 6.95 7.09 6.7 6.8 27446 
2006/07/21 6.7 6.75 6.17 6.55 21533 
2006/07/28 6.36 6.65 6.36 6.51 12079 
2006/08/04 6.62 6.74 6.38 6.7 24691 
2006/08/11 6.75 6.75 6.44 6.5 20179 
2006/08/18 6.43 6.65 6.43 6.45 12533 
2006/08/25 6.47 6.48 6.08 6.11 14535 
2006/09/01 6.11 6.33 5.85 6.19 15193 
2006/09/08 6.2 6.32 6.08 6.11 9258 
2006/09/15 6.15 6.21 5.78 5.92 12015 
2006/09/22 5.99 6.78 5.98 6.61 47577 
2006/09/29 6.61 6.74 6.46 6.54 27153 
2006/10/06 6.54 7.09 6.54 6.81 50926 
2006/10/13 6.87 7.12 6.85 7 41995 
2006/10/20 7.04 7.08 6.68 6.87 38391 
2006/10/27 6.91 7.79 6.88 7 112050 
2006/11/03 6.96 7.61 6.85 7.61 75861 
2006/11/10 7.4 7.95 7.4 7.5 177238 
2006/11/17 7.59 7.89 7.39 7.4 106494 
2006/11/24 7.4 8.15 7.38 8.07 177851 
2006/12/01 8.07 9.07 7.95 8.75 268788 
2006/12/08 8.8 9.35 8.29 9.3 275051 
2006/12/15 9.3 9.4 8.6 9.08 153062 
2006/12/22 9.1 9.15 8.21 8.38 123693 
2006/12/29 8.41 8.93 8.41 8.57 82734 
2007/01/05 8.6 8.77 8.08 8.11 53108 
2007/01/12 8.01 8.26 7.48 7.69 47719 
2007/01/19 7.75 7.9 7.58 7.71 28139 
2007/01/26 7.71 8.12 7.53 7.88 37853 
2007/02/02 7.94 8.13 7.73 7.79 24510 
2007/02/09 7.81 8.43 7.81 8.29 56030 
2007/02/16 8.28 8.56 8.21 8.45 29166 
2007/03/02 8.62 8.67 8 8.06 41838 
2007/03/09 8 8.07 7.5 7.87 34243 
2007/03/16 7.81 7.93 7.66 7.93 37221 
2007/03/23 7.95 9.05 7.83 8.9 181214 
2007/03/30 9.02 9.46 8.81 9 187982 
2007/04/06 9.35 9.97 9.23 9.77 174468 
2007/04/13 9.94 12.25 9.92 11.85 316345 
2007/04/20 12 12 10.35 11.8 175487 
2007/04/27 12.25 12.85 11.85 12 201639 
2007/05/04 12 12 10.6 11.4 106210 
2007/05/11 11.4 11.5 10.65 11.4 92055 
2007/05/18 11.4 11.7 10.9 11.1 113368 
2007/05/25 11.15 11.65 10.9 11.05 82351 
2007/06/01 11.1 12 11 11.85 110500 
2007/06/08 11.95 11.95 11 11.1 73670 
2007/06/15 11.2 11.65 10.95 11.25 73540 
2007/06/22 11.45 12.3 11.2 11.95 164240 
2007/06/29 12 12.8 11.8 12.2 216370 
2007/07/06 12.35 15.4 12.2 15.15 525157 
2007/07/13 15.3 15.9 14.55 14.8 285128 
2007/07/20 14.9 16.75 14.25 16 379674 
2007/07/27 16 16.3 13.35 13.45 202206 
2007/08/03 13.2 14.6 12.3 13.8 144177 
2007/08/10 13.4 14.3 13.1 13.2 97851 
2007/08/17 13.45 13.7 10.65 10.7 98261 
2007/08/24 11.2 12.5 11.2 12.05 74033 
2007/08/31 12.3 12.8 11.85 12.35 78229 
2007/09/07 12.35 12.8 12 12.55 58071 
2007/09/14 12.35 13.6 12.35 12.85 80053 
2007/09/21 12.9 13.15 11.4 11.65 57267 
2007/09/28 11.7 12.9 11.65 12.7 72795 
2007/10/05 12.8 13.8 12.6 12.85 117201 
2007/10/12 13.1 13.1 11.8 12.2 56289 
2007/10/19 12.25 12.7 11.8 11.95 60380 
2007/10/26 11.6 12.3 11.6 12.3 52255 
2007/11/02 12.4 12.45 10.95 11.1 48318 
2007/11/09 11.1 11.7 10.25 10.55 122898 
2007/11/16 10.25 10.8 10.1 10.4 41480 
2007/11/23 10.65 11 10.2 10.45 39827 
2007/11/30 10.7 11.3 10.4 10.75 92200 
2007/12/07 10.75 11.05 10.4 10.6 37504 
2007/12/14 10.65 10.9 9.66 9.98 38200 
2007/12/21 9.9 10 8.75 9.45 51918 
2007/12/28 9.5 9.99 9.5 9.98 20544 
2008/01/04 10 10.95 9.99 10.7 40385 
2008/01/11 10.5 10.6 9.9 10.25 28910 
2008/01/18 10.75 11.95 10.45 11.25 114520 
2008/01/25 11.25 11.5 9.68 10.4 53179 
2008/02/01 10.35 10.6 9.9 10.3 28702 
2008/02/15 10.1 10.6 10.05 10.4 12129 
2008/02/22 10.45 11.2 10.4 10.8 34549 
2008/02/29 10.95 12.4 10.9 12.2 125464 
2008/03/07 11.6 13.25 11.5 11.75 151388 
2008/03/14 11.75 12.25 11.05 11.15 52659 
2008/03/21 11 11.8 10.5 11.45 46695 
2008/03/28 12.1 12.3 11.65 12 75770 
2008/04/04 12.1 12.1 11.4 11.55 31290 
2008/04/11 11.65 12.55 11.6 12.25 75500 
2008/04/18 12.25 13.65 12.1 13 182929 
2008/04/25 13.1 13.1 11.9 11.95 54226 
2008/05/02 12 12.1 11.6 11.85 35204 
2008/05/09 11.9 12.2 11.45 11.75 37751 
2008/05/16 11.75 12.3 11.65 12 45276 
2008/05/23 12.15 12.45 11.55 11.6 49795 
2008/05/30 11.6 11.75 10.7 10.85 27677 
2008/06/06 10.85 11.15 10.6 10.9 16134 
2008/06/13 10.65 10.75 9.26 9.44 34949 
2008/06/20 9.5 9.76 8.9 9.1 20735 
2008/06/27 8.81 8.92 8.17 8.17 28340 
2008/07/04 8.17 8.29 6.88 7.31 46254 
2008/07/11 7.31 7.98 7.11 7.98 33986 
2008/07/18 7.98 7.98 6.72 6.72 28554 
2008/07/25 6.9 7.83 6.87 7.69 32262 
2008/08/01 7.58 7.77 7.32 7.65 15890 
2008/08/08 7.6 7.69 7.15 7.6 15818 
2008/08/15 7.8 8.14 7.56 7.8 24335 
2008/08/22 7.8 7.88 7.3 7.46 17265 
2008/08/29 7.53 8.06 7.38 7.59 28633 
2008/09/05 7.52 7.52 5.83 6.25 36811 
2008/09/12 6.5 7.25 6.47 7.25 27470 
2008/09/19 7 7.1 5.72 6.12 25653 
2008/09/26 6.4 6.5 6 6.1 66774 
2008/10/03 5.68 5.94 5.62 5.8 12441 
2008/10/10 5.68 5.7 4.56 4.56 15946 
2008/10/17 4.41 4.71 4.08 4.08 54608 
2008/10/24 3.94 4.39 3.94 3.96 40448 
2008/10/31 3.69 4.37 3.49 4.26 36754 
2008/11/07 4.31 4.45 3.82 4.17 24841 
2008/11/14 4.25 4.38 3.85 4.07 13952 
2008/11/21 4 4.25 3.45 3.65 13089 
2008/11/28 3.7 4.25 3.65 4.15 13674 
2008/12/05 4.1 4.29 3.85 3.87 11483 
2008/12/12 3.9 4.35 3.9 4.07 19486 
2008/12/19 4.15 4.7 4.08 4.54 31571 
2008/12/26 4.56 4.6 4 4.11 14062 
2009/01/02 4.15 4.5 4.08 4.5 9000 
2009/01/09 4.56 4.7 4.1 4.13 22549 
2009/01/16 4.13 4.26 4 4.1 9521 
2009/01/23 4.02 4.1 3.9 3.93 3799 
2009/02/06 3.95 4.16 3.91 4.06 5895 
2009/02/13 4.11 4.14 4 4.05 5963 
2009/02/20 4.05 4.21 3.93 3.98 8870 
2009/02/27 3.98 4 3.85 3.92 6636 
2009/03/06 3.9 3.95 3.6 3.93 8811 
2009/03/13 3.96 4.49 3.88 4.49 30038 
2009/03/20 4.76 5.15 4.65 5.1 79218 
2009/03/27 5.1 5.56 5 5.56 88622 
2009/04/03 5.52 6.25 5.1 6.05 119606 
2009/04/10 6.05 6.45 5.95 6.19 102312 
2009/04/17 6.1 6.79 6.1 6.25 78427 
2009/04/24 6.1 7 5.59 6.59 92094 
2009/05/01 6.59 6.64 5.67 6.22 41918 
2009/05/08 6.44 7.85 6.44 7.64 145013 
2009/05/15 7.64 8.15 7.42 7.95 127016 
2009/05/22 7.9 9.37 7.89 9.05 204702 
2009/05/29 9.15 9.26 8.6 9.18 69753 
2009/06/05 9.25 10.4 9.01 9.74 272591 
2009/06/12 9.8 9.88 8.11 8.7 78130 
2009/06/19 8.6 8.6 7.28 7.8 49055 
2009/06/26 8 8.55 7.83 8.27 39407 
2009/07/03 8.35 9.19 8.1 8.71 71013 
2009/07/10 8.73 9.1 8.7 8.79 41484 
2009/07/17 8.75 9.02 8.12 8.72 63068 
2009/07/24 8.75 8.92 8.69 8.77 47158 
2009/07/31 8.85 9.6 8.79 9.2 100718 
2009/08/07 9.22 9.45 8.57 8.65 51928 
2009/08/14 8.65 8.84 8.45 8.71 20874 
2009/08/21 8.61 8.7 7.6 7.63 23014 
2009/08/28 7.84 7.99 7.4 7.53 17532 
2009/09/04 7.6 8.29 7.6 8.1 20228 
2009/09/11 8.12 8.6 8.11 8.32 26167 
2009/09/18 8.42 8.87 8.4 8.69 29805 
2009/09/25 8.7 9.11 8.2 8.4 34662 
2009/10/02 8.44 8.55 8.27 8.29 17162 
2009/10/09 8.29 9.07 8.29 8.83 52271 
2009/10/16 8.97 9.03 8.58 8.66 31536 
2009/10/23 8.68 9.07 8.66 8.8 37673 
2009/10/30 8.88 8.94 8.08 8.21 21658 
2009/11/06 8.21 8.63 8.21 8.45 20532 
2009/11/13 8.54 9.2 8.49 9 66964 
2009/11/20 9.1 9.33 8.91 8.91 40540 
2009/11/27 8.91 9.14 8.36 8.38 30107 
2009/12/04 8.54 8.77 8.46 8.51 19202 
2009/12/11 8.64 9.2 8.61 8.87 45085 
2009/12/18 8.9 10.5 8.9 10.5 206528 
2009/12/25 10.6 10.85 10.1 10.35 117482 
2010/01/01 10.45 11.25 10.25 11.25 101622 
2010/01/08 11.65 12.55 11.5 12.1 276066 
2010/01/15 12.05 12.3 11.3 12.05 205747 
2010/01/22 11.9 12.2 10.75 11.05 107893 
2010/01/29 10.9 11.3 10.1 10.4 57398 
2010/02/05 10.4 10.45 9.33 9.79 61027 
2010/02/12 9.8 10.6 9.77 10.35 31542 
2010/02/26 10.55 10.6 10.25 10.5 34989 
2010/03/05 10.6 11.8 10.5 11.6 98420 
2010/03/12 11.8 12 11.5 11.8 100424 
2010/03/19 11.8 11.85 11.4 11.55 59541 
2010/03/26 11.55 12.15 11.45 11.8 107101 
2010/04/02 11.9 12.1 11.5 11.55 68669 
2010/04/09 11.75 12.9 11.55 12.65 221904 
2010/04/16 12.95 13.85 12.95 13.2 266200 
2010/04/23 13.1 13.6 11.8 12.9 169810 
2010/04/30 13.2 13.6 12.4 12.9 155226 
2010/05/07 12.9 13.5 11.45 11.85 142609 
2010/05/14 12 12.4 11.85 12.3 67047 
2010/05/21 12.1 12.2 9.91 10.35 102887 
2010/05/28 10.45 10.55 9.6 10.2 92769 
2010/06/04 10.25 10.85 10 10.45 91423 
2010/06/11 9.9 10.95 9.87 10.6 135174 
2010/06/18 10.75 10.9 10.3 10.35 68438 
2010/06/25 10.5 11.75 10.45 11.3 229325 
2010/07/02 11.4 11.5 10.6 10.7 89071 
2010/07/09 10.75 11.4 10.7 11.05 78293 
2010/07/16 11.1 11.3 10.9 11 62887 
2010/07/23 10.9 11.5 10.85 11.3 80366 
2010/07/30 11.45 11.7 11.2 11.3 83002 
2010/08/06 11.5 12.6 11.4 12.25 239530 
2010/08/13 12.5 12.6 11.7 12.05 106167 
2010/08/20 12.1 13.5 12.05 13.2 257014 
2010/08/27 13.3 13.8 12.35 12.75 164438 
2010/09/03 12.95 13 12.05 12.75 79436 
2010/09/10 12.9 12.9 12.1 12.45 71121 
2010/09/17 12.55 13.5 12.45 13.3 132772 
2010/09/24 13.5 13.7 12.85 13 62010 
2010/10/01 13.2 13.4 12.8 13.25 85768 
2010/10/08 13.5 14.1 13.4 13.5 192863 
2010/10/15 13.5 15.65 13.3 15.65 338085 
2010/10/22 15.75 16.45 14.7 15.9 468123 
2010/10/29 16.15 16.85 15.5 15.5 306506 
2010/11/05 15.7 16.65 15.5 16.2 224904 
2010/11/12 16.55 17.6 16.45 16.5 304630 
2010/11/19 16.3 16.35 14.85 14.9 169442 
2010/11/26 15.05 15.9 14.3 14.35 129220 
2010/12/03 14.6 16.3 14.35 15.75 144894 
2010/12/10 16.1 16.45 15.3 15.35 92139 
2010/12/17 15.35 16.15 15.25 15.45 170081 
2010/12/24 15.5 16.8 15.4 16.5 191854 
2010/12/31 16.5 16.55 15.7 16.1 103150 
2011/01/07 16.3 16.95 15.5 15.55 162647 
2011/01/14 15.5 15.7 14.85 15.4 78143 
2011/01/21 15.65 15.65 15.15 15.2 51295 
2011/01/28 15.2 15.75 15 15.1 60456 
2011/02/11 15.3 16 14.9 15 77070 
2011/02/18 15.1 15.2 14.55 15.05 69888 
2011/02/25 15 15.2 12.65 13 73938 
2011/03/04 13 13.9 13 13.45 50919 
2011/03/11 13.4 13.45 12.8 12.9 59125 
2011/03/18 12.7 12.8 11.2 12.55 128062 
2011/03/25 12.6 14.3 12.6 13.9 160249 
2011/04/01 13.8 13.9 12.9 13.15 74000 
2011/04/08 13.25 14.2 13.1 14.05 83058 
2011/04/15 14.05 14.15 13.25 13.3 79085 
2011/04/22 13.3 13.6 13 13.3 40962 
2011/04/29 13.35 13.6 13.1 13.25 51785 
2011/05/06 13.35 13.4 13 13 29097 
2011/05/13 13 13.25 12.45 12.5 52083 
2011/05/20 12.4 12.45 11.95 12.05 48513 
2011/05/27 12 12.75 11.75 12.6 55442 
2011/06/03 12.4 12.7 12.2 12.4 51601 
2011/06/10 12.4 12.4 12.05 12.1 28615 
2011/06/17 12.05 12.1 11.55 11.85 30727 
2011/06/24 11.9 11.9 11.5 11.7 16966 
2011/07/01 11.6 12.55 11.5 12.4 33416 
2011/07/08 12.4 12.9 12.25 12.7 58685 
2011/07/15 12.65 12.85 12.3 12.8 44579 
2011/07/22 12.9 13.4 12.85 13.2 57886 
2011/07/29 13.25 13.5 12.7 12.8 64370 
2011/08/05 12.85 13.15 11.3 11.3 75380 
2011/08/12 11.25 11.6 10.1 11.3 90775 
2011/08/19 11.5 11.6 10.45 10.5 38820 
2011/08/26 10.4 11.2 10.4 10.9 40782 
2011/09/02 11 11.3 10.95 11.25 27929 
2011/09/09 11 11.15 10.7 11.05 21487 
2011/09/16 10.95 11.05 10.55 11 22171 
2011/09/23 11.05 11.05 10.1 10.15 40695 
2011/09/30 9.47 9.47 8.64 9.01 34783 
2011/10/07 8.88 9.29 8.56 9.25 27117 
2011/10/14 9.4 9.43 9.22 9.24 15908 
2011/10/21 9.3 9.35 9.05 9.1 11355 
2011/10/28 9.2 10.05 9.2 9.7 25905 
2011/11/04 9.6 9.88 9.24 9.8 28166 
2011/11/11 9.88 10.1 9.26 9.41 25239 
2011/11/18 9.55 9.8 9.35 9.35 30781 
2011/11/25 9.3 9.31 7.8 7.99 46980 
2011/12/02 8.1 8.6 7.99 8.53 24747 
2011/12/09 8.57 8.59 8.01 8.2 14388 
2011/12/16 8.25 8.3 7.89 7.91 13819 
2011/12/23 7.9 8.2 7.36 8.17 34962 
2011/12/30 8.17 8.24 7.98 8.04 13388 
2012/01/06 8.04 8.95 8 8.7 111840 
2012/01/13 8.79 9.08 8.6 8.6 51370 
2012/01/20 8.83 8.95 8.68 8.7 19837 
2012/02/03 8.95 10.15 8.87 9.8 102873 
2012/02/10 9.8 10.2 9.61 9.94 60856 
2012/02/17 9.91 10.35 9.86 10 73791 
2012/02/24 10.25 10.4 9.96 9.99 54950 
2012/03/02 10.15 10.85 10.05 10.85 66558 
2012/03/09 10.95 11.3 10.4 11 193215 
2012/03/16 11.05 11.15 10.5 10.85 75895 
2012/03/23 10.85 10.9 10.4 10.5 32385 
2012/03/30 10.5 10.5 9.7 10.1 39049 
2012/04/06 10 10 8.7 9.5 28761 
2012/04/13 9.23 9.49 9.15 9.36 16424 
2012/04/20 9.3 9.34 9.02 9.08 15365 
2012/04/27 9.08 9.08 8.82 8.85 20208 
2012/05/04 8.85 9.5 8.73 9.43 18833 
2012/05/11 9.36 9.36 8.95 8.95 15704 
2012/05/18 8.9 9.15 8.58 8.58 15688 
2012/05/25 8.6 8.77 8.4 8.4 14816 
2012/06/01 8.4 8.95 8.25 8.68 13752 
2012/06/08 8.5 8.72 8.12 8.64 16337 
2012/06/15 8.69 8.73 8.5 8.5 11282 
2012/06/22 8.7 8.75 8.61 8.74 9958 
2012/06/29 8.71 8.71 8.5 8.55 6124 
2012/07/06 8.6 9.15 8.58 9.04 22285 
2012/07/13 9 9.1 8.9 8.94 12071 
2012/07/20 9.04 9.04 8.83 8.91 5139 
2012/07/27 8.83 8.87 8.61 8.79 7153 
2012/08/03 8.89 8.92 8.59 8.59 11675 
2012/08/10 8.72 9.13 8.65 9 23704 
2012/08/17 9.09 9.5 9.01 9.28 29003 
2012/08/24 9.28 9.54 9.08 9.45 21076 
2012/08/31 9.5 9.66 9.1 9.14 23505 
2012/09/07 9.18 10.3 9.16 10 45516 
2012/09/14 10.05 10.35 9.95 10 47014 
2012/09/21 10.15 10.8 10.1 10.4 70857 
2012/09/28 10.4 11 10.2 10.25 59499 
2012/10/05 10.35 10.6 10.15 10.3 22717 
2012/10/12 10.3 10.35 9.51 9.58 19630 
2012/10/19 9.6 10.2 9.56 9.88 20136 
2012/10/26 9.7 9.85 8.78 8.81 15968 
2012/11/02 8.85 9.19 8.72 9.08 13573 
2012/11/09 9.07 9.45 8.84 9.41 16446 
2012/11/16 9.4 9.42 8.94 9.01 11755 
2012/11/23 9 9.1 8.6 8.98 13425 
2012/11/30 9.08 9.4 9.08 9.18 28895 
2012/12/07 9.2 9.7 9.19 9.38 48750 
2012/12/14 9.41 9.9 9.16 9.72 63694 
2012/12/21 9.8 10.2 9.54 9.68 57246 
2012/12/28 9.71 9.98 9.68 9.71 33522 
2013/01/04 9.8 10.05 9.77 9.9 23113 
2013/01/11 9.99 10.25 9.9 9.99 45791 
2013/01/18 9.97 9.98 9.35 9.53 20331 
2013/01/25 9.53 9.68 9.4 9.4 10748 
2013/02/01 9.41 9.62 9.4 9.53 11238 
2013/02/08 9.65 9.67 9.51 9.51 11398 
2013/02/22 9.6 9.73 9.51 9.67 22619 
2013/03/01 9.67 9.73 9.48 9.52 12226 
2013/03/08 9.52 9.99 9.4 9.8 34578 
2013/03/15 9.83 9.96 9.57 9.57 26305 
2013/03/22 9.45 9.54 9.34 9.41 11544 
2013/03/29 9.42 9.5 9.33 9.4 10632 
2013/04/05 9.35 9.4 9.3 9.34 5086 
2013/04/12 9.28 9.28 8.96 9.03 12801 
2013/04/19 9.03 9.26 8.7 9.12 15476 
2013/04/26 9.16 9.47 9.1 9.28 22597 
2013/05/03 9.39 9.39 9.2 9.31 8142 
2013/05/10 9.36 9.38 9.27 9.36 12139 
2013/05/17 9.33 9.95 9.25 9.67 33104 
2013/05/24 9.65 9.98 9.56 9.59 44154 
2013/05/31 9.6 9.94 9.6 9.72 25792 
2013/06/07 9.65 9.8 9.56 9.56 17666 
2013/06/14 9.65 9.78 9.26 9.41 20325 
2013/06/21 9.49 9.58 9.23 9.42 15786 
2013/06/28 9.51 9.56 9.35 9.54 13831 
2013/07/05 9.55 9.61 9.36 9.48 12054 
2013/07/12 9.56 9.83 9.51 9.56 43743 
2013/07/19 9.61 9.87 9.61 9.7 34220 
2013/07/26 9.78 9.95 9.72 9.85 23751 
2013/08/02 9.9 9.98 9.82 9.85 18067 
2013/08/09 9.87 9.95 9.68 9.69 18280 
2013/08/16 9.69 9.92 9.69 9.83 12020 
2013/08/23 9.94 10.15 9.73 9.84 26441 
2013/08/30 9.85 9.86 9.64 9.8 12032 
2013/09/06 9.82 9.96 9.81 9.93 18374 
2013/09/13 9.9 9.96 9.7 9.93 23064 
2013/09/20 9.95 9.99 9.89 9.9 9782 
2013/09/27 9.92 10.25 9.92 10.1 37959 
2013/10/04 10.05 10.65 9.99 10.5 49546 
2013/10/11 10.4 10.85 10.1 10.1 51934 
2013/10/18 10.1 10.55 10.05 10.3 26477 
2013/10/25 10.3 10.35 10.05 10.1 18800 
2013/11/01 10.15 10.2 10 10 12148 
2013/11/08 10 10.3 9.68 10 34713 
2013/11/15 10.1 10.2 9.86 10.05 13497 
2013/11/22 10.1 10.45 10 10.2 22078 
2013/11/29 10.3 10.45 10.2 10.25 23718 
2013/12/06 10.25 10.3 10.15 10.2 14931 
2013/12/13 10.25 10.35 10.15 10.2 11750 
2013/12/20 10.2 10.3 10.15 10.2 11868 
2013/12/27 10.3 10.55 10.2 10.4 24036 
2014/01/03 10.4 10.55 10.35 10.35 18569 
2014/01/10 10.35 10.45 10.25 10.3 15024 
2014/01/17 10.3 10.45 10.2 10.25 12723 
2014/01/24 10.25 10.35 10.1 10.1 12780 
2014/01/31 10 10.05 9.95 9.95 4167 
2014/02/07 9.82 9.99 9.81 9.93 6682 
2014/02/14 9.95 10.1 9.93 10 10484 
2014/02/21 10.05 10.15 9.96 10.05 14554 
2014/02/28 10.05 10.1 9.98 10.1 9983 
2014/03/07 10 10.1 10 10 12349 
2014/03/14 10 10.3 9.99 10.15 36016 
2014/03/21 10.15 10.2 9.89 10 26465 
2014/03/28 9.95 10.2 9.9 10.05 15140 
2014/04/04 10.05 10.25 10.05 10.05 11277 
2014/04/11 10.05 10.3 10.05 10.05 16494 
2014/04/18 10.05 10.2 10 10.05 14121 
2014/04/25 10.05 10.15 9.71 9.74 13564 
2014/05/02 9.68 9.83 9.52 9.77 9268 
2014/05/09 9.77 9.85 9.74 9.77 8846 
2014/05/16 9.8 10 9.68 9.91 14479 
2014/05/23 9.97 9.97 9.85 9.91 7407 
2014/05/30 9.95 10.6 9.92 10.35 30909 
2014/06/06 10.4 10.5 10.2 10.2 16110 
2014/06/13 10.2 10.6 10.1 10.5 28040 
2014/06/20 10.65 10.7 10.35 10.35 32614 
2014/06/27 10.4 10.5 10.3 10.35 14578 
2014/07/04 10.35 10.9 10.35 10.6 41887 
2014/07/11 10.6 10.8 10.5 10.5 24052 
2014/07/18 10.6 11 10.55 11 26623 
2014/07/25 11 11.25 10.85 10.95 20133 
2014/08/01 10.9 11.35 10.9 11.15 31772 
2014/08/08 11.2 11.45 10.6 11.25 40484 
2014/08/15 11.3 11.5 11.2 11.25 21980 
2014/08/22 11.3 11.3 11.05 11.2 11267 
2014/08/29 11.25 11.4 10.95 11 21076 
2014/09/05 11.05 11.1 10.75 11 10342 
2014/09/12 11 11 10.8 10.85 6968 
2014/09/19 10.8 10.9 10.65 10.8 9392 
2014/09/26 10.8 11.15 10.7 10.85 17846 
2014/10/03 10.85 11.9 10.75 11.9 29348 
2014/10/10 12.05 12.3 11.35 11.4 46494 
2014/10/17 11.15 11.15 10.4 10.6 23122 
2014/10/24 10.75 10.85 10.55 10.55 8668 
2014/10/31 10.55 10.8 10.35 10.8 8585 
2014/11/07 10.9 11.45 10.8 10.9 24850 
2014/11/14 10.9 11.1 10.55 10.6 12527 
2014/11/21 10.6 10.75 10.4 10.6 9532 
2014/11/28 10.7 11 10.6 10.65 13327 
2014/12/05 10.4 10.8 10.25 10.75 9958 
2014/12/12 10.8 10.85 10.5 10.55 6667 
2014/12/19 10.5 10.75 10.5 10.6 8302 
2014/12/26 10.6 11.35 10.6 11.05 31418 
2015/01/02 11.05 11.25 10.85 10.9 7596 
2015/01/09 10.9 11.15 10.8 11.05 15203 
2015/01/16 11.05 11.55 10.9 10.9 24137 
2015/01/23 10.95 11.2 10.85 11.05 12797 
2015/01/30 11.05 11.25 10.85 10.85 12569 
2015/02/06 10.85 11.5 10.8 11.25 37324 
2015/02/13 11.25 11.25 10.9 11 10151 
2015/02/27 11.2 11.2 11.05 11.1 6140 
2015/03/06 11.2 11.2 10.95 11.05 11040 
2015/03/13 11 11.1 10.85 10.9 8496 
2015/03/20 11 11.1 10.8 10.9 17073 
2015/03/27 10.9 10.95 10.65 10.7 10750 
2015/04/03 10.7 10.9 10.65 10.8 10622 
2015/04/10 11 11.15 10.8 10.85 18159 
2015/04/17 10.9 11 10.75 10.85 15159 
2015/04/24 10.8 10.85 10.55 10.7 16209 
2015/05/01 10.75 11.25 10.75 11.15 28157 
2015/05/08 11.2 11.2 10.7 10.8 13517 
2015/05/15 10.85 10.9 10.5 10.55 11670 
2015/05/22 10.55 11.05 10.5 10.65 20089 
2015/05/29 10.65 10.7 10.45 10.6 12260 
2015/06/05 10.6 10.85 10.45 10.5 18796 
2015/06/12 10.5 10.55 10.15 10.3 11734 
2015/06/19 10.3 10.4 10.2 10.35 6546 
2015/06/26 10.4 10.4 10.2 10.2 8480 
2015/07/03 10.05 10.2 9.96 10 7774 
2015/07/10 10 10.15 9.66 9.99 7524 
2015/07/17 10 10.1 9.95 10 8780 
2015/07/24 10 10.05 9.9 10 7130 
2015/07/31 9.95 10 9.84 9.89 10399 
2015/08/07 9.88 9.88 8.98 9 10797 
2015/08/14 9 9.1 8.86 9.05 5383 
2015/08/21 9.05 9.09 8.25 8.29 7319 
2015/08/28 8.06 8.25 7.02 8.12 22769 
2015/09/04 8.2 8.46 8.07 8.17 5158 
2015/09/11 8.16 8.55 8.13 8.49 5063 
2015/09/18 8.47 8.65 8.33 8.33 8715 
2015/09/25 8.35 9.1 8.34 8.83 18427 
2015/10/02 8.67 8.86 8.6 8.85 7428 
2015/10/09 8.9 9.1 8.89 9.04 9080 
2015/10/16 9 9.3 8.85 9 13177 
2015/10/23 9.02 9.2 9.02 9.06 5025 
2015/10/30 9.11 9.12 8.82 8.89 4189 
2015/11/06 8.85 9.15 8.85 8.97 4180 
2015/11/13 8.95 9.03 8.73 8.81 4582 
2015/11/20 8.76 9.06 8.7 9.05 5422 
2015/11/27 9.05 9.11 8.87 8.88 3369 
2015/12/04 8.88 8.97 8.78 8.83 3794 
2015/12/11 8.83 8.93 8.28 8.28 3762 
2015/12/18 8.19 8.85 8.15 8.2 5523 
2015/12/25 8.35 8.62 8.27 8.59 4021 
2016/01/01 8.6 9.59 8.55 9.58 19569 
2016/01/08 9.57 9.57 8.7 8.74 7539 
2016/01/15 8.74 8.74 8.31 8.41 4026 
2016/01/22 8.3 8.77 8.28 8.51 3981 
2016/01/29 8.52 8.73 8.44 8.65 3682 
2016/02/05 8.7 9.03 8.61 8.85 4962 
2016/02/19 8.8 9.2 8.74 9.07 4251 
2016/02/26 9.04 9.25 9 9.14 6803 
2016/03/04 9.18 9.49 9.16 9.49 5963 
2016/03/11 9.5 9.64 9.28 9.45 6407 
2016/03/18 9.5 9.55 9.31 9.34 6019 
2016/03/25 9.36 9.42 9.25 9.28 2744 
2016/04/01 9.26 9.29 8.99 9.01 2989 
2016/04/08 9 9 8.9 8.98 1625 
2016/04/15 8.98 9.01 8.77 8.89 3528 
2016/04/22 8.99 8.99 8.63 8.69 2783 
2016/04/29 8.71 8.72 8.52 8.55 2043 
2016/05/06 8.51 8.52 8.36 8.37 2717 
2016/05/13 8.45 8.5 8.3 8.31 1831 
2016/05/20 8.31 8.38 8.2 8.23 2137 
2016/05/27 8.2 8.52 8.2 8.5 4566 
2016/06/03 8.54 8.63 8.42 8.53 6423 
2016/06/10 8.49 8.59 8.45 8.47 1351 
2016/06/17 8.48 8.49 8.22 8.3 3019 
2016/06/24 8.3 8.34 8.09 8.12 3935 
2016/07/01 8.1 8.69 8.07 8.4 13598 
2016/07/08 8.4 8.53 8.26 8.31 6850 
2016/07/15 8.32 8.56 8.31 8.56 9697 
2016/07/22 8.55 8.59 8.5 8.56 2704 
2016/07/29 8.57 8.64 8.48 8.57 4112 
2016/08/05 8.55 8.72 8.52 8.67 4070 
2016/08/12 8.75 8.75 8.51 8.58 4424 
2016/08/19 8.58 8.77 8.55 8.66 3819 
2016/08/26 8.66 8.7 8.56 8.6 3401 
2016/09/02 8.41 8.42 8.26 8.34 3555 
2016/09/09 8.37 8.55 8.34 8.47 3776 
2016/09/16 8.44 8.69 8.35 8.69 1250 
2016/09/23 8.6 8.67 8.46 8.6 2045 
2016/09/30 8.6 8.67 8.5 8.5 963 
2016/10/07 8.52 8.71 8.52 8.64 4774 
2016/10/14 8.69 8.71 8.36 8.38 3008 
2016/10/21 8.38 8.74 8.35 8.55 9630 
2016/10/28 8.59 8.72 8.5 8.5 7504 
2016/11/04 8.49 8.5 8.34 8.36 3650 
2016/11/11 8.37 8.52 8.25 8.42 5123 
2016/11/18 8.42 8.64 8.32 8.62 7481 
2016/11/25 8.6 8.91 8.53 8.83 9049 
2016/12/02 8.94 9.5 8.93 9.44 29743 
2016/12/09 9.46 9.48 9.15 9.25 8412 
2016/12/16 9.24 9.53 9.17 9.4 14390 
2016/12/23 9.4 9.41 8.96 8.97 4818 
2016/12/30 8.98 9.09 8.88 9.05 2825 
2017/01/06 9.05 9.14 9.01 9.11 2634 
2017/01/13 9.11 9.6 9.01 9.37 10961 
2017/01/20 9.39 9.56 9.2 9.34 8905 
2017/01/27 9.42 9.47 9.31 9.41 3525 
2017/02/03 9.51 11.1 9.49 10.3 45534 
2017/02/10 10.35 10.5 9.97 10.05 23327 
2017/02/17 10.1 10.35 9.8 10.1 21573 
2017/02/24 10.15 10.2 9.9 10.1 8505 
2017/03/03 10 10.3 9.91 10.05 7976 
2017/03/10 10.15 10.35 9.9 9.95 9516 
2017/03/17 10 10.25 9.91 10.25 10657 
2017/03/24 10.25 10.3 9.99 10 6259 
2017/03/31 10 10.05 9.8 9.83 5231 
2017/04/07 9.82 9.85 9.72 9.8 1964 
2017/04/14 9.72 9.76 9.25 9.25 6121 
2017/04/21 9.25 9.25 9.08 9.14 1248 
2017/04/28 9.06 9.12 8.96 9.08 549 
2017/05/05 9.06 9.1 9.02 9.05 617 
2017/05/12 9.04 9.05 8.87 8.95 2949 
2017/05/19 8.94 9 8.78 8.83 3427 
2017/05/26 8.83 9.07 8.78 8.99 5128 
2017/06/02 9 9.2 8.89 9.1 3726 
2017/06/09 9.11 9.12 9.02 9.07 1254 
2017/06/16 8.91 8.93 8.76 8.78 2832 
2017/06/23 8.87 9.17 8.79 9.04 7075 
2017/06/30 9.08 9.24 9.02 9.2 7539 
2017/07/07 9.28 9.28 9.23 9.24 1504 
2017/07/14 9.08 9.28 9.04 9.22 3145 
2017/07/21 9.37 9.46 9.23 9.26 4067 
2017/07/28 9.14 9.17 9.1 9.15 619 
2017/08/04 9.12 9.22 9.09 9.13 2924 
2017/08/11 9.18 9.57 9.18 9.46 11150 
2017/08/18 9.16 9.19 9.04 9.08 2606 
2017/08/25 9.16 9.19 9.13 9.17 824 
2017/09/01 9.1 9.14 9.06 9.1 1867 
2017/09/08 9.2 9.29 9.19 9.25 2236 
2017/09/15 9.2 9.2 9.13 9.18 895 
2017/09/22 9.38 9.47 9.37 9.45 3624 
2017/09/29 9.19 9.2 9.09 9.09 2207 
2017/10/06 9.16 9.61 9.16 9.54 11004 
2017/10/13 9.58 9.78 9.55 9.7 10465 
2017/10/20 9.78 9.8 9.62 9.7 3341 
2017/10/27 10 10.1 9.65 9.69 14795 
2017/11/03 9.72 9.99 9.64 9.96 9231 
2017/11/10 10.1 10.1 9.65 9.95 12654 
2017/11/17 9.95 10 9.85 9.86 1674 
2017/11/24 9.96 10.25 9.96 10.1 8379 
2017/12/01 10.05 10.05 9.94 9.95 6034 
2017/12/08 9.86 10.3 9.8 9.83 15931 
2017/12/15 9.91 10.35 9.91 10.15 23008 
2017/12/22 10.15 10.25 9.96 10 14946 
2017/12/29 10 10.15 9.75 10.05 16051 
2018/01/05 10.05 10.2 10 10.15 9886 
2018/01/12 10.15 10.65 10.1 10.5 44067 
2018/01/19 10.5 10.6 10.2 10.25 18976 
2018/01/26 10.25 10.3 10.05 10.1 10973 
2018/02/02 10.15 10.15 9.7 9.72 14129 
2018/02/09 9.51 9.58 8.83 8.97 12770 
2018/02/16 9.1 9.1 9.01 9.05 1895 
2018/02/23 9.33 9.52 9.21 9.47 6603 
2018/03/02 9.51 9.54 9.33 9.46 6782 
2018/03/09 9.48 9.48 9.24 9.47 7820 
2018/03/16 9.53 9.62 9.45 9.5 8969 
2018/03/23 9.52 9.56 9.27 9.32 5627 
2018/03/30 9.3 9.71 9.22 9.67 10661 
2018/04/06 9.76 9.95 9.76 9.87 5175 
2018/04/13 9.87 10.05 9.84 9.97 8211 
2018/04/20 10 10.1 9.84 10 9222 
2018/04/27 10 10.4 9.81 10.1 11167 
2018/05/04 10.2 10.3 10.05 10.05 7390 
2018/05/11 10.15 10.35 10.05 10.05 10149 
2018/05/18 10.15 10.45 10 10.3 17843 
2018/05/25 10.45 10.6 10.3 10.45 17702 
2018/06/01 10.5 11.45 10.4 11.35 48490 
2018/06/08 11.5 12.65 11.35 12.35 66799 
2018/06/15 12.45 12.7 11.8 12.25 31092 
2018/06/22 12.15 12.4 11.6 12.15 17784 
2018/06/29 12.2 12.3 11.2 11.75 22044 
2018/07/06 11.8 12.1 11.45 11.9 13915 
2018/07/13 11.95 12.6 11.9 12.5 29770 
2018/07/20 12.55 13.6 12.2 13.5 43095 
2018/07/27 13.6 13.75 12.85 13.25 24051 
2018/08/03 13.25 13.5 12.85 13.35 14846 
2018/08/10 13.3 14.1 13.25 13.65 33565 
2018/08/17 13.65 14.25 13.15 13.2 32992 
2018/08/24 13.3 14.4 13.15 13.7 51415 
2018/08/31 13.85 14.35 13.25 13.65 57407 
2018/09/07 13.65 13.7 12.85 13 16537 
2018/09/14 12.95 13 12 12.55 21997 
2018/09/21 12.5 12.55 12.1 12.5 16193 
2018/09/28 12.4 12.75 12.4 12.55 8414 
2018/10/05 12.6 12.75 11.8 12 13194 
2018/10/12 11.95 12.25 10.75 11.25 16770 
2018/10/19 11.3 11.65 10.9 10.9 10292 
2018/10/26 10.95 11.2 10.1 10.1 10403 
2018/11/02 10.2 10.85 10.15 10.75 9612 
2018/11/09 10.55 11.15 10.4 10.9 9682 
2018/11/16 10.8 11.7 10.5 11.6 13330 
2018/11/23 11.6 11.7 11.1 11.3 9706 
2018/11/30 11.3 11.55 11 11 9494 
2018/12/07 11.3 11.55 11.2 11.4 9411 
2018/12/14 11.35 11.9 11.35 11.7 12936 
2018/12/21 11.7 12.4 11.55 12.25 16999 
2018/12/28 12.25 12.3 11.5 11.55 9180 
2019/01/04 11.55 11.65 11.2 11.45 3289 
2019/01/11 11.55 12.05 11.45 11.75 7482 
2019/01/18 11.75 11.95 11.5 11.75 6814 
2019/01/25 11.85 11.9 11.65 11.8 4112 
2019/02/01 11.8 11.85 11.6 11.75 3468 
2019/02/15 11.85 12.65 11.7 12.5 19764 
2019/02/22 12.7 13.55 12.6 13.1 22694 
2019/03/01 13.15 13.3 13.05 13.1 5475 
2019/03/08 13.1 13.5 13.05 13.2 12290 
2019/03/15 13.3 14.25 13.3 14 37308 
2019/03/22 14.1 14.35 13.7 13.95 20416 
2019/03/29 13.75 14.05 13.7 13.95 16125 
2019/04/05 14 14.1 13.8 14.05 10544 
2019/04/12 14.25 14.45 13.5 13.55 26110 
2019/04/19 13.65 13.75 13.05 13.35 14567 
2019/04/26 13.35 13.6 13.3 13.3 7005 
2019/05/03 13.4 13.75 13.25 13.7 8469 
2019/05/10 13.5 13.65 13.2 13.3 8607 
2019/05/17 13.3 13.35 12.5 13.1 13512 
2019/05/24 13.1 13.45 13.1 13.35 6321 
2019/05/31 13.35 13.6 13.3 13.5 10751 
2019/06/07 13.35 13.45 13.25 13.25 4328 
2019/06/14 13.35 13.4 13.15 13.25 6929 
2019/06/21 13.25 13.4 13.05 13.4 8023 
2019/06/28 13.4 13.9 13.4 13.9 12402 
2019/07/05 13.9 14 13.7 13.9 8579 
2019/07/12 13.9 14 13.3 13.5 14962 
2019/07/19 13.5 13.55 13.2 13.3 11904 
2019/07/26 13.3 13.4 12.95 13.15 11770 
2019/08/02 13.1 13.3 12.95 13 7232 
2019/08/09 13 13.1 12.55 13.1 7221 
2019/08/16 13.05 13.1 12.6 12.75 7783 
2019/08/23 12.85 12.9 12.45 12.65 12592 
2019/08/30 12.5 12.7 11.55 11.65 13516 
2019/09/06 11.65 11.75 11.5 11.7 4988 
2019/09/13 11.7 11.75 11.4 11.45 7867 
2019/09/20 11.5 11.65 11.2 11.65 14806 
2019/09/27 11.65 11.7 11.4 11.4 5122 
2019/10/04 11.4 11.45 11.25 11.4 2934 
2019/10/11 11.4 11.4 11.3 11.35 3033 
2019/10/18 11.3 11.3 10.95 11.2 17084 
2019/10/25 11.2 11.25 11.1 11.15 5529 
