2001/04/24 100 130 100 130 5 
2001/05/02 139 148 130 134 26804 
2001/06/01 134 156 90 94 38675 
2001/07/02 94 94 62 68.5 34712 
2001/08/01 68 69 47 50 58192 
2001/09/03 51 51 33.8 41.9 21092 
2001/10/02 40.7 48.5 36.3 44.7 31816 
2001/11/01 45.2 68.5 44.8 65 70069 
2001/12/03 67 97 66 95 97009 
2002/01/02 92 121.5 85.5 109.5 81334 
2002/02/01 113 141 111 141 29684 
2002/03/01 139 150 123 131.5 52633 
2002/04/01 131.5 155 123.5 126 50276 
2002/05/02 126 129 103 119 33053 
2002/06/03 121 124.5 78 90 41730 
2002/07/01 88.5 105 76 80.5 47968 
2002/08/01 79.5 84 68 70 52076 
2002/09/02 68 77.5 64.5 68.5 37548 
2002/10/01 67 80.5 58 76 63330 
2002/11/01 77.5 82 71 77.5 60330 
2002/12/02 77.5 83.5 59 65.5 44785 
2003/01/02 65 69.5 52 56.5 37361 
2003/02/06 56.5 65 50.5 63.5 38072 
2003/03/03 64 69.5 54.5 63 67920 
2003/04/01 62.5 75.5 60.5 63 53394 
2003/05/02 63 72 63 70 54148 
2003/06/02 71.5 83 71.5 76.5 96144 
2003/07/01 76.5 104.5 76.5 96 124085 
2003/08/01 98.5 103 88 96.5 80335 
2003/09/01 97 109 93 103 93441 
2003/10/01 102 123 102 107 116004 
2003/11/03 108 115 98 101 59310 
2003/12/01 100 106.5 90.5 96 47531 
2004/01/02 97 126 96.5 123 68823 
2004/02/02 123 140 118.5 135 77075 
2004/03/01 136 145 120 145 70203 
2004/04/01 146 152 129 131 77058 
2004/05/03 135 142 118.5 130 70897 
2004/06/01 129 130.5 95.5 111 105529 
2004/07/01 112 112 80 89.5 125926 
2004/08/02 89.5 95.5 78.5 86.5 123746 
2004/09/01 86.5 99 80 90 131229 
2004/10/01 88.5 91 75.5 81.5 87901 
2004/11/01 82.5 101 81 95 123137 
2004/12/01 94 113 93.5 111 91198 
2005/01/03 111 125 95.5 125 127289 
2005/02/01 125 132 121 128.5 102109 
2005/03/01 129.5 146 127 143 218707 
2005/04/01 142.5 149 130.5 139.5 118496 
2005/05/03 141 154.5 137.5 148.5 118676 
2005/06/01 148 149.5 125 135.5 129318 
2005/07/01 135.5 158.5 130 134 122174 
2005/08/01 133 156 132 138 147095 
2005/09/02 142 147 129.5 145 99069 
2005/10/03 145 150.5 130 146.5 106116 
2005/11/01 149.5 182.5 144.5 182.5 211395 
2005/12/01 182 204 166.5 193 204731 
2006/01/02 191 213.5 189.5 195.5 146607 
2006/02/03 197 232 195 226 200342 
2006/03/01 223 255 210.5 230.5 271340 
2006/04/03 225 231 188.5 190 178341 
2006/05/02 190 206 158.5 185 218319 
2006/06/01 186 190.5 134.5 157 203996 
2006/07/03 155 172.5 140 161 166193 
2006/08/01 164 176.5 156 162 139685 
2006/09/01 162.5 179 151 156.5 186089 
2006/10/02 158 168.5 152.5 157.5 127207 
2006/11/01 157.5 163 138 145 161101 
2006/12/01 146 149 137 147.5 95596 
2007/01/02 148.5 173 147 162.5 178183 
2007/02/01 164 169 153.5 163 65371 
2007/03/01 160 162 137 143 121908 
2007/04/02 144 169 143.5 165 130965 
2007/05/02 167 174.5 156.5 166 126861 
2007/06/01 168 191.5 166.5 172 169962 
2007/07/02 169 179 147 152 206110 
2007/08/01 150 154.5 121.5 133 187020 
2007/09/03 135 147.5 129.5 147 126661 
2007/10/01 150 155.5 143 149 155453 
2007/11/01 152 152 124 128 112830 
2007/12/03 127.5 135.5 104 124 95515 
2008/01/02 123.5 125 100.5 110 85545 
2008/02/01 111.5 115 96.3 111.5 55531 
2008/03/03 108 118 103 111 80255 
2008/04/01 112.5 123.5 111 117.5 81168 
2008/05/02 119.5 122.5 110.5 118 51305 
2008/06/02 115 115.5 88.2 88.2 46118 
2008/07/01 88.2 90.9 68.2 70 168619 
2008/08/01 69 72.6 58.5 68.4 198554 
2008/09/01 67.9 67.9 44.8 46.9 131476 
2008/10/01 47.6 51 30.75 36.8 101821 
2008/11/03 37 38.8 23.5 28.5 179047 
2008/12/01 28.5 32.95 26.3 31.1 269247 
2009/01/05 32.5 37.45 31.5 34.2 202162 
2009/02/02 34.2 43.75 33.1 42.9 295334 
2009/03/02 42.5 56.5 40.5 51.4 316065 
2009/04/01 52.1 74.5 50.5 69.2 373394 
2009/05/04 71.5 90.9 71.4 79 299963 
2009/06/01 80.4 84 66.4 78.4 276471 
2009/07/01 79 96.5 78 91.8 239004 
2009/08/03 90.5 93 74 77.3 160084 
2009/09/01 77.5 82.1 73.8 76 272188 
2009/10/01 76 79.9 73.7 75 143090 
2009/11/02 74.1 91.3 74 89 271813 
2009/12/01 89.9 109.5 87.5 107 240853 
2010/01/04 107 108 91.6 94.3 142360 
2010/02/01 95 98 87.2 90.3 100408 
2010/03/01 91 103.5 90.5 99 102115 
2010/04/01 99 113 99 108.5 129934 
2010/05/03 109 110 82.4 93 127316 
2010/06/01 93 93.7 83 87.1 89173 
2010/07/01 87.1 95.5 84.5 84.7 88901 
2010/08/02 85.5 86.7 75.7 76.4 123428 
2010/09/01 76.4 90 73.2 88.5 179258 
2010/10/01 89.9 92.1 85.5 89 102791 
2010/11/01 89 98.2 84.5 97 108911 
2010/12/01 97 103.5 92.5 94 113394 
2011/01/03 94.5 98.9 93 96.6 65815 
2011/02/08 96.6 96.6 87.3 90.8 74797 
2011/03/01 91.1 94 82.4 86.6 87025 
2011/04/01 87 90.7 81.5 87.5 64303 
2011/05/03 88.7 98.4 87.5 98 92295 
2011/06/01 98 101 89 92.5 75881 
2011/07/01 92.9 96 78.4 80.7 87088 
2011/08/01 81.7 82.4 61 76 124289 
2011/09/01 76.4 78 68.1 71.5 129305 
2011/10/03 70.5 77.7 68.5 74.5 95896 
2011/11/01 74.8 82.4 68.1 73.3 131270 
2011/12/01 78 79.6 67.7 75.9 58128 
2012/01/02 75.6 89.6 73.8 84.1 70584 
2012/02/01 85.1 95.1 83.7 88 147963 
2012/03/01 89 94 85.8 89.9 99508 
2012/04/02 89.9 92.4 83.6 88.5 51167 
2012/05/02 89.4 92.6 84.4 88.6 56996 
2012/06/01 86.8 92 81.6 91.4 51341 
2012/07/02 91.5 95.4 80 87.6 57131 
2012/08/01 88 97.5 84.6 96.5 87885 
2012/09/03 96.5 109 95.7 106 146547 
2012/10/01 105 111.5 100 110 114924 
2012/11/01 110 118.5 106 117 95111 
2012/12/03 117 125.5 112 117.5 53524 
2013/01/02 118.5 123 104.5 117.5 61933 
2013/02/01 119 128 114.5 124 48467 
2013/03/01 124 136.5 123.5 129.5 84885 
2013/04/01 130 149 126 144 65276 
2013/05/02 145 158 141 152.5 96207 
2013/06/03 150 153 125 145.5 81150 
2013/07/01 145 147.5 117.5 132.5 147653 
2013/08/01 133 133 105.5 124.5 107118 
2013/09/02 124.5 132 120.5 122.5 61451 
2013/10/01 124 126.5 107.5 116.5 81228 
2013/11/01 118 120 107.5 119.5 76925 
2013/12/02 120.5 126 114 122 63000 
2014/01/02 122.5 135 119 121.5 93428 
2014/02/05 118 141.5 117.5 139 92769 
2014/03/03 139 146 135 139.5 105677 
2014/04/01 142 150 133.5 139.5 118291 
2014/05/02 141.5 155 139.5 153.5 97690 
2014/06/03 152.5 153 139 147 88104 
2014/07/01 147 161.5 144 154 82563 
2014/08/01 151 163.5 143.5 153.5 74784 
2014/09/01 155.5 156 145 150.5 35625 
2014/10/01 148 157 142.5 157 59458 
2014/11/03 158 178 153 175 77144 
2014/12/01 173 186 165 178 70473 
2015/01/05 178 199.5 171.5 175.5 84297 
2015/02/02 172 179 166 169 76670 
2015/03/02 169 177 153.5 162 103857 
2015/04/01 162 166 146.5 161 89124 
2015/05/04 162.5 169 145.5 167.5 96290 
2015/06/01 168.5 169 146 149 75925 
2015/07/01 150 152.5 111.5 114.5 102818 
2015/08/03 115 119 95.7 109 105386 
2015/09/01 108 124 101.5 103 70328 
2015/10/01 103.5 119.5 103 111 74228 
2015/11/02 109.5 131.5 109.5 118.5 84857 
2015/12/01 119.5 140 119.5 129 78670 
2016/01/04 130 141 112 137.5 62439 
2016/02/01 137 140.5 127.5 138 44385 
2016/03/01 136 141 119 129.5 90305 
2016/04/01 127.5 128 106.5 113 84254 
2016/05/03 113 113.5 102 108.5 91632 
2016/06/01 108.5 119.5 104 119.5 75551 
2016/07/01 121 128 109.5 112 109631 
2016/08/01 112 113.5 106.5 108.5 73648 
2016/09/01 108.5 114.5 106.5 110.5 67825 
2016/10/03 111.5 121.5 111 118.5 54112 
2016/11/01 118 119 102 106 46133 
2016/12/01 107 110 103 106.5 32563 
2017/01/03 106.5 112.5 106 110.5 28243 
2017/02/02 112 120 109 115 48502 
2017/03/01 115 118.5 112 117.5 36417 
2017/04/05 117 118 110.5 116 22428 
2017/05/02 116 129 115 119.5 68253 
2017/06/01 119.5 127.5 118.5 123 43331 
2017/07/03 123.5 125 112 115 44142 
2017/08/01 115 117.5 109 117.5 47557 
2017/09/01 117 119 109 114.5 36471 
2017/10/02 115.5 116 111 111.5 23219 
2017/11/01 112 121 112 114.5 39803 
2017/12/01 115 118 111 113.5 27579 
2018/01/02 114 131 113.5 122.5 92430 
2018/02/01 124 133 116 126.5 96325 
2018/03/01 126 141 125 132.5 81092 
2018/04/02 132.5 133 122 125 38833 
2018/05/02 124.5 140 120 135.5 57316 
2018/06/01 135 154 132 137.5 70289 
2018/07/02 136.5 149 129.5 148 49227 
2018/08/01 147.5 160.5 141 150.5 104557 
2018/09/03 152.5 161.5 143.5 151 92424 
2018/10/01 151 151.5 122 136.5 109628 
2018/11/01 136.5 142.5 123 130 90700 
2018/12/03 132.5 152.5 132 142 66071 
2019/01/02 141.5 159.5 130.5 158 86396 
2019/02/11 159 181.5 157 171 69917 
2019/03/04 169 199 168 198 93659 
2019/04/01 198.5 208 191 201.5 88991 
2019/05/02 201.5 224 158 167.5 166311 
2019/06/03 165 175 149.5 173 149980 
2019/07/01 190 190.5 161.5 166 235921 
2019/08/01 164 189.5 150 186 185685 
2019/09/02 189 194.5 177 178 145312 
2019/10/01 181.5 210 179 196 170057 
2019/11/01 197 237.5 196 223.5 199840 
2019/12/02 228 239 208 219 157678 
2020/01/02 219.5 237 210 218 109034 
2020/02/03 212 223 195.5 195.5 109417 
2020/03/02 191 206 143 172 144487 
2020/04/01 175 192 172 186.5 105398 
2020/05/04 181 211 179 205 117662 
2020/06/01 210 234 206 228 85028 
2020/07/01 229.5 304 229 290 186276 
2020/08/03 295 322.5 284.5 287 61816 
