2002/09/27 39.1 40 36.4 40 7209 
2002/10/01 39.8 46.7 36 45 37381 
2002/11/01 45 45.8 41.3 43.7 12226 
2002/12/02 43.7 45 38 39 8855 
2003/01/02 39.5 39.5 30.1 31 10418 
2003/02/06 31.1 33.2 29.7 31.5 6080 
2003/03/03 31.5 33.8 26.1 26.5 9118 
2003/04/01 26.5 31.9 25.2 25.5 28633 
2003/05/02 25.2 31.1 23.5 30.8 32998 
2003/06/02 31.4 38.3 29.7 36.1 127199 
2003/07/01 35.9 37.4 31.4 32.4 109134 
2003/08/01 32.8 33.9 28.7 30.4 34412 
2003/09/01 30.8 31 26.1 29.4 20307 
2003/10/01 29.1 33 28.4 31 27553 
2003/11/03 30.7 40.7 29.9 40.7 92674 
2003/12/01 41.5 43.3 39.3 40.4 71653 
2004/01/02 40.5 46.3 39.6 44.9 52340 
2004/02/02 44.9 49 42.2 48.1 82443 
2004/03/01 48.5 49.2 39.5 43.2 45094 
2004/04/01 43.2 51.5 42.6 43.4 48933 
2004/05/03 40.8 47.8 40.8 46.5 35143 
2004/06/01 46.1 47 36.2 38.6 16933 
2004/07/01 38.5 38.6 34 35 10329 
2004/08/02 34.7 42.5 31.6 41 23220 
2004/09/01 41.2 43.5 28.9 31 70652 
2004/10/01 31.2 33.8 24.8 28 88037 
2004/11/01 28.5 30 24.6 25.3 70217 
2004/12/01 24.8 28.1 24.6 26.4 51770 
2005/01/03 26.6 27.2 22.8 25.5 33382 
2005/02/01 25.5 30.2 24.8 28.5 72518 
2005/03/01 28.5 30.7 25.2 26 150035 
2005/04/01 26.35 27.95 23.5 24.15 65993 
2005/05/03 24.1 24.2 18.6 21.05 93570 
2005/06/01 21.2 27.1 21.1 25 132245 
2005/07/01 25 27.9 24.35 25.65 135470 
2005/08/01 25.8 26.5 19 19.95 49536 
2005/09/02 20.2 20.5 15.8 17.8 48724 
2005/10/03 18 20.2 13.65 14.6 48013 
2005/11/01 15 15.6 12.4 14.9 78674 
2005/12/01 14.9 19.2 14.85 17.4 126444 
2006/01/02 17.3 21 15.5 16.8 118288 
2006/02/03 16.8 18.25 15.3 15.6 46675 
2006/03/01 15.5 17.2 14.8 15.45 52859 
2006/04/03 15.6 18.2 15 17 98883 
2006/05/02 15.85 19.6 15 17.65 121815 
2006/06/01 17.8 18.15 14.8 16.2 28866 
2006/07/03 16.2 16.45 14.05 14.9 19017 
2006/08/01 14.9 15.95 14.5 14.55 16395 
2006/09/01 15.55 16.2 14.2 15.8 26433 
2006/10/02 16 18 15.15 17 44993 
2006/11/01 17 20.45 16.15 18.9 110131 
2006/12/01 19.1 20 18.05 19.85 85173 
2007/01/02 20.4 24.15 19.7 20.05 135321 
2007/02/01 20.3 22.6 19.5 22 47225 
2007/03/01 21.45 31.3 21.3 30.5 335797 
2007/04/02 30.65 32.9 26.7 27.1 166973 
2007/05/02 27.2 30.6 24 29.3 145978 
2007/06/01 30 33.5 28.2 32 220098 
2007/07/02 32.5 42.5 32.45 39.5 304065 
2007/08/01 39.1 41.85 29.3 33.75 159787 
2007/09/03 33.75 37.5 32.5 36.15 97800 
2007/10/01 36.3 38.4 29.7 31.5 113812 
2007/11/01 31.9 31.9 21.1 22.5 58283 
2007/12/03 22.5 25.7 18.5 22.85 42981 
2008/01/02 22.85 23.5 18.3 19.35 25546 
2008/02/01 19.5 24.2 18.6 23.6 25579 
2008/03/03 22.2 24.5 19.45 20.85 67633 
2008/04/01 21.1 22.4 18.55 21.35 98565 
2008/05/02 21.75 28.7 21.55 24.15 137885 
2008/06/02 24.5 26.1 17.85 18.2 34260 
2008/07/01 18.2 19.5 14.9 17.9 74834 
2008/08/01 18.3 23.6 18 21.75 90245 
2008/09/01 21.6 21.6 13.05 13.65 70160 
2008/10/01 14.05 16.45 12.95 15.75 50307 
2008/11/03 15.05 16.6 9 12.55 61486 
2008/12/01 12.35 14.5 11.85 13.4 61294 
2009/01/05 14.2 15 12.2 12.7 25079 
2009/02/02 12.9 17.55 12.7 17.25 65669 
2009/03/02 17.05 18.85 15.95 16.35 79893 
2009/04/01 16.8 21.25 16.5 18.4 102760 
2009/05/04 18.5 22.55 18.15 21.1 151261 
2009/06/01 21.1 21.3 15.8 18.05 52548 
2009/07/01 18.25 30.4 18.1 30.4 162712 
2009/08/03 30.6 30.6 24.8 30.2 125969 
2009/09/01 30.5 35.5 30.5 33.5 166965 
2009/10/01 33.9 39.65 33 34.5 149403 
2009/11/02 32.9 39.35 32.9 37.7 96108 
2009/12/01 37.6 42.2 36.85 40 140310 
2010/01/04 40.1 40.3 32.9 35.3 90377 
2010/02/01 35.3 35.8 29.6 33.4 33667 
2010/03/01 33.4 38.45 33.4 36.8 72708 
2010/04/01 36.85 40.7 36 39.4 99010 
2010/05/03 39.4 41.75 34.45 37.45 93672 
2010/06/01 37.55 40.55 36.55 38.9 49379 
2010/07/01 38.9 41.65 37.2 38.8 56975 
2010/08/02 39 39.6 34.05 34.25 53257 
2010/09/01 34.1 37.5 33.8 36.1 81809 
2010/10/01 36.1 36.15 32 33.8 45951 
2010/11/01 34.05 35 31.5 33.85 47426 
2010/12/01 34.1 37.5 33.4 34.5 115429 
2011/01/03 34.7 34.95 32.95 33.4 48140 
2011/02/08 33.4 33.6 29.65 30.3 39619 
2011/03/01 30.6 36.2 30.5 32.8 182041 
2011/04/01 33.3 34.25 31.4 31.9 54445 
2011/05/03 32 33.8 30.9 33.5 78363 
2011/06/01 33.5 34.2 30.15 30.65 65005 
2011/07/01 31.05 31.85 25.95 26.7 38747 
2011/08/01 26.8 27.25 20.45 24.3 50213 
2011/09/01 24.5 25.2 18.6 19.05 39554 
2011/10/03 18.7 22.3 17.9 20.8 32249 
2011/11/01 20.55 23.2 18.2 19.3 41014 
2011/12/01 20.4 21.4 17.85 19.5 25853 
2012/01/02 19.6 21.6 18.65 21.6 24229 
2012/02/01 21.8 25 21.65 22.65 95734 
2012/03/01 22.65 23.9 19.8 20 52868 
2012/04/02 20 20.15 17.35 17.55 25353 
2012/05/02 17.6 18.3 15.2 16.05 16462 
2012/06/01 16 16.1 14.05 15.1 19650 
2012/07/02 15.2 16.4 15 15.4 10461 
2012/08/01 15.4 17.65 15 16.6 26072 
2012/09/03 16.7 18.3 15.25 15.25 36915 
2012/10/01 15.2 17.05 13.2 13.4 31901 
2012/11/01 13.3 14.25 12.7 13.55 14746 
2012/12/03 13.6 15.55 12.95 15.5 35085 
2013/01/02 15.75 17.75 15.25 16.45 143125 
2013/02/01 16.45 16.9 15.55 15.55 18636 
2013/03/01 15.8 16.6 15.3 15.4 29651 
2013/04/01 15.5 15.5 13.65 14.2 18972 
2013/05/02 14.3 15.6 14.1 15.2 51591 
2013/06/03 15.15 15.9 13.65 14.4 27980 
2013/07/01 14.6 15.65 14.35 15.1 33130 
2013/08/01 15.2 17.45 15.05 17.15 64254 
2013/09/02 17.2 17.35 15.85 16.25 35200 
2013/10/01 16.2 17.05 15.45 17.05 37709 
2013/11/01 17.25 18 16.15 17.9 112799 
2013/12/02 17.95 20.8 17.5 20.3 142916 
2014/01/02 20.3 22.5 19.65 19.7 95740 
2014/02/05 18.4 21.3 18.4 20.9 42477 
2014/03/03 20.9 24.6 20.25 22.1 129966 
2014/04/01 22.1 23 18.85 19.25 56259 
2014/05/02 19.4 25.4 19.4 25.3 125328 
2014/06/03 25.6 26.1 22.1 22.8 122080 
2014/07/01 22.95 26.65 22.8 24.05 139007 
2014/08/01 23.5 25.1 22.9 24.15 70133 
2014/09/01 24.3 24.6 20.6 21.6 47228 
2014/10/01 21.6 21.9 17.95 20.7 60067 
2014/11/03 20.7 22.3 20.2 21.4 69881 
2014/12/01 20.85 25.3 20.8 24.55 168312 
2015/01/05 24.2 25.6 23.7 24.25 141793 
2015/02/02 24.2 24.35 23.35 24.2 26811 
2015/03/02 24.2 28.9 24 28.9 192733 
2015/04/01 28.7 30.1 26.15 26.85 215666 
2015/05/04 27 27.6 23.55 27.1 90871 
2015/06/01 27.35 30.55 24.8 27.15 209195 
2015/07/01 27.15 28.75 20.2 21.7 95808 
2015/08/03 21.6 23.7 17.2 18.8 83926 
2015/09/01 18.8 26 18.8 25.35 174866 
2015/10/01 25.6 27.8 25.25 26.3 160715 
2015/11/02 26.3 27.95 24.15 26.35 187992 
2015/12/01 27 34 27 28.75 449480 
2016/01/04 28.9 29.6 25.05 28.85 195733 
2016/02/01 29.3 31.45 27.95 29.65 94892 
2016/03/01 29.85 32.3 27.85 28.1 124182 
2016/04/01 28.05 29.2 25.4 25.4 42899 
2016/05/03 25.05 26.15 22.35 25.25 81890 
2016/06/01 25 25.4 23.05 24.2 49118 
2016/07/01 24.25 26.8 23.65 25.65 63920 
2016/08/01 25.8 27.7 24.25 24.95 117706 
2016/09/01 25 25.6 24.3 24.4 44614 
2016/10/03 24.45 25.5 23.2 23.65 34526 
2016/11/01 23.7 24.55 22.25 24.15 35408 
2016/12/01 24.45 26.2 24 25.1 50695 
2017/01/03 25.1 25.75 24.4 24.7 29402 
2017/02/02 24.7 27.55 24.55 26.3 83750 
2017/03/01 26.3 28.25 25.4 26.15 89801 
2017/04/05 26.55 27.15 24.4 25.1 41646 
2017/05/02 25.2 26.65 24.6 25.8 67904 
2017/06/01 25.9 27.25 25.65 26.65 88022 
2017/07/03 26.65 26.85 25.7 26.45 35459 
2017/08/01 26.45 27.7 24.7 27.35 85565 
2017/09/01 27.5 29.5 25.45 25.85 103306 
2017/10/02 26.1 30.9 25.8 28.6 107007 
2017/11/01 28.75 38.3 27.8 36 330367 
2017/12/01 35.55 36.6 30.2 32.4 250547 
2018/01/02 32.65 34.3 29.5 30.95 117471 
2018/02/01 31.2 31.4 25.8 29.55 49620 
2018/03/01 29.3 31.2 28.7 29.6 61811 
2018/04/02 29.6 29.7 25.9 27.05 24603 
2018/05/02 27.05 29.9 26.7 28.85 48730 
2018/06/01 28.85 32.5 28.2 28.65 104826 
2018/07/02 28.7 29.3 26.7 28.9 40563 
2018/08/01 29.4 29.7 26.4 29.25 67835 
2018/09/03 29.2 29.65 26.55 27.25 49521 
2018/10/01 27.35 28.45 19.95 21.2 47812 
2018/11/01 21.1 23.35 20.65 23.25 54141 
2018/12/03 24.6 26.5 22.9 25.25 130178 
