1997/01/24 53.5 78.5 53.5 78.5 7 
1997/02/01 83.5 104 83.5 84 10117 
1997/03/01 84 99 79 95 9911 
1997/04/01 96 105.5 89 90 5976 
1997/05/02 90 96 80 96 3007 
1997/06/02 97 151 96 119.5 32465 
1997/07/02 117.5 124.5 94 109 23239 
1997/08/01 109 112 93.5 96.5 10164 
1997/09/01 96.5 100.5 79.5 85 8754 
1997/10/01 82.5 83.5 51.5 54.5 7068 
1997/11/03 54.5 64.5 54.5 58 8679 
1997/12/01 56 70 55 65 12419 
1998/01/03 65 75.5 57 74 5505 
1998/02/02 75.5 85 68 76 17137 
1998/03/02 75.5 78 63 70 6048 
1998/04/01 71 72 53 56.5 10799 
1998/05/02 57 61.5 54 54.5 6737 
1998/06/01 54 54.5 41.2 42.4 4232 
1998/07/02 42.8 45 36 40.6 6293 
1998/08/01 40.1 41 35 35 3392 
1998/09/01 34 36.2 32.2 34.6 4003 
1998/10/01 34.6 36 32.2 35.9 2554 
1998/11/02 36.5 37.5 33 37.4 5541 
1998/12/01 37.4 40.5 35 35.9 10501 
1999/01/05 36.5 36.7 27.9 29 5224 
1999/02/01 28.5 30.5 24.5 29.4 2513 
1999/03/01 28.6 33.8 28.6 31.8 4547 
1999/04/01 31.8 32.4 28 29.7 4362 
1999/05/03 30 39.7 29.8 33.8 19320 
1999/06/01 33.7 35.8 29 29.4 5865 
1999/07/02 29.1 31.5 24.2 25 9772 
1999/08/02 24.9 28.1 22 28.1 6998 
1999/09/01 30 32 26.3 28 14594 
1999/10/01 28.4 28.8 24.6 26.6 5604 
1999/11/01 27.7 35.7 26.8 33.2 45005 
1999/12/01 33.2 35.4 30.2 30.9 16714 
2000/01/04 31.5 43.3 30.6 41.4 38500 
2000/02/01 42.2 48.5 36.2 36.3 43593 
2000/03/01 36.5 44.8 30 36.6 34466 
2000/04/01 36.6 47 33.4 35 43802 
2000/05/02 33.1 34.8 28.4 31.7 9842 
2000/06/01 31.5 34.5 27.8 28 8578 
2000/07/03 28.1 28.3 23 24.4 3587 
2000/08/01 24.7 25.4 20.2 20.3 5586 
2000/09/01 20.5 22.5 15.6 15.6 4643 
2000/10/02 15 15.6 12 12.25 6547 
2000/11/01 11.85 13.65 9.65 9.9 6621 
2000/12/01 9.6 10.05 8.3 8.55 4010 
2001/01/02 8.3 12.5 8.3 12.2 8345 
2001/02/01 12.45 15.9 12.2 14.65 21917 
2001/03/01 14.75 23 13.65 21.5 73637 
2001/04/02 21.4 27.8 18.6 22.5 77331 
2001/05/02 22.5 22.6 18 22 78037 
2001/06/01 22.7 23.8 18.3 19 58396 
2001/07/02 19.1 19.1 10.15 11.9 51193 
2001/08/01 12 14.1 10.3 11 52494 
2001/09/03 11 11.55 6.8 8.5 18617 
2001/10/02 8.4 9.5 7.5 8.6 25086 
2001/11/01 8.7 11.4 8.5 10.1 44641 
2001/12/03 10.4 14.4 10.3 12.5 73285 
2002/01/02 12.5 28.2 12.25 24.2 168204 
2002/02/01 24.3 26.7 20 22.7 55567 
2002/03/01 23.6 26.1 21.4 23.5 110532 
2002/04/01 24.7 25.5 21.5 21.8 63383 
2002/05/02 23.3 23.3 16.7 19.7 58965 
2002/06/03 19.4 20 15.2 15.7 23193 
2002/07/01 15.6 16.8 12.75 15.2 21238 
2002/08/01 15 17.4 12.8 15.4 34192 
2002/09/02 15.4 15.4 12.8 13.4 19508 
2002/10/01 13.4 14.6 11.3 14.6 24198 
2002/11/01 15.6 17.2 14.7 16.5 72487 
2002/12/02 16.4 17.9 14.2 14.55 44919 
2003/01/02 14.45 16.5 14.3 14.85 18877 
2003/02/06 14.85 15.2 13 13.1 5785 
2003/03/03 13.5 13.5 12 12.25 7502 
2003/04/01 12.2 14.25 12 12.6 13625 
2003/05/02 12.7 14.1 12.2 13.65 7835 
2003/06/02 14 15.9 13.85 14.3 18396 
2003/07/01 14.4 16.4 13.8 14 26417 
2003/08/01 14.1 14.25 12.8 13.25 7257 
2003/09/01 13.25 13.25 12 12.25 4029 
2003/10/01 12.25 13.3 12.2 12.6 9156 
2003/11/03 12.6 13.3 12.4 12.4 9618 
2003/12/01 12.2 13.15 12.2 12.7 10699 
2004/01/02 12.7 14.35 12.7 14.1 21208 
2004/02/02 14.3 14.95 13.8 14.5 22637 
2004/03/01 14.6 14.9 11.9 12.65 18526 
2004/04/01 12.65 14.5 12.3 12.8 19229 
2004/05/03 11.95 11.95 9.2 10.55 14705 
2004/06/01 10.3 10.65 9.7 10 6028 
2004/07/01 10 10.1 8.45 8.6 4543 
2004/08/02 8.7 8.7 7.6 8.2 4026 
2004/09/01 8.15 9 8.05 8.4 4581 
2004/10/01 8.4 8.55 7.4 7.6 2371 
2004/11/01 7.6 8.4 7.35 7.6 2315 
2004/12/01 7.6 8 7.4 7.8 2762 
2005/01/03 7.8 7.9 7.4 7.55 3036 
2005/02/01 7.55 11.25 7.5 10.8 23042 
2005/03/01 11 14.35 10.8 12.55 63522 
2005/04/01 12.45 15.85 12.3 13.2 61826 
2005/05/03 13.45 13.5 10.85 11.5 34670 
2005/06/01 11.55 13.1 11.05 12.5 45259 
2005/07/01 12.8 15.6 12.7 13.45 112571 
2005/08/01 13.05 13.4 10.85 10.9 20682 
2005/09/02 11.1 12.65 10.25 10.7 19424 
2005/10/03 10.7 11.25 8 8.97 11298 
2005/11/01 9.35 11.5 9.14 11.3 43297 
2005/12/01 11.4 12.55 11.2 11.95 52540 
2006/01/02 11.75 12.8 10.05 10.45 24707 
2006/02/03 10.6 12.55 10.35 11.4 31910 
2006/03/01 11.4 12.15 10.85 11.25 16411 
2006/04/03 11.15 12.45 10.8 11.15 31322 
2006/05/02 11.05 11.6 10.4 10.5 13934 
2006/06/01 10.5 11.1 8.81 9.2 6461 
2006/07/03 9.22 9.29 8.12 8.25 4370 
2006/08/01 8.28 8.7 7.6 7.95 3736 
2006/09/01 8 8.62 7.4 8.61 2627 
2006/10/02 8.6 9.49 8.6 9.07 7237 
2006/11/01 9.1 9.74 8.8 9.5 6280 
2006/12/01 9.35 11.85 9.24 11.3 31157 
2007/01/02 11.4 12.3 9.8 11.1 40750 
2007/02/01 11.2 12.1 10.6 11.7 12354 
2007/03/01 11.25 12 10.6 11.85 21302 
2007/04/02 12 12.75 10.5 10.5 32252 
2007/05/02 10.4 11.3 9.87 11.15 10301 
2007/06/01 11.15 13.75 11 13.6 43159 
2007/07/02 13.7 15.6 12.65 14.8 63318 
2007/08/01 14.7 15.15 11.5 12.1 20235 
2007/09/03 12.1 12.4 11.35 12.25 6008 
2007/10/01 13.1 13.5 12.1 12.5 9223 
2007/11/01 12.6 12.6 10.75 11.9 5345 
2007/12/03 11.9 12.15 9.17 10.5 4233 
2008/01/02 10.4 10.45 7.71 8.17 4247 
2008/02/01 8.18 10.2 7.9 9.9 2057 
2008/03/03 9.9 10.6 9 9.25 2474 
2008/04/01 9.3 11 9.2 10.5 5839 
2008/05/02 10.35 12.3 9.68 10.6 10280 
2008/06/02 10.6 11.3 8.4 9 2724 
2008/07/01 8.81 9.38 8 8.42 6003 
2008/08/01 8.37 9.14 8.2 8.42 4397 
2008/09/01 8.32 8.32 4.88 5.08 20354 
2008/10/01 5.18 5.27 3.57 4.29 17051 
2008/11/03 4.27 4.58 3.65 4.06 5877 
2008/12/01 4.16 5.32 3.72 4.27 6049 
2009/01/05 4.47 4.76 3.96 4.02 1204 
2009/02/02 3.92 4.57 3.92 4.4 3738 
2009/03/02 4.54 9.04 4.31 8.2 25410 
2009/04/01 8.21 14.2 8.21 11.9 46643 
2009/05/04 12.1 16.05 11.6 15.35 44045 
2009/06/01 15.6 15.8 11.6 12.6 23366 
2009/07/01 12.65 16.8 12.65 16.2 45738 
2009/08/03 16.2 16.75 13 14.35 30359 
2009/09/01 14.5 15.7 13.7 14.2 42151 
2009/10/01 14.3 16.95 13.9 15.2 49663 
2009/11/02 15.1 20.4 15.1 18 84076 
2009/12/01 18.2 25.4 17.7 25.05 80498 
2010/01/04 25.9 26.8 19.1 20.15 48973 
2010/02/01 20.15 22.2 17.15 21.4 13983 
2010/03/01 21.6 25.3 21.2 24.25 29710 
2010/04/01 24.25 24.5 20.8 21 21121 
2010/05/03 20.9 21.2 16.25 18.5 16606 
2010/06/01 18.8 20.6 18 19.9 21362 
2010/07/01 19.8 24.5 19.35 21.45 87265 
2010/08/02 21.5 24.15 19.85 20.2 63461 
2010/09/01 20.25 23.95 20.25 22.1 70265 
2010/10/01 22.1 22.35 19.25 19.45 15946 
2010/11/01 19.7 19.7 16.8 17.85 9637 
2010/12/01 18 18.9 16.8 17 13446 
2011/01/03 17.1 18.3 16.5 17 9865 
2011/02/08 17.2 17.2 15.05 15.4 5209 
2011/03/01 15.4 16.55 13.3 14.6 10320 
2011/04/01 14.6 15.3 14.05 14.05 4033 
2011/05/03 14.25 14.25 12.9 13.3 2881 
2011/06/01 13.3 14.55 11.45 12.15 5956 
2011/07/01 12.3 12.45 10.5 10.8 5821 
2011/08/01 10.95 11.8 7.61 8.43 8372 
2011/09/01 8.43 8.57 7.5 7.83 2897 
2011/10/03 7.8 8.59 7.66 8.15 7414 
2011/11/01 8.1 8.45 6.25 6.75 4774 
2011/12/01 6.9 7.23 6.52 7.13 2558 
2012/01/02 7.13 7.33 6.8 7.21 2442 
2012/02/01 7.25 9.29 7.25 8.75 9453 
2012/03/01 8.77 11.45 8.53 9.03 25095 
2012/04/02 9.03 9.25 7.7 7.9 8329 
2012/05/02 7.93 8.28 6.63 7.11 2554 
2012/06/01 7.11 7.33 6.66 7.08 2397 
2012/07/02 7.1 7.38 6.78 7 2250 
2012/08/01 7.05 7.45 6.88 6.95 3551 
2012/09/03 6.91 7.98 6.85 7.69 5625 
2012/10/01 7.76 8.23 6.01 6.12 3949 
2012/11/01 6.1 6.68 5.84 6.59 2482 
2012/12/03 6.59 6.83 6.35 6.74 2660 
2013/01/02 6.77 7.3 6.46 7.05 4709 
2013/02/01 7.05 7.12 6.8 6.8 842 
2013/03/01 6.85 7.7 6.82 7.49 9390 
2013/04/01 7.52 7.84 7.05 7.39 3997 
2013/05/02 7.38 8.77 7.37 8.75 10343 
2013/06/03 8.72 10.2 8.65 9.36 15355 
2013/07/01 9.4 9.55 8.8 9.15 3443 
2013/08/01 9.15 9.89 8.37 8.8 5004 
2013/09/02 8.83 9.24 8.6 9 3743 
2013/10/01 8.93 12.4 8.85 11.5 46555 
2013/11/01 11.55 15.9 11.55 15.6 109320 
2013/12/02 15.6 18.2 14 17.7 70437 
2014/01/02 17.8 26.8 17.55 25.3 181638 
2014/02/05 25 28.6 24.8 26.5 95119 
2014/03/03 26.05 26.4 22.15 23.2 48523 
2014/04/01 23.4 30.3 23 27.75 137311 
2014/05/02 27.8 28.6 23.5 25.15 53579 
2014/06/03 25.6 27.9 24.05 25.1 62024 
2014/07/01 25.2 27.5 22.6 23.1 45939 
2014/08/01 22.8 26.8 22.6 25.1 55198 
2014/09/01 25.2 25.55 19.75 20.65 25799 
2014/10/01 20.65 21.9 16.55 18.25 21196 
2014/11/03 18.25 24.3 18.1 23.15 99537 
2014/12/01 22 25.1 22 23.9 75338 
2015/01/05 23.8 26.3 23.2 24.35 55964 
2015/02/02 24.35 26.3 23.75 25.5 27950 
2015/03/02 25.8 31 24.9 25.9 150222 
2015/04/01 25.7 26.25 21 22.1 41000 
2015/05/04 22.1 23.3 19 21.8 41670 
2015/06/01 21.85 22.3 16.75 19.8 39955 
2015/07/01 20.1 21.3 15.55 16 24167 
2015/08/03 15.65 15.65 9.14 11.35 19802 
2015/09/01 11.3 13.6 11.2 12 19524 
2015/10/01 12.4 16.8 12.2 15 39118 
2015/11/02 15.1 17.15 14.25 14.6 35965 
2015/12/01 14.9 16.4 13.2 15 19219 
2016/01/04 15.4 16.25 12.4 14.05 24105 
2016/02/01 14.1 15.5 14.05 14.9 15080 
2016/03/01 14.8 16 14.1 14.75 24824 
2016/04/01 15.25 15.65 13.5 13.75 13822 
2016/05/03 13.85 14 12.1 13.25 6726 
2016/06/01 13.3 13.8 12.3 12.75 6112 
2016/07/01 12.9 13.95 12.55 13 12138 
2016/08/01 12.75 15.1 12.7 13.15 23862 
2016/09/01 13.2 16.35 12.85 15.85 42507 
2016/10/03 15.9 16.1 13.7 13.95 18153 
2016/11/01 14 14.75 12.15 13.7 17362 
2016/12/01 13.85 14.9 13.7 14.15 17035 
2017/01/03 14.2 14.6 13.7 13.8 7789 
2017/02/02 13.9 17.2 13.75 15.75 56487 
2017/03/01 15.7 16.1 14.55 15.15 14634 
2017/04/05 15.25 16.5 14.4 15.85 22062 
2017/05/02 16.05 16.2 14.65 15.35 22294 
2017/06/01 15.35 16.5 15.1 15.2 18103 
2017/07/03 15.2 15.4 14.5 14.9 8754 
2017/08/01 14.9 16.7 14 15.75 35063 
2017/09/01 15.9 19.25 15.2 18.4 120293 
2017/10/02 18.5 19.05 16.4 16.9 40949 
2017/11/01 17 19.1 16.05 16.45 40256 
2017/12/01 16.55 16.65 15 15.55 9411 
2018/01/02 15.45 16.2 14.7 14.75 7885 
2018/02/01 14.85 15.3 11.55 14.6 11909 
2018/03/01 14.05 15.8 14.05 15 34884 
2018/04/02 15 15 12.4 13.25 4795 
2018/05/02 13.3 14.6 12.9 14 6082 
2018/06/01 14.2 14.8 13.75 14.05 8008 
2018/07/02 14.2 14.25 12.55 12.7 5344 
2018/08/01 12.75 12.95 9.85 10.6 7223 
2018/09/03 10.5 11.8 9.99 10.4 7953 
2018/10/01 10.3 10.45 7.98 8.15 4711 
2018/11/01 8.18 9.67 8.18 9.67 3093 
2018/12/03 9.71 9.94 8.75 8.9 1560 
2019/01/02 8.9 9.4 8.52 8.97 3002 
2019/02/11 8.94 12.35 8.9 11.8 13269 
2019/03/04 11.9 13.85 11 11.4 31425 
2019/04/01 11.45 12.1 10.95 11.2 11348 
2019/05/02 11.2 11.5 9.31 10.15 7035 
2019/06/03 10.05 10.3 9.84 9.95 3122 
2019/07/01 10.1 11.4 9.91 10.8 11011 
2019/08/01 10.9 11 9.7 10.35 6104 
2019/09/02 10.45 12.9 10.2 12 35821 
2019/10/01 12.2 13.1 11.3 11.75 24267 
2019/11/01 11.75 12.3 11.2 11.8 10022 
2019/12/02 12 12.1 11.25 11.4 12078 
2020/01/02 11.45 11.55 9.6 9.76 3353 
2020/02/03 9.72 9.82 9.06 9.21 6217 
2020/03/02 9 9.5 5.55 6.78 9295 
2020/04/01 6.62 8.61 6.62 8.43 8637 
2020/05/04 8.27 9.25 8.04 8.6 10937 
2020/06/01 8.61 8.86 7.99 8.4 8350 
2020/07/01 8.44 10.6 8.44 8.97 29881 
2020/08/03 8.98 10.2 8.92 9.74 15776 
2020/09/01 9.74 12.15 9.2 9.81 67691 
2020/10/05 9.95 12.1 9.81 10.55 31736 
2020/11/02 10.55 12.85 10.3 12.4 46675 
2020/12/01 12.7 13.4 12.6 12.8 20103 
