2018/12/18 170 176.5 162.5 163 8059 0 0 13726 800 5 14531 0 0 0 
2018/12/19 168 172 167 171 5089 0 0 13658 935 40 14633 0 0 0 
2018/12/20 169 170.5 163 164.5 3273 0 0 13674 935 85 14694 0 0 0 
2018/12/21 164 171.5 164 171 3471 0 0 13625 942 127 14694 0 0 0 
2018/12/22 170 172.5 169 172.5 2752 0 0 13625 942 127 14694 0 0 0 
2018/12/24 172.5 172.5 170.5 171.5 1692 0 0 13576 1322 130 15028 0 0 0 
2018/12/25 168 169 158 165 2795 0 0 13563 1322 30 14915 0 0 0 
2018/12/26 164 165 158 158 2043 0 0 13568 1322 50 14940 0 0 0 
2018/12/27 162 162.5 153 159.5 3000 0 0 13308 1336 2 14645 0 0 0 
2018/12/28 160.5 162.5 157.5 159.5 1988 0 0 13315 1341 0 14656 0 0 0 
2019/01/02 160 160 157 157 810 0 0 13321 1344 6 14671 0 0 0 
2019/01/03 156 160.5 155.5 159 1263 0 0 13356 1345 0 14701 0 0 0 
2019/01/04 157.5 162.5 154 162.5 1590 0 0 13364 1347 0 14711 0 0 0 
2019/01/07 162.5 164 160 161.5 1269 0 0 13366 1351 70 14787 0 0 0 
2019/01/08 162 162.5 159.5 160 842 0 0 13392 1355 14 14761 0 0 0 
2019/01/09 161 162 159 160.5 1144 0 0 13521 1358 0 14879 0 0 0 
2019/01/10 158 158.5 155.5 157.5 1163 0 0 13542 1359 0 14901 0 0 0 
2019/01/11 158 158 155 156 809 0 0 13516 1359 0 14875 0 0 0 
2019/01/14 156.5 156.5 150 150.5 1595 0 0 13537 1361 0 14898 0 0 0 
2019/01/15 150.5 151.5 144.5 148.5 2238 0 0 13543 891 0 14434 0 0 0 
2019/01/16 146 147 144.5 145 1168 0 0 13552 535 29 14116 0 0 0 
2019/01/17 146 151 146 148 1002 0 0 13562 539 0 14101 0 0 0 
2019/01/18 148 150 146 149 570 0 0 13626 540 3 14169 0 0 0 
2019/01/21 149 150 148 148.5 328 0 0 13676 542 2 14220 0 0 0 
2019/01/22 148.5 149 146 146 469 0 0 13726 401 8 14135 0 0 0 
2019/01/23 146 148 145 147.5 373 0 0 13761 401 0 14162 0 0 0 
