2015/10/23 109 144 105 136 10939 
2015/10/30 138 141.5 122 128.5 5680 
2015/11/06 128 174.5 127.5 174 10061 
2015/11/13 177 181.5 158 162 5683 
2015/11/20 158 185 158 179.5 4789 
2015/11/27 180 180 163 165 3369 
2015/12/04 165 173 155 157 2534 
2015/12/11 159 167 145.5 145.5 2033 
2015/12/18 141 147 136 140.5 1089 
2015/12/25 140.5 143 136.5 138.5 688 
2016/01/01 138.5 139.5 136 137.5 269 
2016/01/08 137.5 137.5 108 120 1329 
2016/01/15 124 127.5 112.5 117 803 
2016/01/22 116 146 114 128.5 1923 
2016/01/29 130 135 122 130 931 
2016/02/05 133 142 132.5 134.5 858 
2016/02/19 131 133.5 125 125.5 889 
2016/02/26 122 124.5 115 120 1124 
2016/03/04 119.5 130 119 127 1113 
2016/03/11 128.5 128.5 122 127.5 702 
2016/03/18 131 132.5 123.5 123.5 1038 
2016/03/25 123.5 125.5 120 120 502 
2016/04/01 121.5 121.5 116 119.5 433 
2016/04/08 120 120 116.5 116.5 194 
2016/04/15 116.5 118 112.5 113.5 414 
2016/04/22 114 114.5 98.6 103.5 1404 
2016/04/29 103 111 101 102.5 1190 
2016/05/06 103 103.5 98.1 98.1 550 
2016/05/13 99 99 84.7 87.2 1097 
2016/05/20 89 92.5 85.2 87.2 710 
2016/05/27 87.2 92.8 86.6 89.8 1342 
2016/06/03 89.8 104.5 89.8 97.5 4240 
2016/06/10 97.9 97.9 91.6 92.2 565 
2016/06/17 91.5 92.9 88.2 89.1 930 
2016/06/24 91 91 84 87.8 842 
2016/07/01 87 97.5 86 97 1283 
2016/07/08 97.8 99.9 91.8 91.9 1533 
2016/07/15 89 92.3 87.4 90.6 922 
2016/07/22 90.7 92.7 88.1 88.2 729 
2016/07/29 89 89.1 86.3 86.6 514 
2016/08/05 86.7 88.8 86 86.4 451 
2016/08/12 86.9 87.5 83.8 84.2 468 
2016/08/19 84.2 88.3 81 87.4 959 
2016/08/26 88.3 88.3 85 86.7 771 
2016/09/02 86.8 88.2 84 86.7 1007 
2016/09/09 87.9 87.9 82 83 764 
2016/09/16 83.2 84.5 82 82 145 
2016/09/23 81.5 86.5 81.5 84.4 579 
2016/09/30 83.8 85 82.5 83.7 281 
2016/10/07 83.8 99.5 83.2 98.5 7414 
2016/10/14 99.5 103.5 92.8 94.6 6623 
2016/10/21 94.6 96 91.9 92 1931 
2016/10/28 92.9 98.5 91.2 92.9 3309 
2016/11/04 93.2 100.5 91.2 92.3 4667 
2016/11/11 93.6 94.6 85 89.2 2588 
2016/11/18 89.9 89.9 85.7 88.9 1006 
2016/11/25 88.6 91.4 86.5 87.2 1653 
2016/12/02 87.2 87.8 83.7 84.6 1369 
2016/12/09 84.7 88.9 84.5 86.3 1536 
2016/12/16 87.4 87.4 85 85.8 585 
2016/12/23 86 86.7 83.7 84.1 579 
2016/12/30 84.1 84.8 83 84.2 447 
2017/01/06 85.1 86.6 84 85.4 488 
2017/01/13 85.5 86.8 83.9 83.9 828 
2017/01/20 83.8 84.9 83.8 84.3 252 
2017/01/27 85 85.7 83 83.7 289 
2017/02/03 83.7 84.7 83.3 83.7 123 
2017/02/10 84.3 88 83.6 84.8 1659 
2017/02/17 85.6 93.8 84 89.9 3337 
2017/02/24 89.9 92 87.3 88.3 2353 
2017/03/03 89.8 90.5 87.4 88.5 836 
2017/03/10 89.7 90.6 87.8 89.2 1751 
2017/03/17 89.7 89.8 87.8 87.8 875 
2017/03/24 87.9 88.4 86.3 86.8 670 
2017/03/31 87 87.2 83.5 84.1 800 
2017/04/07 84.4 84.5 83.8 84.2 84 
2017/04/14 86.2 87.1 82.3 83.7 855 
2017/04/21 83.8 83.8 82 82.8 74 
2017/04/28 82.8 82.8 82.4 82.6 30 
2017/05/05 82.1 82.3 81.8 82.1 98 
2017/05/12 84.6 84.6 75.1 76 1423 
2017/05/19 76 78.4 71.9 72.2 874 
2017/05/26 72.2 73.7 71.8 73.2 683 
2017/06/02 73.2 73.8 72.1 73.2 292 
2017/06/09 74.5 75.1 73.8 74.1 253 
2017/06/16 73.7 74.3 71.4 72 332 
2017/06/23 71.6 75.3 71.5 73.5 733 
2017/06/30 74.5 75.8 71.8 72.6 754 
2017/07/07 72.6 73.6 72.5 72.9 114 
2017/07/14 72.6 72.8 68.6 69.7 426 
2017/07/21 69.2 69.7 68.7 68.7 132 
2017/07/28 69.3 69.3 68.7 68.8 42 
2017/08/04 68.9 68.9 65.3 66.4 769 
2017/08/11 66.5 66.8 65.6 65.7 132 
2017/08/18 60.4 60.4 56.2 57.4 495 
2017/08/25 56.7 57.3 54.8 54.8 268 
2017/09/01 57.3 57.3 56 56.6 136 
2017/09/08 66.7 69.9 65.5 67.3 1581 
2017/09/15 67.2 67.2 65.1 65.4 133 
2017/09/22 66.6 69.3 66.6 67.8 447 
2017/09/29 65 65.1 62.8 62.8 248 
2017/10/06 61.5 63.5 61.5 63.3 82 
2017/10/13 63.1 63.5 62.2 62.9 79 
2017/10/20 63 63.9 63 63.2 93 
2017/10/27 62.6 66.6 62.2 62.2 683 
2017/11/03 63 64.1 61.7 62.7 434 
2017/11/10 62.8 64.1 60.1 60.4 593 
2017/11/17 59.8 60 58.5 58.6 133 
2017/11/24 59.5 60.6 58.5 60 203 
2017/12/01 59.5 60.3 58.3 58.5 237 
2017/12/08 59.2 59.5 56 56 203 
2017/12/15 55.3 58.5 54.7 57.4 540 
2017/12/22 57.5 58.5 55.8 57.2 315 
2017/12/29 57.7 57.7 55.2 56 234 
2018/01/05 56 57.4 55.7 56.4 229 
2018/01/12 56.8 62.5 55.4 61 1325 
2018/01/19 62.4 64.8 59.8 60 1679 
2018/01/26 60.3 61 58.7 59 297 
2018/02/02 59.3 60.4 58.2 58.6 227 
2018/02/09 58.4 58.4 48.2 50.6 808 
2018/02/16 51.3 52.8 51.2 51.9 81 
2018/02/23 53.1 54.5 52.2 53.2 232 
2018/03/02 54 59.5 53.7 58.1 811 
2018/03/09 58.2 64.3 58.2 61.4 1815 
2018/03/16 61.6 63.2 60.8 62.2 401 
2018/03/23 62.3 62.9 59.5 60.3 297 
2018/03/30 60.8 80 60.8 78 13369 
2018/04/06 77.2 79.4 73.5 75 1765 
2018/04/13 76 85.7 71.3 78.5 10000 
2018/04/20 79.8 86.5 78 82.7 5709 
2018/04/27 83.8 108.5 83.3 104 23748 
2018/05/04 105 121 102 113.5 19556 
2018/05/11 116.5 118.5 98.1 109.5 21944 
2018/05/18 110.5 123.5 106 112 23492 
2018/05/25 115 134.5 111.5 133 25126 
2018/06/01 135.5 138 118 127 15410 
2018/06/08 130.5 135 122.5 123.5 11348 
2018/06/15 121.5 143 120 132.5 17677 
2018/06/22 132.5 139 121 131 11044 
2018/06/29 133.5 135.5 127 129 6847 
2018/07/06 131 131 111 115 6978 
2018/07/13 117 137 116.5 135 11854 
2018/07/20 137 152.5 134.5 136 26602 
2018/07/27 135.5 135.5 120 120.5 8852 
2018/08/03 121.5 135.5 118 134.5 13052 
2018/08/10 133 143 128.5 131.5 16588 
2018/08/17 132.5 134 118.5 123.5 11848 
2018/08/24 123.5 128 110 114 9703 
2018/08/31 114.5 119 110.5 116.5 7724 
2018/09/07 117.5 118 107 108.5 4355 
2018/09/14 108.5 109.5 101 107.5 5431 
2018/09/21 107.5 109 94 103 5611 
2018/09/28 102 106.5 98.3 100.5 2718 
2018/10/05 100.5 109.5 98.3 99.2 6326 
2018/10/12 99.3 107.5 86.2 93 5976 
2018/10/19 91.8 95.5 88.8 91.2 3811 
2018/10/26 91 92.5 78 78.2 5021 
2018/11/02 79.1 86.5 74.6 83.4 5444 
2018/11/09 82 90.6 81.4 86.2 5023 
2018/11/16 87.3 90.3 83.5 83.7 6306 
2018/11/23 84.4 91.8 84.4 88 6689 
2018/11/30 89 97.8 88.6 94.5 7183 
2018/12/07 95.4 98.5 90.6 93.8 3844 
2018/12/14 94.7 104 91.2 100.5 6259 
2018/12/21 99.3 103.5 97.1 100.5 4002 
2018/12/28 101.5 110.5 99.7 110.5 7286 
2019/01/04 114 120.5 112.5 117.5 11518 
2019/01/11 118.5 125.5 118 120.5 11083 
2019/01/18 121 125.5 116.5 116.5 6582 
2019/01/25 117.5 119.5 113.5 116.5 4056 
2019/02/01 116.5 119.5 114 115 2197 
2019/02/15 116.5 133.5 116.5 125 10951 
2019/02/22 127 131.5 121 121.5 4609 
2019/03/01 123 123 117 118 1720 
2019/03/08 118 123 116 117.5 2832 
2019/03/15 118 118.5 110 115.5 4934 
2019/03/22 116.5 124.5 115 121.5 6855 
2019/03/29 119.5 126.5 117.5 121.5 4697 
2019/04/05 123.5 124.5 117 119.5 1420 
2019/04/12 119.5 121 109 109.5 3648 
2019/04/19 110.5 111 103.5 107 3195 
2019/04/26 108.5 108.5 100.5 100.5 1857 
2019/05/03 101 106 97.4 105 1557 
2019/05/10 103 106 99 100.5 2254 
2019/05/17 100.5 103.5 94.5 97 1565 
2019/05/24 98 102.5 95.2 97.9 1164 
2019/05/31 98.1 99.8 95.2 99.7 766 
2019/06/07 99 109.5 98.5 109.5 4321 
2019/06/14 112 117.5 110 115.5 5342 
2019/06/21 117 118 114 114 3402 
2019/06/28 114 117.5 110 115.5 2377 
2019/07/05 116.5 120 111 113 3074 
2019/07/12 113 115 112 113 998 
2019/07/19 114 117 113 116.5 2141 
2019/07/26 117.5 118 102.5 103 3763 
2019/08/02 103 105 98.2 100 2032 
2019/08/09 100 102 96.6 101 1328 
2019/08/16 100.5 102 99 100 1656 
2019/08/23 101 101.5 99.1 99.3 1176 
2019/08/30 98 103.5 97.5 101.5 2313 
2019/09/06 102 105.5 99.3 100.5 2493 
2019/09/13 100.5 100.5 99.1 99.7 700 
2019/09/20 99.8 102 99 99.8 1112 
2019/09/27 99.8 101.5 97.7 99.1 887 
2019/10/04 99.1 99.9 98 98.9 555 
2019/10/11 98.9 99.6 94.5 95.4 873 
2019/10/18 95.7 97.6 93 97.2 1271 
2019/10/25 97.7 102 96.8 100.5 1673 
2019/11/01 101.5 103.5 99.7 102.5 1507 
2019/11/08 103.5 105.5 100.5 101 1327 
2019/11/15 101 103 99 102 1171 
2019/11/22 102 107 101.5 106.5 1950 
2019/11/29 107.5 108.5 102.5 103 1381 
2019/12/06 103.5 107 102.5 107 1460 
2019/12/13 110 117 109.5 113.5 6700 
2019/12/20 112.5 126 112.5 118.5 8896 
2019/12/27 117 121 116 121 2405 
2020/01/03 122 130 121.5 124 4336 
2020/01/10 124 127.5 116.5 119.5 3892 
2020/01/17 120 123 115 117 2353 
2020/01/24 117 117 113.5 117 529 
2020/01/31 105.5 105.5 95 95 1735 
2020/02/07 86.5 98 85.5 96 7089 
2020/02/14 88.5 95.5 87.1 93.5 5342 
2020/02/21 92.5 95.6 91.1 92.4 2264 
2020/02/28 91.5 92.3 87 88.5 1639 
2020/03/06 86.1 91.4 85.6 89.6 1563 
2020/03/13 87.9 90.1 72.5 73.6 2641 
2020/03/20 75.8 75.8 58.7 64 2691 
2020/03/27 63 75 59 69.5 1855 
2020/04/03 66.8 72.1 66.1 71.1 1088 
2020/04/10 71.5 79.5 70 75.3 2125 
2020/04/17 75.3 81 73.5 77.6 1949 
2020/04/24 77.6 79.7 73.7 76.6 1119 
2020/05/01 76.9 84.6 76.9 82.4 1737 
2020/05/08 79.9 93.4 79.2 89.1 5455 
2020/05/15 88 88.9 80 81.1 2697 
2020/05/22 81 84.7 79.5 82.6 1009 
2020/05/29 83 87.5 82.4 83.7 1427 
2020/06/05 84.5 87.4 83.9 85.7 745 
2020/06/12 86.3 88.2 80.3 83 1305 
2020/06/19 82.4 87.3 80.8 83.6 1288 
2020/06/26 83.6 85.1 82.5 82.8 448 
2020/07/03 82 85.5 81.8 84.7 674 
2020/07/10 86.4 86.4 82 84 1178 
2020/07/17 84.1 84.2 80.5 81 916 
2020/07/24 77.9 79.4 75.1 76.6 517 
2020/07/31 76.6 76.6 73.1 73.6 418 
2020/08/07 73.1 75.1 72.8 74.1 370 
2020/08/14 73.4 75.3 73 75.2 333 
2020/08/21 75.2 75.8 71.5 73 513 
2020/08/28 73 82.2 72 81.1 938 
2020/09/04 82 86.5 81.8 84.5 2366 
2020/09/11 85 88.9 82.5 86.6 2716 
2020/09/18 86.6 90.5 84.3 88.4 3247 
2020/09/25 90.6 93.4 77.5 81.2 4065 
2020/10/02 82.6 83 80.7 81.4 267 
2020/10/09 81.4 84.5 81.1 83.9 290 
2020/10/16 84.3 86.5 81.5 83.9 968 
2020/10/23 84.4 90.7 84.3 87.4 2420 
2020/10/30 88.1 89.5 84.9 86.2 1061 
2020/11/06 85.1 89.5 84.6 88 785 
2020/11/13 88.5 91.5 87.9 90 1622 
2020/11/20 90.3 91 89.9 90.1 147 
