2018/01/30 110 117 107.5 114 5587 0 0 12 793 347 1152 0 0 0 
2018/01/31 120 151 120 148 6622 0 0 3 807 373 1183 0 0 0 
2018/02/01 140 153 137 150 3153 0 0 93 807 396 1296 0 0 0 
2018/02/02 144.5 149.5 143 144 1389 0 0 70 807 411 1288 0 0 0 
2018/02/05 136 150 134.5 147 1913 0 0 196 807 395 1398 0 0 0 
2018/02/06 141.5 147 132.5 136 1814 0 0 60 677 385 1122 0 0 0 
2018/02/07 139 144.5 137 138 1325 0 0 93 468 427 988 0 0 0 
2018/02/08 137.5 140 129 132.5 1048 0 0 177 458 433 1068 0 0 0 
2018/02/09 126 135.5 123.5 135 784 0 0 193 458 430 1081 0 0 0 
2018/02/12 128 134.5 127.5 128 806 0 0 177 458 446 1081 0 0 0 
2018/02/21 131 140.5 128.5 140.5 1365 0 0 350 458 489 1297 0 0 0 
2018/02/22 139.5 144.5 137 141 869 0 0 319 458 531 1308 0 0 0 
2018/02/23 141.5 146 137 140 735 0 0 179 390 549 1118 0 0 0 
2018/02/26 139 140.5 135 136 716 0 0 103 258 556 917 0 0 0 
2018/02/27 136 136.5 132.5 132.5 411 0 0 99 199 550 848 0 0 0 
2018/03/01 131.5 132.5 129.5 132.5 248 0 0 81 199 550 830 0 0 0 
2018/03/02 130 132 127.5 132 437 0 0 41 179 575 795 0 0 0 
2018/03/05 132 132 125 128.5 550 0 0 23 119 609 751 0 0 0 
2018/03/06 129.5 130 126.5 129 338 0 0 20 60 614 694 0 0 0 
2018/03/07 128.5 129.5 127 127 167 0 0 13 60 609 682 0 0 0 
2018/03/08 129 134 129 130 340 0 0 0 60 596 656 0 0 0 
2018/03/09 128.5 129 124.5 126.5 644 0 0 1 60 476 537 0 0 0 
2018/03/12 127 127 125.5 126 171 0 0 0 60 476 536 0 0 0 
2018/03/13 127 127.5 126 126 153 0 0 5 60 476 541 0 0 0 
2018/03/14 127 128.5 124.5 126 208 0 0 3 60 421 484 0 0 0 
2018/03/15 127 127 124.5 125 160 0 0 3 60 369 432 0 0 0 
2018/03/16 126 126 125 125 89 0 0 14 60 369 443 0 0 0 
2018/03/19 126 131 125.5 131 348 0 0 15 70 369 454 0 0 0 
2018/03/20 130 133 130 132.5 275 0 0 15 70 369 454 0 0 0 
2018/03/21 132 132.5 129 130 317 0 0 15 70 369 454 0 0 0 
2018/03/22 130 131.5 130 130.5 206 0 0 15 70 369 454 0 0 0 
2018/03/23 128 130.5 128 130 170 0 0 15 70 369 454 0 0 0 
2018/03/26 130 131 128 131 149 0 0 14 70 369 453 0 0 0 
2018/03/27 132.5 132.5 129 130.5 123 0 0 14 70 369 453 0 0 0 
2018/03/28 131.5 132 128 128.5 154 0 0 15 70 369 454 0 0 0 
2018/03/29 128.5 130 127 128.5 113 0 0 13 70 370 453 0 0 0 
2018/03/30 128.5 128.5 127.5 128 62 0 0 17 70 370 457 0 0 0 
2018/03/31 128 130 128 129.5 103 0 0 17 70 382 469 0 0 0 
2018/04/02 130 142 130 134.5 624 0 0 22 70 420 512 0 0 0 
2018/04/03 131 134.5 131 131.5 187 0 0 23 70 435 528 0 0 0 
2018/04/09 131.5 133 129.5 130 159 0 0 26 70 464 560 0 0 0 
2018/04/10 129 129.5 127.5 128 167 0 0 18 70 451 539 0 0 0 
2018/04/11 130 130 126.5 127.5 179 0 0 19 70 462 551 0 0 0 
2018/04/12 127 128 126.5 127.5 108 0 0 19 70 437 526 0 0 0 
2018/04/13 127.5 128 124 125.5 236 0 0 19 70 397 486 0 0 0 
2018/04/16 125.5 126 121 123 216 0 0 20 70 344 434 0 0 0 
2018/04/17 123.5 123.5 112 120.5 336 0 0 22 70 311 403 0 0 0 
2018/04/18 119 121.5 117.5 120.5 144 0 0 28 70 310 408 0 0 0 
2018/04/19 122 122 119 121 97 0 0 26 70 310 406 0 0 0 
2018/04/20 122 122 120 122 70 0 0 25 70 311 406 0 0 0 
2018/04/23 122 122 119.5 120 50 0 0 25 70 311 406 0 0 0 
2018/04/24 120 120 115 117 69 0 0 24 70 313 407 0 0 0 
2018/04/25 115 115.5 115 115.5 87 0 0 26 70 314 410 0 0 0 
2018/04/26 117 117 109.5 111 269 0 0 73 70 308 451 0 0 0 
2018/04/27 112 112 110 111 92 0 0 84 70 307 461 0 0 0 
2018/04/30 111 116.5 111 116.5 155 0 0 81 82 326 489 0 0 0 
2018/05/02 116 121.5 115.5 120.5 262 0 0 61 137 306 504 0 0 0 
2018/05/03 120.5 121 118 120 102 0 0 54 157 328 539 0 0 0 
2018/05/04 120 120 118.5 119 43 0 0 54 157 332 543 0 0 0 
2018/05/07 127 127.5 123 124 401 0 0 46 157 284 487 0 0 0 
2018/05/08 122.5 123 120.5 120.5 116 0 0 44 157 299 500 0 0 0 
2018/05/09 120.5 120.5 116 117 188 0 0 48 157 300 505 0 0 0 
2018/05/10 117 118 115.5 117 48 0 0 52 157 300 509 0 0 0 
2018/05/11 118 119.5 117.5 118.5 90 0 0 48 157 300 505 0 0 0 
2018/05/14 120 120.5 117 118 85 0 0 48 157 300 505 0 0 0 
2018/05/15 117 117 113.5 115 180 0 0 52 157 290 499 0 0 0 
2018/05/16 115 115.5 113.5 114 130 0 0 51 157 249 457 0 0 0 
2018/05/17 114 114.5 113 113.5 64 0 0 53 157 245 455 0 0 0 
2018/05/18 114 115.5 114 115.5 67 0 0 54 157 245 456 0 0 0 
2018/05/21 115 120 115 120 109 0 0 85 157 245 487 0 0 0 
2018/05/22 120 120 116 117 88 0 0 56 157 245 458 0 0 0 
2018/05/23 117 118.5 117 118.5 39 0 0 51 157 245 453 0 0 0 
2018/05/24 117.5 117.5 115.5 115.5 58 0 0 50 157 241 448 0 0 0 
2018/05/25 115.5 116 115.5 115.5 27 0 0 51 157 235 443 0 0 0 
2018/05/28 115.5 115.5 115 115 51 0 0 50 157 233 440 0 0 0 
2018/05/29 115 115.5 114.5 115.5 19 0 0 50 157 233 440 0 0 0 
2018/05/30 115.5 115.5 114 114 43 0 0 53 157 223 433 0 0 0 
2018/05/31 114.5 118.5 114.5 117 65 0 0 60 157 223 440 0 0 0 
2018/06/01 116.5 117 116 117 37 0 0 50 157 223 430 0 0 0 
2018/06/04 117.5 117.5 116 116.5 26 0 0 51 157 217 425 0 0 0 
2018/06/05 116.5 116.5 114.5 115 56 0 0 55 157 211 423 0 0 0 
2018/06/06 115 117 114.5 117 58 0 0 56 157 191 404 0 0 0 
2018/06/07 117 117 115 115.5 74 0 0 57 157 179 393 0 0 0 
2018/06/08 115.5 115.5 114 115 56 0 0 61 157 169 387 0 0 0 
2018/06/11 115 115.5 114 114.5 44 0 0 61 157 159 377 0 0 0 
2018/06/12 114.5 115 114 114 59 0 0 61 157 152 370 0 0 0 
2018/06/13 115 115.5 114.5 115 41 0 0 62 157 142 361 0 0 0 
2018/06/14 114.5 114.5 114 114 21 0 0 62 157 142 361 0 0 0 
2018/06/15 114 114 113.5 114 23 0 0 63 157 142 362 0 0 0 
2018/06/19 114.5 115 113.5 114 100 0 0 63 157 142 362 0 0 0 
2018/06/20 115 119 115 117 120 0 0 56 157 138 351 0 0 0 
2018/06/21 117 117 115.5 116 43 0 0 53 157 138 348 0 0 0 
2018/06/22 115 117 114.5 116.5 60 0 0 62 157 138 357 0 0 0 
2018/06/25 115.5 116.5 114 114.5 92 0 0 64 157 138 359 0 0 0 
2018/06/26 114 114 112 113 86 0 0 63 157 140 360 0 0 0 
2018/06/27 113 114 113 113 36 0 0 63 157 140 360 0 0 0 
2018/06/28 113 114.5 113 113 40 0 0 73 157 141 371 0 0 0 
2018/06/29 113.5 114 113.5 113.5 65 0 0 74 157 141 372 0 0 0 
2018/07/02 113.5 115 113.5 113.5 67 0 0 76 157 140 373 0 0 0 
2018/07/03 114 114 111.5 111.5 78 0 0 79 157 142 378 0 0 0 
2018/07/04 107 108 106 108 61 0 0 73 157 140 370 0 0 0 
2018/07/05 107.5 107.5 105 105.5 51 0 0 86 157 140 383 0 0 0 
2018/07/06 108 109.5 106 107 59 0 0 89 157 140 386 0 0 0 
2018/07/09 107 108 107 108 27 0 0 94 157 140 391 0 0 0 
2018/07/10 107 108 106 107 57 0 0 99 157 140 396 0 0 0 
2018/07/11 106 107 104.5 106 52 0 0 100 157 139 396 0 0 0 
2018/07/12 107 109 107 107 46 0 0 102 157 138 397 0 0 0 
2018/07/13 108 112 107.5 109.5 93 0 0 107 157 138 402 0 0 0 
2018/07/16 109.5 109.5 109 109 21 0 0 108 157 139 404 0 0 0 
2018/07/17 109.5 109.5 107.5 109 48 0 0 120 157 139 416 0 0 0 
2018/07/18 108.5 110 107.5 108.5 34 0 0 124 157 139 420 0 0 0 
2018/07/19 108.5 109 108 108 17 0 0 126 157 139 422 0 0 0 
2018/07/20 108 108.5 107.5 108 40 0 0 124 157 139 420 0 0 0 
2018/07/23 108 108 106.5 107 29 0 0 126 157 139 422 0 0 0 
2018/07/24 107.5 109 107.5 108 41 0 0 124 157 139 420 0 0 0 
2018/07/25 108 108.5 107 108.5 26 0 0 125 157 138 420 0 0 0 
2018/07/26 115 115 111.5 111.5 139 0 0 126 157 138 421 0 0 0 
2018/07/27 112 112.5 111.5 112 40 0 0 129 157 138 424 0 0 0 
2018/07/30 112.5 116 112.5 116 175 0 0 137 157 148 442 0 0 0 
2018/07/31 115.5 115.5 114 115.5 111 0 0 128 157 143 428 0 0 0 
2018/08/01 117.5 119.5 116 118 215 0 0 125 140 153 418 0 0 0 
2018/08/02 118 118 115 115.5 94 0 0 130 140 153 423 0 0 0 
2018/08/03 116 116.5 115 116 59 0 0 130 120 154 404 0 0 0 
2018/08/06 118 118 116.5 117 138 11 0 137 117 154 408 0 0.04 0 
2018/08/07 117.5 118.5 117 117 85 14 0 154 117 154 425 0 0.05 0 
2018/08/08 115.5 115.5 114 114 121 15 0 155 117 155 427 0 0.05 0 
2018/08/09 114 114 112.5 113 73 18 0 181 117 155 453 0 0.06 0 
2018/08/10 113 115.5 113 115 47 31 0 179 117 155 451 0 0.11 0 
2018/08/13 115 115 110.5 112 127 27 0 189 117 157 463 0 0.1 0 
2018/08/14 112 113.5 112 113 61 28 0 199 117 157 473 0 0.1 0 
2018/08/15 112 116 112 116 110 24 0 218 117 207 542 0 0.09 0 
2018/08/16 113.5 114 112.5 113 81 48 0 211 117 213 541 0 0.17 0 
2018/08/17 113 115 112.5 112.5 94 54 0 214 117 214 545 0 0.19 0 
2018/08/20 112.5 113.5 112.5 113.5 34 54 0 218 117 214 549 0 0.19 0 
2018/08/21 113.5 114 113 113.5 29 55 0 231 117 214 562 0 0.2 0 
2018/08/22 113 113.5 113 113 17 55 0 230 117 214 561 0 0.2 0 
2018/08/23 114 114 112 112.5 29 56 0 234 117 214 565 0 0.2 0 
2018/08/24 112 112.5 112 112.5 25 59 0 238 117 214 569 0 0.21 0 
2018/08/27 112 113 112 112.5 18 60 0 241 117 214 572 0 0.22 0 
2018/08/28 112.5 113 112 112 21 61 0 242 117 214 573 0 0.22 0 
2018/08/29 114 114 113 113 31 62 0 243 117 214 574 0 0.22 0 
2018/08/30 113 113 112 112.5 26 62 0 242 117 213 572 0 0.22 0 
2018/08/31 112 113 111.5 112 44 65 0 241 117 213 571 0 0.23 0 
2018/09/03 111.5 111.5 110 110.5 85 66 0 237 102 214 553 0 0.24 0 
2018/09/04 110.5 111.5 110 110 48 69 0 238 102 214 554 0 0.25 0 
2018/09/05 110 110 108.5 108.5 43 68 0 237 102 214 553 0 0.24 0 
2018/09/06 109 109 107 108 56 71 0 239 102 215 556 0 0.26 0 
2018/09/07 108.5 108.5 106 106 102 71 0 234 102 202 538 0 0.26 0 
2018/09/10 105.5 106 104 106 108 67 0 244 87 197 528 0 0.24 0 
2018/09/11 105 107 104 106.5 53 67 0 251 87 197 535 0 0.24 0 
2018/09/12 105.5 106 104.5 106 79 67 0 253 87 198 538 0 0.24 0 
2018/09/13 106 108 105.5 108 48 72 0 263 87 198 548 0 0.26 0 
2018/09/14 108 108 106.5 108 39 72 0 265 87 198 550 0 0.26 0 
2018/09/17 108 108 106.5 107 23 75 0 292 87 198 577 0 0.27 0 
2018/09/18 107 107 106.5 107 38 76 0 294 87 198 579 0 0.27 0 
2018/09/19 107 109 107 109 37 80 0 305 87 198 590 0 0.29 0 
2018/09/20 109 109 108.5 108.5 7 79 0 303 87 198 588 0 0.28 0 
2018/09/21 108.5 109.5 108 108 45 82 0 299 87 200 586 0 0.29 0 
2018/09/25 108.5 111 108.5 110.5 43 88 0 309 87 200 596 0 0.32 0 
2018/09/26 110.5 112 110 112 51 97 0 320 87 199 606 0 0.35 0 
2018/09/27 112 112 110.5 110.5 26 92 0 317 87 197 601 0 0.33 0 
2018/09/28 109.5 110 108.5 108.5 32 91 0 327 87 183 597 0 0.33 0 
2018/10/01 109 111 109 111 22 91 0 327 87 183 597 0 0.33 0 
2018/10/02 111 111 109 110 27 89 0 338 87 182 607 0 0.32 0 
2018/10/03 110 111 110 110.5 5 89 0 336 87 182 605 0 0.32 0 
2018/10/04 110.5 110.5 110 110.5 23 85 0 335 87 182 604 0 0.31 0 
2018/10/05 110 110 105 108 95 89 0 331 87 187 605 0 0.32 0 
2018/10/08 104.5 107 103 105 211 94 0 329 87 153 569 0 0.34 0 
2018/10/09 104 105.5 104 105 34 102 0 330 87 147 564 0 0.37 0 
2018/10/11 102 102 99 99.2 158 93 0 326 87 144 557 0 0.33 0 
2018/10/12 99 99 96.8 98.1 131 89 0 310 87 144 541 0 0.32 0 
2018/10/15 98.3 98.3 96.1 96.2 89 92 0 303 87 144 534 0 0.33 0 
2018/10/16 96.2 97 94 95 89 96 0 287 87 147 521 0 0.35 0 
2018/10/17 95 96.3 95 95.4 50 93 0 287 87 146 520 0 0.33 0 
2018/10/18 95.3 97.7 95.3 97.7 10 93 0 288 87 143 518 0 0.33 0 
2018/10/19 97.5 97.5 95.5 96.4 33 94 0 277 87 145 509 0 0.34 0 
2018/10/22 95.5 96.5 95.5 96 53 99 0 276 87 129 492 0 0.36 0 
2018/10/23 95.3 95.3 94.1 94.1 28 99 0 276 87 113 476 0 0.36 0 
2018/10/24 93.4 93.6 92 93 117 90 0 279 77 92 448 0 0.32 0 
2018/10/25 91.2 91.2 88.8 88.9 175 73 0 285 65 87 437 0 0.26 0 
2018/10/26 90 90 87.1 87.8 69 72 0 285 55 84 424 0 0.26 0 
2018/10/29 87 87.5 85.3 86 72 77 0 287 51 77 415 0 0.28 0 
2018/10/30 85.5 85.6 84 84.9 125 82 0 309 41 48 398 0 0.29 0 
2018/10/31 86 88.1 85.9 86 104 86 0 315 21 24 360 0 0.31 0 
2018/11/01 86.9 87 86.1 86.4 61 89 0 312 0 1 313 0 0.32 0 
2018/11/02 86.3 88.3 86.3 88.3 62 66 0 318 0 1 319 0 0.24 0 
2018/11/05 88.5 95.9 88.5 92.5 51 78 0 304 0 4 308 0 0.28 0 
2018/11/06 94 94.3 90.8 90.8 37 80 0 296 0 0 296 0 0.29 0 
2018/11/07 93.2 93.2 91.7 92.4 101 69 0 304 0 0 304 0 0.25 0 
2018/11/08 92.4 92.6 91.8 92.5 29 65 0 302 0 0 302 0 0.23 0 
2018/11/09 92.5 92.5 90.8 90.8 12 64 0 300 0 0 300 0 0.23 0 
2018/11/12 90.6 90.8 89.1 90.3 21 64 0 298 0 0 298 0 0.23 0 
2018/11/13 89.6 90.1 89.6 89.7 12 64 0 298 0 0 298 0 0.23 0 
2018/11/14 90 90 89.4 89.4 19 63 0 296 0 0 296 0 0.23 0 
2018/11/15 89.2 89.4 88.2 88.2 48 68 0 296 0 0 296 0 0.24 0 
2018/11/16 88.3 88.4 88.2 88.2 86 64 0 294 0 0 294 0 0.23 0 
2018/11/19 88.8 88.8 88.6 88.7 14 65 0 288 0 0 288 0 0.23 0 
2018/11/20 88.2 88.6 87.5 87.5 18 65 0 288 0 0 288 0 0.23 0 
2018/11/21 88 88.2 87.1 87.2 21 65 0 285 0 0 285 0 0.23 0 
2018/11/22 87.6 87.7 87.2 87.2 7 65 0 285 0 0 285 0 0.23 0 
2018/11/23 87.3 88.9 87.3 87.5 25 65 0 284 0 0 284 0 0.23 0 
2018/11/26 87.4 89.6 87.4 89 26 65 0 287 0 0 287 0 0.23 0 
2018/11/27 89.1 89.1 88.6 88.6 15 69 0 283 0 0 283 0 0.25 0 
2018/11/28 88.5 88.9 88.4 88.6 11 69 0 283 0 0 283 0 0.25 0 
2018/11/29 88.8 90 88.7 89.9 54 71 0 274 0 0 274 0 0.26 0 
2018/11/30 90 90.2 89.6 89.6 22 82 0 266 0 0 266 0 0.29 0 
2018/12/03 91 91.2 89.6 90 65 87 0 265 0 0 265 0 0.31 0 
2018/12/04 89.6 89.6 88.7 88.7 33 84 0 264 0 0 264 0 0.3 0 
2018/12/05 88.1 88.4 88.1 88.4 15 84 0 254 0 0 254 0 0.3 0 
2018/12/06 88.4 88.4 86.5 86.5 40 84 0 235 0 0 235 0 0.3 0 
2018/12/07 86.5 87.2 86.3 86.7 19 84 0 235 0 0 235 0 0.3 0 
2018/12/10 86.3 87.4 86.3 86.5 28 84 0 240 0 0 240 0 0.3 0 
2018/12/11 87 87 86.3 86.7 16 81 0 237 0 0 237 0 0.29 0 
2018/12/12 90 90 86.6 86.8 48 82 0 235 0 0 235 0 0.29 0 
2018/12/13 87 87.1 86.9 87.1 34 82 0 232 0 0 232 0 0.29 0 
2018/12/14 87 87 85.9 86.2 24 77 0 230 0 0 230 0 0.28 0 
2018/12/17 86.1 86.3 86 86.1 13 77 0 229 0 0 229 0 0.28 0 
2018/12/18 86.1 86.9 85.9 86 12 77 0 230 0 0 230 0 0.28 0 
2018/12/19 86 86 85 85.8 37 67 0 234 0 0 234 0 0.24 0 
2018/12/20 85.6 85.6 84.9 85.4 25 67 0 233 0 0 233 0 0.24 0 
2018/12/21 85.4 85.4 84 85 23 68 0 235 0 0 235 0 0.24 0 
2018/12/22 84.9 84.9 83.5 84.4 30 59 0 235 0 0 235 0 0.21 0 
2018/12/24 84.4 85.1 84.3 85 9 59 0 235 0 0 235 0 0.21 0 
2018/12/25 84 84.7 84 84.7 14 60 0 235 0 0 235 0 0.22 0 
2018/12/26 85 85.1 84.7 84.7 24 64 0 235 0 0 235 0 0.23 0 
2018/12/27 84.9 84.9 84.7 84.7 12 64 0 235 0 0 235 0 0.23 0 
2018/12/28 84.7 85 84.7 85 8 64 0 235 0 0 235 0 0.23 0 
2019/01/02 85 85 84 84.8 9 62 0 235 0 0 235 0 0.22 0 
2019/01/03 84.5 84.5 82.9 84.2 33 59 0 235 0 0 235 0 0.21 0 
2019/01/04 84 84.2 83.8 84 20 59 0 232 0 0 232 0 0.21 0 
2019/01/07 84 84.5 84 84 31 59 0 231 0 0 231 0 0.21 0 
2019/01/08 84.1 87.2 84.1 86 39 65 0 226 0 0 226 0 0.23 0 
2019/01/09 87.2 88.5 86.8 88.4 68 63 0 230 0 0 230 0 0.23 0 
2019/01/10 88.6 90 88.4 88.5 28 65 0 228 0 0 228 0 0.23 0 
2019/01/11 88.6 88.6 87.1 87.1 55 55 0 217 0 0 217 0 0.2 0 
2019/01/14 87 87 86.1 86.3 13 56 0 211 0 0 211 0 0.2 0 
2019/01/15 86.5 86.6 86.5 86.6 7 56 0 206 0 0 206 0 0.2 0 
2019/01/16 86.7 88.4 86.6 87.3 21 55 0 200 0 0 200 0 0.2 0 
2019/01/17 88 88 87.2 87.4 29 63 0 200 0 0 200 0 0.23 0 
2019/01/18 88 94.9 88 91.2 97 80 0 195 0 0 195 0 0.29 0 
2019/01/21 92.7 92.7 90.8 91.2 42 73 0 191 0 0 191 0 0.26 0 
2019/01/22 91.4 92.4 90.6 91.2 32 73 0 188 0 0 188 0 0.26 0 
2019/01/23 92.1 93.5 91 91.2 82 77 0 184 0 0 184 0 0.28 0 
2019/01/24 92.1 94 92 94 171 82 0 184 10 0 194 0 0.29 0 
2019/01/25 94 96.5 94 95.8 133 83 0 183 10 0 193 0 0.3 0 
2019/01/28 96.8 104.5 96.7 98.5 295 106 0 188 27 0 188 0 0.38 0 
2019/01/29 99.9 101.5 99 100 153 99 0 185 39 0 224 0 0.36 0 
2019/01/30 100 100 99 99 48 88 0 180 39 0 219 0 0.32 0 
2019/02/11 99.5 99.5 96 97.1 48 75 0 180 39 0 219 0 0.27 0 
2019/02/12 97.8 97.8 96.1 96.5 75 82 0 187 39 0 226 0 0.29 0 
2019/02/13 96.5 97 96.3 96.5 46 84 0 188 39 0 227 0 0.3 0 
2019/02/14 96.7 96.7 96.1 96.5 18 79 0 188 39 0 227 0 0.28 0 
2019/02/15 96.4 96.7 96.1 96.5 33 77 0 186 39 0 225 0 0.28 0 
2019/02/18 96.5 97 96.5 96.9 16 69 0 184 39 3 226 0 0.25 0 
2019/02/19 97 97 96.5 96.5 20 68 0 185 39 3 227 0 0.24 0 
2019/02/20 96.5 96.7 96.2 96.7 34 57 0 196 39 3 238 0 0.2 0 
2019/02/21 96.7 98.1 96.2 98.1 52 59 0 191 39 0 230 0 0.21 0 
2019/02/22 98.1 98.1 97.6 97.8 64 67 0 186 39 0 225 0 0.24 0 
2019/02/25 97.9 99.9 97.9 99.9 99 67 0 176 39 0 215 0 0.24 0 
2019/02/26 100 100 99.1 99.5 66 67 0 173 39 0 212 0 0.24 0 
2019/02/27 99.1 100 99.1 99.5 39 67 0 175 39 0 214 0 0.24 0 
2019/03/04 99.5 100.5 99.5 100 47 68 0 177 39 0 216 0 0.24 0 
2019/03/05 100 100 99.8 100 56 65 0 187 39 0 226 0 0.23 0 
2019/03/06 100 102 100 102 53 52 0 186 39 0 225 0 0.19 0 
2019/03/07 103.5 103.5 100.5 100.5 53 47 0 180 39 0 219 0 0.17 0 
2019/03/08 99.8 100.5 99.4 99.8 63 49 0 182 39 0 221 0 0.18 0 
2019/03/11 100 100.5 99.8 100.5 30 49 0 188 39 0 227 0 0.18 0 
2019/03/12 101.5 102 100.5 101.5 46 52 0 195 39 0 234 0 0.19 0 
2019/03/13 102 103 102 103 48 63 0 186 39 0 225 0 0.23 0 
2019/03/14 103.5 103.5 101.5 101.5 28 62 0 191 39 0 230 0 0.22 0 
2019/03/15 101.5 101.5 100.5 101.5 51 67 0 192 39 1 232 0 0.24 0 
2019/03/18 101.5 101.5 100 101 46 67 0 190 39 1 230 0 0.24 0 
2019/03/19 101 101 100 100 42 72 0 191 39 0 230 0 0.26 0 
2019/03/20 100 101 100 101 68 76 0 200 39 0 239 0 0.27 0 
2019/03/21 100.5 100.5 99.8 100.5 41 83 0 201 39 0 240 0 0.3 0 
2019/03/22 102 102 99.6 99.6 69 82 0 210 39 1 250 0 0.29 0 
2019/03/25 99.5 99.9 99.1 99.9 63 87 0 221 39 1 261 0 0.31 0 
2019/03/26 100 102.5 100 102.5 91 86 0 225 39 0 264 0 0.31 0 
2019/03/27 102.5 102.5 101 101.5 35 89 0 225 39 0 264 0 0.32 0 
2019/03/28 100.5 101 100 100 21 92 0 222 39 0 261 0 0.33 0 
2019/03/29 102 102 99.9 100.5 33 91 0 229 39 0 268 0 0.33 0 
2019/04/01 101.5 102 101 101 35 94 0 258 39 0 297 0 0.34 0 
2019/04/02 102 102.5 101.5 102.5 59 98 0 247 39 29 315 0 0.35 0 
2019/04/03 103 103 102 102.5 20 100 0 245 39 29 313 0 0.36 0 
2019/04/08 102 103 101.5 103 38 109 0 244 39 29 312 0 0.39 0 
2019/04/09 101.5 102 100.5 100.5 58 113 0 252 39 29 320 0 0.41 0 
2019/04/10 103 103 100.5 101 17 113 0 250 39 29 318 0 0.41 0 
2019/04/11 101 101 100.5 101 19 111 0 249 39 30 318 0 0.4 0 
2019/04/12 101 101 100.5 101 8 111 0 249 39 30 318 0 0.4 0 
2019/04/15 101 101.5 100.5 101 22 112 0 247 39 30 316 0 0.4 0 
2019/04/16 100.5 100.5 100 100 71 113 0 250 39 30 319 0 0.41 0 
2019/04/17 100 101 99.9 101 53 120 0 267 39 30 336 0 0.43 0 
2019/04/18 100.5 100.5 99 100 49 122 0 251 39 30 320 0 0.44 0 
2019/04/19 100.5 100.5 100 100.5 13 122 0 251 39 30 320 0 0.44 0 
2019/04/22 100.5 100.5 99.9 100 33 124 0 254 29 30 313 0 0.45 0 
2019/04/23 100 100 99.6 100 13 125 0 258 22 30 310 0 0.45 0 
2019/04/24 100 100 99.1 99.9 27 128 0 258 15 30 303 0 0.46 0 
2019/04/25 99.6 100 99 100 39 128 0 257 8 30 295 0 0.46 0 
2019/04/26 99.4 99.9 99.4 99.6 22 129 0 256 0 30 286 0 0.46 0 
2019/04/29 99.4 99.7 99.1 99.1 31 129 0 256 0 30 286 0 0.46 0 
2019/04/30 99.4 99.7 99.4 99.6 19 119 0 254 0 30 284 0 0.43 0 
2019/05/02 100 100.5 100 100.5 10 117 0 255 0 30 285 0 0.42 0 
2019/05/03 100.5 100.5 100 100 9 117 0 255 0 30 285 0 0.42 0 
2019/05/06 100 100 98.9 99 64 111 0 248 0 30 278 0 0.4 0 
2019/05/07 99 101.5 99 101.5 32 106 0 250 0 30 280 0 0.38 0 
2019/05/08 101 101 100 100 29 105 0 249 0 30 279 0 0.38 0 
2019/05/09 99.5 100 99 99.3 31 105 0 261 0 31 292 0 0.38 0 
2019/05/10 99.3 99.6 98.5 98.5 38 104 0 254 0 32 286 0 0.37 0 
2019/05/13 99 99 96 96.2 62 98 0 253 0 33 286 0 0.35 0 
2019/05/14 95.9 96 95.1 96 54 98 0 251 0 33 284 0 0.35 0 
2019/05/15 96 97.2 96 96.5 32 98 0 251 0 29 280 0 0.35 0 
2019/05/16 96.4 96.5 94 94 57 98 0 251 0 0 251 0 0.35 0 
2019/05/17 94.5 94.5 94 94 29 98 0 250 0 0 250 0 0.35 0 
2019/05/20 94 96.2 93.5 96.2 43 98 0 257 0 0 257 0 0.35 0 
2019/05/21 95.8 96.4 95.2 96.2 38 98 0 273 0 0 273 0 0.35 0 
2019/05/22 96.5 96.5 95.5 95.5 30 92 0 272 0 0 272 0 0.33 0 
2019/05/23 95.3 95.3 94 95 18 92 0 268 0 0 268 0 0.33 0 
2019/05/24 95 95 94.2 94.2 13 92 0 268 0 0 268 0 0.33 0 
2019/05/27 96.3 96.3 95 95 50 92 0 299 0 0 299 0 0.33 0 
2019/05/28 95 95.2 95 95.1 34 92 0 306 0 0 306 0 0.33 0 
2019/05/29 95.1 95.2 95 95 27 92 0 310 0 0 310 0 0.33 0 
2019/05/30 95.1 96 95.1 96 16 92 0 318 0 0 318 0 0.33 0 
2019/05/31 95.6 95.7 95.3 95.7 22 92 0 318 0 0 318 0 0.33 0 
2019/06/03 95 95.5 95 95.5 8 92 0 318 0 0 318 0 0.33 0 
2019/06/04 95 95.2 95 95 33 92 0 318 0 0 318 0 0.33 0 
2019/06/05 95 95.1 95 95.1 16 92 0 318 0 0 318 0 0.33 0 
2019/06/06 94.5 94.5 94.3 94.3 3 90 0 318 0 0 318 0 0.32 0 
2019/06/10 94.6 94.6 94.6 94.6 2 90 0 318 0 0 318 0 0.32 0 
2019/06/11 95.7 96.5 95.7 96.1 20 88 0 318 0 0 318 0 0.32 0 
2019/06/12 96.1 96.1 96 96 7 88 0 318 0 0 318 0 0.32 0 
2019/06/13 96 96 96 96 2 88 0 318 0 0 318 0 0.32 0 
2019/06/14 96 96 95.5 95.9 6 90 0 317 0 0 317 0 0.32 0 
2019/06/17 95.9 96.4 95.9 96.4 13 90 0 322 0 0 322 0 0.32 0 
2019/06/18 96 96.6 96 96.4 30 89 0 322 0 0 322 0 0.32 0 
2019/06/19 96.4 97.5 96.4 97.5 26 90 0 329 0 0 329 0 0.32 0 
2019/06/20 97.5 97.5 97 97.5 19 87 0 332 0 1 333 0 0.31 0 
2019/06/21 97.5 98.5 97.5 98.5 26 87 0 341 0 2 343 0 0.31 0 
2019/06/24 98.5 99.4 98.3 99.4 20 87 0 355 0 2 357 0 0.31 0 
2019/06/25 99 99 98 98.2 19 89 0 355 0 2 357 0 0.32 0 
2019/06/26 98.2 98.2 98 98.2 6 88 0 355 0 2 357 0 0.32 0 
2019/06/27 98.7 99.5 98.7 99.3 20 86 0 366 0 2 368 0 0.31 0 
2019/06/28 99 99 98 98 9 85 0 366 0 2 368 0 0.31 0 
2019/07/01 99.3 99.3 98 99 36 88 0 368 0 3 371 0 0.32 0 
2019/07/02 99 99.5 99 99 14 85 0 369 0 3 372 0 0.31 0 
2019/07/03 99 99 98 98.9 25 85 0 379 0 3 382 0 0.31 0 
2019/07/04 99 99.5 98.4 98.8 8 85 0 380 0 3 383 0 0.31 0 
2019/07/05 98.8 98.8 98.5 98.7 6 86 0 380 0 3 383 0 0.31 0 
2019/07/08 97.9 97.9 96.5 97.2 40 103 0 379 0 3 382 0 0.37 0 
2019/07/09 97.4 97.6 97.4 97.5 11 113 0 379 0 2 381 0 0.41 0 
2019/07/10 97.5 97.5 97 97 12 117 0 375 0 2 377 0 0.42 0 
2019/07/11 97 97.3 97 97.3 19 118 0 375 0 3 378 0 0.42 0 
2019/07/12 96.4 97.2 96.3 97.1 21 118 0 375 0 3 378 0 0.42 0 
2019/07/15 96.5 97.1 96.5 97.1 13 119 0 375 0 2 377 0 0.43 0 
2019/07/16 97.1 97.1 97.1 97.1 9 119 0 375 0 2 377 0 0.43 0 
2019/07/17 97.7 99 96.5 98.8 28 116 0 377 0 2 379 0 0.42 0 
2019/07/18 99 99 98.8 98.8 15 116 0 377 0 2 379 0 0.42 0 
2019/07/19 98.8 98.8 98.5 98.5 17 116 0 380 0 1 381 0 0.42 0 
2019/07/22 97.5 98.5 97.5 98.5 17 116 0 380 0 1 381 0 0.42 0 
2019/07/23 97.8 98.3 97.4 97.4 25 116 0 376 0 0 376 0 0.42 0 
2019/07/24 97.4 97.4 96.5 96.8 25 124 0 367 0 0 367 0 0.45 0 
2019/07/25 96.6 96.6 96.1 96.3 19 123 0 366 0 0 366 0 0.44 0 
2019/07/26 96.3 97 96.3 96.3 25 123 0 366 0 0 366 0 0.44 0 
2019/07/29 96.3 96.4 96 96.4 59 129 0 365 0 0 365 0 0.46 0 
2019/07/30 96.4 96.4 96 96.2 37 129 0 365 0 0 365 0 0.46 0 
2019/07/31 96.2 96.6 96 96.6 34 129 0 362 0 0 362 0 0.46 0 
2019/08/01 96.1 96.5 95.8 95.8 43 130 0 360 0 0 360 0 0.47 0 
2019/08/02 95.7 95.7 95.3 95.6 57 130 0 344 0 0 344 0 0.47 0 
2019/08/05 95.3 95.3 94.6 94.6 59 131 0 333 0 0 333 0 0.47 0 
2019/08/06 94.5 94.5 93.9 94.5 42 127 0 335 0 0 335 0 0.46 0 
2019/08/07 95 95.3 94.5 94.5 34 129 0 345 0 0 345 0 0.46 0 
2019/08/08 95.5 95.5 94.5 94.8 66 128 0 366 0 1 367 0 0.46 0 
2019/08/12 90 91.9 90 91 24 116 0 342 0 1 343 0 0.42 0 
2019/08/13 90.7 90.7 90 90 55 112 0 308 0 1 309 0 0.4 0 
2019/08/14 90 90.1 88.8 88.8 109 86 0 304 0 2 306 0 0.31 0 
2019/08/15 88.5 89.2 88.5 88.6 20 86 0 304 0 2 306 0 0.31 0 
2019/08/16 88.6 89.7 88.5 89.7 17 76 0 307 0 2 309 0 0.27 0 
2019/08/19 90 90.2 89.9 90.2 15 75 0 301 0 2 303 0 0.27 0 
2019/08/20 90.2 90.2 90.2 90.2 9 75 0 297 0 6 303 0 0.27 0 
2019/08/21 90 92.3 89.9 91.8 44 77 0 311 0 9 320 0 0.28 0 
2019/08/22 91 91 90.6 90.6 9 77 0 311 0 9 320 0 0.28 0 
2019/08/23 90.5 91.1 90.5 91.1 9 77 0 316 0 9 325 0 0.28 0 
2019/08/26 90.5 90.6 89.6 89.6 42 77 0 324 0 9 333 0 0.28 0 
2019/08/27 90 91.1 90 90.2 19 74 0 324 0 9 333 0 0.27 0 
2019/08/28 91 91.5 91 91 11 74 0 325 0 9 334 0 0.27 0 
2019/08/29 90.4 90.6 90.1 90.6 7 74 0 324 0 9 333 0 0.27 0 
2019/08/30 90.5 91 90.5 90.9 12 74 0 324 0 14 338 0 0.27 0 
2019/09/02 90.9 91.5 90.9 91.5 6 74 0 324 0 14 338 0 0.27 0 
2019/09/03 91.6 91.6 91.5 91.5 8 74 0 324 0 14 338 0 0.27 0 
2019/09/04 91.5 91.5 91.5 91.5 8 74 0 324 0 14 338 0 0.27 0 
2019/09/05 91.8 91.8 91.6 91.7 5 69 0 323 0 14 337 0 0.25 0 
2019/09/06 91.8 92.6 91.7 92.5 19 68 0 328 0 14 342 0 0.24 0 
2019/09/09 91.4 91.5 90.5 90.6 40 68 0 328 0 14 342 0 0.24 0 
2019/09/10 90.8 91 90.8 90.9 19 67 0 328 0 14 342 0 0.24 0 
2019/09/11 90.6 90.9 90.6 90.9 16 67 0 333 0 14 347 0 0.24 0 
2019/09/12 90.2 90.6 90.2 90.6 20 67 0 350 0 14 364 0 0.24 0 
2019/09/16 90.6 90.6 90.2 90.3 14 67 0 351 0 13 364 0 0.24 0 
2019/09/17 90.1 90.2 90 90 20 65 0 353 0 13 366 0 0.23 0 
2019/09/18 91.5 92.5 90.2 90.8 25 64 0 369 0 13 382 0 0.23 0 
2019/09/19 90.6 90.7 90.6 90.6 3 64 0 369 0 13 382 0 0.23 0 
2019/09/20 90.6 90.6 90.5 90.5 5 64 0 368 0 13 381 0 0.23 0 
2019/09/23 90.5 91.4 90.5 91.1 30 64 0 366 0 15 381 0 0.23 0 
2019/09/24 91 91.2 91 91.2 19 64 0 368 0 17 385 0 0.23 0 
2019/09/25 91.2 91.2 91.2 91.2 1 64 0 368 0 17 385 0 0.23 0 
2019/09/26 91.8 91.8 91 91.1 11 64 0 362 0 17 379 0 0.23 0 
2019/09/27 91.1 91.1 90.7 90.7 28 64 0 348 0 17 365 0 0.23 0 
2019/10/01 90.7 91.4 90.7 91.4 24 64 0 348 0 17 365 0 0.23 0 
2019/10/02 91.1 91.3 90.6 90.6 37 64 0 346 0 9 355 0 0.23 0 
2019/10/03 91 91 90.5 90.5 20 64 0 339 0 9 348 0 0.23 0 
2019/10/04 90.5 90.5 89.6 90 96 64 0 328 0 9 337 0 0.23 0 
2019/10/07 90 90 89 89.3 91 64 0 328 0 9 337 0 0.23 0 
2019/10/08 89.3 89.9 89.1 89.6 33 64 0 331 0 9 340 0 0.23 0 
2019/10/09 89.5 89.5 88.8 89 65 64 0 331 0 9 340 0 0.23 0 
2019/10/14 89.4 90 89.2 90 40 64 0 342 0 9 351 0 0.23 0 
2019/10/15 89.8 89.8 88.3 88.4 105 64 0 341 0 9 350 0 0.23 0 
2019/10/16 88.4 88.4 87 87.1 193 64 0 354 0 9 363 0 0.23 0 
2019/10/17 87.1 88.1 87.1 88.1 35 64 0 360 0 9 369 0 0.23 0 
2019/10/18 88.1 88.5 87.8 88 39 65 0 370 0 9 379 0 0.23 0 
2019/10/21 87.6 88 87.6 87.9 44 65 0 378 0 9 387 0 0.23 0 
2019/10/22 88 88.3 87.6 87.9 56 68 0 375 0 9 384 0 0.24 0 
2019/10/23 88 88 87.5 87.7 61 67 0 371 0 9 380 0 0.24 0 
2019/10/24 87.5 87.6 87.1 87.1 60 68 0 371 0 9 380 0 0.24 0 
2019/10/25 87.1 87.1 86.4 86.5 106 68 0 357 0 9 366 0 0.24 0 
2019/10/28 86.5 86.8 85.7 85.8 84 67 0 356 0 9 365 0 0.24 0 
2019/10/29 85.8 86.7 85.8 86.1 17 67 0 354 0 9 363 0 0.24 0 
2019/10/30 85.8 86.1 85.7 85.8 32 67 0 353 0 9 362 0 0.24 0 
2019/10/31 85.6 86 85.6 86 36 67 0 353 0 9 362 0 0.24 0 
2019/11/01 85.9 86.2 85.8 86 21 67 0 351 0 9 360 0 0.24 0 
2019/11/04 85.9 86.3 85.9 85.9 32 67 0 361 0 9 370 0 0.24 0 
2019/11/05 86.1 86.5 85.9 86 57 69 0 366 0 9 375 0 0.25 0 
2019/11/06 86 86.7 85.9 86.7 39 72 0 366 0 10 376 0 0.26 0 
2019/11/07 86.8 86.9 85.9 86 57 71 0 375 0 10 385 0 0.26 0 
2019/11/08 86 86.2 85.8 85.8 192 71 0 384 0 10 394 0 0.26 0 
2019/11/11 86 86.5 85.9 86 139 72 0 397 0 10 407 0 0.26 0 
2019/11/12 86 86 85.9 85.9 61 72 0 397 0 10 407 0 0.26 0 
2019/11/13 86 86.1 85.9 85.9 84 76 0 394 0 10 404 0 0.27 0 
2019/11/14 85.9 85.9 85.7 85.8 35 76 0 392 0 10 402 0 0.27 0 
2019/11/15 85.8 86 85.8 86 34 76 0 398 0 1 399 0 0.27 0 
2019/11/18 86 86 85.9 85.9 13 76 0 398 0 1 399 0 0.27 0 
2019/11/19 86 86.1 85.9 86.1 57 76 0 410 0 0 410 0 0.27 0 
2019/11/20 86.1 86.4 86 86.4 86 77 0 450 0 0 450 0 0.28 0 
2019/11/21 86.4 86.4 85.9 86.1 70 73 0 434 0 0 434 0 0.26 0 
2019/11/22 86 86 85.9 85.9 36 73 0 433 0 0 433 0 0.26 0 
2019/11/25 85.9 86 85.7 85.7 39 69 0 435 0 0 435 0 0.25 0 
2019/11/26 85.7 85.8 85.7 85.7 22 67 0 435 0 0 435 0 0.24 0 
2019/11/27 85.7 85.7 85.4 85.4 46 65 0 435 0 0 435 0 0.23 0 
2019/11/28 86.5 86.5 85.7 85.7 12 63 0 433 0 0 433 0 0.23 0 
2019/11/29 85.7 86.2 85.7 85.8 23 63 0 422 0 0 422 0 0.23 0 
2019/12/02 85.8 86.2 85.8 86.1 14 63 0 423 0 0 423 0 0.23 0 
2019/12/03 86 86 85.8 85.8 31 63 0 429 0 0 429 0 0.23 0 
2019/12/04 86 86 85 85 139 56 0 433 0 0 433 0 0.2 0 
2019/12/05 85.2 85.5 85 85.1 15 56 0 436 0 0 436 0 0.2 0 
2019/12/06 85.1 85.6 84.6 84.8 33 56 0 437 0 0 437 0 0.2 0 
2019/12/09 84.8 85 84.5 84.5 65 56 0 440 0 0 440 0 0.2 0 
2019/12/10 84.5 84.7 83.2 84 94 56 0 446 0 0 446 0 0.2 0 
2019/12/11 83.5 84 83.5 83.5 41 56 0 448 0 0 448 0 0.2 0 
2019/12/12 83.5 83.8 82.9 83.8 73 57 0 463 0 0 463 0 0.2 0 
2019/12/13 84.3 84.6 83.8 83.9 43 57 0 462 0 0 462 0 0.2 0 
2019/12/16 84.9 85.2 84.4 85 51 57 0 478 0 0 478 0 0.2 0 
2019/12/17 85 85.3 85 85.2 27 57 0 490 0 0 490 0 0.2 0 
2019/12/18 85.2 85.5 85.1 85.5 30 57 0 510 0 0 510 0 0.2 0 
2019/12/19 85.5 85.5 84.5 85 61 62 0 508 0 0 508 0 0.22 0 
2019/12/20 85 85 84.6 85 15 62 0 508 0 0 508 0 0.22 0 
2019/12/23 84.6 84.6 83.7 83.8 142 62 0 486 0 0 486 0 0.22 0 
2019/12/24 83.5 83.8 83.1 83.2 51 62 0 481 0 0 481 0 0.22 0 
2019/12/25 83.2 83.5 83.1 83.3 23 62 0 483 0 0 483 0 0.22 0 
2019/12/26 83.2 83.2 82.9 83 113 63 0 485 0 0 485 0 0.23 0 
2019/12/27 83.4 83.6 83.2 83.6 10 63 0 482 0 0 482 0 0.23 0 
2019/12/30 83.6 83.6 82.9 83 52 67 0 481 0 0 481 0 0.24 0 
2019/12/31 83 83.7 82.9 83.2 13 67 0 480 0 0 480 0 0.24 0 
2020/01/02 83 84.3 83 84 34 67 0 491 0 0 491 0 0.24 0 
2020/01/03 84 84.2 83.5 83.6 44 66 0 501 0 0 501 0 0.24 0 
2020/01/06 83.6 83.6 83.1 83.2 22 66 0 501 0 0 501 0 0.24 0 
2020/01/07 83.3 83.4 83 83 24 67 0 502 0 0 502 0 0.24 0 
2020/01/08 82.9 83.4 82.9 83.4 33 65 0 500 0 0 500 0 0.23 0 
2020/01/09 83.3 83.3 83.1 83.3 24 64 0 503 0 0 503 0 0.23 0 
2020/01/10 83.1 83.1 82.7 83 36 64 0 503 0 0 503 0 0.23 0 
2020/01/13 83 83 82.4 82.4 73 63 0 510 0 0 510 0 0.23 0 
2020/01/14 82.1 82.1 81.7 81.8 76 63 0 507 0 0 507 0 0.23 0 
2020/01/15 81.8 81.8 81.6 81.7 23 58 0 473 0 0 473 0 0.21 0 
2020/01/16 81.8 82.6 81.6 82.6 68 59 0 479 0 0 479 0 0.21 0 
2020/01/17 82.9 83 82.7 82.9 20 60 0 479 0 0 479 0 0.22 0 
2020/01/20 82.2 82.3 81.8 82 63 60 0 477 0 0 477 0 0.22 0 
2020/01/30 81 81 78.2 79.2 155 60 0 468 0 1 469 0 0.22 0 
2020/01/31 79.2 79.5 79 79 37 60 0 464 0 0 464 0 0.22 0 
2020/02/03 78.5 78.5 77.2 77.4 60 60 0 462 0 1 463 0 0.22 0 
2020/02/04 77.4 77.8 77.4 77.5 40 60 0 460 0 1 461 0 0.22 0 
2020/02/05 77.4 77.4 77 77.1 40 59 0 456 0 1 457 0 0.21 0 
2020/02/06 77.1 77.3 77.1 77.3 30 62 0 458 0 1 459 0 0.22 0 
2020/02/07 77.5 77.5 76.2 76.2 78 62 0 439 0 0 439 0 0.22 0 
2020/02/10 76 76 74.6 74.6 67 62 0 433 0 0 433 0 0.22 0 
2020/02/11 74 74.6 73.3 74.6 58 74 0 434 0 0 434 0 0.27 0 
2020/02/12 74.6 76.2 74.6 75.6 20 74 0 432 0 0 432 0 0.27 0 
2020/02/13 75.6 78 75.6 76.1 29 73 0 421 0 0 421 0 0.26 0 
2020/02/14 76 76.1 75.8 76 21 73 0 421 0 0 421 0 0.26 0 
2020/02/17 76.1 77.4 76.1 77.4 33 74 0 424 0 0 424 0 0.27 0 
2020/02/18 77.4 77.4 77 77.1 11 74 0 423 0 0 423 0 0.27 0 
2020/02/19 77 77.5 76.9 77.3 22 74 0 429 0 0 429 0 0.27 0 
2020/02/20 77.3 77.9 77.3 77.9 14 74 0 428 0 0 428 0 0.27 0 
2020/02/21 77.9 78.2 77.8 78.2 13 75 0 427 0 0 427 0 0.27 0 
2020/02/24 77.8 77.8 75.1 77.3 28 75 0 424 0 0 424 0 0.27 0 
2020/02/25 77.2 77.2 76.8 77 13 75 0 424 0 0 424 0 0.27 0 
2020/02/26 76.6 77.4 76.6 77.4 30 75 0 430 0 0 430 0 0.27 0 
2020/02/27 76.9 76.9 76.2 76.2 38 75 0 421 0 0 421 0 0.27 0 
2020/03/02 75 75 73.2 74 109 73 0 435 0 2 437 0 0.26 0 
2020/03/03 74.2 75.5 74.2 75 40 73 0 436 0 3 439 0 0.26 0 
2020/03/04 74.6 74.6 74 74.5 19 73 0 437 0 3 440 0 0.26 0 
2020/03/05 74 74.9 74 74.9 29 73 0 437 0 3 440 0 0.26 0 
2020/03/06 74.5 74.8 74.5 74.6 32 73 0 429 0 1 430 0 0.26 0 
2020/03/09 74 74 71.9 71.9 76 71 0 436 0 1 437 0 0.26 0 
2020/03/10 70.3 70.3 68.8 69.8 89 58 0 444 0 0 444 0 0.21 0 
2020/03/11 69.5 69.5 67.6 68.5 54 58 0 441 0 0 441 0 0.21 0 
2020/03/12 67.6 67.6 65.1 65.4 87 49 0 441 0 0 441 0 0.18 0 
2020/03/13 59.2 62.5 58.9 62.5 154 65 0 432 0 0 432 0 0.23 0 
2020/03/16 61.9 61.9 59.5 59.8 39 62 0 429 0 0 429 0 0.22 0 
2020/03/17 58.1 58.1 55.2 55.2 82 65 0 420 0 0 420 0 0.23 0 
2020/03/18 54.9 55 51 51 142 87 0 417 0 0 417 0 0.31 0 
