1998/02/06 53.5 61.5 53.5 56.5 3431 
1998/02/13 56 59 53.5 54.5 3195 
1998/02/20 54 60.5 52 59.5 5281 
1998/02/27 60 61 55 56 2205 
1998/03/06 56 56 52 52.5 1196 
1998/03/13 53 54.5 52 53 540 
1998/03/20 53 54 52 52 838 
1998/03/27 52 56.5 51 55.5 1449 
1998/04/03 56 60 54 60 4186 
1998/04/10 60 69.5 59 69 7525 
1998/04/17 69 69 62 64.5 4603 
1998/04/24 64.5 64.5 57 61 1835 
1998/05/01 61 64 57.5 63 2064 
1998/05/08 63 64 61.5 62.5 1322 
1998/05/15 62.5 65 60.5 62 2385 
1998/05/22 63 64.5 61.5 64.5 2108 
1998/05/29 64.5 69 64.5 66 5792 
1998/06/05 65.5 66 58 63 1633 
1998/06/12 65 65 57 57.5 1491 
1998/06/19 57 62 56 60.5 1652 
1998/06/26 59.5 61 58 61 904 
1998/07/03 61 64 58 62 2329 
1998/07/10 62 65.5 60.5 65.5 2703 
1998/07/17 56.5 63 51.5 63 6182 
1998/07/24 63 69.5 60 69.5 7387 
1998/07/31 68 74 68 72.5 5573 
1998/08/07 74 74 65.5 67 1421 
1998/08/14 67 71 64 69.5 1273 
1998/08/21 69.5 76 66 76 3543 
1998/08/28 74 74 67 72 1809 
1998/09/04 67 70 63.5 69.5 2801 
1998/09/11 68.5 69.5 65 66 524 
1998/09/18 65.5 67 63.5 64 589 
1998/09/25 64 69 63 66 1106 
1998/10/02 65.5 71.5 63 65 2565 
1998/10/09 63.5 66 60.5 62.5 975 
1998/10/16 62.5 64 61 62.5 335 
1998/10/23 63 63.5 59 59 474 
1998/10/30 59 62 56.5 62 828 
1998/11/06 62.5 62.5 59 61 701 
1998/11/13 61 63.5 60 62 718 
1998/11/20 62 66 62 64 1250 
1998/11/27 64 64 61.5 62.5 415 
1998/12/04 62.5 62.5 59.5 60 514 
1998/12/11 61 62 59.5 59.5 592 
1998/12/18 60 67 59.5 62.5 2445 
1998/12/25 63.5 66.5 61 66.5 1818 
1999/01/01 66.5 67 63.5 63.5 2670 
1999/01/08 64 65 59 62.5 1344 
1999/01/15 63 67 61 62.5 2795 
1999/01/22 61.5 64.5 61.5 61.5 706 
1999/01/29 61 61.5 56 56.5 792 
1999/02/05 56.5 56.5 45.5 48.2 1485 
1999/02/12 49 51 48 49.3 588 
1999/02/19 51 51 49.5 49.6 116 
1999/02/26 50 51.5 48 48.5 358 
1999/03/05 48.5 49 45.9 46 668 
1999/03/12 46 49.5 44.6 47.5 738 
1999/03/19 47.1 50 46.6 49.5 1057 
1999/03/26 50 52.5 48.8 48.9 1730 
1999/04/02 49 49.6 46 49.4 996 
1999/04/09 50 54 48.3 54 1655 
1999/04/16 55 59.5 53.5 55 4144 
1999/04/23 55.5 55.5 49.5 51 1791 
1999/04/30 51.5 52.5 50 51.5 731 
1999/05/07 52.5 55 50 53 1987 
1999/05/14 53 62 52 61.5 6956 
1999/05/21 61.5 75 61.5 72 12645 
1999/05/28 73.5 82 69 76 14210 
1999/06/04 76 76.5 66.5 71 8701 
1999/06/11 70.5 73.5 68 68 6439 
1999/06/18 68 68 61 65 3703 
1999/06/25 65.5 70.5 61 68 6139 
1999/07/02 70 78.5 69.5 77.5 11299 
1999/07/09 78 80 68 79 9465 
1999/07/16 80 91 70 79.5 21206 
1999/07/23 80 97 77.5 90.5 13758 
1999/07/30 92 96.5 65.5 70 9252 
1999/08/06 68.5 70.5 62 70 6391 
1999/08/13 71.5 78.5 68 70.5 8234 
1999/08/20 71 87 71 82 12225 
1999/08/27 81 82.5 75.5 76 7199 
1999/09/03 75 82 70.5 82 15610 
1999/09/10 83.5 87 78 79.5 15789 
1999/09/17 79.5 80 74 78 6611 
1999/09/24 77 78.5 75.5 76 893 
1999/10/01 73.5 73.5 68.5 69 7856 
1999/10/08 68 69 64.5 65 5627 
1999/10/15 64 72 62.5 69 6450 
1999/10/22 68 69 65 65 2473 
1999/10/29 67.5 67.5 63 67.5 4366 
1999/11/05 68.5 68.5 64 66 3028 
1999/11/12 65 66.5 64 66.5 1718 
1999/11/19 66.5 86 66 85 23255 
1999/11/26 84.5 84.5 74 75.5 16320 
1999/12/03 77 84.5 76 82 14653 
1999/12/10 83 88 75.5 75.5 18759 
1999/12/17 77 80 75 77 8694 
1999/12/24 77.5 82 76 81.5 9435 
1999/12/31 81.5 82 74.5 78.5 7283 
2000/01/07 79 81 76 76.5 9746 
2000/01/14 77.5 88 76 85.5 27852 
2000/01/21 87 92 81.5 84.5 19424 
2000/01/28 85.5 88 81 83.5 10998 
2000/02/04 83.5 95 83.5 95 13379 
2000/02/11 99 116 92 116 16405 
2000/02/18 124 147 117.5 142.5 30342 
2000/02/25 143.5 147 124 139 17010 
2000/03/03 142 148 128 145 23094 
2000/03/10 145 177 140 160 36509 
2000/03/17 149 151 122 124.5 22151 
2000/03/24 120.5 165 120.5 159 41323 
2000/03/31 159 172 150 163 33856 
2000/04/07 157 163 140 153 16550 
2000/04/14 154 159 127.5 127.5 19661 
2000/04/21 125 137 112 117 14659 
2000/04/28 115 115 94.5 102.5 26224 
2000/05/05 103 107.5 89 106 23501 
2000/05/12 107 115.5 104 112 29387 
2000/05/19 114 130 109.5 114.5 25253 
2000/05/26 116 121 105 105.5 13944 
2000/06/02 105.5 128.5 105 125 22491 
2000/06/09 126 136 123 125 16745 
2000/06/16 125.5 126 110 114 20051 
2000/06/23 114 124 109.5 120.5 22560 
2000/06/30 120.5 120.5 100 101 12105 
2000/07/07 101 102.5 87 88 13154 
2000/07/14 88 102 81 102 23406 
2000/07/21 102 105 96 96.5 18740 
2000/07/28 96 98 82 88.5 13577 
2000/08/04 87.5 88.5 78 86.5 12508 
2000/08/11 85.5 99 85 99 12161 
2000/08/18 83 94 79 93.5 28268 
2000/08/25 93.5 94.5 84 85.5 18677 
2000/09/01 85.5 97.5 82 97.5 53121 
2000/09/08 99 109 97.5 103 54874 
2000/09/15 101 111 100.5 105 33207 
2000/09/22 102 105 88 89 20752 
2000/09/29 89 104 88 97.5 35073 
2000/10/06 97.5 101 80 91 32521 
2000/10/13 93 93 75.5 84.5 18045 
2000/10/20 90 90 66.5 67.5 40474 
2000/10/27 65.5 76 63.5 70 40188 
2000/11/03 68 68.5 61 65 27197 
2000/11/10 66 81 64.5 81 45620 
2000/11/17 75.5 79 69.5 73.5 38826 
2000/11/24 70 75 66.5 72.5 57771 
2000/12/01 73.5 76 67.5 67.5 46191 
2000/12/08 67.5 67.5 57.5 57.5 26223 
2000/12/15 58 63.5 57 59.5 26145 
2000/12/22 59.5 59.5 51 51 6714 
2000/12/29 51.5 52.5 46 49.5 15988 
2001/01/05 49.5 63.5 49.4 63.5 13877 
2001/01/12 63.5 73 63 73 60097 
2001/01/19 72 76.5 69 71.5 42059 
2001/02/02 69 77.5 67.5 74.5 78504 
2001/02/09 74 79 71.5 76 71791 
2001/02/16 77 84 75 76 74859 
2001/02/23 72 76 70.5 73 27975 
2001/03/02 73.5 74 62.5 64.5 31970 
2001/03/09 64 70 61 65.5 43619 
2001/03/16 64 69.5 62.5 65.5 28607 
2001/03/23 65.5 69.5 64 67 22535 
2001/03/30 67.5 72 67 70.5 43991 
2001/04/06 72 72 61.5 66.5 20609 
2001/04/13 65 72.5 64 69 34680 
2001/04/20 69 75.5 67 73.5 43562 
2001/04/27 73.5 77 70 70.5 34227 
2001/05/04 69 69.5 58.5 58.5 22179 
2001/05/11 58.5 61 55 59 21742 
2001/05/18 58.5 59.5 56 57 10972 
2001/05/25 56 56 47 52 23690 
2001/06/01 51 53.5 50 50.5 14264 
2001/06/08 50.5 56 49 56 18823 
2001/06/15 54.5 57.5 50 53 22022 
2001/06/22 53 53 49.5 49.7 7880 
2001/06/29 48.6 50.5 44 50.5 12925 
2001/07/06 50.5 50.5 45 46.9 14209 
2001/07/13 45.2 53.5 45.1 49.7 34621 
2001/07/20 50.5 54.5 48.9 51.5 19368 
2001/07/27 52.5 52.5 37.5 45.8 34373 
2001/08/03 45.1 46.4 41.5 44.4 33578 
2001/08/10 45 48.9 44.5 45.8 33194 
2001/08/17 46 47.6 44.8 45 24777 
2001/08/24 43.3 44.2 38.1 38.1 31723 
2001/08/31 39 42.2 38.6 39.7 33705 
2001/09/07 40.3 40.5 34.4 34.6 16661 
2001/09/14 33.5 35.4 28.1 28.1 6995 
2001/09/21 27.2 28.8 26.4 26.4 8649 
2001/09/28 26.4 31.8 26.4 30.8 36554 
2001/10/05 30.2 30.2 23.2 24.1 23583 
2001/10/12 23.1 28.6 23.1 26.8 36220 
2001/10/19 26.4 28.5 25.1 27.9 34024 
2001/10/26 28.4 31.3 27.6 30.4 44744 
2001/11/02 30.6 34 29.2 34 41566 
2001/11/09 35 38.6 34.1 36.6 66639 
2001/11/16 36.6 41.9 35.6 39.6 76786 
2001/11/23 39.1 41.4 37.1 39.6 56800 
2001/11/30 40.5 46.8 40.5 45.6 97054 
2001/12/07 46.8 54 46.8 52 66035 
2001/12/14 52 61 49.4 61 74705 
2001/12/21 60 60.5 53 59 53211 
2001/12/28 61 68.5 60 67 56154 
2002/01/04 68 70 61 61.5 41438 
2002/01/11 61.5 68.5 60 62 71204 
2002/01/18 58 62.5 55 58.5 43568 
2002/01/25 58.5 64.5 58.5 63.5 56674 
2002/02/01 64 70.5 61.5 68 74475 
2002/02/08 68 71 65.5 69.5 21075 
2002/02/22 70.5 72 60.5 63 28553 
2002/03/01 63.5 64.5 60 60.5 18613 
2002/03/08 62.5 67.5 61 65.5 37715 
2002/03/15 66.5 68 62.5 65.5 31007 
2002/03/22 66.5 73.5 64.5 70 47886 
2002/03/29 70 70.5 61.5 63.5 28267 
2002/04/05 63.5 68.5 62 63.5 16616 
2002/04/12 63 63.5 56.5 63.5 28037 
2002/04/19 63.5 67 61 65.5 27493 
2002/04/26 67 67 63 65 14463 
2002/05/03 64.5 69.5 64 67 38227 
2002/05/10 66.5 68.5 60.5 65.5 23500 
2002/05/17 64.5 66 63 64.5 15841 
2002/05/24 63 63 53 55.5 36566 
2002/05/31 55 56 53 55 23887 
2002/06/07 55 55 50.5 51.5 13410 
2002/06/14 53 56 49.5 55.5 15707 
2002/06/21 56.5 58 51.5 57 20947 
2002/06/28 56 57 53.5 56 13632 
2002/07/05 56 56.5 49 56.5 16893 
2002/07/12 58.5 62.5 57.5 62.5 24995 
2002/07/19 64 65.5 60 62.5 22026 
2002/07/26 62 64.5 56.5 56.5 20572 
2002/08/02 55.5 61.5 53 59 19862 
2002/08/09 55 59 52 56 22765 
2002/08/16 56 62.5 55.5 61.5 27756 
2002/08/23 62 68 60 66 34398 
2002/08/30 66 67.5 61 65 23468 
2002/09/06 65 67 61.5 64.5 22322 
2002/09/13 64 71.5 62.5 70.5 38091 
2002/09/20 70.5 71 66 67.5 32087 
2002/09/27 67.5 67.5 59 63 30071 
2002/10/04 62 65 60 64.5 18215 
2002/10/11 63.5 64 59.5 59.5 18938 
2002/10/18 60 69.5 56 69.5 39368 
2002/10/25 69.5 77.5 68 75 42901 
2002/11/01 77 78.5 71 75.5 33632 
2002/11/08 77.5 84 72.5 80.5 36315 
2002/11/15 79.5 84 77 81 30775 
2002/11/22 81 84 77 78.5 25627 
2002/11/29 78.5 81.5 77 80 14245 
2002/12/06 81 85.5 80 82.5 19366 
2002/12/13 84 84 74.5 75 17033 
2002/12/20 74 79 72.5 77.5 12939 
2002/12/27 77.5 78 70.5 74 16664 
2003/01/03 73 80 72.5 80 14660 
2003/01/10 80.5 83 77 78 18843 
2003/01/17 78.5 85 77.5 78 20654 
2003/01/24 77.5 78 72.5 74 13865 
2003/01/31 73.5 76.5 71.5 76.5 4998 
2003/02/07 76 76 66.5 70 7981 
2003/02/14 68.5 70.5 62 65 14953 
2003/02/21 67.5 71.5 67.5 69.5 13306 
2003/02/28 69.5 70 67 68.5 6357 
2003/03/07 69.5 70 58.5 61.5 18842 
2003/03/14 61.5 68 61 66 14978 
2003/03/21 65.5 70 64 67.5 16952 
2003/03/28 68 68 64 67 6644 
2003/04/04 67 67 60 65 14629 
2003/04/11 64.5 66 61.5 63 10190 
2003/04/18 63 67.5 60.5 67.5 13770 
2003/04/25 67 68 58.5 60 18936 
2003/05/02 60 61.5 56 58.5 10074 
2003/05/09 58.5 60.5 51.5 54.5 16155 
2003/05/16 54.5 59 52.5 57 12475 
2003/05/23 56 58 54 58 10982 
2003/05/30 59.5 66 59.5 65 28543 
2003/06/06 67 67.5 62.5 66 19350 
2003/06/13 65 67.5 64 65.5 25164 
2003/06/20 66 69.5 65 66.5 27460 
2003/06/27 66.5 67.5 61.5 64 20615 
2003/07/04 65.5 73 64 71.5 24172 
2003/07/11 71.5 75.5 69.5 71.5 20510 
2003/07/18 72 75.5 71 71 13443 
2003/07/25 72.5 76.5 69 75.5 14024 
2003/08/01 78.5 81 74 79 24907 
2003/08/08 80 83 71.5 72 23166 
2003/08/15 71 76.5 70 72 14040 
2003/08/22 73 75 71.5 74 7984 
2003/08/29 74 74 64.5 67 14323 
2003/09/05 67 68.5 65 66 17194 
2003/09/12 66 74 65.5 74 22793 
2003/09/19 74.5 78 71.5 76 24828 
2003/09/26 75 76.5 71 73.5 13659 
2003/10/03 72.5 74 70 73 9159 
2003/10/10 74.5 76 73 74.5 11448 
2003/10/17 74.5 79.5 72.5 79 19614 
2003/10/24 79.5 82 74 74.5 18452 
2003/10/31 74.5 78.5 74 74.5 15746 
2003/11/07 74.5 78 73 74 19835 
2003/11/14 74 76 73 75.5 15015 
2003/11/21 74.5 75.5 68 70 11879 
2003/11/28 70 73 69.5 72 8988 
2003/12/05 72 73.5 71 71 8876 
2003/12/12 71 73.5 70 71.5 6905 
2003/12/19 72 73 67 68 10699 
2003/12/26 68 69.5 66 69.5 7285 
2004/01/02 69.5 72.5 68.5 71.5 4661 
2004/01/09 71.5 79.5 70 78.5 37879 
2004/01/16 78 80 76 78.5 14461 
2004/01/30 79.5 79.5 75.5 77.5 14200 
2004/02/06 77.5 77.5 74 75 14325 
2004/02/13 75.5 80.5 75.5 79.5 21903 
2004/02/20 80 82.5 77.5 79.5 17938 
2004/02/27 80 81 77 77.5 8298 
2004/03/05 78 78.5 75 77 14716 
2004/03/12 77.5 78.5 75.5 76 10653 
2004/03/19 76.5 77 75 75 8629 
2004/03/26 70 70.5 65.5 66 14510 
2004/04/02 70.5 74 68.5 72.5 9579 
2004/04/09 74 78 73.5 77 12538 
2004/04/16 77 79 74 74.5 6989 
2004/04/23 75 80 73 77.5 12431 
2004/04/30 77 77 71 72.5 9036 
2004/05/07 72 74.5 67 68.5 13334 
2004/05/14 68.5 68.5 64.5 65.5 6208 
2004/05/21 64.5 70.5 61 69 6710 
2004/05/28 69 70 66 70 4559 
2004/06/04 69 70.5 60 60 8088 
2004/06/11 60 65.5 60 65.5 14873 
2004/06/18 65.5 67 61 62.5 7887 
2004/06/25 63 66 61.5 66 2920 
2004/07/02 64.5 68 64 66.5 3389 
2004/07/09 65.5 66.5 64 65.5 2161 
2004/07/16 65 66 61.5 63 2202 
2004/07/23 62 63 58.5 62 4081 
2004/07/30 61 66.5 61 65.5 4789 
2004/08/06 65.5 70 64.5 69 9550 
2004/08/13 68 71 59 60.5 13877 
2004/08/20 61 70 60.5 69.5 15229 
2004/08/27 69.5 69.5 65.5 66 11361 
2004/09/03 66.5 68.5 66 66.5 11890 
2004/09/10 67 74.5 66.5 74.5 15475 
2004/09/17 76 78 72 73.5 17361 
2004/09/24 73.5 74.5 71 71.5 10569 
2004/10/01 71.5 73 70 71 8746 
2004/10/08 72 77.5 72 76 16002 
2004/10/15 76 76 71 71 10720 
2004/10/22 71 71.5 67.5 68.5 14522 
2004/10/29 67.5 68 62 66.5 16616 
2004/11/05 67 73 66 69 21115 
2004/11/12 69 70 68 69.5 7019 
2004/11/19 70 74.5 68.5 71 17076 
2004/11/26 71 75.5 70 72.5 17790 
2004/12/03 72.5 74.5 71.5 73 6408 
2004/12/10 72.5 76 72.5 76 10623 
2004/12/17 75 76 72 74 9538 
2004/12/24 73.5 75 72.5 73 3970 
2004/12/31 73 75 72.5 74.5 5485 
2005/01/07 75 75 70 70.5 5700 
2005/01/14 71 72 65.5 67 13634 
2005/01/21 67.5 68.5 65.5 66.5 7046 
2005/01/28 66.5 68 65 67 8609 
2005/02/04 67 71 67 68.5 12678 
2005/02/18 70 72.5 70 71.5 12366 
2005/02/25 72 72.5 70 70 14116 
2005/03/04 70 70.5 65.9 67.1 16183 
2005/03/11 67.9 71.5 67.2 70.5 13153 
2005/03/18 70.3 71.8 67.2 68.6 8025 
2005/03/25 68.7 72 68.5 70.7 11795 
2005/04/01 71 71 68.3 69.1 5790 
2005/04/08 69.1 70.5 68.7 69.7 5301 
2005/04/15 70.2 71.2 69.2 70.2 7290 
2005/04/22 69.5 76.5 69.5 73.2 32329 
2005/04/29 73.2 74.9 71.4 71.7 11233 
2005/05/06 72.5 78.3 72.3 77.5 16610 
2005/05/13 77.5 78.6 76.1 77.5 11099 
2005/05/20 78 79.9 76 77.6 13324 
2005/05/27 77.6 78.1 74.5 77.8 6509 
2005/06/03 78 80.3 77.3 79.9 13374 
2005/06/10 80 80.2 76 77.5 9349 
2005/06/17 77.5 81.1 77.5 79.7 9557 
2005/06/24 80.5 80.5 77.2 77.6 4741 
2005/07/01 77.2 77.2 74.6 74.8 6968 
2005/07/08 74.8 77.9 74.5 76 6063 
2005/07/15 76.3 81.8 75.5 79.2 10385 
2005/07/22 79.2 80.6 78.2 79 3840 
2005/07/29 78.5 81 78.4 79.7 4138 
2005/08/05 79.9 79.9 74.6 75.9 15572 
2005/08/12 75.6 76.4 73.1 74.2 12906 
2005/08/19 74.2 76.5 64.8 65.3 14847 
2005/08/26 65.7 67.7 64.8 65.6 6547 
2005/09/02 66.3 66.5 64 64.3 2769 
2005/09/09 64.3 65.4 62.9 65.2 8057 
2005/09/16 65.5 67.7 65.3 65.9 4197 
2005/09/23 65.6 68 65.1 65.2 4916 
2005/09/30 65.2 69.1 65.1 69 8038 
2005/10/07 68.5 72.5 68.2 69.6 8111 
2005/10/14 69 70.5 65.2 67.3 7393 
2005/10/21 67.3 68.1 64.9 65.6 7845 
2005/10/28 65.6 66.3 57.9 58.8 12135 
2005/11/04 59 64.3 59 60.4 8005 
2005/11/11 60.4 62.3 58.2 62.3 7164 
2005/11/18 62.3 62.8 61.2 62.2 7675 
2005/11/25 62.5 62.5 58.2 58.5 12711 
2005/12/02 58.5 61.8 58 59.2 31072 
2005/12/09 60.2 63.5 59.5 60.4 22282 
2005/12/16 59.8 60.5 58.7 59.6 11416 
2005/12/23 60 61.2 59.7 60 13451 
2005/12/30 60.6 63.4 60.1 62.3 20745 
2006/01/06 62 62.8 60.4 62.2 19897 
2006/01/13 63.3 63.4 58 58.2 24103 
2006/01/20 58.4 59 50.8 51.1 17487 
2006/01/27 50.4 50.4 45.5 49.3 18255 
2006/02/03 52.7 52.7 51.1 52.7 7916 
2006/02/10 53.4 57.8 51.4 52.6 24689 
2006/02/17 51.5 55.6 50.8 54.9 18285 
2006/02/24 54.9 54.9 50.2 52.1 15376 
2006/03/03 51.2 53.8 50.6 53.3 10633 
2006/03/10 53.3 55.3 52.8 53.6 10872 
2006/03/17 53.6 55.4 52.5 53 8916 
2006/03/24 53.6 53.8 51.5 52.3 6065 
2006/03/31 52 54.3 52 54.3 11065 
2006/04/07 54.3 55.9 53.7 54.8 12918 
2006/04/14 54.5 59.9 53.6 59.9 17551 
2006/04/21 60.1 64.7 57.1 63 51521 
2006/04/28 63 64.3 57.5 59.3 31936 
2006/05/05 60 64.8 60 61 39135 
2006/05/12 61.5 63.7 60.5 60.6 17520 
2006/05/19 60 60 55.6 56.8 19213 
2006/05/26 57 58.7 56 56.8 10861 
2006/06/02 57 58.7 56.4 56.7 11207 
2006/06/09 56.6 57 48.1 49.6 17395 
2006/06/16 49.6 53.2 48.5 53 10618 
2006/06/23 53 54 51.2 53.2 4484 
2006/06/30 53.2 54 50.6 53 8322 
2006/07/07 53.5 53.9 52.3 53.8 5782 
2006/07/14 53.3 53.5 49.5 49.9 8198 
2006/07/21 49.1 49.2 47.4 47.85 8008 
2006/07/28 47.5 50.4 46.8 48.95 14185 
2006/08/04 49.5 49.7 48 49 11178 
2006/08/11 49 49.7 47.7 49.3 10712 
2006/08/18 48.5 49.55 42 42.8 21783 
2006/08/25 42.8 42.8 39.6 41.2 9562 
2006/09/01 41 41.1 39.85 40.2 8205 
2006/09/08 40.5 44.7 40.4 44.25 20627 
2006/09/15 44.5 45.25 40.95 42.45 11236 
2006/09/22 44 44.3 42.75 43.8 7277 
2006/09/29 43.8 45 42.8 43.15 6075 
2006/10/06 43.2 43.4 42 42.3 5053 
2006/10/13 42 42.3 41.3 42.2 4812 
2006/10/20 42.05 42.8 41.5 41.95 5175 
2006/10/27 42 42 39.5 39.7 15075 
2006/11/03 39 39.15 37 38.2 13174 
2006/11/10 37.4 41.8 37.4 41 17331 
2006/11/17 41 41.35 40.3 41.2 8212 
2006/11/24 41.2 43 40.55 42.7 15284 
2006/12/01 43.5 43.5 39.4 39.5 22182 
2006/12/08 39 39.7 38.2 39.65 28528 
2006/12/15 40 40 38.55 39.4 16157 
2006/12/22 39.25 41.8 38.6 40.7 56717 
2006/12/29 41.1 42.3 40.45 40.6 35069 
2007/01/05 41 45 40.4 43.7 71584 
2007/01/12 43.7 45.15 41.7 43.15 63474 
2007/01/19 44 47.8 43.8 46.2 91611 
2007/01/26 46.5 48.2 45.1 46.25 42040 
2007/02/02 46.55 46.65 42.7 43.85 28436 
2007/02/09 43.85 47.4 43.3 46.5 41350 
2007/02/16 46.5 47.3 45.65 46.85 22296 
2007/03/02 48 50.9 45.2 48.7 80616 
2007/03/09 48.05 49.8 45.1 48.1 55573 
2007/03/16 48.1 52.2 47.2 50.9 78566 
2007/03/23 51.4 52 49.3 49.6 33156 
2007/03/30 49.8 55.4 49.8 54.9 71752 
2007/04/06 54.9 56.3 53.8 54 25474 
2007/04/13 54 56.5 51.2 53 55787 
2007/04/20 53 53.8 47.5 50.4 47422 
2007/04/27 50.4 51.7 48.7 50.2 47918 
2007/05/04 50.2 53 48 52 34678 
2007/05/11 53.5 54 51.3 51.7 37740 
2007/05/18 52.5 54 52.1 54 38032 
2007/05/25 54.5 55.4 52 52.1 38319 
2007/06/01 52.3 54 50.8 53.9 33290 
2007/06/08 54.3 57.9 53.1 57 61807 
2007/06/15 58.5 59.7 55.1 59.7 52352 
2007/06/22 60 64.5 58.3 62.4 66402 
2007/06/29 63.1 63.4 58.3 60.6 44688 
2007/07/06 61.2 63.5 60.2 61.9 32881 
2007/07/13 62.7 64.2 60.1 60.2 41371 
2007/07/20 61 65.5 60.6 63.9 59262 
2007/07/27 64.8 71.5 63 63.1 78148 
2007/08/03 63.2 66.8 56.8 59.7 52800 
2007/08/10 58 61.6 57.5 59.1 25265 
2007/08/17 59.9 59.9 49 52.2 35315 
2007/08/24 55 58.9 54 57.2 27661 
2007/08/31 58 58.3 53 57.4 15755 
2007/09/07 57.4 60.5 56.6 58.9 16490 
2007/09/14 57.1 57.4 51 51.7 35794 
2007/09/21 51.9 52.7 49 50 15200 
2007/09/28 51.2 60.3 50.8 59.2 56531 
2007/10/05 59.2 60 56.5 57.9 36067 
2007/10/12 58.7 59.2 55.1 55.5 22273 
2007/10/19 56 62.5 55.1 62 46954 
2007/10/26 60 63.6 59.4 61 41873 
2007/11/02 61.9 62.6 57.4 58.3 37297 
2007/11/09 58.3 58.3 50 52.4 27770 
2007/11/16 50.2 51.2 46.05 47.55 33951 
2007/11/23 48.4 51.3 46.6 47.65 29417 
2007/11/30 48.45 48.5 44.8 46.5 19251 
2007/12/07 47 49.4 46.9 47.5 15164 
2007/12/14 47.5 47.6 40.3 40.75 28983 
2007/12/21 40 41.1 35.25 40.5 57857 
2007/12/28 42 42.9 40.55 41.5 20608 
2008/01/04 42 44.2 40.5 41.2 16827 
2008/01/11 39.5 40.1 36.3 38 19137 
2008/01/18 39.3 39.3 31.2 32.5 61025 
2008/01/25 33 33.35 28.25 31 37798 
2008/02/01 31.4 32.35 29.85 30.7 24041 
2008/02/15 30.5 32.3 29.6 32.3 14804 
2008/02/22 32.4 34.5 32 33.8 26974 
2008/02/29 34.35 35.5 33.3 34.6 23351 
2008/03/07 33.6 35.55 32.8 34.5 24628 
2008/03/14 34.9 36.75 33.85 34.9 31321 
2008/03/21 34 35.1 33.5 34.9 14101 
2008/03/28 36.9 36.9 35 36.2 21011 
2008/04/04 36.2 37.6 35.3 37.35 21944 
2008/04/11 38 39.2 37.3 38.35 29145 
2008/04/18 38 39.9 37.55 38.4 26898 
2008/04/25 39.1 39.9 37.9 38 18613 
2008/05/02 38 38.4 34.15 34.4 27243 
2008/05/09 34.45 35.2 31.2 31.7 32539 
2008/05/16 32.4 35.4 32 35 22408 
2008/05/23 35.4 35.4 32.6 32.7 18335 
2008/05/30 32.5 33.25 28.6 29.15 27379 
2008/06/06 29.35 32.4 29.35 31.3 24655 
2008/06/13 29.7 31.2 25.6 25.8 29642 
2008/06/20 26.1 26.35 24.2 24.9 39269 
2008/06/27 24.5 26.75 23.55 25.6 28126 
2008/07/04 26.2 29.4 24.8 27.75 42279 
2008/07/11 27.8 29.2 25.2 26.3 35887 
2008/07/18 26.1 27.25 24.4 25.7 23487 
2008/07/25 26.9 29.6 26.3 28.5 46791 
2008/08/01 28 29.65 26.6 27.1 26837 
2008/08/08 27 31 26.7 30.5 48258 
2008/08/15 30.75 30.9 28.55 28.55 58282 
2008/08/22 28.55 28.7 25.6 26 28032 
2008/08/29 26.5 26.75 25.7 26 13326 
2008/09/05 25.05 25.05 19.55 20.2 22704 
2008/09/12 21.1 23.1 21 23.1 23689 
2008/09/19 22.6 22.7 19.3 21.5 29727 
2008/09/26 22.2 23.7 21.25 21.3 34361 
2008/10/03 19.85 23.2 19.85 23.2 16816 
2008/10/10 22.55 22.9 21 21.5 16318 
2008/10/17 20.8 22.55 20.75 21 20031 
2008/10/24 20.6 23.1 20.3 21.45 26793 
2008/10/31 20.4 23.5 19.8 21.4 36691 
2008/11/07 21 21.6 17.95 18.7 29570 
2008/11/14 18.3 18.6 13.8 13.9 27892 
2008/11/21 13.25 14.3 12.35 14.2 31772 
2008/11/28 14.5 15.25 13.75 15.15 31259 
2008/12/05 15.3 15.65 13.3 13.5 18003 
2008/12/12 13.8 17.4 13.75 16.7 75012 
2008/12/19 17.3 18.5 16.35 16.95 64610 
2008/12/26 17.05 17.4 16 16.95 42359 
2009/01/02 16.9 17.55 16.5 17.1 15311 
2009/01/09 17.7 18.1 16 16.4 32764 
2009/01/16 15.9 16.5 14.6 14.8 22466 
2009/01/23 14.8 15.15 14.4 14.75 3904 
2009/02/06 14.7 15.85 14.7 15.3 13254 
2009/02/13 15.5 15.75 14.75 15.6 18280 
2009/02/20 15.7 15.85 14.65 14.7 14621 
2009/02/27 14.6 15.5 14.3 15.2 12422 
2009/03/06 15 15.9 14 15.45 20988 
2009/03/13 15.5 17.65 15.1 17 62101 
2009/03/20 17.2 18.4 16.1 16.1 54360 
2009/03/27 16.35 18.8 16.25 18 57471 
2009/04/03 17.8 18.45 16.65 17.7 41916 
2009/04/10 17.9 20.2 17.9 18.8 74536 
2009/04/17 18.9 20.3 18.1 18.1 44374 
2009/04/24 18.1 20.05 16.9 19.4 60974 
2009/05/01 19.6 19.65 17.4 18.75 29246 
2009/05/08 19 20.15 18 19.8 58703 
2009/05/15 19.8 20.4 18.2 19.7 55609 
2009/05/22 19.8 21.05 19.2 20 71071 
2009/05/29 20.6 21.2 20.15 20.9 40010 
2009/06/05 21.5 24.5 21 22.8 113806 
2009/06/12 23.1 23.3 19.4 19.9 39419 
2009/06/19 19.7 19.9 18.2 19.4 22418 
2009/06/26 19.6 19.75 18.9 19.55 16007 
2009/07/03 19.65 20.4 18.9 19.85 16646 
2009/07/10 19.9 20.8 19.75 20.15 25439 
2009/07/17 20.15 20.2 18.85 19.85 15633 
2009/07/24 20 20.7 19.85 20.2 23345 
2009/07/31 20.3 21.85 20 20.55 36115 
2009/08/07 20.6 21 19 19.4 14220 
2009/08/14 19.4 21 19.2 20.45 17783 
2009/08/21 20.5 20.6 19.05 19.05 10576 
2009/08/28 19.25 19.85 19 19 7839 
2009/09/04 19.1 19.7 18.6 19.5 10769 
2009/09/11 19.55 19.9 19.35 19.5 10021 
2009/09/18 19.55 20.5 19.35 20.25 17179 
2009/09/25 20.4 20.6 19.6 19.95 10723 
2009/10/02 20.1 22.3 20 21.2 64162 
2009/10/09 21.2 22.2 20.65 20.85 28517 
2009/10/16 21 22.7 20.9 21.85 32396 
2009/10/23 22.1 24.8 22.1 24.2 79758 
2009/10/30 24.5 25.25 22.6 22.9 53029 
2009/11/06 22.4 23.6 21.8 23.3 20635 
2009/11/13 23.7 23.8 22.6 22.6 15135 
2009/11/20 22.9 24.6 22.6 24.3 28712 
2009/11/27 24.6 24.8 22.6 22.6 20520 
2009/12/04 23 24.45 22.9 23.2 14043 
2009/12/11 23.25 26.45 23.25 25.65 62418 
2009/12/18 25.65 29.3 25.5 29.2 88534 
2009/12/25 29.25 29.4 28.6 28.85 38895 
2010/01/01 28.85 30.6 28.85 29.65 29582 
2010/01/08 29.65 30.6 28.9 29.5 30596 
2010/01/15 29.3 30.2 29.2 29.5 16122 
2010/01/22 29.2 29.65 26.05 26.1 18353 
2010/01/29 26 26.9 25 25.8 11899 
2010/02/05 25.8 25.8 22.5 23.75 8932 
2010/02/12 23.75 25.15 23.6 24.7 5941 
2010/02/26 25.05 26 24.55 25.05 6328 
2010/03/05 25.4 25.55 24.55 24.6 5379 
2010/03/12 24.7 26.8 24.7 26.1 12382 
2010/03/19 26 26.35 25.65 25.9 6481 
2010/03/26 26 26.65 25.15 25.7 16656 
2010/04/02 25.75 26 24.95 24.95 11996 
2010/04/09 25.35 25.35 23.75 24.05 11440 
2010/04/16 24.2 24.5 23.75 24.05 8976 
2010/04/23 23.6 23.75 22.5 23.1 13582 
2010/04/30 23.4 23.45 21.7 21.9 14184 
2010/05/07 22 22.3 19.65 20.1 11214 
2010/05/14 20.2 21.5 19.7 20.95 15876 
2010/05/21 20.8 20.8 18.75 18.8 7157 
2010/05/28 19 19.95 17.5 19.5 8135 
2010/06/04 19.5 20.5 19.5 20.1 8241 
2010/06/11 19.6 19.7 18.9 19.5 4202 
2010/06/18 19.8 20.55 19.6 19.95 6097 
2010/06/25 20.1 20.45 19.6 19.65 6243 
2010/07/02 19.7 20.6 18.65 20 11116 
2010/07/09 20.2 21.1 19.95 20.8 15244 
2010/07/16 21.1 21.1 19.2 19.35 10737 
2010/07/23 19 19.9 19 19.4 6167 
2010/07/30 19.5 19.85 19.15 19.2 6568 
2010/08/06 19.2 19.55 19.2 19.4 2458 
2010/08/20 20.5 20.5 19.2 19.45 7223 
2010/08/27 19.45 19.9 18.1 18.2 4845 
2010/09/03 18.2 19.15 17.4 19.05 9298 
2010/09/10 18.95 19 17.7 18.05 5847 
2010/09/17 18.05 19.3 18 18.9 6884 
2010/09/24 19 19.2 18.65 18.85 3571 
2010/10/01 19.1 20.65 18.95 20.55 13290 
2010/10/08 20.85 20.9 20.1 20.4 7402 
2010/10/15 20.75 21.2 20.05 20.1 10272 
2010/10/22 20.3 20.35 19.9 20 3391 
2010/10/29 20 20.9 20 20.35 4672 
2010/11/05 20.7 24.25 20.3 23.9 35030 
2010/11/12 24.8 26.9 24.3 25.7 58907 
2010/11/19 26.1 27.4 25.8 26.85 24567 
2010/11/26 27.05 28.1 25.75 28.1 20479 
2010/12/03 28.65 28.9 27.5 27.8 23172 
2010/12/10 28.35 31 27.85 31 40608 
2010/12/17 31.2 31.8 29 29.25 41575 
2010/12/24 29.6 30.95 28.75 29.6 15565 
2010/12/31 29.65 29.85 28.5 29.6 14622 
2011/01/07 29.6 31.6 29.35 30.2 21575 
2011/01/14 30.4 30.65 27.2 27.6 17208 
2011/01/21 27.6 27.6 24 24.45 27914 
2011/01/28 24.6 24.8 23.2 23.35 11601 
2011/02/11 23.55 24 22.7 23 5313 
2011/02/18 23 23.7 20.9 23.05 18386 
2011/02/25 23.2 23.3 22 23 7359 
2011/03/04 23.3 23.95 23.1 23.15 5908 
2011/03/11 23.1 24.35 22.55 24.35 9334 
2011/03/18 25.2 25.5 23.1 24.1 33119 
2011/03/25 24.3 26.95 24.15 25.8 36118 
2011/04/01 26.1 27.2 25.65 26.8 51909 
2011/04/08 26.9 27.05 25.8 25.8 15805 
2011/04/15 25.6 26.6 24.85 25.8 25023 
2011/04/22 25.95 26.3 24.9 25 14226 
2011/04/29 25 26.3 24.85 25.6 16160 
2011/05/06 26.5 28.5 25.6 27.6 44859 
2011/05/13 27.6 28.15 26.5 26.5 30003 
2011/05/20 26.5 27.15 25.15 25.35 18542 
2011/05/27 25.2 25.75 24.25 25 14594 
2011/06/03 25 26.1 25 25.75 13420 
2011/06/10 26 27.45 25.4 25.5 27401 
2011/06/17 25.2 25.35 23.6 23.95 16466 
2011/06/24 24 24.2 23 23.7 9227 
2011/07/01 23.4 24.35 23.15 24.1 6583 
2011/07/08 24.3 24.75 23.4 24.05 12194 
2011/07/15 24 24 20.5 21.55 15027 
2011/07/22 21.6 22.85 21.1 22.75 12174 
2011/07/29 22.75 22.95 21.6 21.6 11816 
2011/08/05 21.95 22.1 19.4 19.4 8761 
2011/08/12 18.2 19.65 16.8 18.65 17361 
2011/08/19 19 20.25 18.25 18.25 15894 
2011/08/26 18 18.5 17 18 12449 
2011/09/02 18.1 20.2 18.1 19.9 17669 
2011/09/09 19.5 19.7 18.5 19.25 9623 
2011/09/16 18.8 19.8 17.75 19.8 8686 
2011/09/23 19.8 20.1 18 18.4 9522 
2011/09/30 18.4 18.4 17.15 18.05 7283 
2011/10/07 17.8 18.45 17.45 18.3 3816 
2011/10/14 18.95 19.4 18.65 18.65 6295 
2011/10/21 18.9 19.7 18.85 19 11547 
2011/10/28 19.4 20.15 19.3 19.95 15336 
2011/11/04 20 20.3 19.1 19.35 11031 
2011/11/11 19.6 20 18.3 18.85 7142 
2011/11/18 19.3 19.35 18.45 18.55 3658 
2011/11/25 18.45 18.45 16.25 16.65 6641 
2011/12/02 16.8 17.9 16.8 17.2 6087 
2011/12/09 17.35 17.35 16 16.15 3221 
2011/12/16 16.5 16.5 14.85 14.85 7248 
2011/12/23 14.85 15.95 13.8 15.95 6738 
2011/12/30 16.3 17.15 16.3 16.4 12776 
2012/01/06 16.3 16.4 15.85 16.1 4536 
2012/01/13 16 16.5 15.3 15.3 7791 
2012/01/20 15.5 15.8 15.25 15.4 3883 
2012/02/03 15.8 18.6 15.8 18.6 23115 
2012/02/10 18.6 18.9 17.65 18.05 17586 
2012/02/17 17.5 19 17.3 17.7 24427 
2012/02/24 18 19.9 17.7 18.85 33594 
2012/03/02 19 19.95 18.6 19.85 29970 
2012/03/09 20 20.35 18.8 20 37246 
2012/03/16 20 20.15 19.1 19.2 16507 
2012/03/23 19.4 19.55 18.75 19.2 11984 
2012/03/30 19.5 20.5 18.2 18.85 28730 
2012/04/06 18.8 19.05 16.65 17.7 9961 
2012/04/13 17.4 18.5 17.15 18.25 7874 
2012/04/20 18.1 18.1 17.2 17.65 5817 
2012/04/27 17.65 17.9 16.6 16.65 5691 
2012/05/04 16.65 17.3 16.2 17.1 4594 
2012/05/11 16.7 16.9 16.4 16.5 3192 
2012/05/18 16.3 16.6 15.45 15.45 3679 
2012/05/25 15.45 15.75 14.6 14.6 3954 
2012/06/01 14.8 15.55 14.4 15 2991 
2012/06/08 14.5 14.9 13.95 14.55 3300 
2012/06/15 14.75 15.65 14.4 15.65 3297 
2012/06/22 15.65 16 15.5 15.7 3692 
2012/06/29 15.6 15.65 14.95 15.25 2692 
2012/07/06 15.35 15.65 15.25 15.4 2560 
2012/07/13 15.45 15.45 14.5 14.6 2829 
2012/07/20 14.6 14.8 14.2 14.6 2573 
2012/07/27 14.4 14.8 14.05 14.65 2597 
2012/08/03 14.75 14.9 14.4 14.45 3484 
2012/08/10 14.55 15.3 14.2 15.1 5160 
2012/08/17 15.25 15.7 15 15.65 4479 
2012/08/24 15.7 15.75 15.35 15.65 3682 
2012/08/31 15.6 15.65 14.05 14.2 7350 
2012/09/07 14.3 14.6 14.2 14.3 3453 
2012/09/14 14.3 14.7 14.15 14.4 5495 
2012/09/21 14.9 15.4 14.75 14.95 6488 
2012/09/28 15.05 15.4 14.35 14.35 3451 
2012/10/05 14.6 14.8 14.3 14.45 3202 
2012/10/12 14.6 14.6 14 14 2291 
2012/10/19 14 14.6 13.55 13.6 3220 
2012/10/26 13.6 13.75 12.5 12.5 3354 
2012/11/02 12.5 12.55 11.65 12.1 6066 
2012/11/09 12.15 13.3 11.95 13.1 4058 
2012/11/16 13.25 13.25 12.05 12.2 2389 
2012/11/23 12.3 12.4 11.8 12.1 1830 
2012/11/30 12.2 12.85 12.2 12.7 3524 
2012/12/07 12.75 13.2 12.7 12.8 4022 
2012/12/14 12.8 13.55 12.7 13.2 4262 
2012/12/21 13.4 14 13 13.9 6426 
2012/12/28 14.1 14.85 13.95 14.25 9002 
2013/01/04 14.3 15.1 14.15 14.6 8502 
2013/01/11 14.6 16 14.6 15.45 21769 
2013/01/18 15.45 15.45 14.05 14.5 9055 
2013/01/25 14.6 15.55 14.55 14.9 9815 
2013/02/01 14.95 15.65 14.85 15.4 10561 
2013/02/08 15.5 16.4 15.45 16 14689 
2013/02/22 16.05 16.55 15.65 16.05 14595 
2013/03/01 16.2 16.55 15.7 15.75 7650 
2013/03/08 15.8 15.9 15.15 15.6 6123 
2013/03/15 15.7 15.75 14.65 15.4 8352 
2013/03/22 15.4 15.4 14.4 14.4 4676 
2013/03/29 14.5 14.85 14.4 14.55 4043 
2013/04/05 14.55 14.6 14.2 14.2 1815 
2013/04/12 13.7 13.95 13.15 13.6 3882 
2013/04/19 13.6 13.6 13.1 13.45 2288 
2013/04/26 13.5 13.8 13.35 13.45 5306 
2013/05/03 13.5 14.45 13.4 14.2 7375 
2013/05/10 14.35 14.45 13.9 14.2 4833 
2013/05/17 14.2 14.45 13.8 14.2 4701 
2013/05/24 14.2 14.9 14.2 14.4 6129 
2013/05/31 14.4 15.35 14.35 14.8 5369 
2013/06/07 14.5 15 13.9 14.05 4188 
2013/06/14 14.1 14.3 13.45 13.45 2462 
2013/06/21 13.45 13.8 12.95 13 2832 
2013/06/28 13 13.65 12.75 13.3 3000 
2013/07/05 13.55 13.65 12.9 13 2459 
2013/07/12 13.1 13.75 13 13.55 3150 
2013/07/19 13.6 14.55 13.6 14.1 6117 
2013/07/26 14.25 14.65 14 14.25 6540 
2013/08/02 14.25 14.4 13.5 13.65 3647 
2013/08/09 13.65 13.75 13.15 13.2 2741 
2013/08/16 13.3 13.55 12.9 12.9 4416 
2013/08/23 12.9 13.35 12.6 13.25 5283 
2013/08/30 13.3 13.5 12.8 13.1 5103 
2013/09/06 13.1 13.8 13.05 13.4 8652 
2013/09/13 13.4 13.5 13.15 13.25 3411 
2013/09/20 13.3 13.5 13.2 13.2 2160 
2013/09/27 13.4 15.05 13.25 14.8 19860 
2013/10/04 14.75 14.75 14.05 14.25 10333 
2013/10/11 14.3 14.6 14.1 14.15 6293 
2013/10/18 14.15 14.5 13.7 14.35 5602 
2013/10/25 14.45 15.8 14.05 15.7 30197 
2013/11/01 15.8 15.95 15.2 15.35 20293 
2013/11/08 15.4 16.45 15 16.1 25518 
2013/11/15 16.4 16.85 15.45 15.85 20371 
2013/11/22 16 17.95 16 17.4 49151 
2013/11/29 17.6 18.6 17.3 18.1 33651 
2013/12/06 18.25 19.2 17.8 18.3 27256 
2013/12/13 18.6 18.9 17.95 18.6 18141 
2013/12/20 18.8 18.8 17.6 17.7 14523 
2013/12/27 17.8 18.45 17.8 18.1 13408 
2014/01/03 18.1 19.95 18.1 19.5 25229 
2014/01/10 19.7 20.45 18.9 19.5 19596 
2014/01/17 19.75 20.1 19.1 19.35 18752 
2014/01/24 19.5 19.5 19 19.1 9930 
2014/01/31 18.9 19 18.6 18.6 2631 
2014/02/07 18.25 19.15 18.2 18.7 4507 
2014/02/14 18.8 18.85 18.2 18.3 6616 
2014/02/21 18.4 18.9 17.6 18.65 12991 
2014/02/28 18.95 20 18.65 18.8 26044 
2014/03/07 18.5 19.1 18 18.8 15750 
2014/03/14 18.9 19.1 17.75 18.4 20068 
2014/03/21 18.55 18.6 17.25 17.4 9960 
2014/03/28 17.2 18.7 16.75 17.95 18299 
2014/04/04 18.2 18.3 17.75 18.2 9424 
2014/04/11 18 18.7 17.85 17.95 11657 
2014/04/18 18.1 18.1 17.5 17.55 9651 
2014/04/25 17.8 17.85 16.65 16.7 11572 
2014/05/02 16.4 17.3 16.05 17.2 5082 
2014/05/09 17.45 17.45 17.05 17.15 5420 
2014/05/16 17.95 18.35 17.4 17.6 11761 
2014/05/23 17.65 17.9 17.35 17.7 3877 
2014/05/30 17.7 18.6 17.6 18.4 11451 
2014/06/06 18.8 19.3 18.3 19 20547 
2014/06/13 18.95 20.85 18.85 20.4 46088 
2014/06/20 20.5 21.55 20.3 21.15 33223 
2014/06/27 21.2 22.6 20 21.7 44145 
2014/07/04 21.95 22.65 21 22.25 29037 
2014/07/11 22.4 25.25 22.3 24.05 53448 
2014/07/18 24.3 25.25 23.05 24.4 31123 
2014/07/25 24.8 26.7 24.6 25.7 37401 
2014/08/01 26 26.4 23.7 24.6 26270 
2014/08/08 25 26.5 22.7 23.7 33725 
2014/08/15 23.7 24.95 22.8 22.9 20150 
2014/08/22 22.9 23.2 21.05 22 18155 
2014/08/29 22 23.7 22 22.5 19216 
2014/09/05 22.6 23.7 22.25 22.75 15585 
2014/09/12 22.8 23 21.75 22 6583 
2014/09/19 21.8 22.25 21.35 21.8 7485 
2014/09/26 21.65 21.7 19.4 20 10791 
2014/10/03 20.2 20.35 19.55 20.25 8922 
2014/10/10 20.4 20.4 17.95 18.2 10606 
2014/10/17 17.5 18.4 16.3 16.35 17037 
2014/10/24 17 17.6 16.65 16.75 9237 
2014/10/31 16.8 17.95 15.6 17.9 13875 
2014/11/07 17.95 18.25 16.7 17.1 8491 
2014/11/14 17.1 18.15 16.95 17.5 15530 
2014/11/21 17.75 17.75 16 16.45 8201 
2014/11/28 16.45 16.9 16.15 16.25 9972 
2014/12/05 15.7 17 15.6 16.75 15455 
2014/12/12 16.9 17.55 16.45 16.6 15663 
2014/12/19 16.5 18.1 16.4 17.05 25506 
2014/12/26 17.1 17.9 16.8 17.75 21812 
2015/01/02 17.8 18.15 17.55 17.8 8123 
2015/01/09 17.8 18.35 17.15 18.3 16420 
2015/01/16 18.2 18.7 17.65 17.8 30624 
2015/01/23 18.1 18.3 17.45 17.55 23350 
2015/01/30 17.7 17.7 17.1 17.2 11567 
2015/02/06 17.2 17.35 16.75 16.75 9629 
2015/02/13 16.75 17.15 16.6 17.1 6188 
2015/02/27 17.35 17.55 17.2 17.5 5989 
2015/03/06 17.5 17.8 17.25 17.65 9346 
2015/03/13 17.6 18.05 17.45 17.45 14316 
2015/03/20 17.45 17.9 17.1 17.1 15367 
2015/03/27 17 17.05 16.6 16.6 9176 
2015/04/03 16.6 16.8 16.45 16.55 4167 
2015/04/10 16.65 17.1 16.55 16.7 3952 
2015/04/17 16.8 16.95 16.1 16.1 6710 
2015/04/24 16.1 16.4 15.65 16.3 6660 
2015/05/01 16.2 16.55 16.15 16.2 3620 
2015/05/08 16.2 16.45 15.9 15.95 4628 
2015/05/15 16.3 16.35 14.7 15 14282 
2015/05/22 15 15.1 14.25 14.35 8254 
2015/05/29 14.35 14.65 14.1 14.2 8079 
2015/06/05 14.2 14.55 13.3 13.45 5880 
2015/06/12 13.45 13.5 12 12.4 8276 
2015/06/19 12.5 13.15 12.45 13 4332 
2015/06/26 13.05 13.45 12.85 13.15 3653 
2015/07/03 12.9 13.45 12.65 13.45 4494 
2015/07/10 13.4 14.25 12.4 13.05 6807 
2015/07/17 13.4 13.55 12.8 12.95 4053 
2015/07/24 13 13.25 12.4 12.5 3845 
2015/07/31 12.4 12.55 11.25 11.75 5644 
2015/08/07 11.85 11.85 11.05 11.45 3632 
2015/08/14 11.45 11.8 11.2 11.45 4252 
2015/08/21 11.35 11.5 9.4 9.93 6121 
2015/08/28 9.83 11.1 9 11 8149 
2015/09/04 11.05 12.05 10.9 11.3 4785 
2015/09/11 11.4 12.7 11.25 12.5 7544 
2015/09/18 12.65 13.05 12.4 12.7 3649 
2015/09/25 12.6 12.7 12.1 12.25 2405 
2015/10/02 12.15 12.6 12.05 12.5 1513 
2015/10/09 12.55 12.75 12.3 12.6 1905 
2015/10/16 12.75 13.55 12.6 13.15 3267 
2015/10/23 13.5 13.9 12.95 13.1 4350 
2015/10/30 13.05 13.3 12.5 12.55 2558 
2015/11/06 12.6 13.5 12.4 12.95 6103 
2015/11/13 13 14.2 12.15 12.2 12659 
2015/11/20 12.2 12.6 12 12.45 2710 
2015/11/27 12.45 12.45 11.7 12.25 3967 
2015/12/04 12.1 12.5 11.6 12.4 5495 
2015/12/11 12.6 12.65 12.1 12.4 2603 
2015/12/18 11.85 12.6 11.85 12.35 2389 
2015/12/25 12.35 13 12.35 12.75 2596 
2016/01/01 12.8 13.65 12.75 13.3 4820 
2016/01/08 13.5 14.7 13 13.55 15939 
2016/01/15 13.5 13.5 12.1 12.15 6410 
2016/01/22 11.8 12.65 11.8 12.35 3843 
2016/01/29 12.45 13.45 12.2 13.15 6761 
2016/02/05 13.4 13.4 12.7 12.7 1712 
2016/02/19 12.5 14.9 12.45 14.55 11193 
2016/02/26 14.95 16.1 14.45 15.9 15692 
2016/03/04 16.25 17.15 16.15 16.5 16039 
2016/03/11 16.55 16.8 15.8 16.35 10918 
2016/03/18 16.55 16.75 15.9 15.9 8474 
2016/03/25 15.9 16.2 15.5 15.9 5452 
2016/04/01 15.9 15.95 15.1 15.7 4349 
2016/04/08 15.55 15.9 15.4 15.9 2013 
2016/04/15 15.85 16.05 15.35 15.45 3710 
2016/04/22 15.5 16.3 15.4 16 4698 
2016/04/29 16 16.95 15.9 16.4 8430 
2016/05/06 16.3 17.6 16.2 16.25 11743 
2016/05/13 16.3 17.4 15.65 16 14367 
2016/05/20 16 16.85 15.9 16.45 5565 
2016/05/27 16.55 17.9 16.5 17.6 13967 
2016/06/03 17.6 18 17.25 17.5 7862 
2016/06/10 17.5 17.7 17.15 17.2 2648 
2016/06/17 17.2 17.75 16.9 17.15 4616 
2016/06/24 17.35 17.4 15.6 15.65 6487 
2016/07/01 15.6 16.05 15.1 15.85 6459 
2016/07/08 15.85 16.15 15.75 15.8 2387 
2016/07/15 15.9 16.45 15.7 16.45 4527 
2016/07/22 16.45 16.7 16.2 16.45 3782 
2016/07/29 16.45 16.45 15.8 15.95 2300 
2016/08/05 15.95 16.05 15.65 15.8 2477 
2016/08/12 15.9 16 15.25 15.3 4366 
2016/08/19 15.3 15.5 15.1 15.4 3222 
2016/08/26 15.4 15.75 15.15 15.6 2590 
2016/09/02 15.55 16.2 15.4 15.45 2780 
2016/09/09 15.5 15.7 15.25 15.35 3045 
2016/09/16 15.4 15.4 15.1 15.35 1327 
2016/09/23 15.35 15.6 15.25 15.45 1665 
2016/09/30 15.4 15.5 15.15 15.15 1342 
2016/10/07 15.2 15.2 14.8 14.8 2566 
2016/10/14 14.8 14.85 14.1 14.15 2044 
2016/10/21 14.05 14.35 13.95 14.2 1873 
2016/10/28 14.2 14.35 14.05 14.2 1290 
2016/11/04 14.2 14.4 14 14.35 1265 
2016/11/11 14.35 14.75 14 14.2 1489 
2016/11/18 14.2 14.4 14.1 14.2 1094 
2016/11/25 14.2 14.85 14.2 14.7 1457 
2016/12/02 14.7 14.7 14.45 14.55 670 
2016/12/09 14.55 14.7 14.45 14.55 1139 
2016/12/16 14.6 15.2 14.5 14.85 2202 
2016/12/23 14.85 15.1 14.25 14.4 927 
2016/12/30 14.25 14.7 14.25 14.55 773 
2017/01/06 14.5 14.8 14.4 14.8 832 
2017/01/13 14.8 14.8 14.2 14.3 1146 
2017/01/20 14.2 14.55 14.05 14.35 1791 
2017/01/27 14.4 14.6 14.3 14.55 510 
2017/02/03 14.55 14.55 14.25 14.5 599 
2017/02/10 14.5 16.45 14.45 15.65 9047 
2017/02/17 15.4 17.5 15.3 17.4 20544 
2017/02/24 17.4 17.6 16.85 16.95 6901 
2017/03/03 16.95 17 16.45 16.55 1919 
2017/03/10 16.6 16.75 15.9 16 3021 
2017/03/17 16 17.05 15.8 16.15 6719 
2017/03/24 16.2 17.8 16.2 17.3 16720 
2017/03/31 17.3 17.45 16.15 16.3 9546 
2017/04/07 16.25 16.45 16.25 16.3 981 
2017/04/14 16.25 16.35 15.05 15.05 3717 
2017/04/21 15.05 15.2 15.05 15.2 296 
2017/04/28 15.45 15.65 15.45 15.45 199 
2017/05/05 15.8 15.95 15.75 15.9 497 
2017/05/12 15.9 15.9 15.15 15.3 2077 
2017/05/19 15.2 15.45 14.95 15 3003 
2017/05/26 15.1 15.4 15 15.2 1428 
2017/06/02 15.2 15.3 15.1 15.15 676 
2017/06/09 15.2 15.45 15.2 15.25 1216 
2017/06/16 15.1 15.65 15.05 15.3 5104 
2017/06/23 15.25 15.35 15 15.05 1998 
2017/06/30 15.1 15.15 14.4 14.85 7316 
2017/07/07 14.9 14.95 14.85 14.85 327 
2017/07/14 14.6 14.85 14.45 14.6 910 
2017/07/21 14.6 14.85 14.5 14.85 574 
2017/07/28 14.75 14.8 14.55 14.6 222 
2017/08/04 14.35 14.5 14.25 14.35 781 
2017/08/11 14.4 14.45 14.15 14.15 443 
2017/08/18 13.55 13.7 13.2 13.35 414 
2017/08/25 13.45 13.45 13.35 13.35 270 
2017/09/01 13.5 13.6 13.4 13.4 249 
2017/09/08 13.85 14 13.7 13.9 252 
2017/09/15 14.85 14.85 14.45 14.5 1017 
2017/09/22 15.15 15.3 15 15 638 
2017/09/29 14.75 14.85 14.15 14.15 646 
2017/10/06 14.35 14.7 14.35 14.5 309 
2017/10/13 14.8 14.8 14.6 14.65 296 
2017/10/20 14.6 15.3 14.45 15.1 2155 
2017/10/27 14.95 15 14.55 14.55 1684 
2017/11/03 14.6 14.8 14.3 14.35 1479 
2017/11/10 14.4 14.55 13.8 14 1605 
2017/11/17 14 14 13.8 13.9 334 
2017/11/24 13.8 13.9 13.6 13.65 383 
2017/12/01 14.65 14.85 14.15 14.4 1631 
2017/12/08 14.05 15.75 14.05 14.9 7646 
2017/12/15 14.8 15.05 14.6 14.85 1462 
2017/12/22 15.2 15.65 15.1 15.45 6183 
2017/12/29 15.5 15.5 15 15.25 2638 
2018/01/05 15.3 16.4 15.1 16.1 10222 
2018/01/12 16.4 16.6 15.45 15.65 5832 
2018/01/19 15.85 16.05 15.2 15.45 6891 
2018/01/26 15.35 15.85 14.85 14.95 3653 
2018/02/02 14.9 15.75 14.5 15.15 4443 
2018/02/09 14.8 15.45 14.1 14.35 3354 
2018/02/16 14.65 14.7 14.3 14.65 604 
2018/02/23 14.8 15.2 14.8 15 1279 
2018/03/02 15.25 15.4 14.85 14.95 2540 
2018/03/09 14.95 15.4 14.7 15.15 2126 
2018/03/16 15.35 15.7 14.85 14.95 8448 
2018/03/23 14.85 14.9 14.25 14.55 2561 
2018/03/30 14.5 14.55 13.8 13.9 2983 
2018/04/06 14 14 13.8 13.85 692 
2018/04/13 13.85 14.2 13.65 13.8 1902 
2018/04/20 13.8 14.05 13.7 13.75 1454 
2018/04/27 13.7 13.7 13.15 13.15 1624 
2018/05/04 13.15 13.4 13.1 13.3 640 
2018/05/11 13.3 13.7 13.2 13.3 1455 
2018/05/18 13.3 13.5 13.1 13.25 1140 
2018/05/25 13.25 13.6 13.2 13.4 1386 
2018/06/01 13.4 14.2 13.4 14.1 2975 
2018/06/08 14.15 14.7 13.95 13.95 4190 
2018/06/15 14.1 14.4 13.9 14 2403 
2018/06/22 14 14.4 13.7 14.1 3109 
2018/06/29 14.1 14.4 13.7 14.1 2078 
2018/07/06 14.35 14.35 13.3 13.5 2034 
2018/07/13 13.5 13.85 13.35 13.6 1669 
2018/07/20 13.8 13.8 13.2 13.3 2613 
2018/07/27 13.3 13.45 13 13.05 2053 
2018/08/03 13.1 13.2 12.95 13.1 1905 
2018/08/10 13.1 13.4 12.8 12.9 3189 
2018/08/17 12.85 12.85 12 12.15 2380 
2018/08/24 12.1 12.15 11.85 11.9 1404 
2018/08/31 12.05 12.25 11.9 12 4024 
2018/09/07 12.05 12.15 11.15 11.2 2102 
2018/09/14 11.3 11.35 10.8 11.3 1407 
2018/09/21 11.3 11.45 11 11.2 1008 
2018/09/28 11.2 11.35 11 11.25 725 
2018/10/05 11.25 11.4 10.8 10.85 1427 
2018/10/12 10.85 10.95 9.9 10.2 1774 
2018/10/19 10.25 10.9 10.25 10.7 1537 
2018/10/26 10.6 10.8 10.05 10.1 1300 
2018/11/02 10.1 11.2 10.05 11.05 1332 
2018/11/09 11 11.8 11 11.55 1814 
2018/11/16 11.35 12.35 11.1 12.05 2002 
2018/11/23 12.1 12.4 11.8 12.15 1958 
2018/11/30 12.15 12.75 12 12.3 2207 
2018/12/07 12.45 12.8 11.85 12.1 2955 
2018/12/14 12.1 13 11.85 12.6 2229 
2018/12/21 12.65 12.8 12.05 12.45 1635 
2018/12/28 12.3 12.6 12.05 12.55 961 
2019/01/04 12.7 12.75 12.3 12.55 518 
2019/01/11 12.75 14.5 12.5 14.2 12347 
2019/01/18 14 15 14 14.1 10869 
2019/01/25 14.25 14.3 13.55 13.85 2693 
2019/02/01 13.9 13.9 13.4 13.55 1467 
2019/02/15 13.6 13.8 13.25 13.65 3115 
2019/02/22 13.8 14.65 13.6 14.5 6971 
2019/03/01 14.5 14.95 13.95 14.15 4897 
2019/03/08 14.2 14.2 13.55 13.8 3085 
2019/03/15 13.75 14.4 13.45 13.45 4562 
2019/03/22 13.5 14.9 13.5 14.7 8615 
2019/03/29 14.3 15.5 14 15.4 12879 
2019/04/05 15.6 17.65 15.2 17.55 33972 
2019/04/12 17.85 20.3 16.95 20.1 58614 
2019/04/19 21.1 23.4 21 22.5 110744 
2019/04/26 24.75 26.2 23.3 23.3 149974 
2019/05/03 23.1 24.5 21.6 23.95 73949 
2019/05/10 23.2 24.85 22.3 22.55 65274 
2019/05/17 21.15 23.95 20.85 21.9 71435 
2019/05/24 21.25 22.75 20.5 20.9 47972 
2019/05/31 21.3 22.95 20.75 22 34401 
2019/06/07 21.85 23.35 21.6 22.75 44324 
2019/06/14 23.2 23.9 21.85 22 47286 
2019/06/21 21.85 23.15 21.6 21.9 29677 
2019/06/28 21.9 22.45 21.5 22.05 21188 
2019/07/05 22.7 23.6 22 22.05 42367 
2019/07/12 22.2 23 21.6 23 27559 
2019/07/19 23.6 24.6 23.05 23.2 84612 
2019/07/26 23.25 26.25 23.25 25 106664 
2019/08/02 25.2 26.2 23.65 24.2 62108 
2019/08/09 24.2 24.55 21.9 24.2 28618 
2019/08/16 24.6 25.7 23.3 23.9 60559 
2019/08/23 24.15 24.15 22.85 23.05 26643 
2019/08/30 22.65 23.5 22.3 22.9 18246 
2019/09/06 23 24.5 21.9 21.9 42473 
2019/09/13 21.9 22.15 21.15 21.7 17799 
2019/09/20 21.6 21.8 20.45 21.45 16465 
2019/09/27 21.55 21.95 20.75 21 12208 
2019/10/04 21 21.15 20.4 20.55 6709 
2019/10/11 20.75 20.8 19.7 19.75 6582 
2019/10/18 20 21.3 19.75 20.8 11312 
2019/10/25 20.8 21.75 20.55 21.3 12793 
2019/11/01 21.4 21.65 20.1 20.15 7991 
2019/11/08 20.15 21.3 20.15 20.9 9471 
2019/11/15 20.75 20.75 19 19.1 10541 
2019/11/22 19.1 19.75 19 19.2 5377 
2019/11/29 19.4 20.95 19.05 19.35 15758 
2019/12/06 19.35 20.3 18.9 19.45 7538 
2019/12/13 19.6 19.95 19.45 19.55 3620 
