2017/12/01 50.8 50.8 50.4 50.6 4700 0 0 72 0 24 96 0 0 0 
2017/12/04 50.6 50.8 50.5 50.6 1703 0 0 72 0 522 594 0 0 0 
2017/12/05 50.6 50.6 50.4 50.5 1483 0 0 72 0 249 321 0 0 0 
2017/12/06 50.5 50.5 50.3 50.3 1153 0 0 74 0 364 438 0 0 0 
2017/12/07 50.3 50.4 50.3 50.3 362 0 0 74 0 424 498 0 0 0 
2017/12/08 50.3 50.4 50.3 50.3 420 0 0 74 0 226 300 0 0 0 
2017/12/11 50.3 50.4 50.3 50.3 275 0 0 74 0 196 270 0 0 0 
2017/12/12 50.3 50.3 50.2 50.2 370 0 0 74 0 176 250 0 0 0 
2017/12/13 50.2 50.3 50.2 50.3 496 0 0 74 5 0 79 0 0 0 
2017/12/14 50.3 50.3 50.1 50.2 556 0 0 74 5 0 79 0 0 0 
2017/12/15 50.2 50.3 50.1 50.2 347 0 0 74 5 0 79 0 0 0 
2017/12/18 50.2 50.3 50.1 50.1 205 0 0 74 5 0 79 0 0 0 
2017/12/19 50.2 50.2 50 50.1 572 0 0 74 5 0 79 0 0 0 
2017/12/20 50.1 50.2 50 50.1 495 0 0 74 5 0 79 0 0 0 
2017/12/21 50.1 50.1 50 50.1 112 0 0 74 5 0 79 0 0 0 
2017/12/22 50.1 50.1 50 50.1 394 0 0 74 5 10 89 0 0 0 
2017/12/25 50.1 50.1 50 50.1 437 0 0 74 5 0 79 0 0 0 
2017/12/26 50.1 50.1 50 50.1 279 0 0 74 5 0 79 0 0 0 
2017/12/27 50.1 50.1 50 50.1 501 0 0 74 5 0 79 0 0 0 
2017/12/28 50 50.1 49.95 50 853 0 0 74 5 0 79 0 0 0 
2017/12/29 50 50.1 50 50.1 302 0 0 74 5 21 100 0 0 0 
2018/01/02 50 50.1 50 50 134 0 0 74 5 21 100 0 0 0 
2018/01/03 50.1 50.1 50 50.1 242 0 0 74 5 181 260 0 0 0 
2018/01/04 50.1 50.2 50.1 50.1 272 0 0 74 5 214 293 0 0 0 
2018/01/05 50.1 50.1 50 50.1 369 0 0 74 5 314 393 0 0 0 
2018/01/08 50.1 50.1 50 50.1 91 0 0 74 5 314 393 0 0 0 
2018/01/09 50.1 50.1 50 50.1 847 0 0 74 5 474 553 0 0 0 
2018/01/10 50.1 50.1 50 50.1 204 0 0 74 5 492 571 0 0 0 
2018/01/11 50 50.1 50 50.1 334 0 0 74 5 492 571 0 0 0 
2018/01/12 50.1 50.1 50 50.1 163 0 0 74 5 519 598 0 0 0 
2018/01/15 50.1 50.1 50 50.1 316 0 0 74 5 546 625 0 0 0 
2018/01/16 50.1 50.1 50 50 294 0 0 74 5 572 651 0 0 0 
2018/01/17 50.1 50.1 50 50.1 109 0 0 74 5 597 676 0 0 0 
2018/01/18 50.1 50.1 50 50.1 812 0 0 74 5 629 708 0 0 0 
2018/01/19 50.1 50.1 50 50.1 114 0 0 74 5 656 661 0 0 0 
2018/01/22 50.1 50.1 50 50.1 506 0 0 74 5 682 761 0 0 0 
2018/01/23 50.1 50.1 50 50 306 0 0 74 5 717 796 0 0 0 
2018/01/24 50.1 50.1 50 50.1 86 0 0 74 5 743 822 0 0 0 
2018/01/25 50 50.1 50 50.1 183 0 0 74 5 774 853 0 0 0 
2018/01/26 50 50.1 50 50.1 179 0 0 74 5 798 877 0 0 0 
2018/01/29 50 50.1 50 50 348 0 0 74 5 798 877 0 0 0 
2018/01/30 50 50.1 50 50 114 0 0 74 5 798 877 0 0 0 
2018/01/31 50 50.1 50 50.1 86 0 0 74 5 813 892 0 0 0 
2018/02/01 50.1 50.1 50 50.1 103 0 0 74 5 837 916 0 0 0 
2018/02/02 50.1 50.1 50 50 85 0 0 74 5 864 943 0 0 0 
2018/02/05 50 50.1 50 50.1 321 0 0 74 5 890 969 0 0 0 
2018/02/06 50 50 49.85 50 627 0 0 74 5 910 989 0 0 0 
2018/02/07 49.95 50 49.95 50 274 0 0 74 5 959 1038 0 0 0 
2018/02/08 50 50 49.95 50 173 0 0 74 5 994 1073 0 0 0 
2018/02/09 49.95 50 49.9 50 364 0 0 74 5 1014 1093 0 0 0 
2018/02/12 49.95 50 49.9 50 355 0 0 74 5 989 1068 0 0 0 
2018/02/21 50 50.1 50 50.1 258 0 0 74 5 989 1068 0 0 0 
2018/02/22 50.1 50.1 50 50.1 230 0 0 74 5 989 1068 0 0 0 
2018/02/23 50.1 50.1 50 50.1 127 0 0 74 5 991 1070 0 0 0 
2018/02/26 50.1 50.1 50 50.1 195 0 0 74 5 991 1070 0 0 0 
2018/02/27 50.1 50.2 50 50.2 514 0 0 74 5 996 1075 0 0 0 
2018/03/01 50.1 50.2 50.1 50.2 145 0 0 74 5 997 1076 0 0 0 
2018/03/02 50.2 50.2 50.1 50.2 76 0 0 74 5 997 1076 0 0 0 
2018/03/05 50.2 50.3 50.2 50.2 536 0 0 74 5 988 1067 0 0 0 
2018/03/06 50.3 50.3 50.3 50.3 450 0 0 74 5 1008 1087 0 0 0 
2018/03/07 50.3 50.4 50.3 50.3 307 0 0 74 5 1048 1127 0 0 0 
2018/03/08 50.4 50.6 50.3 50.4 899 0 0 74 5 1083 1162 0 0 0 
2018/03/09 50.5 50.6 50.5 50.6 328 0 0 74 5 1054 1133 0 0 0 
2018/03/12 50.6 50.7 50.6 50.6 597 0 0 74 5 1054 1133 0 0 0 
2018/03/13 50.6 50.6 50.5 50.6 500 0 0 74 5 1056 1135 0 0 0 
2018/03/14 50.6 50.6 50.5 50.6 204 0 0 74 0 1056 1130 0 0 0 
2018/03/15 50.6 50.7 50.5 50.7 314 0 0 74 0 1056 1130 0 0 0 
2018/03/16 50.7 50.7 50.6 50.7 597 0 0 74 0 1056 1130 0 0 0 
2018/03/19 50.7 50.7 50.6 50.6 529 0 0 74 0 1056 1130 0 0 0 
2018/03/20 50.6 50.7 50.6 50.6 254 0 0 74 0 1056 1130 0 0 0 
2018/03/21 50.7 50.7 50.6 50.7 584 0 0 74 0 1085 1159 0 0 0 
2018/03/22 50.7 50.8 50.6 50.8 361 0 0 74 0 1100 1174 0 0 0 
2018/03/23 50.7 50.8 50.6 50.8 309 0 0 74 0 1102 1176 0 0 0 
2018/03/26 50.7 50.8 50.6 50.8 205 0 0 74 0 1104 1178 0 0 0 
2018/03/27 50.8 50.8 50.7 50.8 207 0 0 74 0 1104 1178 0 0 0 
2018/03/28 50.7 50.8 50.7 50.7 1111 0 0 74 0 1106 1180 0 0 0 
2018/03/29 50.7 50.8 50.7 50.7 224 0 0 74 0 1106 1180 0 0 0 
2018/03/30 50.7 50.9 50.7 50.9 155 0 0 74 100 1106 1280 0 0 0 
2018/03/31 50.9 51 50.8 50.9 269 0 0 74 159 1106 1339 0 0 0 
2018/04/02 50.9 51.1 50.9 51 251 0 0 74 159 1108 1341 0 0 0 
2018/04/03 51 51.4 51 51.3 609 0 0 74 131 1108 1313 0 0 0 
2018/04/09 51.4 51.6 51.4 51.4 591 0 0 74 231 1108 1413 0 0 0 
2018/04/10 51.4 51.6 51.4 51.6 337 0 0 74 231 1118 1423 0 0 0 
2018/04/11 51.6 51.7 51.5 51.7 1111 0 0 74 409 1118 1601 0 0 0 
2018/04/12 51.6 51.7 51.5 51.6 359 0 0 74 509 1118 1701 0 0 0 
2018/04/13 51.6 51.6 51.5 51.6 499 0 0 74 709 1118 1901 0 0 0 
2018/04/16 51.6 51.7 51.6 51.7 229 0 0 74 820 1119 2013 0 0 0 
2018/04/17 51.6 51.7 51.6 51.6 662 0 0 74 820 1119 2013 0 0 0 
2018/04/18 51.6 51.6 51.4 51.5 422 0 0 74 990 1120 2184 0 0 0 
2018/04/19 51.5 51.6 51.5 51.6 257 0 0 74 1122 1121 2317 0 0 0 
2018/04/20 51.6 51.6 51.5 51.6 750 0 0 74 1542 1125 2741 0 0 0 
2018/04/23 51.6 51.7 51.5 51.6 577 0 0 74 1742 1125 2941 0 0 0 
2018/04/24 51.6 51.6 51.5 51.5 604 0 0 74 1942 1125 3141 0 0 0 
2018/04/25 51.5 51.6 51.5 51.6 593 0 0 74 2212 1125 3411 0 0 0 
2018/04/26 51.6 51.6 51.5 51.5 366 0 0 74 2312 1125 3511 0 0 0 
2018/04/27 51.5 51.6 51.5 51.6 234 0 0 74 2312 1125 3511 0 0 0 
2018/04/30 51.6 51.7 51.6 51.7 394 0 0 74 2312 1125 3511 0 0 0 
2018/05/02 51.7 51.8 51.6 51.8 569 0 0 74 2712 1127 3913 0 0 0 
2018/05/03 51.7 51.7 51.6 51.7 731 0 0 74 2912 1127 4113 0 0 0 
2018/05/04 51.7 51.7 51.5 51.5 1810 0 0 74 4080 1127 5281 0 0 0 
2018/05/07 51.6 51.6 51.5 51.6 539 0 0 74 4080 1129 5283 0 0 0 
2018/05/08 51.6 51.6 51.5 51.6 491 0 0 74 4080 1131 5285 0 0 0 
2018/05/09 51.6 51.6 51.5 51.5 278 0 0 74 4080 1131 5285 0 0 0 
2018/05/10 51.5 51.5 51.3 51.5 532 0 0 74 4080 1086 5240 0 0 0 
2018/05/11 51.5 51.5 51.3 51.5 365 0 0 74 4080 1078 5232 0 0 0 
2018/05/14 51.5 51.5 51.3 51.3 526 0 0 74 4080 1079 5233 0 0 0 
2018/05/15 51.4 51.4 51.3 51.4 348 0 0 74 4080 1084 5238 0 0 0 
2018/05/16 51.4 51.4 51.3 51.4 269 0 0 74 4080 1084 5238 0 0 0 
2018/05/17 51.4 51.4 51.1 51.3 1112 0 0 74 4080 1104 5258 0 0 0 
2018/05/18 51.3 51.4 51.2 51.3 399 0 0 74 4080 1109 5263 0 0 0 
2018/05/21 51.2 51.3 51.1 51.3 277 0 0 74 4080 1120 5274 0 0 0 
2018/05/22 51.2 51.3 51.1 51.3 161 0 0 74 4080 1125 5279 0 0 0 
2018/05/23 51.2 51.3 51.1 51.3 197 0 0 34 4080 1139 5253 0 0 0 
2018/05/24 51.2 51.3 51.1 51.3 168 0 0 34 4080 1141 5255 0 0 0 
2018/05/25 51.2 51.3 51.1 51.3 216 0 0 34 4080 1173 5287 0 0 0 
2018/05/28 51.3 51.3 51.2 51.3 334 0 0 34 4080 1173 5287 0 0 0 
2018/05/29 51.3 51.3 51.2 51.3 319 0 0 34 4080 1177 5291 0 0 0 
2018/05/30 51.3 51.4 51.2 51.4 317 0 0 34 4080 1189 5303 0 0 0 
2018/05/31 51.3 51.3 51.2 51.3 137 0 0 34 4080 1191 5305 0 0 0 
2018/06/01 51.3 51.3 51.2 51.3 187 0 0 34 4080 1193 5307 0 0 0 
2018/06/04 51.3 51.4 51.2 51.4 189 0 0 34 4080 1195 5309 0 0 0 
2018/06/05 51.4 51.4 51.3 51.4 135 0 0 34 4080 1196 5310 0 0 0 
2018/06/06 51.4 51.5 51.3 51.5 175 0 0 34 4080 1219 5333 0 0 0 
2018/06/07 51.5 51.5 51.3 51.5 381 0 0 34 4080 1269 5383 0 0 0 
2018/06/08 51.4 51.5 51.3 51.4 192 0 0 34 4080 1288 5402 0 0 0 
2018/06/11 51.4 51.5 51.3 51.5 328 0 0 34 4080 1289 5403 0 0 0 
2018/06/12 51.4 51.5 51.4 51.5 408 0 0 41 4080 1291 5412 0 0 0 
2018/06/13 51.5 51.5 51.4 51.5 303 0 0 41 4080 1295 5416 0 0 0 
2018/06/14 51.4 51.5 51.4 51.5 517 0 0 41 4080 1261 5382 0 0 0 
2018/06/15 51.6 51.7 51.5 51.5 369 0 0 41 4080 1243 5364 0 0 0 
2018/06/19 51.5 51.6 51.4 51.5 1077 0 0 41 4080 1253 5374 0 0 0 
2018/06/20 51.5 51.7 51.5 51.7 515 0 0 48 4080 1226 5354 0 0 0 
2018/06/21 51.7 51.7 51.6 51.7 126 0 0 48 4080 1229 5357 0 0 0 
2018/06/22 51.7 51.7 51.6 51.7 190 0 0 48 4080 1231 5359 0 0 0 
2018/06/25 51.7 51.8 51.6 51.8 172 0 0 62 4080 1251 5393 0 0 0 
2018/06/26 51.8 51.8 51.6 51.7 288 0 0 78 4080 1253 5411 0 0 0 
2018/06/27 51.7 51.8 51.6 51.7 121 0 0 80 4080 1256 5416 0 0 0 
2018/06/28 51.7 51.8 51.6 51.8 165 0 0 85 4080 1271 5436 0 0 0 
2018/06/29 51.7 51.7 51.5 51.6 512 0 0 85 4080 1250 5415 0 0 0 
2018/07/02 51.6 51.7 51.6 51.7 145 0 0 75 4080 1155 5310 0 0 0 
2018/07/03 51.6 51.7 51.5 51.7 169 0 0 64 4080 1197 5341 0 0 0 
2018/07/04 51.6 51.7 51.5 51.7 140 0 0 55 4080 1151 5286 0 0 0 
2018/07/05 51.7 51.7 51.4 51.7 599 0 0 35 3680 1171 4886 0 0 0 
2018/07/06 51.7 51.7 51.4 51.6 325 0 0 34 3472 1239 4745 0 0 0 
2018/07/09 51.6 51.6 51.5 51.6 112 0 0 43 3472 1234 4749 0 0 0 
2018/07/10 51.6 51.6 51.5 51.6 113 0 0 50 3472 1236 4758 0 0 0 
2018/07/11 51.6 51.6 51.5 51.6 104 0 0 67 3472 1219 4758 0 0 0 
2018/07/12 51.6 51.6 51.5 51.6 83 0 0 67 3472 1222 4761 0 0 0 
2018/07/13 51.6 51.6 51.4 51.6 677 0 0 34 3172 1235 4441 0 0 0 
2018/07/16 51.5 51.5 51.5 51.5 60 0 0 34 3132 1238 4404 0 0 0 
2018/07/17 51.5 51.6 51.5 51.6 258 0 0 34 3132 1238 4404 0 0 0 
2018/07/18 51.6 51.6 51.5 51.6 466 0 0 34 2832 1242 4108 0 0 0 
2018/07/19 51.6 51.6 51.4 51.6 504 0 0 34 2532 1255 3821 0 0 0 
2018/07/20 51.5 51.6 51.4 51.6 161 0 0 34 2532 1252 3818 0 0 0 
2018/07/23 51.5 51.6 51.4 51.6 76 0 0 34 2532 1250 3816 0 0 0 
2018/07/24 51.6 51.6 51.5 51.6 25 0 0 34 2532 1252 3818 0 0 0 
2018/07/25 51.5 51.6 51.4 51.5 381 0 0 34 2232 1272 3538 0 0 0 
2018/07/26 51.5 51.6 51.5 51.6 114 0 0 34 2232 1274 3540 0 0 0 
2018/07/27 51.6 51.7 51.6 51.7 461 0 0 34 2232 1264 3530 0 0 0 
2018/07/30 51.7 51.7 51.6 51.7 147 0 0 34 2232 1265 3531 0 0 0 
2018/07/31 51.7 51.7 51.6 51.7 260 0 0 34 2232 1270 3536 0 0 0 
2018/08/01 51.6 51.7 51.6 51.7 478 0 0 34 2232 1243 3509 0 0 0 
2018/08/02 51.6 51.7 51.6 51.7 58 0 0 34 2232 1246 3512 0 0 0 
2018/08/03 51.6 51.7 51.6 51.6 101 0 0 34 2232 1246 3512 0 0 0 
2018/08/06 51.6 51.7 51.6 51.7 114 0 0 34 2232 1232 3498 0 0 0 
