1991/08/02 58.5 66.5 58.5 66.5 3 
1991/08/09 71 92 71 87.5 10014 
1991/08/16 86.5 86.5 76 77 9076 
1991/08/23 75 77 62.5 66 9249 
1991/08/30 66 74 61 73 8076 
1991/09/06 72.5 78.5 72 77 11633 
1991/09/13 77 77 65 66 6049 
1991/09/20 66 68.5 64.5 67.5 2050 
1991/09/27 68 70 67 68 2188 
1991/10/04 67 69 65 66 1647 
1991/10/11 65.5 67 65 66 1463 
1991/10/18 62 64 57 61.5 2802 
1991/10/25 61 62 57.5 61.5 2521 
1991/11/01 61.5 64 60.5 63 3446 
1991/11/08 63.5 68 63 65 6088 
1991/11/15 64.5 66 63 64.5 2127 
1991/11/22 63 66 62.5 64 2593 
1991/11/29 64.5 65 62.5 63 1571 
1991/12/06 63 65 57.5 59.5 5637 
1991/12/13 60 61 58 60 3538 
1991/12/20 60.5 61.5 59 59 1589 
1991/12/27 60.5 65 58 65 3649 
1992/01/03 65 65 64 64 325 
1992/01/10 65 74.5 65 72.5 16341 
1992/01/17 74 76 63.5 65 31944 
1992/01/24 65 69 65 66.5 14876 
1992/01/31 67 74.5 66.5 74.5 24497 
1992/02/07 71 75 71 75 4915 
1992/02/14 76 76 65 66.5 8790 
1992/02/21 66.5 72 62.5 72 13916 
1992/02/28 73.5 73.5 65 68 11737 
1992/03/06 68 68.5 65 65.5 3547 
1992/03/13 66 66.5 63.5 66 6926 
1992/03/20 65.5 66 63 64.5 3318 
1992/03/27 64.5 65 63.5 65 2312 
1992/04/03 65 65.5 63 64.5 1587 
1992/04/10 63.5 66 63 65 3787 
1992/04/17 64.5 64.5 63.5 64 1883 
1992/04/24 64 65 60 60 7181 
1992/05/01 59 60.5 58 59 5135 
1992/05/08 59 59 55.5 55.5 1984 
1992/05/15 55 59 55 59 7904 
1992/05/22 59.5 63 58.5 62.5 10918 
1992/05/29 62 63.5 59 61 10984 
1992/06/05 60 61 59 60.5 5390 
1992/06/12 61 62.5 59 60.5 5990 
1992/06/19 61 61.5 58 58 3811 
1992/06/26 58.5 60 56 57 4221 
1992/07/03 57 58 56 57.5 4264 
1992/07/10 57.5 57.5 55.5 56 4333 
1992/07/17 56 57 55 55 2968 
1992/07/24 55 56 54 55 5413 
1992/07/31 56 56 48 49.5 4651 
1992/08/07 50 51.5 48.6 48.6 1382 
1992/08/14 48.4 48.6 44 45.5 1926 
1992/08/21 45.5 45.5 40.1 43 3237 
1992/08/28 43 44 39 39.5 2970 
1992/09/04 40.5 42.5 40.3 40.3 2811 
1992/09/11 41.3 41.4 39.5 40.2 1256 
1992/09/18 40 40.2 34.6 37.7 2792 
1992/09/25 35.1 38.3 35.1 35.8 1701 
1992/10/02 36.5 40.3 36 40 3371 
1992/10/09 40 41.4 38.6 40.2 2285 
1992/10/16 40.2 42.2 39.5 41.8 2337 
1992/10/23 42 42.1 40 40.7 1372 
1992/10/30 40.9 41.3 40.1 40.5 410 
1992/11/06 40.5 40.5 38.6 39.5 1148 
1992/11/13 39.5 40 39 39.7 675 
1992/11/20 39.7 41.1 39.3 40.9 2976 
1992/11/27 40.9 41.1 39.6 39.9 1435 
1992/12/04 39.8 39.9 38.6 39.6 942 
1992/12/11 39.6 40.3 39.3 39.7 1686 
1992/12/18 39.7 39.7 38.3 38.6 908 
1992/12/25 38.6 38.6 35.1 35.6 909 
1993/01/01 35.8 35.8 33 33.7 552 
1993/01/08 34.3 34.3 29.1 31.1 1881 
1993/01/15 31 33 30 32.6 1944 
1993/01/22 32.6 33.6 32.3 33.4 1015 
1993/01/29 34 35.9 33 34.9 3108 
1993/02/05 35 37.4 35 37.1 3882 
1993/02/12 37 37.5 35.7 37.5 3650 
1993/02/19 37 40.4 37 39.8 5951 
1993/02/26 40 45.4 39.4 44.5 11024 
1993/03/05 44.6 47.8 42.2 46.6 15975 
1993/03/12 47.8 49 43.5 44 11365 
1993/03/19 44 48.6 42 48.3 14341 
1993/03/26 49 57.5 48.8 53.5 19365 
1993/04/02 54 59 54 56.5 21841 
1993/04/09 56.5 59.5 49.9 50 16441 
1993/04/16 50 51.5 48 49.1 4617 
1993/04/23 49.2 54 48.6 51 17628 
1993/04/30 51 51.5 48.5 48.6 11415 
1993/05/07 48.1 48.4 45.8 47.5 7094 
1993/05/14 48 48.8 45.6 46 5486 
1993/05/21 46 46.2 43.2 43.2 5285 
1993/05/28 43.6 43.6 40.5 42.2 5346 
1993/06/04 42.2 44 41 43.3 3020 
1993/06/11 43 43.2 40 40.3 2366 
1993/06/18 40.1 42.2 38.7 38.8 7988 
1993/06/25 38.8 39.3 38 38.6 2220 
1993/07/02 38.3 38.5 33.3 33.7 3608 
1993/07/09 33.9 37.9 33.9 37.2 5851 
1993/07/16 37.1 37.3 34 34.8 3258 
1993/07/23 34.8 36.3 34.5 35.9 3273 
1993/07/30 36.1 37.6 35.2 35.4 5510 
1993/08/06 34.2 36.4 34.2 35.5 2540 
1993/08/13 35.7 37.1 35.7 36.5 3531 
1993/08/20 36.6 37.1 30.1 30.3 5034 
1993/08/27 30.3 30.4 29.5 29.8 2208 
1993/09/03 29.9 29.9 28.5 28.8 1643 
1993/09/10 28.8 29.2 28 28.6 1700 
1993/09/17 28.9 30.2 27.5 30 2374 
1993/09/24 29.8 30.1 28.7 29.5 1933 
1993/10/01 28 29.3 28 28.7 725 
1993/10/08 28.7 29.7 28.4 29.5 1672 
1993/10/15 29.7 31.2 29.7 30.6 3474 
1993/10/22 30.7 31.2 29.6 31 3865 
1993/10/29 31 31.7 30.1 30.9 3321 
1993/11/05 31.4 33.9 31 32.4 9026 
1993/11/12 32.3 32.7 31.7 32.4 3086 
1993/11/19 32.7 33.2 29.8 30.2 6951 
1993/11/26 30.2 30.4 29.2 29.3 2062 
1993/12/03 30.8 32.3 30.1 31.3 9084 
1993/12/10 31.6 33.9 31.3 32 16445 
1993/12/17 32.3 34.1 31.3 34 20193 
1993/12/24 34.8 36.2 32.5 33.2 18718 
1993/12/31 33.4 34.5 32 33.7 10071 
1994/01/07 33.8 36.2 33.8 35.6 12935 
1994/01/14 36.8 38.9 32.8 34.3 18586 
1994/01/21 34.6 35.5 33 33.6 7103 
1994/01/28 33.9 34.4 33 33.5 3418 
1994/02/04 33.7 34.3 33.2 33.5 6985 
1994/02/18 33.2 33.3 31.6 32 2511 
1994/02/25 32.1 32.2 31.1 31.4 2122 
1994/03/04 31.3 32.3 30.6 32 2247 
1994/03/11 32.6 32.6 30.2 30.5 3247 
1994/03/18 30.7 32.9 30.5 32.5 6662 
1994/03/25 32.8 37.7 32.7 37.5 38298 
1994/04/01 38.4 40.5 36.6 37 83535 
1994/04/08 37.2 38.5 36.1 38.5 22270 
1994/04/15 39.1 41.5 37.4 38.3 49898 
1994/04/22 38.8 39.8 38.1 38.2 17190 
1994/04/29 37.7 40.4 35.9 36.3 14944 
1994/05/06 36.4 37.4 36.1 36.5 7395 
1994/05/13 36.6 38.9 36.5 38.2 14317 
1994/05/20 38.5 39.5 38 38.3 16081 
1994/05/27 38.6 41.9 38.1 38.8 34773 
1994/06/03 39.2 39.4 38 38.2 26420 
1994/06/10 38.2 38.5 36.6 36.9 10287 
1994/06/17 37.1 38 36.7 37 6552 
1994/06/24 37 37 35.9 36 4251 
1994/07/01 36 36.6 35.6 36.1 2608 
1994/07/08 36.2 38.9 36.2 37.5 9224 
1994/07/15 37.1 39.5 37.1 38 10560 
1994/07/22 38.1 40.5 38.1 38.2 16426 
1994/07/29 38.8 45.6 38.5 43.5 53247 
1995/01/06 49.5 49.5 47.5 48.2 6517 
1995/01/13 48 48.2 46.6 47.4 7838 
1995/01/20 47.8 47.9 44 46 9242 
1995/01/27 45.2 45.7 42 42.3 6458 
1995/02/03 43.1 43.5 42.2 42.2 1028 
1995/02/10 42 44.2 41.4 43.1 12398 
1995/02/17 43.5 43.6 42.1 43.3 5437 
1995/02/24 43.4 43.4 41.5 41.5 3585 
1995/03/03 41 41 38 39.7 6430 
1995/03/10 40 40.8 39 39.5 4247 
1995/03/17 40 41.8 39.9 40.4 10164 
1995/03/24 40.7 40.7 38.7 38.8 3531 
1995/03/31 39 40.4 38.8 40 2814 
1995/04/07 40.2 41.5 40 40.9 4374 
1995/04/14 40.7 40.9 38.3 38.3 2550 
1995/04/21 38.1 38.1 35 35.7 4524 
1995/04/28 36 36 34.5 34.7 4133 
1995/05/05 34.7 34.7 31.5 32 4012 
1995/05/12 32.5 34.3 32 34 4007 
1995/05/19 34.3 34.3 32.7 33 2928 
1995/05/26 33 33.2 31.7 33.1 3777 
1995/06/02 33.1 35.9 33.1 35.2 11492 
1995/06/09 35.6 37.3 35 35.7 15556 
1995/06/16 35.9 35.9 31.5 32.1 8051 
1995/06/23 32.4 34.4 31.7 33.9 8507 
1995/06/30 34 34.3 28.5 28.6 13714 
1995/07/07 28.1 31.5 28.1 30.2 9680 
1995/07/14 30.4 30.9 28.6 28.7 6925 
1995/07/21 28.9 29.2 27.2 28.2 9923 
1995/07/28 28 29.3 24.5 26.5 17089 
1995/08/04 26 26.8 24.1 24.1 4744 
1995/08/11 23.5 24.9 22.7 23.5 3477 
1995/08/18 23.5 24.7 22.2 23.3 3257 
1995/08/25 23 24.3 22.2 22.8 1848 
1995/09/01 22.7 25.5 22.7 25.2 8639 
1995/09/08 25.5 26.4 25.3 25.6 10161 
1995/09/15 25.7 25.7 23.9 24 4703 
1995/09/22 24.3 25 24 24.8 4427 
1995/09/29 25.2 26.5 24.5 25.1 10174 
1995/10/06 25.1 26 25 25.5 9659 
1995/10/13 25.1 25.5 24.3 24.3 9394 
1995/10/20 24.5 24.6 23.8 24.1 3259 
1995/10/27 24 24.8 23.8 24.1 2872 
1995/11/03 24 24.6 23.1 24.3 4076 
1995/11/10 24.6 25.1 23.3 23.5 6159 
1995/11/17 23.3 23.6 23 23.4 1466 
1995/11/24 23.4 23.9 23.1 23.7 1823 
1995/12/01 23.8 24.2 23.2 23.9 3526 
1995/12/08 24.4 25 23.5 24.8 5656 
1995/12/15 25 28 25 26.7 36512 
1995/12/22 27.1 27.7 25 25.7 12043 
1995/12/29 25.7 26.8 25.5 26.2 9300 
1996/01/05 26.3 26.3 23 23.7 4104 
1996/01/12 23.9 26.9 23.9 26.9 14104 
1996/01/19 27.5 28.5 26.3 27.8 45558 
1996/01/26 27.6 28.1 25.3 25.3 15943 
1996/02/02 25.5 25.7 23.8 25.3 15351 
1996/02/09 25.1 26.1 24.6 25.4 27265 
1996/02/16 25.6 26.1 25.5 25.5 9799 
1996/02/23 25.7 25.8 24.7 25.1 4446 
1996/03/01 25 25.6 24.8 25.2 9019 
1996/03/08 25.3 25.7 24 24.2 8995 
1996/03/15 23.6 24.8 22.8 24.5 8353 
1996/03/22 24.4 25.4 24.4 24.9 9091 
1996/03/29 25.2 25.3 24.4 24.7 4327 
1996/04/05 24.9 27.3 24.8 27 13573 
1996/04/12 27 27 25.3 26.5 15709 
1996/04/19 27 28.4 26.6 27.1 28898 
1996/04/26 27.5 29.3 26.8 27.9 27259 
1996/05/03 28.3 28.8 27.1 27.6 18567 
1996/05/10 28 28.8 27.4 28.5 11053 
1996/05/17 28.9 29.4 27.1 27.2 14127 
1996/05/24 27.4 27.4 26.1 27 6483 
1996/05/31 27 27.5 26.7 27.2 4232 
1996/06/07 27.3 27.5 26.6 27.4 4347 
1996/06/14 27.6 28.3 27.3 27.8 11312 
1996/06/21 28 28.4 27.6 27.6 6554 
1996/06/28 28 28.3 26.6 26.6 10730 
1996/07/05 26.8 27.5 26.6 26.7 4257 
1996/07/12 26.7 27 26 26.4 2648 
1996/07/19 26.2 26.5 25.4 26.2 2916 
1996/07/26 26.3 26.3 25.5 26.1 4939 
1996/08/02 22.7 23.5 22.4 22.5 30547 
1996/08/09 22.7 24.6 22.6 23.1 53034 
1996/08/16 23.2 23.2 22.5 22.6 10251 
1996/08/23 22.6 22.7 21.7 21.9 9854 
1996/08/30 21.9 22.4 21.8 22 6381 
1996/09/06 22.1 22.4 21.7 21.9 6998 
1996/09/13 22.1 22.7 21.9 22.4 9631 
1996/09/20 22.6 23.6 22.2 23 19768 
1996/09/27 23.2 23.5 23 23.3 9282 
1996/10/04 23.4 24 23.1 23.5 13595 
1996/10/11 23.5 24.2 23 24.2 17009 
1996/10/18 24.3 24.7 23.5 23.8 33626 
1996/10/25 23.9 24 23.5 23.5 6112 
1996/11/01 23.5 23.7 22.5 23 9229 
1996/11/08 23 23.4 22.6 23.4 13528 
1996/11/15 23.6 23.7 22.7 22.8 8458 
1996/11/22 22.9 24 22.5 22.5 17879 
1996/11/29 22.7 23.1 22.5 22.8 12616 
1996/12/06 22.8 23.5 22.6 22.6 11475 
1996/12/13 22.9 24.4 22.8 23.6 28426 
1996/12/20 23.5 24.8 23.4 24.2 41911 
1996/12/27 24.6 25.3 24.1 24.1 35131 
1997/01/03 24.3 25.8 24.2 25.4 27270 
1997/01/10 25.6 28.2 25.3 27.7 74296 
1997/01/17 27.9 27.9 25.2 26.2 50662 
1997/01/24 26.4 26.5 24.4 24.6 24058 
1997/01/31 24.8 25.7 24.5 24.5 13060 
1997/02/07 24.5 24.8 24.5 24.5 2400 
1997/02/14 24.6 25.9 24.6 25.2 15447 
1997/02/21 25.3 27.5 25.3 26.1 63918 
1997/02/28 26.4 32.7 26.3 31.7 107270 
1997/03/07 31 33.5 31 33.2 50248 
1997/03/14 33.5 34.5 32 32.2 36234 
1997/03/21 34.4 36.5 32.6 33.3 47427 
1997/03/28 33.3 33.6 31.1 32.2 16701 
1997/04/04 32.2 37 32 35.6 29566 
1997/04/11 36 37.3 34.4 36 56248 
1997/04/18 36.6 37.9 34.5 34.8 36974 
1997/04/25 35 37.7 34.8 37.7 29911 
1997/05/02 40.3 43.1 39.5 43 89008 
1997/05/09 43.2 45.5 42 42.6 86896 
1997/05/16 43.1 43.3 40 40.9 25483 
1997/05/23 40.5 42.3 38.4 40.6 31348 
1997/05/30 40.8 41.2 40 40.9 10022 
1997/06/06 41.5 44.1 40.3 44.1 40548 
1997/06/13 45.3 49.6 43.3 48.6 99480 
1997/06/20 49 55.5 48.6 49.6 88364 
1997/06/27 50 52.5 48.7 52 44814 
1997/07/04 54 61 53 61 75889 
1997/07/11 61.5 72 58 70 98685 
1997/07/18 71 74 68 74 79853 
1997/07/25 76 77 68 71 44527 
1997/08/01 71 75 70 71.5 37910 
1997/08/08 75 82 73 79.5 61712 
1997/08/15 80 80 74 77 34603 
1997/08/22 78 84 77 82.5 38371 
1997/08/29 83.5 90 79 83 43047 
1997/09/05 83.5 84.5 72.5 84 46562 
1997/09/12 84 85 76 79.5 34197 
1997/09/19 80 82.5 77.5 81.5 15954 
1997/09/26 82 82 66 70.5 28722 
1997/10/03 72.5 77.5 70 77 36350 
1997/10/10 79 79 70.5 76.5 33472 
1997/10/17 78.5 80 66.5 66.5 59464 
1997/10/24 65.5 70 62 65 58269 
1997/10/31 64 66 51.5 52.5 24981 
1997/11/07 56 67 54 58.5 58696 
1997/11/14 58.5 63.5 57 61.5 26598 
1997/11/21 62 68.5 60 66.5 54828 
1997/11/28 65.5 66 63 65 17440 
1997/12/05 61 68 60.5 66 40227 
1997/12/12 67 70 62 64 46779 
1997/12/19 64 71 63.5 69.5 53018 
1997/12/26 70 73.5 66 71 34678 
1998/01/02 71.5 72.5 70 70.5 10922 
1998/01/09 70.5 70.5 67 70 15060 
1998/01/16 68.5 72 67 69.5 24804 
1998/01/23 67.5 75 67.5 73 29811 
1998/02/06 76 81 74.5 77.5 43540 
1998/02/13 78.5 80.5 75 76.5 27578 
1998/02/20 76.5 85.5 76.5 82 48676 
1998/02/27 82 84 78.5 79.5 24409 
1998/03/06 80.5 83 77 78.5 23221 
1998/03/13 78 78.5 73.5 75 24476 
1998/03/20 75.5 76 71 72.5 15603 
1998/03/27 72 76 71 74 21592 
1998/04/03 74 76 72 75.5 12537 
1998/04/10 76 77.5 72 73 15738 
1998/04/17 73 73.5 68 70 12002 
1998/04/24 70 70 64.5 67.5 9709 
1998/05/01 67.5 68 62.5 65 5578 
1998/05/08 66 66.5 61 62.5 8265 
1998/05/15 63.5 67 61 63 14592 
1998/05/22 62.5 67 62.5 67 13057 
1998/05/29 67 68 61 62 9214 
1998/06/05 61.5 61.5 54 58 20357 
1998/06/12 58 58.5 48.5 50.5 18332 
1998/06/19 52 59 50 56.5 34631 
1998/06/26 56.5 57 54 55 6005 
1998/07/03 55 59 52 58 13786 
1998/07/10 59 60.5 56 57 11775 
1998/07/17 57 68 56.5 67 39424 
1998/07/24 67.5 68.5 52.5 56 34596 
1998/07/31 56.5 56.5 50 52 15966 
1998/08/07 53 53 50 51.5 7921 
1998/08/14 51.5 51.5 45.8 47 13101 
1998/08/21 47 47 42.4 44 9425 
1998/08/28 42.8 43.4 37.5 39.5 21054 
1998/09/04 39.5 40.5 35.5 40 17419 
1998/09/11 40.2 42.1 37.8 38.3 20558 
1998/09/18 39 40.8 38.5 40.5 14438 
1998/09/25 40.5 40.8 38.1 38.5 8576 
1998/10/02 38.3 38.6 35.5 36.7 7522 
1998/10/09 36.1 38.5 35.8 37.6 5678 
1998/10/16 37.9 39.6 37 39.6 8739 
1998/10/23 40.6 42.8 37 38.7 50986 
1998/10/30 39.3 42.7 38.7 42.5 32608 
1998/11/06 43.1 44.8 41.1 44.6 52247 
1998/11/13 44.9 45.2 42 43.2 22550 
1998/11/20 43.5 46 42.8 44.6 47988 
1998/11/27 44.6 45.4 42 45.4 18709 
1998/12/04 45.7 49.6 43.8 48.7 46544 
1998/12/11 50 51 48.2 48.5 39961 
1998/12/18 49 49.8 46.1 46.1 27500 
1998/12/25 47.1 50.5 46.3 49.2 20713 
1999/01/01 49.4 50.5 47.7 49.3 20457 
1999/01/08 48.5 48.7 42.7 46.2 16841 
1999/01/15 46.6 46.9 41.6 44.5 19179 
1999/01/22 44.4 44.4 38.5 38.8 12658 
1999/01/29 38.1 39.5 36.8 38.8 14296 
1999/02/05 38.3 38.5 33.4 37 11667 
1999/02/12 38 38.6 35.9 37 6334 
1999/02/19 38.5 39.2 37.5 38.9 2866 
1999/02/26 39.2 40.5 36.9 37.8 10483 
1999/03/05 38.3 39.2 37.5 37.9 8027 
1999/03/12 38.5 41.2 38.1 38.6 22159 
1999/03/19 38.6 42.6 38.5 41.1 31069 
1999/03/26 41.3 44.3 40.4 43.5 33652 
1999/04/02 43.5 43.7 41.4 43.3 25990 
1999/04/09 44 44 41.6 41.6 10899 
1999/04/16 41.6 44.5 41.6 42.6 24625 
1999/04/23 43 43 41 41.6 11696 
1999/04/30 41.8 43.8 40 41.7 17388 
1999/05/07 42 45.6 41.5 45.6 39544 
1999/05/14 45.6 46.8 44.2 46.4 45075 
1999/05/21 47 54 46.9 54 98777 
1999/05/28 55 55.5 49.2 54.5 70107 
1999/06/04 55 58 53 55 77473 
1999/06/11 55.5 59.5 55.5 58.5 74226 
1999/06/18 59.5 62 58 61.5 46408 
1999/06/25 62 62.5 58 59 51105 
1999/07/02 60 63.5 56.5 60.5 114702 
1999/07/09 61 61 56 59 53548 
1999/07/16 59.5 60 45.9 49.3 36797 
1999/07/23 49.6 55.5 47 54.5 34892 
1999/07/30 54.5 54.5 47 49.7 16220 
1999/08/06 51 51 41.6 44.8 26050 
1999/08/13 44.8 48.7 44 47.5 24427 
1999/08/20 48.5 52.5 48 50.5 32611 
1999/08/27 50.5 50.5 48.5 48.6 14139 
1999/09/03 48 52.5 48 52.5 56244 
1999/09/10 53 55 50.5 52.5 44676 
1999/09/17 53 54.5 49.5 51 29763 
1999/09/24 51.5 51.5 50 51 1495 
1999/10/01 49.3 49.3 46 47.7 13905 
1999/10/08 47.9 48.6 46.2 48.2 11603 
1999/10/15 47.5 52 47.5 52 29750 
1999/10/22 51.5 51.5 49 49.5 15772 
1999/10/29 49.9 52.5 49.1 52.5 30456 
1999/11/05 52.5 54 49.5 49.6 39983 
1999/11/12 49.4 49.8 48.5 49.6 16487 
1999/11/19 49 53 49 52 57377 
1999/11/26 53 58.5 51 56 131527 
1999/12/03 59.5 62.5 52.5 62.5 186295 
1999/12/10 63.5 67 61 62 170881 
1999/12/17 62 70.5 61 64 155804 
1999/12/24 64 68.5 63 65 87797 
1999/12/31 65.5 67.5 63.5 63.5 39978 
2000/01/07 65.5 72.5 64.5 66.5 113993 
2000/01/14 67 69 63 65 86803 
2000/01/21 65.5 68 64 67 53221 
2000/01/28 68 68.5 64 65 79332 
2000/02/04 65 68 65 66.5 28449 
2000/02/11 68.5 74 67 74 120787 
2000/02/18 74.5 77.5 68.5 77.5 186802 
2000/02/25 77 77 66.5 67.5 82323 
2000/03/03 68 71 67.5 69 41666 
2000/03/10 69 74 67 70.5 76997 
2000/03/17 69.5 69.5 59.5 66 68450 
2000/03/24 64 79 64 75 106641 
2000/03/31 77 80.5 74 78.5 118109 
2000/04/07 77 83.5 77 81 119086 
2000/04/14 81 84.5 71 71.5 107652 
2000/04/21 73 77 71.5 75 37943 
2000/04/28 75 75.5 68 72 41188 
2000/05/05 73.5 73.5 64.5 71 41358 
2000/05/12 71 71.5 64 67 24431 
2000/05/19 67.5 76 67.5 70 52207 
2000/05/26 71.5 73 66 68 19291 
2000/06/02 68 71.5 59.5 60 55394 
2000/06/09 60 63 59 60.5 34882 
2000/06/16 61 61.5 55 55.5 29517 
2000/06/23 55 58.5 52.5 57.5 28229 
2000/06/30 57 57 47.6 48.9 23531 
2000/07/07 49.2 49.4 41.7 44.2 36941 
2000/07/14 44.2 50.5 41.5 49 45018 
2000/07/21 49.4 49.5 43.4 45.1 21664 
2000/07/28 44.7 47.9 42.5 47.3 35507 
2000/08/04 47 48.5 45.5 46.4 38904 
2000/08/11 46 48 44 46.8 33787 
2000/08/18 46.8 49.5 44.3 49.5 51226 
2000/08/25 49.9 50 46.1 46.1 25674 
2000/09/01 45.5 46 41 44.1 39905 
2000/09/08 44.5 45 41.2 41.3 21552 
2000/09/15 39.5 40.9 32.7 33.5 47553 
2000/09/22 33.5 33.8 30 30.7 42247 
2000/09/29 30.7 33.8 29.5 30.5 42704 
2000/10/06 30.9 32.3 29.5 30.9 36632 
2000/10/13 29.9 30.4 25.1 26 21424 
2000/10/20 27.3 27.3 19.1 20.1 48347 
2000/10/27 19.8 23.7 19.5 23 46274 
2000/11/03 22.2 22.2 20.1 20.1 18811 
2000/11/10 19.6 23 19.4 21.8 62639 
2000/11/17 20.5 24.5 20.5 23.9 124962 
2000/11/24 23.9 26.4 22.5 26.4 110060 
2000/12/01 27 27 25.1 25.7 61765 
2000/12/08 25.5 26.5 24.8 26.4 40574 
2000/12/15 27.1 28.3 26.8 27 51250 
2000/12/22 27.5 27.5 23.4 23.4 40169 
2000/12/29 23 24.9 22.8 23.3 31484 
2001/01/05 23.2 26 23 25.5 56634 
2001/01/12 24.8 27.5 24.5 25.3 47962 
2001/01/19 25 28.6 24.7 27 42249 
2001/02/02 27.6 29.1 25.7 28.6 71263 
2001/02/09 28.5 28.6 25 25.6 40194 
2001/02/16 25.9 28.9 25.7 27.2 55490 
2001/02/23 26.1 26.5 23.4 23.8 23988 
2001/03/02 23.5 24.9 23.2 24.9 14405 
2001/03/09 24.9 27.7 24.5 27.5 39731 
2001/03/16 27 33.4 27 32.7 52347 
2001/03/23 32.8 33.3 31.2 32.3 21562 
2001/03/30 32.3 34.2 31.6 32.7 34404 
2001/04/06 32.5 33.8 31.3 33.6 17747 
2001/04/13 34.3 35 32.9 33.8 33318 
2001/04/20 33.6 35.5 32.9 35.3 18680 
2001/04/27 35.6 36 34.3 35 20628 
2001/05/04 34.8 35 33.6 34 8676 
2001/05/11 34.4 34.5 31.5 33.2 12820 
2001/05/18 33 34.2 32.2 34.1 15869 
2001/05/25 34.2 36.3 32.8 32.8 61143 
2001/06/01 32.5 32.8 30.1 31.7 22182 
2001/06/08 31.5 31.7 28.5 29.4 22187 
2001/06/15 29.2 31 29 31 32579 
2001/06/22 30.8 31.6 23.3 23.3 59522 
2001/06/29 22.6 22.6 20.6 22.1 25291 
2001/07/06 21.9 22.5 20.8 21.8 19351 
2001/07/13 22.2 22.2 20.1 21.3 15435 
2001/07/20 21.1 21.2 16.3 16.3 21773 
2001/07/27 16.4 16.7 13.2 14.5 41445 
2001/08/03 14.5 14.8 13.5 14.45 28636 
2001/08/10 14.5 15.2 13.8 14.5 43901 
2001/08/17 14.5 15.5 14.4 14.9 56699 
2001/08/24 14.4 14.55 11.6 11.7 39675 
2001/08/31 12.05 12.25 11.4 11.65 25251 
2001/09/07 11.8 11.9 9.55 10 18849 
2001/09/14 9.9 9.9 7.5 7.7 18266 
2001/09/21 7.45 7.65 7.15 7.15 7301 
2001/09/28 7.2 8 7.15 8 23575 
2001/10/05 8.1 8.1 6.4 6.8 9431 
2001/10/12 6.4 7.1 6 6.9 11095 
2001/10/19 7 7 6.4 6.95 25886 
2001/10/26 7.4 8.75 7.4 8.25 34160 
2001/11/02 8.25 8.25 7.3 7.8 20358 
2001/11/09 7.85 8.9 7.85 8.75 47061 
2001/11/16 8.8 9.5 8.7 8.9 41634 
2001/11/23 8.9 9.5 8.4 9.5 39907 
2001/11/30 9.85 10.8 8.65 8.85 43199 
2001/12/07 9.05 10.8 9.05 10.2 83221 
2001/12/14 10.25 12.1 10.25 11.15 93804 
2001/12/21 11.2 11.75 9.3 9.3 31648 
2001/12/28 9.5 11.4 9.3 10.65 36447 
2002/01/04 10.85 11.85 10.75 11.3 48782 
2002/01/11 11.3 13.05 11.3 11.75 79585 
2002/01/18 11.2 11.4 10.2 10.6 29528 
2002/01/25 10.6 12.25 10.6 12.25 42530 
2002/02/01 12.55 13 11.15 11.9 35038 
2002/02/08 12 12 10.9 11.25 9693 
2002/02/22 11.5 11.65 10.3 10.4 11305 
2002/03/01 10.45 11.25 10.2 10.9 11991 
2002/03/08 11.2 12.55 11.05 12.55 42577 
2002/03/15 13 14.65 12.8 13.2 78368 
2002/03/22 13.2 13.35 11.8 13.35 47134 
2002/03/29 13.35 14.1 12.6 13.95 54868 
2002/04/05 13.7 15.3 13.1 14.4 61932 
2002/04/12 14.2 14.95 13.25 14 42969 
2002/04/19 14.2 15.7 13.95 14.85 83956 
2002/04/26 14.95 15.6 14.5 14.9 34651 
2002/05/03 14.65 14.95 13.8 14.6 38666 
2002/05/10 14.4 14.4 12.7 14.35 30805 
2002/05/17 14.2 14.5 13.3 13.35 26253 
2002/05/24 12.45 12.45 10.05 11.1 20147 
2002/05/31 10.85 11.6 10.8 10.95 18936 
2002/06/07 10.9 10.9 9.8 10.1 7616 
2002/06/14 10.1 10.7 10 10.35 5690 
2002/06/21 10.35 10.65 9.1 9.2 14541 
2002/06/28 9.2 9.2 7.8 8.1 8763 
2002/07/05 8.2 8.9 7 8.9 9205 
2002/07/12 9.15 9.2 8 8.8 6749 
2002/07/19 8.9 9.75 8.65 8.9 20588 
2002/07/26 8.6 9.3 8.25 8.3 9805 
2002/08/02 8.3 8.8 8 8.3 5928 
2002/08/09 7.75 8 7.3 7.5 11417 
2002/08/16 7.5 8.3 7 8.3 23380 
2002/08/23 8.85 10.35 8.7 10.3 37855 
2002/08/30 10.15 10.7 9.25 10 22575 
2002/09/06 10 10 9 9 11793 
2002/09/13 9.15 10.6 9 9.95 21688 
2002/09/20 9.85 10 9.1 9.35 11516 
2002/09/27 9.2 9.5 8.45 8.45 9879 
2002/10/04 8.3 8.9 8 8.25 6705 
2002/10/11 8.1 8.35 7.5 7.5 6369 
2002/10/18 7.6 8.55 7.5 8.55 12569 
2002/10/25 8.6 9.15 8.2 8.5 18933 
2002/11/01 8.7 9.55 8.2 9.55 10120 
2002/11/08 10.2 10.2 9.3 9.45 27620 
2002/11/15 9.45 9.75 9.05 9.3 14739 
2002/11/22 9.3 9.7 8.8 8.95 12858 
2002/11/29 8.9 9.15 8.55 8.8 6543 
2002/12/06 9 9.15 8.8 8.85 7330 
2002/12/13 8.95 9.05 8.35 8.35 7709 
2002/12/20 8.25 8.35 7.45 7.8 7678 
2002/12/27 7.95 8.25 7.65 7.8 10436 
2003/01/03 7.7 7.9 7.65 7.7 4142 
2003/01/10 7.7 7.7 7.7 7.7 0 
2003/01/17 7.7 7.7 7.7 7.7 0 
2003/01/24 7.7 17 7.7 17 1475 
2003/01/31 18.1 18.1 16.3 16.6 7129 
2003/02/07 16 16.5 14.5 14.7 2336 
2003/02/14 14.7 15.3 14.6 14.75 2431 
2003/02/21 15 15.7 14.55 14.7 5435 
2003/02/28 14.85 14.85 13.8 13.8 2167 
2003/03/07 13.8 14.1 13.2 13.3 2522 
2003/03/14 13.3 14.15 13 13.7 1612 
2003/03/21 13.6 14 13.2 13.6 1755 
2003/03/28 13.6 13.8 13.1 13.7 1002 
2003/04/04 13.65 13.65 13 13.4 1300 
2003/04/11 13.4 14.05 13.3 13.3 1429 
2003/04/18 13.25 14.5 13.1 14.2 2136 
2003/04/25 14.2 14.25 12.25 12.75 3769 
2003/05/02 12.7 12.8 11.6 12.1 2918 
2003/05/09 12.35 13.6 11.8 13.6 4832 
2003/05/16 14 14 12.8 13 4732 
2003/05/23 12.8 13.3 12.5 13.1 2860 
2003/05/30 13.3 15 13 14.25 16541 
2003/06/06 14.5 15.7 14.5 15.7 9257 
2003/06/13 15.5 17.5 15.5 17.1 19781 
2003/06/20 17.1 18.9 17 17 21047 
2003/06/27 17.2 17.4 16.4 16.8 10064 
2003/07/04 16.8 18.1 16.6 17.7 14016 
2003/07/11 17.9 22.3 17.7 22.3 51234 
2003/07/18 22.7 23.8 21 21.3 27965 
2003/07/25 21.8 24.8 21.1 24.6 34771 
2003/08/01 25 25.4 22.8 24.9 40267 
2003/08/08 24 24.6 23.3 23.5 19237 
2003/08/15 23.5 24 22 22.8 18693 
2003/08/22 23 24.5 22.8 23.2 27499 
2003/08/29 23.1 23.5 20.8 21.8 9813 
2003/09/05 22 22 20.3 20.4 4520 
2003/09/12 20.4 21 19.1 19.8 4242 
2003/09/19 20 21.3 19.7 20.8 5801 
2003/09/26 20.8 20.9 19.8 19.9 2549 
2003/10/03 19.9 20.4 19.4 20 3649 
2003/10/10 20.3 20.6 19.8 20.2 3948 
2003/10/17 19.9 20.6 19.6 19.9 5867 
2003/10/24 19.9 20.2 19.2 19.2 3112 
2003/10/31 19.3 21.1 19.2 21.1 7673 
2003/11/07 22 22 20.5 21.3 11908 
2003/11/14 21.5 23.7 21.4 22.3 21399 
2003/11/21 22.5 23.3 21.1 21.7 8663 
2003/11/28 21.7 22.4 21.5 21.6 4575 
2003/12/05 21.6 23.5 21.6 22.6 12294 
2003/12/12 21.7 22.3 21.5 21.8 3691 
2003/12/19 22 22.1 20.7 21.6 3961 
2003/12/26 21.6 22 20.9 21.5 6564 
2004/01/02 21.5 21.5 20.1 20.7 4143 
2004/01/09 20.7 21.8 20.5 21.4 6721 
2004/01/16 21.5 21.7 21 21 4863 
2004/01/30 21.5 23.4 21.1 22.5 16815 
2004/02/06 22.9 24.4 22.1 24 25650 
2004/02/13 24 24.2 22 22.1 20533 
2004/02/20 22.2 23 21.7 22.7 10132 
2004/02/27 22.7 23.2 22.1 22.3 9744 
2004/03/05 22.5 25.4 22.3 24.1 30578 
2004/03/12 24.8 24.8 22.6 22.7 11196 
2004/03/19 23 23.2 21.6 22.1 6734 
2004/03/26 20.6 20.6 18.3 19.1 8308 
2004/04/02 19.5 21 19.5 20.8 4998 
2004/04/09 21 21.6 20.6 20.7 3326 
2004/04/16 20.7 21.5 20.6 21.1 6132 
2004/04/23 21.2 22.2 20.5 21 13159 
2004/04/30 21 21 19.2 19.5 7025 
2004/05/07 19.5 20.4 19.1 19.6 4953 
2004/05/14 19.5 19.9 19 19.3 2335 
2004/05/21 19.4 20.3 18 20 3433 
2004/05/28 19.8 20.4 19.6 19.7 3430 
2004/06/04 19.8 20.3 18.5 18.7 5389 
2004/06/11 19.1 20 18.7 19 3985 
2004/06/18 19 19 17.2 17.8 1746 
2004/06/25 17.8 17.8 16.6 17.3 2381 
2004/07/02 17.2 17.2 16.2 16.6 3433 
2004/07/09 16.6 18.3 16.4 17.6 6523 
2004/07/16 17.8 18 17 18 1495 
2004/07/23 17.7 18 17.3 17.9 1743 
2004/07/30 17.7 18.1 17.6 17.6 1811 
2004/08/06 17.6 17.9 17.3 17.7 2397 
2004/08/13 17.5 18 17.3 17.9 1479 
2004/08/20 17.9 19.1 17.6 19 1709 
2004/08/27 19 20.7 18.9 20.7 2543 
2004/09/03 20.4 21.7 20.2 20.8 7496 
2004/09/10 20.2 20.8 19.2 19.5 955 
2004/09/17 19.6 20.7 19.3 20.1 727 
2004/09/24 20 20 19 19.3 419 
2004/10/01 19.1 19.4 18.6 19.1 592 
2004/10/08 19.2 19.6 18.8 19.3 909 
2004/10/15 19.3 19.8 18.2 18.4 890 
2004/10/22 18.5 18.7 17.2 18.1 524 
2004/10/29 18.1 19.1 17.5 19.1 316 
2004/11/05 18.8 19 17.6 18.1 582 
2004/11/12 17.9 18 17.5 17.5 375 
2004/11/19 17.5 19 17.4 18.2 929 
2004/11/26 18.2 18.2 17.2 17.4 845 
2004/12/03 17.4 17.9 17 17.2 940 
2004/12/10 17 18.5 17 18.4 1334 
2004/12/17 18.2 19 18 18.9 734 
2004/12/24 18.6 19.5 18.4 19.5 986 
2004/12/31 19 19.2 18.2 18.3 902 
2005/01/07 18.7 18.7 18.1 18.1 311 
2005/01/14 18 18.5 17.7 17.7 552 
2005/01/21 17.7 18 17.1 17.5 292 
2005/01/28 17.3 18 17.1 17.6 318 
2005/02/04 17.6 17.8 17.1 17.8 943 
2005/02/18 17.9 17.9 17.1 17.4 1281 
2005/02/25 17.4 18.2 17.1 18.2 2517 
2005/03/04 18.2 18.8 18 18.2 2053 
2005/03/11 18.2 18.4 17.4 17.55 1503 
2005/03/18 17.45 17.7 17 17.2 817 
2005/03/25 17.2 17.7 17.2 17.45 840 
2005/04/01 17.5 17.5 16.65 17 1151 
2005/04/08 16.85 17 16.7 16.9 907 
2005/04/15 16.8 17.2 16.15 17 1039 
2005/04/22 16.9 17.1 16.5 17.1 1304 
2005/04/29 17 17.6 16.8 17.3 639 
2005/05/06 17.1 18.1 16.8 18 841 
2005/05/13 18.5 18.55 17.7 18.4 870 
2005/05/20 18.4 19.2 18.25 19 1062 
2005/05/27 19 20 18.8 19.3 785 
2005/06/03 19.1 19.3 18.5 19.3 465 
2005/06/10 19 19.7 18.8 19.7 917 
2005/06/17 19.5 19.8 18.8 19.3 451 
2005/06/24 19 19.5 19 19.15 421 
2005/07/01 19.15 20.45 18.2 18.6 1634 
2005/07/08 18.35 18.5 17.9 18.2 398 
2005/07/15 18.2 18.8 17.7 18.4 1345 
2005/07/22 18.4 18.4 17 18.3 2033 
2005/07/29 18.3 18.35 17.35 17.35 1360 
2005/08/05 17.05 17.35 16.9 17.2 1261 
2005/08/12 17 17.3 16.6 16.6 1614 
2005/08/19 16.6 17 16.4 16.4 1340 
2005/08/26 16.45 16.5 15.95 16.4 1223 
2005/09/02 16.35 18.45 16.2 17.85 2947 
2005/09/09 17.95 18.5 17 18 2597 
2005/09/16 17.6 17.85 16.9 17 942 
2005/09/23 17 17.5 16.8 17 564 
2005/09/30 16.8 17.6 16.5 17.6 801 
2005/10/07 17.6 17.6 16.8 17.1 581 
2005/10/14 17.15 17.15 16.7 17 632 
2005/10/21 16.85 16.9 15.65 16.8 667 
2005/10/28 16.95 16.95 16.5 16.8 390 
2005/11/04 16.8 17.3 16.5 16.6 876 
2005/11/11 16.65 16.75 16.25 16.75 720 
2005/11/18 16.7 17.3 16.6 17.25 785 
2005/11/25 17.1 17.3 16.5 16.65 872 
2005/12/02 16.85 16.85 16.3 16.75 4175 
2005/12/09 16.55 18 16.3 17.75 4842 
2005/12/16 17.75 19.5 17.75 19.45 3145 
2005/12/23 19.3 19.6 18.7 19.6 4079 
2005/12/30 19.7 19.7 19.05 19.4 2146 
2006/01/06 19 21 18.85 20.6 1853 
2006/01/13 20.5 20.9 19.7 19.9 870 
2006/01/20 20.45 20.45 18.6 18.9 474 
2006/01/27 18.5 19.1 18.3 18.95 319 
2006/02/03 19 19.4 19 19.2 57 
2006/02/10 19.2 20.9 19.2 19.2 563 
2006/02/17 19.05 19.4 19 19.05 379 
2006/02/24 18.9 19 18 18.5 346 
2006/03/03 18.2 18.75 18 18.5 192 
2006/03/10 18.4 19 18.3 18.5 257 
2006/03/17 18.5 18.6 18.2 18.3 145 
2006/03/24 17.3 18.3 17.05 17.85 221 
2006/03/31 17.85 18.1 17.6 17.95 177 
2006/04/07 17.8 18.5 17.8 18.3 142 
2006/04/14 17.2 18.5 17.2 18.4 715 
2006/04/21 18.9 20 18.6 19.1 876 
2006/04/28 18.7 20 18.7 19.1 773 
2006/05/05 19 20 18.7 19.2 728 
2006/05/12 19.3 19.5 18.75 19.05 727 
2006/05/19 19 19.75 18.9 19.3 1014 
2006/05/26 19.2 20.4 19.2 19.3 1618 
2006/06/02 19.4 19.4 17.95 17.95 653 
2006/06/09 18 19 17.6 19 1137 
2006/06/16 18.9 18.9 18 18.9 239 
2006/06/23 18.9 19 18.15 18.3 933 
2006/06/30 18.5 19.2 18.2 19.15 831 
2006/07/07 17.4 17.7 17 17.3 505 
2006/07/14 17.3 17.4 16.6 16.6 194 
2006/07/21 16.4 17.3 16.4 17.1 211 
2006/07/28 16.8 17.1 16.6 16.95 108 
2006/08/04 16.9 17.5 16.8 17.5 331 
2006/08/11 17.3 17.6 16.95 17.1 189 
2006/08/18 17 17.2 16.9 17 188 
2006/08/25 17 17.25 16.6 16.75 228 
2006/09/01 16.6 17.35 16.6 17.15 309 
2006/09/08 17.15 17.55 16.75 16.95 424 
2006/09/15 16.75 17 16.2 16.65 533 
2006/09/22 16.65 17.05 16.6 16.85 379 
2006/09/29 17 17.2 16.8 16.85 430 
2006/10/06 16.85 17.3 16.75 17 223 
2006/10/13 16.9 17.4 16.9 17.3 604 
2006/10/20 17.1 18.5 17.1 18.5 1435 
2006/10/27 18.45 19.4 18.2 18.85 1470 
2006/11/03 18.8 19.2 18.3 19 787 
2006/11/10 18.8 19.3 18.2 18.5 622 
2006/11/17 18.45 18.7 18 18.35 499 
2006/11/24 18.35 18.85 18.2 18.45 532 
2006/12/01 18.45 19.75 18.45 19.7 1467 
2006/12/08 19.65 20 18.8 18.8 861 
2006/12/15 18.8 19.3 18.2 18.2 857 
2006/12/22 18.25 18.95 18.25 18.7 695 
2006/12/29 18.7 19.2 18.7 19.15 1628 
2007/01/05 19.4 20.8 19.4 19.75 3413 
2007/01/12 19.6 20.2 19.2 19.4 2024 
2007/01/19 19.4 20.15 19.05 19.6 1243 
2007/01/26 19.6 21.75 19.5 19.7 3530 
2007/02/02 19.7 19.75 19.1 19.3 644 
2007/02/09 19.3 19.45 18.4 18.9 1324 
2007/02/16 18.9 19 18.5 18.7 517 
2007/03/02 18.75 20.6 18.7 19.2 4258 
2007/03/09 19.2 19.2 18 18.5 1404 
2007/03/16 18.5 19.3 18.3 19 936 
2007/03/23 19.2 19.2 18.55 18.65 948 
2007/03/30 18.65 20 18.55 19 1772 
2007/04/06 19 19.5 18.8 18.95 681 
2007/04/13 19.2 19.5 18.8 19.1 2342 
2007/04/20 19.35 23.1 18.9 21.95 28220 
2007/04/27 22.4 22.4 20 20.05 6840 
2007/05/04 20.05 20.1 18.45 19.5 3354 
2007/05/11 19.6 19.6 18.85 18.9 1596 
2007/05/18 19.05 19.25 18.65 18.7 1140 
2007/05/25 18.7 19.4 18.65 18.85 2298 
2007/06/01 18.85 20 18.7 19.5 2639 
2007/06/08 19.6 19.7 19 19 2252 
2007/06/15 19.25 20 19.1 19.4 3833 
2007/06/22 19.6 20.5 19.3 20.2 2992 
2007/06/29 20.3 21.6 19.75 20.65 8876 
2007/07/06 20.7 21.2 20.5 20.9 3895 
2007/07/13 21 21.45 20.7 20.9 5763 
2007/07/20 20.9 21.7 20.85 21.45 10694 
2007/07/27 21.4 21.95 19.5 20.35 13767 
2007/08/03 20.9 25.45 20.3 23.6 27931 
2007/08/10 22.8 26.2 22.2 24.65 20472 
2007/08/17 25 27.4 22.8 24.5 39256 
2007/08/24 26.2 34.2 25.3 33 33286 
2007/08/31 33.8 36.3 30.4 34.6 67136 
2007/09/07 33.9 34.6 31.2 31.3 25230 
2007/09/14 30.2 33.4 30.1 30.35 13010 
2007/09/21 30.6 33.4 30 31.5 15613 
2007/09/28 31.8 32.8 30.5 32 12033 
2007/10/05 32 32.15 30.6 31 6800 
2007/10/12 32.95 33.15 31.05 31.7 16072 
2007/10/19 31.9 34 31.6 32.5 17125 
2007/10/26 31.7 37.15 30.75 37.15 28205 
2007/11/02 38.4 38.4 31 31.1 26453 
2007/11/09 30.9 33.15 29 29.7 10797 
2007/11/16 29 31.4 27.65 30.65 5299 
2007/11/23 30.65 30.65 27.8 28.5 3217 
2007/11/30 28.8 29.95 27 29.9 3064 
2007/12/07 29.9 30.9 29.1 30.75 3016 
2007/12/14 30.65 30.65 24.6 24.6 2239 
2007/12/21 22.95 25.8 22.9 25.4 3527 
2007/12/28 25.9 27.7 25.4 27.55 2191 
2008/01/04 27.45 27.55 23.9 26.7 1446 
2008/01/11 26 28.5 24.9 27.95 1600 
2008/01/18 28.4 28.8 26 26.7 1516 
2008/01/25 26.7 26.7 20.9 24.45 1900 
2008/02/01 24.05 26 23 26 1352 
2008/02/15 25.1 26.8 25.1 26.8 881 
2008/02/22 26.5 27.6 26.5 27.15 681 
2008/02/29 26.8 29.25 26.55 29.25 1070 
2008/03/07 29.95 32.3 29.6 31.2 10289 
2008/03/14 31.55 31.55 28.5 29 3056 
2008/03/21 27.5 29.75 27.5 29.1 1546 
2008/03/28 31.1 31.2 29.6 29.75 2995 
2008/04/04 30.5 30.5 29 29.15 1021 
2008/04/11 29.2 31 29.2 30.6 2401 
2008/04/18 30.55 31.15 29.4 29.7 2138 
2008/04/25 30.1 32.3 29.9 30.3 9520 
2008/05/02 30.5 31.2 29.9 30.35 1002 
2008/05/09 29.9 30.8 29.8 30.2 1102 
2008/05/16 30.2 31.85 30 31.25 1460 
2008/05/23 31.9 32 29.8 29.95 1246 
2008/05/30 29.9 30 28.1 28.5 1094 
2008/06/06 28.75 29.6 28.5 29.3 321 
2008/06/13 27.4 30 27.4 29.5 663 
2008/06/20 29.3 29.3 26.5 27 688 
2008/06/27 26.6 28.5 26.1 27.5 762 
2008/07/04 26.9 28.5 26.3 27.35 744 
2008/07/11 27.35 28.25 26.3 28 986 
2008/07/18 28 28.7 25.9 27 1980 
2008/07/25 24.7 26.2 23.85 25.7 1426 
2008/08/01 25.3 26 25.15 26 594 
2008/08/08 26 27.2 25.3 27.05 1383 
2008/08/15 27.05 27.4 26.3 27.4 772 
2008/08/22 27.5 27.5 25.9 26.3 1186 
2008/08/29 26.2 26.3 25.75 26.15 1092 
2008/09/05 26 26 22.4 23.2 1185 
2008/09/12 24 26.15 23.4 24.15 714 
2008/09/19 24.15 24.15 19.65 22.4 1384 
2008/09/26 23.2 23.6 22 23.4 781 
2008/10/03 21.8 23.4 21.8 23.2 500 
2008/10/10 23 24 22.05 23.3 612 
2008/10/17 22.7 25.65 22.65 24.85 1566 
2008/10/24 24.55 24.85 23.4 23.4 750 
2008/10/31 21.8 24.5 21.2 24.4 1179 
2008/11/07 24 25.2 24 24.7 746 
2008/11/14 24.7 24.85 22.35 23.65 493 
2008/11/21 22.9 23.2 21.1 22.2 756 
2008/11/28 21.6 23.5 21.6 23.5 516 
2008/12/05 23.4 23.9 23 23.5 479 
2008/12/12 23.5 24 22.7 23.1 531 
2008/12/19 23.1 23.5 21.8 21.9 232 
2008/12/26 22 22.3 20.5 22.15 260 
2009/01/02 21.8 22.3 21.65 22.3 169 
2009/01/09 22.4 22.75 21.9 22.45 473 
2009/01/16 22.5 22.8 22.15 22.75 389 
2009/01/23 22.6 22.75 21.7 22.45 221 
2009/02/06 22.45 22.7 21.9 22.7 231 
2009/02/13 22.45 22.85 22.2 22.85 195 
2009/02/20 22.85 22.85 21.9 22.5 512 
2009/02/27 22.7 24 22.3 23.9 556 
2009/03/06 23.45 24 22.2 23.95 374 
2009/03/13 23.65 24 23.15 24 543 
2009/03/20 23.8 25.9 23.75 25.75 559 
2009/03/27 25.4 27.2 25.35 26.65 787 
2009/04/03 26.65 27.3 25.2 27.2 810 
2009/04/10 27.25 30 26.95 29.7 951 
2009/04/17 30 30.9 28.75 29.5 1048 
2009/04/24 29 30.3 28.15 30.25 726 
2009/05/01 29.8 30.95 28.45 30.5 881 
2009/05/08 31.45 32 30.2 30.8 1719 
2009/05/15 30.5 31.8 29.5 30.15 857 
2009/05/22 30.25 30.8 29.1 30.4 800 
2009/05/29 30.3 30.6 29.7 30.55 517 
2009/06/05 30.6 31.3 30.3 31.2 1138 
2009/06/12 30.6 31.15 29.35 29.85 861 
2009/06/19 29.25 29.25 27.8 28.8 582 
2009/06/26 28.55 28.7 26.6 28.6 522 
2009/07/03 28.4 30.2 27.9 29.75 590 
2009/07/10 29.9 31.4 29.4 30.65 882 
2009/07/17 30.6 32.5 29.1 31.95 1824 
2009/07/24 31.5 32.5 31.45 32 667 
2009/07/31 31.75 32.2 30.3 30.85 597 
2009/08/07 30.65 30.95 30.1 30.95 624 
2009/08/14 30.5 32.25 30 31.5 1562 
2009/08/21 31.3 31.5 30.2 31.2 961 
2009/08/28 31.2 31.9 31.1 31.65 657 
2009/09/04 31.4 33.5 31.2 33.5 1260 
2009/09/11 33.5 34.4 33.15 34.25 2320 
2009/09/18 34.2 34.7 33.5 34.35 1503 
2009/09/25 34.1 34.4 32.5 33.1 787 
2009/10/02 33 34.45 32.05 34.1 592 
2009/10/09 33.65 34.2 33.15 34 569 
2009/10/16 34.3 35.8 33 35.3 1483 
2009/10/23 35.25 35.45 34.8 35.45 459 
2009/10/30 35.1 35.4 33.3 34.2 376 
2009/11/06 33.75 36.2 33.55 36.2 613 
2009/11/13 36.2 36.5 35.1 35.1 500 
2009/11/20 35.1 37.4 35.1 36.8 894 
2009/11/27 36.3 36.6 34.55 35.6 679 
2009/12/04 35.6 36.15 34.9 35.2 1569 
2009/12/11 35.25 36.1 34.3 35.3 740 
2009/12/18 34.9 36 34.65 35.35 386 
2009/12/25 35.05 35.55 34.9 34.9 322 
2010/01/01 34.95 37.25 34.7 37 1249 
2010/01/08 36.8 37.25 36.5 36.9 794 
2010/01/15 36.6 37.8 36.6 37.8 1019 
2010/01/22 37.8 37.8 35.7 36.75 576 
2010/01/29 36.75 37.35 35.9 36.1 601 
2010/02/05 35.7 36.05 34.05 36 586 
2010/02/12 36 36.6 35.35 36.2 198 
2010/02/26 37.6 37.6 36.35 36.75 263 
2010/03/05 36.75 38.1 36.4 37.8 693 
2010/03/12 38 38 37.3 37.6 784 
2010/03/19 37.45 37.45 36.2 36.8 1002 
2010/03/26 36.8 36.8 35.8 36.25 634 
2010/04/02 36.05 44.1 36.05 42.75 13440 
2010/04/09 43.45 43.7 41.1 42.1 7180 
2010/04/16 42.9 43.8 41.1 43.2 7301 
2010/04/23 42.3 47.75 41.5 47.3 10437 
2010/04/30 47.9 50.8 46.7 47.7 13104 
2010/05/07 47 47.1 38.7 41.6 5885 
2010/05/14 41.7 43.8 41 43.3 2414 
2010/05/21 43 45.2 41 42.95 3376 
2010/05/28 42.95 44.3 41 43.45 1938 
2010/06/04 43.45 43.45 41 41.8 1363 
2010/06/11 41.5 42.5 40.85 41.7 862 
2010/06/18 41.7 41.9 40.25 40.3 1138 
2010/06/25 41 45.5 40.8 44.55 4657 
2010/07/02 45 45.6 41.4 43.35 2622 
2010/07/09 43.45 47.65 43.45 46 3489 
2010/07/16 44.1 55 43.4 52 14605 
2010/07/23 51.6 55.6 49.6 52.5 11075 
2010/07/30 52.9 55.5 51.7 53.4 10603 
2010/08/06 53.7 62.5 52.9 60.7 15046 
2010/08/13 61 69 61 68.7 13531 
2010/08/20 68.6 71 61.9 63.5 11186 
2010/08/27 63.2 67 59 60.8 8680 
2010/09/03 61.8 61.8 54.5 59.5 5695 
2010/09/10 59.5 63.4 57.6 57.9 5059 
2010/09/17 58 61 56.2 58.3 3963 
2010/09/24 58.3 60.6 53.3 55.1 5387 
2010/10/01 55.5 55.9 52.2 52.2 2538 
2010/10/08 52.3 55.7 51.4 53.6 2844 
2010/10/15 54 54 52.7 53.9 1435 
2010/10/22 53.9 57.1 51.3 55.5 2885 
2010/10/29 55.5 58.5 54.5 54.8 3350 
2010/11/05 54.7 55.7 50 52.1 3355 
2010/11/12 52.1 53 50.8 50.8 1207 
2010/11/19 50.9 52.2 47.85 51.8 2329 
2010/11/26 52 52.3 49.6 51.2 1212 
2010/12/03 51.5 53.7 50.6 52.5 1732 
2010/12/10 52.7 59.5 51.8 56.2 9330 
2010/12/17 56.2 57.7 53.8 56.4 6277 
2010/12/24 56.6 57 54.1 55 3083 
2010/12/31 54.8 57 53.5 55 2297 
2011/01/07 55.7 56.3 52.6 53.5 2231 
2011/01/14 53.8 54.5 51.5 52 2685 
2011/01/21 51.5 52.3 50.5 51.3 2252 
2011/01/28 51.8 51.8 49.5 49.85 1330 
2011/02/11 50 53.4 48.5 48.6 2518 
2011/02/18 48.95 51.6 48.1 51.6 2595 
2011/02/25 52 52 48.8 49.9 2242 
2011/03/04 50 50.6 49.6 49.6 565 
2011/03/11 49.5 51.7 48.9 50 1426 
2011/03/18 49.5 51.8 45.15 48.05 2630 
2011/03/25 48.05 50 47.5 49.7 617 
2011/04/01 50 50.2 49 50.2 766 
2011/04/08 49.9 51.7 49.85 51 720 
2011/04/15 51.1 56.8 51.1 55.8 7181 
2011/04/22 56.5 56.5 53.5 53.6 1940 
2011/04/29 53.8 55.4 52.8 53.1 1906 
2011/05/06 53 56.5 50 54.8 8239 
2011/05/13 55.1 60.4 55 58.8 21468 
2011/05/20 59.6 59.7 53.7 55.6 7300 
2011/05/27 55.3 57.1 53.7 55 4316 
2011/06/03 54.5 55.8 53.8 54 2761 
2011/06/10 53.7 53.9 51.8 51.8 1598 
2011/06/17 51.5 54.1 50.5 54 2459 
2011/06/24 54 54 51.3 53 1590 
2011/07/01 52 56.7 52 56.5 8916 
2011/07/08 56.5 56.7 52.8 53.6 3038 
2011/07/15 53.3 53.7 51.5 51.8 1533 
2011/07/22 51.8 61 51.4 61 20703 
2011/07/29 61 62.2 57 57 8223 
2011/08/05 57.8 59.4 51.4 51.4 5156 
2011/08/12 51 53.5 48 52.5 4758 
2011/08/19 54.3 57 51.6 51.6 5757 
2011/08/26 51.6 53.5 49.5 51.2 2764 
2011/09/02 51.2 53.8 51.2 52.2 1457 
2011/09/09 52 52 48.9 50 1810 
2011/09/16 49 49.85 48.1 49.85 1114 
2011/09/23 49.3 49.6 44.2 45 2003 
2011/09/30 44.6 44.6 41 44.05 3629 
2011/10/07 43.2 45.2 42.05 44.8 2152 
2011/10/14 45.1 47 44.95 46.9 1274 
2011/10/21 46.65 47.6 46 46.5 1334 
2011/10/28 46.5 49.2 46.3 48.95 1097 
2011/11/04 49.05 49.05 47.75 48.8 948 
2011/11/11 48.55 48.55 45.5 46.5 1118 
2011/11/18 47 47.4 45.75 46 752 
2011/11/25 45.65 46 43.5 45.9 1026 
2011/12/02 45.8 47.4 44.9 47 1114 
2011/12/09 46.95 46.95 45.05 45.75 891 
2011/12/16 45.65 46 45.2 45.95 663 
2011/12/23 45.35 47 45.05 46.95 986 
2011/12/30 46.5 47.4 46.3 46.65 1192 
2012/01/06 46.3 46.35 44 44 951 
2012/01/13 44 44.1 40.15 42.85 2222 
2012/01/20 44.1 44.1 41.15 43.3 2485 
2012/02/03 43.5 47.2 43.5 46.15 2996 
2012/02/10 46 47.45 45.5 47.3 1715 
2012/02/17 47.2 52.1 46.85 51 5198 
2012/02/24 51 52.8 50 52.2 2419 
2012/03/02 52.2 53.6 51.9 53.2 1217 
2012/03/09 53.3 54.3 52.5 53.9 1675 
2012/03/16 53.7 54.8 53.5 54.2 1440 
2012/03/23 54.2 54.5 51.8 52.4 685 
2012/03/30 53.5 54.6 51.3 52.2 854 
2012/04/06 52.2 52.2 47.3 49.4 468 
2012/04/13 49 50 48.5 50 420 
2012/04/20 49.9 51 49.2 50.6 1523 
2012/04/27 50.6 50.6 49 49 279 
2012/05/04 49 49.85 48.75 49.35 217 
2012/05/11 49.2 49.75 49 49.1 240 
2012/05/18 49.1 49.7 46.15 48.3 753 
2012/05/25 48 48.8 47.7 48.5 427 
2012/06/01 48.5 49.95 48.5 48.6 386 
2012/06/08 47.8 49 47.05 47.4 547 
2012/06/15 48 48.4 45.05 45.05 774 
2012/06/22 47 47 44.85 46.45 1293 
2012/06/29 46.45 46.85 43.3 44.3 1563 
2012/07/06 44.3 44.5 43.9 44 436 
2012/07/13 43.95 44.3 42.8 43 585 
2012/07/20 43.3 43.3 41.4 42.1 606 
2012/07/27 41.7 43.05 41.15 43.05 511 
2012/08/03 43.3 44.7 42.85 44.4 656 
2012/08/10 44.8 45.6 44.65 45.6 683 
2012/08/17 45.8 45.8 45 45.3 713 
2012/08/24 45 45.25 43 44.8 759 
2012/08/31 45.2 45.45 44.15 44.7 781 
2012/09/07 44.7 45.15 44.05 44.5 644 
2012/09/14 44.2 46 44.2 45.95 718 
2012/09/21 45.95 46.2 45.2 46.1 543 
2012/09/28 46.1 46.1 45.2 45.2 190 
2012/10/05 45.2 45.65 44.45 44.5 192 
2012/10/12 44.3 44.3 42.6 42.6 187 
2012/10/19 43.35 43.8 42.6 43.6 247 
2012/10/26 43 43.9 43 43.5 366 
2012/11/02 43.5 44.1 42.9 43.2 472 
2012/11/09 43 43.7 42.8 43.1 326 
2012/11/16 43.3 44.35 41.55 42.7 663 
2012/11/23 42.5 43 41.7 43 563 
2012/11/30 43 44.5 42.7 44.5 647 
2012/12/07 44.5 44.9 44 44.7 556 
2012/12/14 44.25 44.8 43.9 44.5 722 
2012/12/21 44.2 44.5 42.05 43 869 
2012/12/28 42.5 43.45 42.4 43.1 459 
2013/01/04 43.15 44 42.9 43.55 317 
2013/01/11 43.5 43.5 42.5 43.4 594 
2013/01/18 43.4 43.8 42.8 43.5 638 
2013/01/25 43.5 43.85 42.6 42.9 647 
2013/02/01 42.7 43.65 42.6 43.2 1386 
2013/02/08 43.2 45.45 43.2 45 689 
2013/02/22 46.2 48.35 44.55 48.05 2114 
2013/03/01 48.45 48.45 46.2 47.5 804 
2013/03/08 47 49.8 47 49.7 1293 
2013/03/15 49.7 50.2 48.1 49.6 1209 
2013/03/22 49 49.9 49 49.6 749 
2013/03/29 49.6 53.8 49.6 53.4 9367 
2013/04/05 53.4 55 53 54.8 12370 
2013/04/12 54 54.4 52.5 53.2 800 
2013/04/19 53.3 53.5 51.5 53 5945 
2013/04/26 53 54.1 52.9 53.4 5607 
2013/05/03 53.5 54.1 53.2 53.8 409 
2013/05/10 54.1 54.9 53.5 54.3 853 
2013/05/17 54 55.2 53.3 54.6 6241 
2013/05/24 54.7 54.8 51.2 52.8 965 
2013/05/31 52.4 54.5 51.7 54 804 
2013/06/07 53.2 54 53 53.4 623 
2013/06/14 53.4 55 53.4 55 792 
2013/06/21 55 57.3 54.7 55.6 1692 
2013/06/28 55.7 57.5 53.5 56.6 2069 
2013/07/05 56.6 57.6 55.9 57.4 1603 
2013/07/12 57 58.6 56.1 58.5 1090 
2013/07/19 58.4 58.7 57.4 58 613 
2013/07/26 57.4 59 57.4 59 863 
2013/08/02 58.9 59.1 58.1 58.9 1072 
2013/08/09 58.5 58.9 58.1 58.7 710 
2013/08/16 58.7 58.7 56.6 57.4 1857 
2013/08/23 57.2 57.2 54.5 55.7 1613 
2013/08/30 55.6 56.4 55.1 56.4 1463 
2013/09/06 56.4 56.9 55.7 56.3 1798 
2013/09/13 56.3 56.8 55.4 56.1 2014 
2013/09/20 55.8 58.5 55.8 58.2 1045 
2013/09/27 57.5 66.4 54.2 61.5 10322 
2013/10/04 61.4 64.5 60.2 61.2 2687 
2013/10/11 60.9 61.4 60.6 61.2 973 
2013/10/18 61.4 68.2 60.9 65.5 4000 
2013/10/25 66.5 66.5 61.8 61.9 2925 
2013/11/01 62.3 64.8 60.5 60.6 2017 
2013/11/08 60.6 60.8 57.7 58.7 2069 
2013/11/15 55 58.9 55 58.4 1907 
2013/11/22 58.9 59.5 57.8 58.5 2259 
2013/11/29 58.9 62.5 58.3 60.8 3301 
2013/12/06 61 66.1 61 64.8 4600 
2013/12/13 65 65.7 63.3 63.5 1620 
2013/12/20 64.1 64.6 62 62.8 1481 
2013/12/27 62.5 63.7 62.3 62.8 973 
2014/01/03 63.3 64.8 62.4 63.9 1357 
2014/01/10 64.6 65 61.8 63.1 1566 
2014/01/17 62.8 63.7 61.9 62.6 1157 
2014/01/24 62.1 62.6 60.8 61 1183 
2014/01/31 60.6 61.2 59.6 60.8 236 
2014/02/07 60.1 60.4 58.6 59.5 838 
2014/02/14 59.3 60.5 58.8 60.2 984 
2014/02/21 60.5 60.6 59.1 59.5 1704 
2014/02/28 59.5 59.8 59 59.7 1281 
2014/03/07 59.2 59.9 58.6 58.7 1782 
2014/03/14 58.7 58.8 57 57.5 1906 
2014/03/21 57.3 57.3 55 55.2 2364 
2014/03/28 55.1 56.1 54.1 55.3 2626 
2014/04/04 55.2 56.7 54.9 56.6 1180 
2014/04/11 56.5 56.7 55.6 56.4 1686 
2014/04/18 56.2 57.4 55.3 57.2 2096 
2014/04/25 57.2 57.3 55.6 55.9 1361 
2014/05/02 55.5 56.4 55.1 55.8 1875 
2014/05/09 55.5 55.6 54.6 55.4 1048 
2014/05/16 55.3 55.3 54.1 54.8 1788 
2014/05/23 54.8 56.2 54.4 56.2 1545 
2014/05/30 56.2 58.1 56.1 57.9 1049 
2014/06/06 57.8 57.8 55.2 55.5 850 
2014/06/13 55.6 56.8 55.3 56.5 453 
2014/06/20 57 57.9 56.4 57 1877 
2014/06/27 57.3 57.8 54.1 54.6 2923 
2014/07/04 54.8 55.7 54 54.4 1523 
2014/07/11 54.4 54.4 51.4 52 1921 
2014/07/18 52 53 51.7 52.8 501 
2014/07/25 52.5 53.4 52.5 53.3 344 
2014/08/01 53.4 53.4 52.5 53.1 3999 
2014/08/08 52.6 53.1 52.2 52.6 618 
2014/08/15 52.8 52.8 52.1 52.6 444 
2014/08/22 52.3 52.6 51.3 51.7 730 
2014/08/29 51.5 52.1 51.3 51.7 609 
2014/09/05 51.7 51.8 51 51.7 607 
2014/09/12 51.6 51.7 50.5 50.7 431 
2014/09/19 50.7 50.7 49.6 50.7 759 
2014/09/26 50.7 51.2 50.1 51 597 
2014/10/03 51.3 51.9 50.4 51.8 635 
2014/10/10 52 52 51.1 51.6 424 
2014/10/17 50.7 51.8 49.1 49.1 1856 
2014/10/24 51 51.2 49.6 50.5 2514 
2014/10/31 50 50.7 49.85 50.4 1678 
2014/11/07 50.4 50.5 49.8 50 1162 
2014/11/14 50.5 50.5 49.75 50.3 1181 
2014/11/21 50.3 50.9 49.75 50.4 3960 
2014/11/28 50.4 52 50 52 1084 
2014/12/05 51.1 54.4 51.1 53.7 905 
2014/12/12 54.3 54.4 52.3 52.7 503 
2014/12/19 52.2 53.5 52.2 53.5 433 
2014/12/26 53.5 54.4 53.2 54.4 434 
2015/01/02 54.4 54.6 54 54.5 403 
2015/01/09 54.5 54.6 53.7 54.4 444 
2015/01/16 54 54.4 53.3 53.8 433 
2015/01/23 54.1 54.2 53.5 54 302 
2015/01/30 54 54 53.3 53.6 206 
2015/02/06 53.6 53.9 53.1 53.2 377 
2015/02/13 53.2 53.8 53 53.7 224 
2015/02/27 53.5 54.1 53.4 53.8 363 
2015/03/06 53.8 54 53.3 53.8 204 
2015/03/13 53.8 54 53.3 53.4 163 
2015/03/20 53.4 54.2 53.4 53.8 499 
2015/03/27 53.6 54 53.2 53.7 474 
2015/04/03 53.7 53.9 53.1 53.2 310 
2015/04/10 53.2 53.4 52.8 53 190 
2015/04/17 53.3 53.8 51.8 53.1 591 
2015/04/24 53 53.9 52.5 53.8 495 
2015/05/01 53.7 55.4 53.6 55 633 
2015/05/08 55 55 53.2 54 687 
2015/05/15 54.1 54.2 53.1 53.5 893 
2015/05/22 53 54 52.9 53.4 1371 
2015/05/29 53.7 54.1 52.8 53.6 7003 
2015/06/05 53.7 53.9 52.3 52.9 608 
2015/06/12 53 54.4 52.3 54 1035 
2015/06/19 54 54.3 53.2 53.8 585 
2015/06/26 53.8 54.7 51.4 51.8 1109 
2015/07/03 51.8 51.8 50.5 51.4 1202 
2015/07/10 51.3 51.4 49 49.85 811 
2015/07/17 50.5 50.8 49.85 50.4 1146 
2015/07/24 50.5 51.3 50.3 51.1 377 
2015/07/31 51 51.5 50.6 51.2 426 
2015/08/07 50.9 51.6 50.6 51.1 342 
2015/08/14 51.1 51.9 51.1 51.7 237 
2015/08/21 51.6 51.6 49.6 50.8 760 
2015/08/28 49.85 54.9 46.5 52 1108 
2015/09/04 51.5 52 50.8 51.5 329 
2015/09/11 51.5 52 51 51.5 145 
2015/09/18 51.3 51.5 50.9 51.4 174 
2015/09/25 51.5 51.5 50.1 50.1 224 
2015/10/02 50 50.6 49.8 50.5 187 
2015/10/09 50.5 51.9 50 51.5 347 
2015/10/16 51.5 52.3 51 52 312 
2015/10/23 52 52.8 51.6 51.7 197 
2015/10/30 52 52.2 51.1 51.2 150 
2015/11/06 51.1 52 51 51.9 143 
2015/11/13 51.9 51.9 50.3 50.4 148 
2015/11/20 50.3 52 50.3 52 465 
2015/11/27 52 52.4 51.4 51.6 503 
2015/12/04 51.6 51.8 50.6 51.6 459 
2015/12/11 51.6 51.7 50.5 50.6 325 
2015/12/18 50.1 51 49.8 50 211 
2015/12/25 50 53.4 49.7 52 434 
2016/01/01 52.1 52.1 50.5 51.1 99 
2016/01/08 51.1 51.1 49.8 50.5 326 
2016/01/15 50.2 50.5 49.45 50.2 194 
2016/01/22 49.5 51.8 49.05 51.4 222 
2016/01/29 51 53.2 51 53.2 448 
2016/02/05 53.1 53.1 52.1 52.4 242 
2016/02/19 51.9 53.7 51.8 53.7 625 
2016/02/26 53.7 54.5 53 54.4 344 
2016/03/04 54.8 55.8 54.3 55.8 447 
2016/03/11 55.8 56.5 55.4 56 291 
2016/03/18 56 56.8 55.1 56.8 371 
2016/03/25 56.9 56.9 55.3 56 374 
2016/04/01 55.5 56.5 55.5 56.3 213 
2016/04/08 56.3 56.4 55.3 56.2 153 
2016/04/15 56.3 57.4 55.8 56.6 308 
2016/04/22 56.6 57.2 56.5 56.8 148 
2016/04/29 56.8 56.9 55.5 55.8 167 
2016/05/06 55.8 56.1 55 56 116 
2016/05/13 56.1 56.1 55 55.8 253 
2016/05/20 55.9 56.2 55.1 55.8 213 
2016/05/27 55.9 56.9 55.4 56.1 204 
2016/06/03 56.5 56.5 54.9 55.4 347 
2016/06/10 55.4 55.8 55.2 55.3 302 
2016/06/17 55.4 56 54.5 55.5 202 
2016/06/24 55.6 55.7 54.6 54.9 325 
2016/07/01 54.8 55.2 51.7 52.4 601 
2016/07/08 52.2 52.4 51.9 52.3 279 
2016/07/15 52.2 52.4 51.5 51.6 707 
2016/07/22 51.8 51.8 50 51.4 809 
2016/07/29 51.1 51.3 50.8 51 133 
2016/08/05 50.9 51.3 50.8 51 122 
2016/08/12 51 51.3 50.7 51.1 187 
2016/08/19 50.8 51.4 50.6 50.6 212 
2016/08/26 50.6 50.8 50.1 50.4 154 
2016/09/02 50.3 52 50.1 51.3 203 
2016/09/09 51.3 51.6 50.7 50.8 119 
2016/09/16 50.8 51 50.3 50.3 166 
2016/09/23 50.3 51.5 50.3 51.4 567 
2016/09/30 50.8 51.3 50.7 51.1 208 
2016/10/07 51.3 51.3 50.7 51.2 410 
2016/10/14 50.8 51.9 50.7 51.2 368 
2016/10/21 51.1 51.4 50.8 51.1 488 
2016/10/28 51.1 51.2 50.6 50.9 370 
2016/11/04 51 51 50.4 50.5 268 
2016/11/11 51 51.7 47.9 51.7 497 
2016/11/18 51.5 52 51.2 51.9 696 
2016/11/25 51.9 52.1 51 51.6 1049 
2016/12/02 51.6 51.9 51.3 51.8 773 
2016/12/09 51.8 52.2 51.4 52 1004 
2016/12/16 52 52.1 51.3 51.7 1211 
2016/12/23 51.3 51.9 51.2 51.7 1066 
2016/12/30 51.4 53.6 51.4 53.5 1329 
2017/01/06 53.3 54.1 53 54 1207 
2017/01/13 54.2 54.3 53.3 54.1 1643 
2017/01/20 54.1 54.2 53.4 54 1871 
2017/01/27 54.1 54.5 53.8 54.5 617 
2017/02/03 54.5 54.8 54.3 54.5 418 
2017/02/10 54.6 54.8 54 54.5 1788 
2017/02/17 54.5 55.6 54.2 55.5 1850 
2017/02/24 55.3 55.7 55.2 55.6 1484 
2017/03/03 55.3 55.6 55.3 55.5 727 
2017/03/10 55.5 61.5 55.4 61.2 5865 
2017/03/17 61.2 61.5 60.7 61 1627 
2017/03/24 60.8 60.9 60.4 60.7 1097 
2017/03/31 60.6 60.7 59.5 59.9 777 
2017/04/07 59.9 60.1 59.5 60 294 
2017/04/14 59.7 59.7 58.1 58.2 1047 
2017/04/21 58.1 58.1 57.7 58 203 
2017/04/28 57.8 57.9 57.5 57.5 194 
2017/05/05 58.1 58.5 58.1 58.3 276 
2017/05/12 57.7 57.7 56.5 56.8 1166 
2017/05/19 56.8 56.9 55.6 55.9 1306 
2017/05/26 55.8 57.8 55.6 57.7 2268 
2017/06/02 57.7 58.6 57.2 58.6 685 
2017/06/09 59 59.6 58.5 59.6 657 
2017/06/16 60.7 61 60.1 60.7 1105 
2017/06/23 60.8 63 60.7 62.7 2154 
2017/06/30 62.7 62.7 58.1 59.3 2864 
2017/07/07 59.3 59.3 58.6 59.2 356 
2017/07/14 57.3 57.3 56.6 57 887 
2017/07/21 56.9 58.1 56.7 57.9 287 
2017/07/28 57.5 58 57.4 57.6 103 
2017/08/04 58.5 59.4 58.4 59 645 
2017/08/11 58.8 59.2 58.8 59 271 
2017/08/18 58.6 59.5 58.6 59.5 309 
2017/08/25 59.2 59.8 59.2 59.7 472 
2017/09/08 81.4 83.9 79.5 79.6 451 
2017/09/15 79.6 79.7 79.1 79.6 91 
2017/09/22 80.1 81 79.9 81 83 
2017/09/29 86 87.9 84.1 87.8 559 
2017/10/06 90 90.3 86.7 90.3 432 
2017/10/13 88.3 89.3 87 88.1 321 
2017/10/20 89.5 89.6 88.9 89.6 130 
2017/10/27 89.1 92 88.6 91.3 1799 
2017/11/03 91.3 91.5 89.4 89.9 1509 
2017/11/10 90 90 87.9 88.3 836 
2017/11/17 88 88.7 87.5 87.8 337 
2017/11/24 88.2 89 88.1 88.4 217 
2017/12/01 90.3 91.5 88.3 89.1 741 
2017/12/08 88.2 89.1 86.6 87.4 937 
2017/12/15 86.3 87.1 85.5 86.1 1093 
2017/12/22 87.5 90.9 87.1 88.8 964 
2017/12/29 88.4 88.8 86 86.3 973 
2018/01/05 85.9 87.8 85.9 87.7 1380 
2018/01/12 87.3 88.5 87.1 87.7 2199 
2018/01/19 88.3 88.7 87.5 88.1 2144 
2018/01/26 87.9 88.5 87.7 88.2 407 
2018/02/02 88 94.5 87.4 91.5 924 
2018/02/09 90.2 91.5 86 89.5 1050 
2018/02/16 91 91 89.7 90 130 
2018/02/23 91.5 92 90.3 91.7 587 
2018/03/02 92 92 90 90 564 
2018/03/09 90 92.6 88.3 92.3 1131 
2018/03/16 92.3 92.8 89.8 89.9 909 
2018/03/23 90.6 90.9 89.5 89.9 450 
2018/03/30 89.8 91 88.8 90.8 606 
2018/04/06 90.5 90.5 89.2 89.2 125 
2018/04/13 89.2 90.6 88.7 89.1 412 
2018/04/20 89.8 90 88.6 88.9 391 
2018/04/27 89 89.4 86.8 86.9 402 
2018/05/04 86.9 89.5 86.9 89.2 614 
2018/05/11 89.1 90 88.8 90 952 
2018/05/18 90 90.9 89.6 90 1199 
2018/05/25 90.3 91.4 89.2 90.2 1536 
2018/06/01 89.8 90.5 89.8 90.4 1117 
2018/06/08 90.4 91.4 90.1 90.7 844 
2018/06/15 90.9 91.7 90.7 91.2 571 
2018/06/22 91.2 91.8 90.6 91.4 400 
2018/06/29 91.7 91.7 89.5 90.3 411 
2018/07/06 90.5 90.6 84.5 86.1 727 
2018/07/13 86.4 89 86.2 88 343 
2018/07/20 88.4 88.4 86.7 88 311 
2018/07/27 88 88.7 87.2 88.5 228 
2018/08/03 88.5 90.2 88.2 89.9 635 
2018/08/10 90 92.1 89.8 91.6 429 
2018/08/17 91.5 91.7 89.6 91.5 215 
2018/08/24 91.9 92.7 90.8 92.7 528 
2018/08/31 92 119 92 109 4106 
2018/09/07 112.5 116.5 97 97.9 2867 
2018/09/14 97.6 99.5 93.6 99 949 
2018/09/21 97.9 98.7 93.1 93.1 638 
2018/09/28 93.2 95.3 92.4 94.7 514 
2018/10/05 94.2 95.4 93.6 94 309 
2018/10/12 94.3 95.7 91.1 93.6 689 
2018/10/19 93.5 94.3 89.4 90.9 1275 
2018/10/26 91.4 91.9 89.6 90.5 293 
2018/11/02 90 94.7 89.6 94.4 329 
2018/11/09 94.6 95.9 93.6 94.8 196 
2018/11/16 94.8 96.7 94.8 95.6 194 
2018/11/23 97.5 97.5 93.6 94.4 301 
2018/11/30 93.7 96.4 93.7 95.9 267 
2018/12/07 95.9 97.9 94 95.1 778 
2018/12/14 94.8 95.2 93.2 94.2 1768 
2018/12/21 93.5 95.2 92 94.3 2424 
2018/12/28 94.8 96.9 93.9 96.4 945 
2019/01/04 95.6 96 93.4 93.9 88 
2019/01/11 93.5 94.3 91.8 92.3 245 
2019/01/18 92.2 92.2 90.3 90.5 369 
2019/01/25 90.6 90.9 89.8 90.2 300 
2019/02/01 90.5 90.5 89.5 89.6 159 
2019/02/15 90.9 92.1 90.1 90.8 158 
2019/02/22 90.8 92.2 90 92 179 
2019/03/01 92 92.2 91.2 92.1 65 
2019/03/08 92.4 92.5 90.3 91 212 
2019/03/15 91 93.7 90.5 93.5 293 
2019/03/22 93.2 93.7 92.6 93 154 
2019/03/29 92.5 92.9 92.1 92.3 112 
2019/04/05 92.9 92.9 92.1 92.3 89 
2019/04/12 92.5 93 92.1 92.5 98 
2019/04/19 92.2 95 92.2 94.7 283 
2019/04/26 94.7 97.4 94.6 97.4 258 
2019/05/03 97.4 98.8 96.9 97.7 279 
2019/05/10 97.7 98.8 96.5 96.6 232 
2019/05/17 97.7 97.7 93.5 93.9 361 
2019/05/24 95.3 96.3 93.3 93.5 302 
2019/05/31 93.6 97.2 93.5 96.3 353 
2019/06/07 95.7 96.3 94.5 96.2 122 
2019/06/14 96.2 98.3 96.2 97.9 223 
2019/06/21 98 99.1 96.2 98.2 175 
2019/06/28 98 99.3 97.5 98.1 152 
2019/07/05 98.2 98.6 97.7 98.2 61 
2019/07/12 98 99.2 93.8 94.2 247 
2019/07/19 94.1 95.5 92.7 95.4 166 
2019/07/26 95.4 96.8 93.6 96.6 125 
2019/08/02 97 97 93.9 94.9 175 
2019/08/09 94.9 95 92.3 93.8 150 
2019/08/16 93.9 96 93.9 95.7 86 
2019/08/23 96.6 96.6 94.1 95.6 189 
2019/08/30 95.6 96.4 94.3 95.6 124 
2019/09/06 95.6 96.6 95.4 95.5 61 
2019/09/13 96.4 96.5 94.3 96 111 
2019/09/20 95.8 98 95.1 97 132 
2019/09/27 97.5 97.5 93.9 94.5 110 
2019/10/04 94.5 95.7 93 93.1 83 
2019/10/11 93.6 94 93 93.1 55 
2019/10/18 93.3 96.4 93.3 94.3 153 
2019/10/25 95.4 95.4 93 94.5 648 
2019/11/01 94.5 94.8 93.5 94.8 57 
2019/11/08 95 95.4 94.1 94.2 61 
2019/11/15 93 95 92.5 94.7 74 
2019/11/22 93.7 94.2 92.9 93.4 80 
2019/11/29 93.4 94.1 92.2 92.2 78 
2019/12/06 92.2 92.2 91 91 162 
2019/12/13 91.1 91.2 90 90.2 219 
2019/12/20 90.3 91 90 90 308 
2019/12/27 90.1 90.8 89.9 90.5 191 
2020/01/03 90.5 90.7 90 90.7 106 
2020/01/10 90 90.7 89.9 90 173 
2020/01/17 90 90.3 89.4 89.9 206 
2020/01/24 90 90 89.6 90 26 
2020/01/31 89.8 90.9 86.8 90 200 
2020/02/07 89 90.8 88.8 89.4 289 
2020/02/14 88.8 89.9 88.1 89.3 259 
2020/02/21 88.8 89.6 88.5 88.7 263 
2020/02/28 88.7 88.7 86.5 87.1 277 
2020/03/06 87.8 89 86.2 88 174 
2020/03/13 87.6 87.6 80.6 85.2 341 
2020/03/20 86 86 77.7 83 491 
2020/03/27 83.9 85.6 81.1 84.2 196 
2020/04/03 84.6 84.9 82 84.5 101 
2020/04/10 84.8 87.6 84 87.1 105 
2020/04/17 87.1 90 86.2 88.5 200 
2020/04/24 88.8 89.3 86 87.1 123 
2020/05/01 88.2 90 88.1 90 143 
2020/05/08 89.7 89.7 87.8 89 114 
