2002/04/19 74.5 85 74.5 85 623 
2002/04/26 84.5 84.5 75 78 2037 
2002/05/03 76 76 65 67.5 831 
2002/05/10 65 65 53 54.5 552 
2002/05/17 53 63 53 61.5 535 
2002/05/24 61 61 52.5 56 157 
2002/05/31 56 56.5 47.5 49.8 182 
2002/06/07 51 51 48 48.5 82 
2002/06/14 49.4 49.5 43 45 148 
2002/06/21 45 46 38.2 39.5 466 
2002/06/28 39 40 31.9 35 190 
2002/07/05 33 33 28.3 31.8 717 
2002/07/12 31.8 32.9 28.1 30.8 263 
2002/07/19 30.8 31.8 28.2 29.4 92 
2002/07/26 28.4 29.3 27 27.9 152 
2002/08/02 27.5 29.8 27.5 29.5 225 
2002/08/09 28.1 30.5 27.1 30.5 234 
2002/08/16 31 33.7 28 28 576 
2002/08/23 29.9 29.9 27.1 28.3 425 
2002/08/30 28.1 28.1 26.5 26.9 201 
2002/09/06 27 27 24.6 24.6 139 
2002/09/13 22.9 27.3 22.9 25.4 94 
2002/09/20 24.4 26.2 23.4 25 46 
2002/09/27 25 26.7 24.3 24.3 17 
2002/10/04 22.6 23.5 21.7 21.7 41 
2002/10/11 20.5 21.5 17.4 17.4 108 
2002/10/18 17.5 20.5 16.3 20.5 277 
2002/10/25 19.5 22 19.5 21.2 253 
2002/11/01 21.9 21.9 19.6 20.9 330 
2002/11/08 20.9 20.9 18.5 19.5 181 
2002/11/15 19.6 23.9 19.2 22.8 1081 
2002/11/22 21.6 22.7 20.8 22.5 255 
2002/11/29 22.5 23 21 22.5 226 
2002/12/06 22.5 25.3 22.5 25 200 
2002/12/13 25 26.2 24 25.9 297 
2002/12/20 25.9 25.9 23.5 25 261 
2002/12/27 25.6 25.6 24 24.7 145 
2003/01/03 23.1 25 23.1 24.9 179 
2003/01/10 24 24 22 22.4 93 
2003/01/17 21.5 23.9 21 22 119 
2003/01/24 20.8 21.3 19.8 19.8 89 
2003/01/31 19.1 20 18.9 19.9 23 
2003/02/07 18.7 20.2 18.3 20 47 
2003/02/14 20 21.6 19.5 20.4 101 
2003/02/21 21 22.9 19.6 21.7 117 
2003/02/28 20.5 20.9 18.5 19.5 73 
2003/03/07 19.7 19.7 18.7 18.9 30 
2003/03/14 18.9 19.6 17.5 19.6 156 
2003/03/21 19.6 21.5 18.9 20 379 
2003/03/28 20 20.3 19.6 19.8 49 
2003/04/04 20.2 20.3 19.2 20.1 31 
2003/04/11 19.8 20.4 19.8 20.4 129 
2003/04/18 20.5 21.5 20.2 20.8 547 
2003/04/25 21.2 22.5 20.6 20.6 673 
2003/05/02 20.1 20.3 19 20 334 
2003/05/09 20 23.5 19.8 23.2 627 
2003/05/16 23.2 25.8 23.2 24.5 671 
2003/05/23 24.3 29.7 23.3 29.4 1749 
2003/05/30 28.6 35.3 28.6 32.8 2911 
2003/06/06 32.3 34.8 32.3 33.2 760 
2003/06/13 33.2 34.2 32.1 33.7 1474 
2003/06/20 34 38.5 33.8 35.9 1516 
2003/06/27 35 35.6 31.4 34.1 661 
2003/07/04 34.1 34.1 29.9 29.9 1171 
2003/07/11 29.8 31.5 29.4 30.8 646 
2003/07/18 31 33.4 30.5 32.2 720 
2003/07/25 33 33.9 32.6 33.1 542 
2003/08/01 33 37.5 32 37.1 1371 
2003/08/08 36.4 37.1 35.7 36.3 485 
2003/08/15 36 36.7 34.1 35.4 270 
2003/08/22 35.9 38.4 35.7 36.8 505 
2003/08/29 37.5 41 37.2 40 1337 
2003/09/05 40.2 44 40 41 1068 
2003/09/12 41 41.2 40 41 246 
2003/09/19 41 44.1 41 43.2 382 
2003/09/26 43 43.5 41.1 42.5 576 
2003/10/03 42.4 43.5 42 43 321 
2003/10/10 42.5 44 42.4 43.7 554 
2003/10/17 43.5 45.9 42.2 45.7 763 
2003/10/24 47 59 47 56.5 2060 
2003/10/31 57 58.5 55 55 1107 
2003/11/07 54.5 57.5 54.5 56 927 
2003/11/14 56.5 58 55 58 1084 
2003/11/21 58 58 55 56 573 
2003/11/28 55.5 57 55 57 818 
2003/12/05 56.5 62 56.5 61 1824 
2003/12/12 60.5 62 60 61.5 1123 
2003/12/19 61.5 62 59 59 1384 
2003/12/26 59.5 59.5 58 58 451 
2004/01/02 58 60 57.5 60 1072 
2004/01/09 60.5 72 60.5 71 4016 
2004/01/16 71.5 72.5 67 68.5 1643 
2004/01/30 69 74 67.5 74 1442 
2004/02/06 74 84.5 73.5 83.5 3872 
2004/02/13 84.5 85.5 77.5 79 1760 
2004/02/20 80 82 79 81 1482 
2004/02/27 81 83 79 80 2196 
2004/03/05 82 82 76 78 1735 
2004/03/12 78 79 75.5 77 549 
2004/03/19 77.5 80.5 75 80.5 857 
2004/03/26 75 76 70 73 1070 
2004/04/02 75 78 75 77.5 947 
2004/04/09 77 78 69.5 69.5 1252 
2004/04/16 69.5 70.5 63 68 3145 
2004/04/23 68 68 61 63.5 1455 
2004/04/30 65 65 56.5 57.5 768 
2004/05/07 57 59.5 55 57 661 
2004/05/14 57 60 55 59 477 
2004/05/21 59 59 55 58 512 
2004/05/28 58 58.5 56.5 57 318 
2004/06/04 57.5 68 57.5 60 2349 
2004/06/11 61 68 61 66 2120 
2004/06/18 66 68 58.5 58.5 1540 
2004/06/25 59 60.5 57.5 58.5 306 
2004/07/02 60 61.5 57 59.5 894 
2004/07/09 59 62.5 57.5 58.5 974 
2004/07/16 59 59.5 56 56.5 419 
2004/07/23 57 57 47.5 49.5 1981 
2004/07/30 49.1 49.8 48 49.1 358 
2004/08/06 48.8 49 46.5 47.3 882 
2004/08/13 44.6 49.3 40.3 43.3 1319 
2004/08/20 43.3 52 42.9 51.5 1087 
2004/08/27 51.5 55 50 54 764 
2004/09/03 54.5 54.5 51 52 797 
2004/09/10 51.5 54 50.5 51 842 
2004/09/17 51.5 53 50.5 50.5 437 
2004/09/24 50.5 52 50 52 694 
2004/10/01 52 53 48.5 50 599 
2004/10/08 49.2 50 49 49.8 468 
2004/10/15 49.8 49.8 44.7 45.1 725 
2004/10/22 45 47 44 46 347 
2004/10/29 45.8 46 42.5 43.5 276 
2004/11/05 43.2 44.5 42 43.7 631 
2004/11/12 44.2 46.3 42.6 43 503 
2004/11/19 43.1 45 42.2 44.5 946 
2004/11/26 43.8 44.2 39.4 39.7 945 
2004/12/03 39.6 41.3 38.3 39.9 880 
2004/12/10 39.5 40.6 39.1 40 1069 
2004/12/17 40.1 45.2 38.6 44.4 2985 
2004/12/24 42 47.3 42 45.7 1831 
2004/12/31 45.9 46.3 44 44.9 1103 
2005/01/07 45 45.3 40.6 41 1232 
2005/01/14 41 41.4 39.5 39.9 1142 
2005/01/21 39.9 40.3 39 39.4 814 
2005/01/28 39.2 39.8 36 39.8 1809 
2005/02/04 40 41.3 39.5 39.8 1454 
2005/02/18 40.6 43.2 40.6 42 2764 
2005/02/25 42.6 44.9 39.1 40 5148 
2005/03/04 40.3 40.4 38.5 39.75 1797 
2005/03/11 40.8 48.8 40.5 46 13363 
2005/03/18 46 46 36.9 37.6 7695 
2005/03/25 37.2 40.2 37.2 39 2909 
2005/04/01 39 39.4 36.4 37 1953 
2005/04/08 37.1 39 36.8 37.1 1898 
2005/04/15 37.4 37.4 36 36.3 1218 
2005/04/22 36.3 36.3 27.7 29.3 3034 
2005/04/29 29.35 29.9 27.6 27.8 600 
2005/05/06 28.2 28.2 22.05 24.2 4011 
2005/05/13 25.25 27.55 24.75 27 4200 
2005/05/20 27.4 28.8 26.55 26.8 2167 
2005/05/27 26.8 27.5 26.25 26.8 754 
2005/06/03 27 29.6 27 28.8 1292 
2005/06/10 29.8 29.8 25.65 26 1752 
2005/06/17 25.7 27.8 25.15 27.8 2741 
2005/06/24 27.8 27.8 25.45 25.6 2275 
2005/07/01 25.7 25.7 24.25 24.55 3004 
2005/07/08 24.55 27.3 23.7 26.3 7659 
2005/07/15 26.7 26.9 21.9 23.3 7048 
2005/07/22 23.3 23.5 21.05 21.05 4969 
2005/07/29 19.7 20.8 18.25 20 6604 
2005/08/05 20 20.2 18.25 19.55 2866 
2005/08/12 19.5 20.4 19.3 19.55 1853 
2005/08/19 19.6 22.5 19.55 21.1 4473 
2005/08/26 20.4 21.1 19.6 20.15 2511 
2005/09/02 20.15 20.6 19.9 20.35 1191 
2005/09/09 20.3 20.7 20.05 20.25 1035 
2005/09/16 20.3 21.2 20.1 20.2 1205 
2005/09/23 20.2 20.4 19.6 19.6 709 
2005/09/30 19.75 19.9 19.2 19.7 681 
2005/10/07 19.95 20 19.2 19.5 756 
2005/10/14 18.15 19 16.1 16.6 1294 
2005/10/21 16.6 16.6 13.65 14.4 1517 
2005/10/28 14.4 15.95 14.05 15.7 989 
2005/11/04 15 16 15 15.7 490 
2005/11/11 15.7 17.15 15.6 16.8 588 
2005/11/18 16.7 18 15.8 17.8 686 
2005/11/25 18.15 18.15 16.8 17.1 358 
2005/12/02 16.55 17.6 16.2 16.4 577 
2005/12/09 16.4 18.15 16.4 18.15 1007 
2005/12/16 19.4 25.4 19 25.4 3262 
2005/12/23 27.15 30.9 25.9 30.1 18392 
2005/12/30 30.2 33.5 29.5 31.55 9454 
2006/01/06 31.55 38.6 31.2 37.5 9959 
2006/01/13 38.5 38.5 32.6 33.5 8016 
2006/01/20 33.5 35.3 26.6 26.6 9393 
2006/01/27 24.75 26.95 23.6 25.5 5610 
2006/02/03 26 26.7 25.25 25.25 1988 
2006/02/10 25.3 28.6 25.25 26.5 5385 
2006/02/17 26 28.8 25.45 27.75 4222 
2006/02/24 28 28 22.35 23.35 6672 
2006/03/03 23 27 23 25.5 3267 
2006/03/10 25.5 26 23.9 24.2 1887 
2006/03/17 24 27.05 24 27.05 3880 
2006/03/24 27.5 28.3 25.5 25.7 4629 
2006/03/31 26 26.25 22.35 23.6 7747 
2006/04/07 23.5 28.35 22.8 26.8 11523 
2006/04/14 26.6 27.35 25.5 27.25 5623 
2006/04/21 28.3 28.3 25.5 25.5 6372 
2006/04/28 25.5 26.8 24.5 24.9 3796 
2006/05/05 24.9 25.7 24 24.2 2585 
2006/05/12 24.1 24.5 22.9 23.9 1947 
2006/05/19 23.9 24.9 23.1 23.6 2253 
2006/05/26 23.8 23.9 22.5 22.5 1769 
2006/06/02 22.5 25.75 22.3 24 2877 
2006/06/09 22.75 23.6 17.8 18.9 2601 
2006/06/16 18.55 20.45 18.2 20 1029 
2006/06/23 20.15 20.5 18.8 19.2 762 
2006/06/30 19.2 20.5 19.2 19.8 421 
2006/07/07 19.9 20.4 19.7 19.75 582 
2006/07/14 20.3 21 18.7 19.4 988 
2006/07/21 19.4 19.4 18.5 18.6 543 
2006/07/28 18.35 20.1 18 19.35 627 
2006/08/04 19.15 19.35 18.5 18.5 539 
2006/08/11 18.6 20 18.5 19.5 624 
2006/08/18 19.7 19.8 19.2 19.25 518 
2006/08/25 19.25 19.25 18.2 18.55 530 
2006/09/01 18.5 19 18 18.2 426 
2006/09/08 18.2 18.3 16.7 17.1 699 
2006/09/15 17.5 18.55 17 17.35 1113 
2006/09/22 17.5 18 17 17.1 742 
2006/09/29 17.3 17.5 17 17 388 
2006/10/06 17.3 17.3 16.9 17.3 441 
2006/10/13 17.2 21.6 17.2 21.2 2689 
2006/10/20 21.2 23.45 20.4 21.8 4322 
2006/10/27 21.8 23.3 20.8 21.6 2424 
2006/11/03 21.6 22.8 21.4 22.1 1014 
2006/11/10 21.9 22.5 21.25 21.5 1453 
2006/11/17 21.5 23 21.1 22.3 1091 
2006/11/24 22.5 25.4 22.5 24.1 3117 
2006/12/01 24.15 25.8 23.8 24.1 2149 
2006/12/08 24.1 24.4 23.4 23.7 1198 
2006/12/15 23.95 24 22.3 23.45 1013 
2006/12/22 23.55 24.2 23.2 23.65 1149 
2006/12/29 23.65 27 23.5 26 5725 
2007/01/05 26.1 27 23.6 24 2995 
2007/01/12 24 24 22.15 22.5 2908 
2007/01/19 22.5 23.4 22.05 22.65 1103 
2007/01/26 22.65 23.1 22 23 1311 
2007/02/02 22.9 23.1 22.2 22.45 1123 
2007/02/09 21.6 23.6 21.6 22.6 1550 
2007/02/16 22.5 25.7 22.5 25.05 4289 
2007/03/02 25.6 30 25.3 29.2 11628 
2007/03/09 29.2 33 26.4 32.8 13267 
2007/03/16 34.2 38.15 31 37.3 17321 
2007/03/23 37 38 35 36.6 11591 
2007/03/30 37 39.9 36 36 13314 
2007/04/06 37.2 38.5 36.4 37.2 4267 
2007/04/13 37.5 41.9 37.45 39.5 13943 
2007/04/20 39.5 39.8 37.3 39.35 3602 
2007/04/27 40.5 43.15 39 41 11676 
2007/05/04 41 41.5 38.55 40.45 4283 
2007/05/11 40.5 40.95 39 40.1 4872 
2007/05/18 40.6 41.5 39.2 40.95 7888 
2007/05/25 41.5 45.85 40.5 41.5 16036 
2007/06/01 42 42.65 39.2 39.95 7591 
2007/06/08 40.1 42.4 40 41.1 8859 
2007/06/15 41.5 49.2 40.25 49.2 26446 
2007/06/22 49.2 50.5 46 49.4 14028 
2007/06/29 49.8 50.5 46.8 48.3 10063 
2007/07/06 48.2 54 46.5 52.7 16430 
2007/07/13 53.7 53.9 48.4 48.4 14779 
2007/07/20 48.5 57.7 47.5 57.7 16397 
2007/07/27 58.1 61.8 52.5 52.7 14753 
2007/08/03 54 59 51 55.5 9562 
2007/08/10 54.7 57.5 52 54.2 3312 
2007/08/17 54.6 59.6 48.4 48.4 8842 
2007/08/24 51.7 55 50 53.6 5801 
2007/08/31 54.4 56.9 52.1 53.7 7317 
2007/09/07 53.9 59 53 56.8 9639 
2007/09/14 56.5 60.8 56 56.8 7830 
2007/09/21 56.8 56.8 51.5 56 5741 
2007/09/28 56.8 58 56 57.5 4535 
2007/10/05 57 57.5 54.4 54.9 3401 
2007/10/12 55 57.8 50.4 51.4 4739 
2007/10/19 51.5 54.2 50.8 53 2925 
2007/10/26 50.9 51.9 44.65 45.8 7429 
2007/11/02 46.8 46.8 40 42.7 11728 
2007/11/09 43 43.7 37.95 38.1 8589 
2007/11/16 35.5 40.4 35.45 39.4 4795 
2007/11/23 39.8 41.85 38.1 39 2657 
2007/11/30 39.7 39.7 36.1 39 1877 
2007/12/07 39.5 41 37.8 37.9 2309 
2007/12/14 37.6 38.35 34.7 35.5 2055 
2007/12/21 35.8 35.8 30.5 31.1 5873 
2007/12/28 32 39.4 31.85 39 4379 
2008/01/04 39.05 39.4 34.75 35.1 3058 
2008/01/11 34 34.6 30.9 33.9 1754 
2008/01/18 34.1 34.4 31.4 34.3 1279 
2008/01/25 33.6 33.8 26.6 28.9 2256 
2008/02/01 29.5 30.8 28.6 29.5 1353 
2008/02/15 29.5 29.7 28.15 29.5 599 
2008/02/22 29.7 31 29.5 29.8 1597 
2008/02/29 30 33.8 29.5 33.8 3765 
2008/03/07 33.6 34.9 33 33.5 3600 
2008/03/14 33 33 30.1 30.3 1878 
2008/03/21 29.5 30 28.15 28.6 2433 
2008/03/28 29.6 30.65 28.2 29.3 4595 
2008/04/04 29.2 32.2 29 32 4303 
2008/04/11 32.4 32.65 30.1 30.4 3810 
2008/04/18 30 31.6 29.85 31 4126 
2008/04/25 31.5 34 31.5 32.15 8009 
2008/05/02 32 32.4 29.95 31 2763 
2008/05/09 31.25 34.4 30.6 33 6011 
2008/05/16 32.9 35.75 31.5 34.5 6825 
2008/05/23 35 37.6 33.3 35 18781 
2008/05/30 34.5 34.9 31.8 32.8 4659 
2008/06/06 32 32.5 30.5 31.6 2103 
2008/06/13 30.6 30.95 24.6 25.55 4027 
2008/06/20 25.6 25.7 22.6 23 3848 
2008/06/27 22.5 24.85 21 24.1 4675 
2008/07/04 24.3 25.5 22.8 23.3 2304 
2008/07/11 23.3 25.2 23.3 24.5 987 
2008/07/18 24.35 24.5 21.3 23.3 1462 
2008/07/25 23.9 27 23.3 26.8 3097 
2008/08/01 26.05 26.1 23.2 24.85 2206 
2008/08/08 21.1 22.2 20.2 22 1769 
2008/08/15 22.5 23.5 21.4 22 1523 
2008/08/22 22 22.45 20.5 20.7 738 
2008/08/29 20.7 21.45 20.5 20.5 736 
2008/09/05 20.2 20.3 17.4 18.5 2690 
2008/09/12 18.7 20 18.7 19.8 767 
2008/09/19 19.7 19.7 16 17.7 2690 
2008/09/26 17.8 18.3 16.55 17.4 1097 
2008/10/03 16.2 17.2 16 17.2 508 
2008/10/10 16.1 16.9 14.3 14.3 965 
2008/10/17 13.8 14.65 13 13.35 1932 
2008/10/24 13.25 14.1 12.9 13.15 932 
2008/10/31 12.25 13.45 11.45 13.4 1739 
2008/11/07 13.4 14.5 13 14.4 1895 
2008/11/14 14.35 14.4 12.4 13.25 1139 
2008/11/21 12.55 12.95 10.6 11.45 937 
2008/11/28 11.4 13.15 10.85 13.15 1284 
2008/12/05 12.8 13.95 12.2 13.6 1683 
2008/12/12 14.55 15.9 14 15.9 3630 
2008/12/19 15.9 16.5 14.85 15.5 2132 
2008/12/26 15.5 15.9 13.8 15.65 1964 
2009/01/02 15.8 17.1 15.2 16.25 2690 
2009/01/09 16.95 17.85 16.15 17.7 5748 
2009/01/16 17.6 17.6 16 16.55 3655 
2009/01/23 16.9 17.5 16.5 16.95 1621 
2009/02/06 17 17.5 16.5 16.55 1848 
2009/02/13 16.9 18.95 16.85 18.5 4467 
2009/02/20 18.7 18.9 16.8 17.95 2526 
2009/02/27 17.8 19.75 17.5 19.25 4076 
2009/03/06 19.1 20.4 18.6 20.4 2653 
2009/03/13 21.5 22.8 20.7 22.4 3585 
2009/03/20 22.4 23.9 21.7 22.5 2911 
2009/03/27 22.2 24.8 22.2 24 3791 
2009/04/03 23.5 24.9 22.3 24.5 3587 
2009/04/10 24.1 25.35 23.5 24.4 4805 
2009/04/17 24.85 27.85 24.6 24.95 10362 
2009/04/24 25 29.5 24.45 29 9532 
2009/05/01 29.5 29.7 27 29.7 6215 
2009/05/08 30.5 34.2 29.3 34.2 11575 
2009/05/15 36.15 36.8 33.1 33.35 13741 
2009/05/22 33.3 36.3 33.3 35.7 10340 
2009/05/29 38.15 38.5 35 36.2 8344 
2009/06/05 36.2 36.4 32.5 34.2 7497 
2009/06/12 34.8 34.8 29.5 29.5 6287 
2009/06/19 29.8 31 29 30.3 3368 
2009/06/26 30.35 32.7 30.3 32 3350 
2009/07/03 32 32.7 30.55 31.9 2888 
2009/07/10 33 34.95 33 34 10102 
2009/07/17 34.4 35.2 32.25 34.3 6530 
2009/07/24 34.6 36.95 34.35 35 14980 
2009/07/31 35.5 36.9 34.5 36.1 9664 
2009/08/07 33.45 33.85 31.5 32.9 5962 
2009/08/14 32.5 36 32.5 34.75 7788 
2009/08/21 35.2 35.4 31.6 32.5 3850 
2009/08/28 33.1 35 32.5 33.3 8900 
2009/09/04 33.4 35.35 32.5 34.2 11026 
2009/09/11 34.6 37.6 33.8 35.3 16051 
2009/09/18 35.4 37.8 35.4 36.65 13947 
2009/09/25 36.85 37.2 34.1 35 6846 
2009/10/02 34.7 36 34 34.6 4245 
2009/10/09 35.2 35.6 34.1 34.3 4176 
2009/10/16 34.5 36.95 34.3 36.2 6885 
2009/10/23 36.4 37.45 35.9 36.4 6272 
2009/10/30 36.6 36.6 33.55 34.6 2690 
2009/11/06 33.1 36 33.1 35.25 1908 
2009/11/13 37 38.5 34.9 35.6 14584 
2009/11/20 35.9 37.5 35.5 36.9 8944 
2009/11/27 37.2 37.2 35 35 6148 
2009/12/04 35.1 37.4 35.1 36.7 9831 
2009/12/11 36.9 38.95 36.75 37.9 16362 
2009/12/18 38.05 38.2 36.05 38.05 9902 
2009/12/25 38.75 40.55 38.15 39.2 20797 
2010/01/01 39.3 41 38.6 40 12739 
2010/01/08 40 40.3 36.75 37.25 7168 
2010/01/15 37.05 38.6 37 38 5074 
2010/01/22 38 38.25 36 36.1 3585 
2010/01/29 35.85 36.8 33 33.6 3290 
2010/02/05 33.5 33.5 29.05 29.9 3461 
2010/02/12 29.9 31.8 29.9 31.6 1419 
2010/02/26 32.8 34.35 32 33 4049 
2010/03/05 33 33.9 32.8 33.3 1450 
2010/03/12 33.3 34.8 33.15 34.1 3127 
2010/03/19 34.2 35 33.2 34.75 2352 
2010/03/26 34 38.6 34 37.2 8486 
2010/04/02 37.7 37.7 35.3 35.4 3423 
2010/04/09 35.45 35.95 34.6 34.65 2221 
2010/04/16 35.05 35.2 34.05 34.75 2426 
2010/04/23 34.5 34.6 33.05 33.55 2285 
2010/04/30 33.6 34.85 33.3 34 1972 
2010/05/07 33.55 33.55 30.1 30.6 1890 
2010/05/14 30.8 33.6 30.8 32.95 1444 
2010/05/21 32.95 32.95 30 30.45 1051 
2010/05/28 30.55 31.1 29.2 30.35 1294 
2010/06/04 30.55 31.5 29.9 31.1 1415 
2010/06/11 29.5 31.05 29.15 30.15 2274 
2010/06/18 30.7 31 30.2 30.6 1083 
2010/06/25 30.8 31.4 30.5 30.85 1414 
2010/07/02 31.1 31.2 30 30.15 1183 
2010/07/09 30.8 33.8 30.3 32.8 2488 
2010/07/16 33.6 33.6 32.1 32.5 2618 
2010/07/23 32.5 33 32 32.8 1761 
2010/07/30 33.2 33.5 29.6 29.9 3911 
2010/08/06 30.5 30.5 29.6 29.7 1617 
2010/08/13 30.2 30.8 29.4 30.2 1655 
2010/08/20 30.5 32 30.05 31.9 2490 
2010/08/27 32.35 32.5 30 30.1 3328 
2010/09/03 30.3 30.5 29 29.7 1422 
2010/09/10 29.8 30.5 29.4 30.3 1469 
2010/09/17 30.5 31.8 29.9 31.5 2985 
2010/09/24 31.5 32.9 30.85 30.85 3794 
2010/10/01 30.95 31.5 30.6 30.85 2062 
2010/10/08 30.85 31.2 29.95 30.3 2147 
2010/10/15 30.3 30.85 29.55 29.9 1670 
2010/10/22 30.35 30.35 29.4 29.75 1173 
2010/10/29 29.85 30.3 29.55 29.6 1165 
2010/11/05 29.7 29.9 28.15 28.25 1307 
2010/11/12 28.25 29.35 26.3 28.65 1682 
2010/11/19 28 29.85 27.8 29.1 1438 
2010/11/26 29.5 29.5 28.1 28.2 1060 
2010/12/03 28.5 29.5 28.2 28.8 1869 
2010/12/10 29.25 30.7 28.8 30.3 3355 
2010/12/17 30.5 31.65 29.8 31.1 4035 
2010/12/24 31.3 31.4 30.2 31 1817 
2010/12/31 31 31.25 28.5 28.75 3163 
2011/01/07 28.75 29.2 28.1 28.6 1119 
2011/01/14 29.2 30 28.8 29.3 1195 
2011/01/21 29.5 29.6 28.5 28.65 1059 
2011/01/28 28.65 28.75 28 28.2 1063 
2011/02/11 28.5 28.5 26.5 26.65 940 
2011/02/18 26.85 27.4 26.5 27.4 791 
2011/02/25 27.4 27.4 25.8 26.85 1094 
2011/03/04 26.9 28 26.9 27.35 1515 
2011/03/11 27.45 27.8 26.4 26.5 856 
2011/03/18 26.4 26.4 22.95 23.7 1931 
2011/03/25 24.6 25.2 23.95 25 1345 
2011/04/01 24.5 25.15 24.5 24.55 680 
2011/04/08 24.85 25.65 24.5 25.3 1155 
2011/04/15 25.9 27.55 25.5 27.15 3819 
2011/04/22 28.5 29.5 27.8 28.5 6771 
2011/04/29 28.7 28.8 27.15 27.35 4995 
2011/05/06 27.4 28.15 26.75 27.5 2652 
2011/05/13 28.1 29.75 28.05 28.4 7370 
2011/05/20 28.3 28.7 27.5 27.8 3065 
2011/05/27 27.6 28.6 27.5 28.05 2947 
2011/06/03 28 29.25 27.9 28.8 4998 
2011/06/10 29.6 31.95 28.8 28.8 20095 
2011/06/17 28.9 29.2 27.85 28 10709 
2011/06/24 28.2 28.65 26.9 28.1 7007 
2011/07/01 26 26.85 25.85 26.6 5476 
2011/07/08 26.7 28.8 26.35 27.6 13155 
2011/07/15 27.6 27.9 26.2 27.6 6840 
2011/07/22 29.5 31 29.2 29.8 22546 
2011/07/29 30.2 30.8 28.7 28.7 11494 
2011/08/05 29 31 28.1 28.1 12225 
2011/08/12 28 28.3 24.4 25.9 9359 
2011/08/19 26.7 26.8 23.25 23.25 6300 
2011/08/26 23 24.5 22.35 23.7 2925 
2011/09/02 24 26.1 23.9 25.5 3582 
2011/09/09 25.25 25.25 23.85 24.2 2385 
2011/09/16 23.75 26.3 23.4 25.95 4037 
2011/09/23 25.95 26.35 23.85 23.95 5567 
2011/09/30 23.95 24.25 23.2 23.55 3555 
2011/10/07 23.4 23.9 22.6 23.5 2073 
2011/10/14 23.9 26.5 23.8 26.3 13852 
2011/10/21 26.35 26.35 24.55 24.7 5457 
2011/10/28 25.4 27.35 25.2 26.3 15486 
2011/11/04 26.5 28 25.8 26.7 15879 
2011/11/11 26.7 27.75 24 24.6 8710 
2011/11/18 24.9 25.3 24.1 24.15 2856 
2011/11/25 24.15 24.15 22.05 22.3 3407 
2011/12/02 22.5 24 22.5 23.8 2530 
2011/12/09 23.8 23.8 21.4 22 1968 
2011/12/16 22.1 22.5 21.05 22.2 1412 
2011/12/23 21.85 22.85 21 22.75 2241 
2011/12/30 23.2 23.8 22.8 23.25 2860 
2012/01/06 23.45 24.25 22.8 23.5 2675 
2012/01/13 23.45 23.6 22.1 22.1 2807 
2012/01/20 22.7 23.1 22.2 22.75 1470 
2012/02/03 23.6 26.25 23.05 25.5 13095 
2012/02/10 25.8 25.8 24.65 25.3 8552 
2012/02/17 25.7 27.9 25.3 25.35 19202 
2012/02/24 25.4 27 25.4 26.85 11222 
2012/03/02 28.7 28.7 27.25 27.55 17372 
2012/03/09 27.55 27.9 25.8 26.9 10585 
2012/03/16 26.9 26.9 26.15 26.45 4380 
2012/03/23 26.7 27.45 26.3 27 7047 
2012/03/30 26.95 26.95 24.4 25.6 5864 
2012/04/06 25.5 25.5 22.85 24.3 3495 
2012/04/13 24.3 26 24.1 25.85 5392 
2012/04/20 25.6 25.9 24.2 24.35 2761 
2012/04/27 24.2 25.15 24.1 24.3 1945 
2012/05/04 24.5 25.9 24.4 25.6 1938 
2012/05/11 25.45 25.45 24.65 25.15 1582 
2012/05/18 25.15 25.15 24.15 24.15 1445 
2012/05/25 24.15 24.65 23.25 23.25 1635 
2012/06/01 23.3 25.4 23.15 24.35 3179 
2012/06/08 24 24.6 22.9 23.7 1957 
2012/06/15 24.2 25.05 24.2 24.9 1461 
2012/06/22 25.3 25.4 24.4 24.8 1445 
2012/06/29 24.8 25.2 24.5 24.65 956 
2012/07/06 24.95 26.6 24.8 25.9 4355 
2012/07/13 26.4 26.65 25.8 25.9 3617 
2012/07/20 26.35 26.6 25.7 26.15 2888 
2012/07/27 26 26.95 25.65 26.8 5121 
2012/08/03 26.85 27.4 24.4 25 9323 
2012/08/10 25.6 26.05 25.05 25.4 6847 
2012/08/17 25.5 26.5 25.2 26.2 5376 
2012/08/24 26.3 27.9 25.85 27.4 13893 
2012/08/31 27.8 27.8 26.05 26.55 7560 
2012/09/07 26.8 27.75 26.4 26.45 10375 
2012/09/14 26.3 27 26.05 26.4 8624 
2012/09/21 26.8 28.2 26.6 27.65 15126 
2012/09/28 27.9 27.9 26.9 27.05 7251 
2012/10/05 27.15 28.1 27.15 27.6 5662 
2012/10/12 27.65 27.65 26.75 26.95 3616 
2012/10/19 27.1 28.1 26.8 27.1 5193 
2012/10/26 26.7 26.9 25.1 25.3 4117 
2012/11/02 25.5 26.25 25.1 25.5 3604 
2012/11/09 25.4 26.1 25.25 25.95 2136 
2012/11/16 26.15 26.4 25.4 25.4 1998 
2012/11/23 25.4 25.6 24.45 25.3 2730 
2012/11/30 25.4 26.25 25.4 25.9 2786 
2012/12/07 26 26.2 25.65 25.65 2411 
2012/12/14 25.55 26.15 25.4 25.8 2232 
2012/12/21 25.8 25.85 25.2 25.6 2389 
2012/12/28 25.6 26 25.5 26 2609 
2013/01/04 26.1 26.6 26 26.15 3194 
2013/01/11 26.2 26.45 25.95 26.15 4106 
2013/01/18 26.15 26.95 25.7 26 8986 
2013/01/25 26.1 27.25 25.9 26.7 9013 
2013/02/01 26.95 27.6 26.85 27.2 7598 
2013/02/08 27.3 27.4 26.65 26.8 2947 
2013/02/22 26.8 27.7 26.7 27.4 5925 
2013/03/01 27.4 27.5 26.8 27 3522 
2013/03/08 27 28 26.5 27 7591 
2013/03/15 26.8 27.1 26.6 26.8 3962 
2013/03/22 26.8 27.1 26.7 26.85 2086 
2013/03/29 26.9 27.3 26.5 26.8 3527 
2013/04/05 26.9 27.05 26.65 26.8 1428 
2013/04/12 26.5 26.65 25.95 26.35 2971 
2013/04/19 26.35 26.9 25.9 26.45 2710 
2013/04/26 26.65 26.65 26.2 26.2 1709 
2013/05/03 26.2 26.55 26.2 26.2 1060 
2013/05/10 26.4 27.65 26.25 27.15 5323 
2013/05/17 27.15 28.45 26.8 28.05 16547 
2013/05/24 28 28.3 27.55 27.8 11896 
2013/05/31 27.7 28.9 27.7 28.1 15628 
2013/06/07 27.8 28 27.3 27.3 7707 
2013/06/14 27.5 28.1 27.5 27.75 4401 
2013/06/21 28.2 28.2 27.3 27.7 3538 
2013/06/28 27.85 28.45 27.7 27.8 4549 
2013/07/05 27.85 28.45 27.3 27.35 5040 
2013/07/12 27.45 27.6 27.3 27.45 2745 
2013/07/19 27.55 28.2 27.55 28.05 4309 
2013/07/26 28.1 29.2 26.2 26.65 14596 
2013/08/02 26.65 26.65 25.35 25.6 5507 
2013/08/09 25.8 25.95 23.95 24.05 6293 
2013/08/16 24 25.45 24 25.05 6434 
2013/08/23 25.05 25.05 24.25 24.3 3138 
2013/08/30 24.3 25 23.7 24.7 4899 
2013/09/06 24.7 25.6 24.5 24.85 5120 
2013/09/13 24.85 24.9 24.1 24.3 3401 
2013/09/20 24.3 25.3 24.3 24.6 3201 
2013/09/27 24.9 24.95 24.45 24.5 2226 
2013/10/04 24.45 24.65 24.15 24.55 1682 
2013/10/11 24.55 24.6 22.35 22.6 4892 
2013/10/18 22.55 23.2 22.1 23 2150 
2013/10/25 23 23 22.7 22.8 1121 
2013/11/01 22.9 23.15 22.7 22.9 1308 
2013/11/08 22.8 23.65 22.7 23.1 2493 
2013/11/15 22.85 22.85 22.05 22.2 1970 
2013/11/22 22.2 22.3 21.5 21.7 1414 
2013/11/29 21.6 22.1 21.2 21.75 1660 
2013/12/06 21.8 21.95 21.45 21.8 1222 
2013/12/13 21.9 22.4 21.6 21.9 1951 
2013/12/20 21.9 22.15 21.8 22.1 1411 
2013/12/27 22.1 22.7 22.05 22.6 2140 
2014/01/03 22.65 23.2 22.45 23.1 1781 
2014/01/10 23.1 24.2 22.75 23.55 7276 
2014/01/17 23.7 24.2 23.45 23.55 4024 
2014/01/24 23.6 24.3 23.35 23.7 2563 
2014/01/31 23.6 23.6 23 23 704 
2014/02/07 22.5 23.1 22.4 22.9 1052 
2014/02/14 23.1 23.1 22.1 22.4 2354 
2014/02/21 22.4 22.85 22.3 22.85 1589 
2014/02/28 22.8 23.85 22.6 23.35 3691 
2014/03/07 23.35 23.6 22.85 22.9 2264 
2014/03/14 23 23.1 22.35 22.4 3213 
2014/03/21 22.55 22.8 22.2 22.2 1816 
2014/03/28 22 22.7 21.8 22.5 1746 
2014/04/04 22.6 23.25 22.6 23 2556 
2014/04/11 23 23.8 22.8 22.95 7070 
2014/04/18 23 23 22.5 22.7 2100 
2014/04/25 22.7 23.1 21.4 21.75 2597 
2014/05/02 21.5 21.9 21.3 21.9 1327 
2014/05/09 21.9 22.4 21.6 21.65 1863 
2014/05/16 21.65 21.7 21.2 21.35 1103 
2014/05/23 21.35 21.55 21.3 21.4 1032 
2014/05/30 21.4 21.8 21.3 21.6 2066 
2014/06/06 21.6 21.65 21 21.35 4163 
2014/06/13 21.45 21.5 19.9 20.5 4088 
2014/06/20 20.5 20.55 19.9 20.05 1991 
2014/06/27 20.05 20.5 19.75 20.05 2740 
2014/07/04 20.05 20.4 19.95 20.05 2351 
2014/07/11 20.05 20.25 18.05 18.05 5459 
2014/07/18 18.05 18.1 17.5 17.85 1936 
2014/07/25 17.8 18.05 17.6 17.85 1384 
2014/08/01 17.9 17.95 16.85 17.1 2618 
2014/08/08 17 17.05 15.85 15.95 2265 
2014/08/15 16 16.2 15.6 15.9 1909 
2014/08/22 15.9 15.9 15.1 15.35 1168 
2014/08/29 15 16 15 16 1215 
2014/09/05 16.3 16.3 15.85 16 718 
2014/09/12 16.05 16.05 15.25 15.3 879 
2014/09/19 15.3 15.35 14.65 15.3 2634 
2014/09/26 15.3 15.3 14.4 14.5 1269 
2014/10/03 14.5 14.65 14.1 14.6 747 
2014/10/10 14.45 14.5 13.9 14 762 
2014/10/17 13.9 13.9 11.45 11.75 2334 
2014/10/24 11.6 12.2 11.6 11.95 1084 
2014/10/31 12 12.1 11.5 12.05 1080 
2014/11/07 12.1 12.7 12 12.55 1388 
2014/11/14 12.5 13.25 12.45 13.15 2615 
2014/11/21 13.15 13.15 12.5 12.9 1541 
2014/11/28 12.8 13.1 12.8 12.95 867 
2014/12/05 12.5 13.35 12.5 12.95 1896 
2014/12/12 12.95 13.5 12.95 13.35 1528 
2014/12/19 13.3 13.65 13.2 13.35 1603 
2014/12/26 13.35 14.4 13.35 14.3 1912 
2015/01/02 14.3 14.3 13.95 14.15 914 
2015/01/09 14.1 14.2 13.8 14 1032 
2015/01/16 14 14.5 13.6 13.6 1967 
2015/01/23 13.6 14.45 13.5 13.85 966 
2015/01/30 13.85 13.85 13.4 13.6 720 
2015/02/06 13.55 13.55 13.3 13.4 489 
2015/02/13 13.5 13.55 13.2 13.25 772 
2015/02/27 13.25 13.4 12.95 13.2 628 
2015/03/06 13.2 13.75 13 13.55 1453 
2015/03/13 13.55 13.55 13.2 13.3 753 
2015/03/20 13.3 13.45 12.6 12.65 2202 
2015/03/27 12.65 12.9 12.45 12.65 1637 
2015/04/03 12.5 12.6 12.1 12.3 707 
2015/04/10 12.3 12.3 12 12 549 
2015/04/17 12.1 12.25 11.9 12.05 727 
2015/04/24 12.05 12.05 11.2 11.55 1389 
2015/05/01 11.6 11.6 11.25 11.4 802 
2015/05/08 11.4 12.05 11.35 11.7 1658 
2015/05/15 11.85 12.2 11.45 11.6 2250 
2015/05/22 11.6 11.65 10.9 11.05 1457 
2015/05/29 11 11 10.8 10.8 773 
2015/06/05 10.8 11 9.9 9.98 1128 
2015/06/12 9.96 10.1 8.28 9.61 3333 
2015/06/19 9.9 9.9 9.21 9.46 606 
2015/06/26 9.46 9.69 9.3 9.5 709 
2015/07/03 9.3 9.3 9.11 9.16 443 
2015/07/10 9.12 10.15 9 9.97 1484 
2015/07/17 10 10.3 9.19 9.2 1699 
2015/07/24 9.28 9.41 9.05 9.06 897 
2015/07/31 9.08 9.3 8 9.15 1431 
2015/08/07 9.15 9.15 8.45 9 753 
2015/08/14 9 9.02 8.3 8.49 1060 
2015/08/21 8.02 8.32 6.5 6.55 2150 
2015/08/28 6.17 6.95 5.35 6.95 3638 
2015/09/04 7.44 7.63 6.9 7.27 2243 
2015/09/11 7.3 8.1 7.25 8.08 1601 
2015/09/18 8.1 8.36 7.6 7.87 2775 
2015/09/25 7.87 8 7.71 8 1509 
2015/10/02 7.96 9.08 7.94 8.75 2203 
2015/10/09 8.76 8.87 8.5 8.73 1164 
2015/10/16 8.86 9.04 8.68 8.95 1505 
2015/10/23 9 9.12 8.9 9.03 1390 
2015/10/30 9.05 9.15 8.15 8.3 1024 
2015/11/06 8.4 8.55 8.24 8.31 867 
2015/11/13 8.21 8.31 7.22 7.33 789 
2015/11/20 7.33 7.35 6.82 7.16 796 
2015/11/27 7.18 7.24 6.99 7.04 562 
2015/12/04 7.05 7.7 6.85 7.37 754 
2015/12/11 7.41 7.7 7.02 7.03 735 
2015/12/18 6.99 7.17 6.84 7 845 
2015/12/25 6.85 7.28 6.85 7.11 699 
2016/01/01 7.11 7.3 7.04 7.15 831 
2016/01/08 7.12 7.12 6.8 6.99 560 
2016/01/15 7.59 7.59 6.8 6.94 1318 
2016/01/22 6.9 7.06 6.85 7.03 539 
2016/01/29 7.03 7.49 7 7.45 1039 
2016/02/05 7.5 7.97 7.41 7.62 1286 
2016/02/19 7.71 7.82 7.53 7.65 720 
2016/02/26 7.7 8.28 7.66 8.03 1314 
2016/03/04 8.05 8.21 7.85 8.21 1235 
2016/03/11 8.29 9.83 8.06 9.83 2772 
2016/03/18 10.8 12.7 10.8 12.15 15750 
2016/03/25 12.25 13.3 11.65 12.15 7696 
2016/04/01 12.25 12.35 10.3 10.6 5792 
2016/04/08 10.15 12.3 10.15 11.5 4318 
2016/04/15 11.9 12.35 11.1 11.4 3753 
2016/04/22 11.4 11.5 10.75 11.05 1700 
2016/04/29 11 12.35 11 11.4 3061 
2016/05/06 11.4 11.6 10.95 11.2 1218 
2016/05/13 11.3 11.5 9.2 9.31 2821 
2016/05/20 9.4 10.25 9.25 9.95 1297 
2016/05/27 10.3 10.45 9.99 10.15 732 
2016/06/03 10.2 10.3 9.96 10.2 1007 
2016/06/10 10.2 10.45 10 10.3 602 
2016/06/17 10.4 11.3 10.1 10.75 1454 
2016/06/24 10.8 10.95 9.97 10 1255 
2016/07/01 9.8 10.4 9.8 10.2 1224 
2016/07/08 10.2 10.85 10.1 10.85 1071 
2016/07/15 10.95 11.05 10.2 10.35 1236 
2016/07/22 10.25 10.5 10.1 10.3 778 
2016/07/29 10.3 10.55 10.1 10.3 1035 
2016/08/05 10.45 10.75 10.2 10.5 893 
2016/08/12 10.8 11.15 10.05 10.05 2349 
2016/08/19 10.05 10.2 9.65 9.85 1049 
2016/08/26 9.94 9.94 9.52 9.7 501 
2016/09/02 9.7 9.9 9.6 9.73 574 
2016/09/09 9.8 9.85 9.6 9.7 475 
2016/09/16 9.65 9.65 9.19 9.2 327 
2016/09/23 9.22 10.35 9 10.1 1597 
2016/09/30 10.15 10.25 9.88 9.9 656 
2016/10/07 9.9 9.99 9.56 9.57 531 
2016/10/14 9.57 9.57 9.26 9.4 482 
2016/10/21 9.51 9.68 9.4 9.61 528 
2016/10/28 9.62 9.8 9.42 9.42 542 
2016/11/04 9.43 9.43 9.12 9.28 475 
2016/11/11 9.4 9.6 8.9 9.2 1015 
2016/11/18 9.3 9.54 9.25 9.42 485 
2016/11/25 9.42 9.49 9.26 9.37 504 
2016/12/02 9.3 9.43 9.25 9.41 481 
2016/12/09 9.5 10.35 9.45 10.1 1928 
2016/12/16 10.2 10.3 9.7 9.8 485 
2016/12/23 9.96 10.7 9.85 9.98 1688 
2016/12/30 10 10.2 9.91 9.99 580 
2017/01/06 10 10.25 9.95 10.15 959 
2017/01/13 10.05 10.1 9.74 9.97 951 
2017/01/20 9.99 10.25 9.86 9.95 2112 
2017/01/27 9.99 9.99 9.85 9.85 265 
2017/02/03 9.95 10.4 9.7 10.25 1327 
2017/02/10 10.45 11.2 10.2 10.3 4674 
2017/02/17 10.2 10.3 9.95 10 1967 
2017/02/24 10.05 10.45 9.99 10.15 1368 
2017/03/03 10.3 10.3 10 10 706 
2017/03/10 10.05 10.3 9.96 9.99 1531 
2017/03/17 10 10.6 9.95 10.15 3739 
2017/03/24 10.15 10.7 10.1 10.45 3590 
2017/03/31 10.35 10.35 9.92 10.3 2343 
2017/04/07 10.45 10.45 10.2 10.3 236 
2017/04/14 10.4 10.4 9.95 9.98 1145 
2017/04/21 9.95 9.96 9.06 9.52 580 
2017/04/28 9.36 9.36 9.25 9.33 108 
2017/05/05 9.39 9.45 9.3 9.35 142 
2017/05/12 9.32 9.45 9.12 9.32 884 
2017/05/19 9.36 9.46 9.17 9.21 657 
2017/05/26 9.2 9.35 9.13 9.3 586 
2017/06/02 9.29 9.47 9.27 9.38 468 
2017/06/09 9.35 9.48 9.35 9.43 481 
2017/06/16 9.51 9.64 9.31 9.5 839 
2017/06/23 9.54 9.65 9.45 9.51 890 
2017/06/30 9.59 10.5 9.52 9.91 4160 
2017/07/07 10 10.2 9.9 9.9 261 
2017/07/14 9.88 9.93 9.55 9.58 821 
2017/07/21 9.8 9.85 9.7 9.73 269 
2017/07/28 9.89 9.89 9.7 9.7 37 
2017/08/04 9.66 9.8 9.64 9.74 900 
2017/08/11 9.77 10.1 9.74 9.99 1596 
2017/08/18 9.19 9.19 8.71 8.8 760 
2017/08/25 9 9.16 9 9.16 94 
2017/09/01 9.23 9.23 9.14 9.15 96 
2017/09/08 9.21 9.25 9.13 9.19 184 
2017/09/15 9.42 9.45 9.3 9.35 346 
2017/09/22 9.53 9.55 9.5 9.54 309 
2017/09/29 9.26 9.3 9.15 9.17 365 
2017/10/06 9.44 9.44 9.26 9.3 502 
2017/10/13 9.37 9.37 9.1 9.17 613 
2017/10/20 9.2 9.26 9.11 9.13 926 
2017/10/27 9.16 9.22 9.11 9.14 950 
2017/11/03 9.14 9.58 9.07 9.22 3767 
2017/11/10 9.24 9.32 8.99 9.04 2678 
2017/11/17 9 9 8.85 8.87 948 
2017/11/24 8.65 8.73 8.6 8.65 259 
2017/12/01 8.75 8.91 8.73 8.85 725 
2017/12/08 8.95 8.95 8.36 8.37 943 
2017/12/15 8.36 8.47 8.36 8.47 254 
2017/12/22 8.43 8.49 8.39 8.4 518 
2017/12/29 8.4 8.48 8.36 8.48 528 
2018/01/05 8.5 8.98 8.47 8.88 1052 
2018/01/12 8.88 9.2 8.8 9.1 1707 
2018/01/19 9.15 9.29 9.09 9.11 2330 
2018/01/26 9.11 9.32 9.07 9.15 1412 
2018/02/02 9.15 9.15 8.96 9.05 735 
2018/02/09 8.95 8.97 7.91 8.03 974 
2018/02/16 8.06 8.3 8.05 8.05 87 
2018/02/23 8.27 8.27 8.07 8.21 360 
2018/03/02 8.25 8.5 8.18 8.25 472 
2018/03/09 8.25 8.5 8.13 8.15 1322 
2018/03/16 8.15 8.35 8.1 8.3 940 
2018/03/23 8.35 9 8.22 8.52 3395 
2018/03/30 8.49 8.52 8.24 8.27 1220 
2018/04/06 8.36 8.4 8.22 8.23 943 
2018/04/13 8.26 8.36 8.11 8.12 1156 
2018/04/20 8.12 8.12 7.75 7.77 976 
2018/04/27 7.77 7.84 7.61 7.61 790 
2018/05/04 7.61 7.79 7.61 7.72 329 
2018/05/11 7.74 7.79 7.25 7.37 954 
2018/05/18 7.37 7.37 7.05 7.15 724 
2018/05/25 7.15 7.33 7.12 7.22 597 
2018/06/01 7.22 8.96 7.22 8.96 4846 
2018/06/08 9.32 9.45 8.6 8.68 6348 
2018/06/15 8.6 8.99 8.11 8.7 2771 
2018/06/22 8.52 9 8.31 8.9 5000 
2018/06/29 8.95 9.79 8.81 8.98 9981 
2018/07/06 9 9 7.55 7.75 3685 
2018/07/13 7.8 7.9 7.5 7.8 1449 
2018/07/20 7.8 8.09 7.78 7.96 1566 
2018/07/27 7.9 7.9 7.68 7.73 753 
2018/08/03 7.78 7.85 7.64 7.7 1030 
2018/08/10 7.75 7.75 7.32 7.36 869 
2018/08/17 7.36 7.36 6.75 6.89 1765 
2018/08/24 6.89 6.99 6.79 6.89 707 
2018/08/31 6.9 6.98 6.75 6.82 1096 
2018/09/07 6.8 6.83 6.03 6.17 2543 
2018/09/14 6.2 7 5.67 6.41 7081 
2018/09/21 6.38 6.41 6.12 6.15 1886 
2018/09/28 6.21 6.24 5.85 5.9 1295 
2018/10/05 5.84 5.96 5.3 5.32 2175 
2018/10/12 5.33 5.37 4.2 4.56 2594 
2018/10/19 4.65 4.8 4.5 4.56 1292 
2018/10/26 4.6 4.8 4.05 4.1 2489 
2018/11/02 4.18 4.55 3.9 4.5 2210 
2018/11/09 4.59 4.59 4.26 4.43 505 
2018/11/16 4.43 4.49 4.2 4.39 486 
2018/11/23 4.52 4.7 4.4 4.56 2367 
2018/11/30 4.53 4.8 4.47 4.79 892 
2018/12/07 4.8 5.1 4.8 4.91 1368 
2018/12/14 4.8 4.96 4.55 4.6 1177 
2018/12/21 4.57 4.62 4.05 4.36 959 
2018/12/28 4.36 4.45 4.03 4.4 604 
2019/01/04 4.5 4.5 4.2 4.29 172 
2019/01/11 4.31 4.53 4.31 4.45 949 
2019/01/18 4.51 4.53 4.37 4.41 1118 
2019/01/25 4.41 4.85 4.38 4.71 1945 
2019/02/01 4.73 5.18 4.62 4.96 4978 
2019/02/15 5.03 5.06 4.62 4.65 1758 
2019/02/22 4.66 5.09 4.6 5.05 1978 
2019/03/01 5.09 5.3 5 5.03 1568 
2019/03/08 5.03 5.12 4.86 4.93 1903 
2019/03/15 4.9 4.9 4.75 4.78 1582 
2019/03/22 4.78 4.78 4.59 4.6 1915 
2019/03/29 4.58 4.65 4.4 4.44 1484 
2019/04/05 4.43 4.5 4.3 4.48 1563 
2019/04/12 4.47 4.61 4.43 4.61 1269 
2019/04/19 4.6 5.1 4.59 4.97 5314 
2019/04/26 5.05 5.41 4.96 5.11 3779 
2019/05/03 5.21 5.21 5 5.1 1237 
2019/05/10 5.08 5.08 4.82 4.83 1255 
2019/05/17 4.76 4.85 4.41 4.56 1695 
2019/05/24 4.56 4.7 4.45 4.64 1192 
2019/05/31 4.64 4.73 4.57 4.7 597 
2019/06/07 4.7 4.8 4.61 4.8 501 
2019/06/14 4.81 5 4.73 4.87 820 
2019/06/21 4.85 5.1 4.82 5.05 1184 
2019/06/28 5.06 5.85 5 5.85 4059 
2019/07/05 6.05 6.3 5.56 5.72 4895 
2019/07/12 5.87 5.99 5.61 5.93 1827 
2019/07/19 5.68 5.97 5.68 5.91 1985 
2019/07/26 5.97 6.66 5.97 6.36 4513 
2019/08/02 6.33 6.42 5.85 5.88 2020 
2019/08/09 5.9 5.9 5.39 5.71 1218 
2019/08/16 5.71 6.7 5.51 6.48 4185 
2019/08/23 6.56 7.33 6.29 7.33 6138 
2019/08/30 7.4 8.22 6.98 8.15 10182 
2019/09/06 8.1 8.2 7.24 7.35 9724 
2019/09/13 7.3 7.8 7 7.37 3661 
2019/09/20 7.12 7.3 7.02 7.23 1751 
2019/09/27 7.23 7.35 6.72 6.79 2758 
2019/10/04 6.81 7.29 6.81 7.12 1149 
2019/10/11 7.24 7.28 6.8 6.81 971 
2019/10/18 7.04 7.23 6.88 7.1 2484 
2019/10/25 7.1 7.21 7.06 7.12 1353 
2019/11/01 7.11 7.15 6.92 6.97 1737 
2019/11/08 7.06 7.09 6.75 6.87 1566 
2019/11/15 6.78 7.05 6.4 7.02 1913 
2019/11/22 7.09 7.15 6.95 7.05 2257 
2019/11/29 7.06 7.4 7.06 7.15 4106 
2019/12/06 7.24 7.25 7.05 7.11 1187 
2019/12/13 7.21 7.35 7.08 7.09 1910 
2019/12/20 7.1 7.22 7.01 7.1 1697 
