1990/02/09 232 311 225 311 15953 
1990/02/16 332 332 256 263 18279 
1990/02/23 265 280 255 261 8231 
1990/03/02 262 287 238 257 9912 
1990/03/09 258 272 242 266 5712 
1990/03/16 268 285 255 258 9868 
1990/03/23 260 270 240 242 7446 
1990/03/30 250 263 240 260 4305 
1990/04/06 263 282 230 230 10677 
1990/04/13 216 252 214 222 8718 
1990/04/20 223 229 196 216 6974 
1990/04/27 219 262 216 259 18293 
1990/05/04 262 270 212 230 13934 
1990/05/11 232 242 197 201 11262 
1990/05/18 200 227 186 186 10838 
1990/05/25 183 191 121 122.5 6319 
1990/06/01 123 154 121 154 9904 
1990/06/08 156 156 111 111 9374 
1990/06/15 103.5 116 97.5 97.5 5145 
1990/06/22 93 98 81 84 3777 
1990/06/29 85 92.5 71.5 76 3301 
1990/07/06 78 79.5 68 79.5 3252 
1990/07/13 85 90.5 73.5 78 7391 
1990/07/20 75 95 73 95 8031 
1990/07/27 97.5 109.5 83 109.5 11682 
1990/08/03 117 128 109 116 16624 
1990/08/10 109.5 109.5 75.5 77 5226 
1990/08/17 76 91 72 79.5 7723 
1990/08/24 74 85 60 63 5668 
1990/08/31 63 75 61 74.5 4740 
1990/09/07 70.5 72 62 62 2878 
1990/09/14 66 66 59 59 2873 
1990/09/21 57 57 45.2 45.2 2797 
1990/09/28 42.6 45.1 38.5 45.1 1523 
1990/10/05 47 51 43.8 49.8 2600 
1990/10/12 49.5 55 42.7 49.2 2178 
1990/10/19 50 59 49 57 5836 
1990/10/26 56 62 53 58 8070 
1990/11/02 62 65 56 62 6828 
1990/11/09 64.5 70 50 51 9200 
1990/11/16 54.5 59 53 59 7251 
1990/11/23 63 81.5 63 76 12024 
1990/11/30 71.5 75 61 75 10325 
1990/12/07 80 91 78 80 16079 
1990/12/14 74.5 83 70 71 13457 
1990/12/21 70 73 62 72.5 11064 
1990/12/28 73.5 75.5 68 75.5 4920 
1991/01/04 71.5 84 71.5 82.5 6129 
1991/01/11 80.5 80.5 60 60 8498 
1991/01/18 56 62.5 48.2 62.5 4245 
1991/01/25 65 84.5 64.5 73.5 13431 
1991/02/01 74 83 71.5 73 14350 
1991/02/08 74 97 73.5 97 22240 
1991/02/15 103 103.5 101 103.5 3247 
1991/02/22 109.5 121 101 104 13262 
1991/03/01 103 109 89 89 15814 
1991/03/08 83 89 81 87 14325 
1991/03/15 88 96 85 88 13810 
1991/03/22 89 89.5 84 85 5389 
1991/03/29 86 93 84 91 6340 
1991/04/05 91 96 88.5 96 7094 
1991/04/12 98 101 90 90.5 9255 
1991/04/19 92 96 84 95.5 8007 
1991/04/26 96 100.5 90 96 10344 
1991/05/03 98 108 92 103 23254 
1991/05/10 105 121 105 117 23625 
1991/05/17 117 118 93.5 101.5 13829 
1991/05/24 104.5 133 103.5 130.5 28961 
1991/05/31 130 135 105 112 33431 
1991/06/07 113.5 123 106 118 24426 
1991/06/14 119 119 108 115 13645 
1991/06/21 116 117 111 114.5 6699 
1991/06/28 115 115 106.5 107 5697 
1991/07/05 109.5 112 102 103.5 9004 
1991/07/12 103.5 105 94 100 4886 
1991/07/19 102 102 90 93.5 5921 
1991/07/26 91.5 91.5 78 85 6400 
1991/08/02 85 90 80 83 6861 
1991/08/09 83.5 85 75 82 8432 
1991/08/16 82 88 78 78 8101 
1991/08/23 79.5 81 58 64 9911 
1991/08/30 63 66 60.5 64 3811 
1991/09/06 64 69 63.5 66 6625 
1991/09/13 67.5 68 62 62.5 2896 
1991/09/20 62.5 67 62 66 2397 
1991/09/27 66 72 66 69 6244 
1991/10/04 69 70 65 67 3466 
1991/10/11 67 71 67 71 6016 
1991/10/18 69 70 58.5 62 8486 
1991/10/25 62 62 56 59 3298 
1991/11/01 60.5 72 60 70 14382 
1991/11/08 70 78 70 76 23312 
1991/11/15 77.5 77.5 68 73.5 17168 
1991/11/22 73.5 86.5 71 81.5 22554 
1991/11/29 81.5 87.5 73.5 77 20095 
1991/12/06 77.5 83.5 73 80 15097 
1991/12/13 81.5 86 78.5 80.5 21140 
1991/12/20 80 81.5 75 76 7112 
1991/12/27 78 78 72.5 76 5818 
1992/01/03 76 77.5 76 76 625 
1992/01/10 76.5 89.5 76 87.5 20325 
1992/01/17 90 94 87.5 91.5 23415 
1992/01/24 92 105 91 105 24629 
1992/01/31 108 130 105 127.5 17592 
1992/02/07 120 131 120 131 7233 
1992/02/14 133 135 105 118.5 22006 
1992/02/21 118.5 127 107 127 28650 
1992/02/28 135.5 135.5 110 119 39765 
1992/03/06 117 119.5 109 113 15899 
1992/03/13 113 119 110 116 14779 
1992/03/20 115 117 103 103 8466 
1992/03/27 100 110 98 109.5 13182 
1992/04/03 109 112 100 106 5058 
1992/04/10 105 105.5 96 97.5 8412 
1992/04/17 96 96.5 88 91 12517 
1992/04/24 92 95 89.5 91 4648 
1992/05/01 92 105 91.5 97 15695 
1992/05/08 97 100 94 95.5 9171 
1992/05/15 94.5 98 90 96 9921 
1992/05/22 96 101.5 96 99 14049 
1992/05/29 99.5 103 94 96 10263 
1992/06/05 95 97.5 94 95.5 4394 
1992/06/12 97 101 93.5 98.5 8201 
1992/06/19 99.5 104 95.5 103 14207 
1992/06/26 104 108 95 95.5 14797 
1992/07/03 95.5 96.5 92 94 2707 
1992/07/10 94.5 97 90.5 92 3012 
1992/07/17 91.5 92 85 85 2525 
1992/07/24 85 85.5 70 73 4258 
1992/07/31 74.5 80 70 78.5 3697 
1992/08/07 79 79.5 73 73 2053 
1992/08/14 71 73 70 72 1714 
1992/08/21 72 75 65 73 4249 
1992/08/28 74.5 75 70 71.5 3094 
1992/09/04 72 77 72 73.5 3562 
1992/09/11 75 75.5 71 74.5 2392 
1992/09/18 72 73.5 63.5 70 4713 
1992/09/25 68.5 70 60.5 60.5 2750 
1992/10/02 58 69 54.5 68 6524 
1992/10/09 68.5 74 63 70 10814 
1992/10/16 72 72.5 66 71 5982 
1992/10/23 71 72 66 67 2254 
1992/10/30 67.5 69 66 67 1280 
1992/11/06 67 67 63 66 2092 
1992/11/13 65 67 64 66.5 998 
1992/11/20 66 68.5 62.5 63 4815 
1992/11/27 63 63.5 60.5 61 1974 
1992/12/04 61 61 57 58 1515 
1992/12/11 59 60 58 58.5 1222 
1992/12/18 59 60 57 57 939 
1992/12/25 57 58 49.5 50.5 1532 
1993/01/01 50 50 45.9 47.3 682 
1993/01/08 48.3 49 38.9 43.1 2296 
1993/01/15 43 49.4 41 49.2 3835 
1993/01/22 49 52.5 48.5 52.5 1441 
1993/01/29 53 53 47 50 1669 
1993/02/05 51.5 60 51 56 6759 
1993/02/12 56 63 54 60.5 10936 
1993/02/19 60 63 58 61 7563 
1993/02/26 61 65.5 58 65.5 8018 
1993/03/05 69 73 64 70 15071 
1993/03/12 72 80 69 78.5 26266 
1993/03/19 82.5 96 81.5 96 17436 
1993/03/26 99 104.5 90 104.5 37975 
1993/04/02 97.5 101.5 93 94 20777 
1993/04/09 95 97 91 92 3968 
1993/04/16 95 110 93 105 17820 
1993/04/23 106 114 102 111.5 9330 
1993/04/30 112 117 107.5 116 4298 
1993/05/07 115 129 115 129 8704 
1993/05/14 138 145 98 105.5 23413 
1993/05/21 105 107 95 99 6479 
1993/05/28 103 103 99 101 4646 
1993/06/04 101 109 100 106.5 5825 
1993/06/11 106 108 101 103.5 4377 
1993/06/18 104.5 107.5 100.5 101.5 2729 
1993/06/25 102 107 101.5 102.5 2675 
1993/07/02 104 104 96 99 1792 
1993/07/09 99 103.5 97 103 1933 
1993/07/16 106 108.5 99.5 103 4861 
1993/07/23 103 109 101 105 4948 
1993/07/30 105 106 101 101 2427 
1993/08/06 101.5 105 99 102.5 2632 
1993/08/13 103 104.5 102 104 685 
1993/08/20 104 107.5 100.5 103 2093 
1993/08/27 104 104 100 102 722 
1993/09/03 102 102.5 98 100 377 
1993/09/10 100 101 98.5 100 181 
1993/09/17 99 108.5 98 108.5 4093 
1993/09/24 109 114 105.5 110.5 6977 
1993/10/01 111 112.5 104 106 4796 
1993/10/08 106 106 101 103.5 845 
1993/10/15 104 108 103 106 644 
1993/10/22 107 107.5 103 105.5 3478 
1993/10/29 105.5 106 103 103 345 
1993/11/05 104 111.5 103 109 5390 
1993/11/12 108.5 109 103 103.5 1257 
1993/11/19 104 105 99 100 1034 
1993/11/26 101 101 99 100 664 
1993/12/03 101 104 100.5 101 1056 
1993/12/10 102 103 101 101 828 
1993/12/17 102 122 101 122 5192 
1993/12/24 122 122 114 119 4658 
1993/12/31 119 129.5 119 129.5 10283 
1994/01/07 133 156 130 156 16524 
1994/01/14 159 160 149 159 19721 
1994/01/21 157 167 156 165 23490 
1994/01/28 163 180 161 179 21660 
1994/02/04 176 183 175 182 20976 
1994/02/18 182 195 181 195 16655 
1994/02/25 193 197 130 135 32234 
1994/03/04 130 134 129 132.5 17660 
1994/03/11 135 135.5 94.5 94.5 31581 
1994/03/18 89.5 94 71.5 72 10685 
1994/03/25 72 88 72 85.5 20351 
1994/04/01 85.5 86 81 84 7691 
1994/04/08 85 87.5 83 83.5 10479 
1994/04/15 83.5 84 80 80.5 5153 
1994/04/22 81.5 85 80 82 5656 
1994/04/29 82.5 83 78 78.5 2906 
1994/05/06 78.5 83 78 81 5673 
1994/05/13 81 87 80 85.5 8250 
1994/05/20 85.5 92 78 81 35706 
1994/05/27 82 83 80 82 11913 
1994/06/03 82.5 82.5 78 78.5 19910 
1994/06/10 78.5 80 74 74 11935 
1994/06/17 74 75.5 73 74 6928 
1994/06/24 74 75 71 71 4962 
1994/07/01 70.5 71.5 70 70 2317 
1994/07/08 70.5 78 70 73 6552 
1994/07/15 74 74.5 71 71.5 2585 
1994/07/22 71.5 74.5 70 72.5 5127 
1994/07/29 73 75 71 71 5333 
1994/08/05 71.5 74 71 71.5 5487 
1994/08/12 71.5 73.5 67 68 3982 
1994/08/19 68 69 66 66.5 2992 
1994/08/26 66.5 70 66.5 67 2860 
1994/09/02 67.5 71.5 67 69 4009 
1994/09/09 70 71.5 68.5 69 3437 
1994/09/16 69 69.5 67 67 2519 
1994/09/23 68 68 66.5 67 1207 
1994/09/30 67 68 66.5 67 1557 
1994/10/07 67 67 53 53 4138 
1994/10/14 51 63 49.3 63 5111 
1994/10/21 63 63 60 60 3861 
1994/10/28 60.5 61 56 57 1758 
1994/11/04 57 57 54 55.5 1013 
1994/11/11 55.5 59 54.5 59 1822 
1994/11/18 60 60.5 55 56.5 1652 
1994/11/25 57 57.5 55 56 1020 
1994/12/02 56 56.5 55 56 985 
1994/12/09 59.5 62 57 59 4021 
1994/12/16 59 63 58.5 61 4124 
1994/12/23 61.5 61.5 58.5 60 3237 
1994/12/30 60.5 65 58 62.5 3714 
1995/01/06 63 63 59 60 1234 
1995/01/13 60 60.5 55 55.5 1479 
1995/01/20 55.5 57 52 53.5 1439 
1995/01/27 53.5 56 53 53 1145 
1995/02/03 56.5 56.5 54.5 54.5 138 
1995/02/10 55 56 54 54 1035 
1995/02/17 54 56.5 54 56.5 1605 
1995/02/24 57 57 52 53 1421 
1995/03/03 53 55.5 51 55.5 1876 
1995/03/10 55.5 56 54 54.5 1579 
1995/03/17 54.5 54.5 53.5 54 1034 
1995/03/24 53.5 54 52.5 52.5 790 
1995/03/31 52 53 51.5 52.5 847 
1995/04/07 53 53 51.5 52 551 
1995/04/14 52 57 52 53 4685 
1995/04/21 52.5 53 50 50.5 1390 
1995/04/28 51 53 47.1 50.5 2401 
1995/05/05 50.5 53.5 48.6 49.4 2966 
1995/05/12 49.3 51 48.8 49.8 1238 
1995/05/19 50 50 48.4 48.4 1011 
1995/05/26 48 49.1 46 46.5 953 
1995/06/02 46.4 47.2 45.1 45.8 572 
1995/06/09 46.8 46.8 44.3 45.5 758 
1995/06/16 45.5 45.6 41.1 42.2 1252 
1995/06/23 42.9 42.9 39 40.5 1508 
1995/06/30 40.8 45.1 39.6 45.1 2148 
1995/07/07 45.1 46.6 39.6 40.7 5756 
1995/07/14 41 41.8 40 40 856 
1995/07/21 40 40.5 34.1 36.2 1260 
1995/07/28 36.7 37.5 34.6 35.1 1220 
1995/08/04 35.4 35.5 30.3 30.3 882 
1995/08/11 29.8 31.9 28.5 29.5 1187 
1995/08/18 28.5 34 28.1 32.6 2472 
1995/08/25 32 33 29 31.2 1269 
1995/09/01 31.2 35.2 31 35 3499 
1995/09/08 35.3 40.5 34.8 38.8 5627 
1995/09/15 38.7 38.7 34.5 35 3467 
1995/09/22 35.3 37.5 34.8 36.1 1511 
1995/09/29 37 38.5 35.8 36.3 2250 
1995/10/06 36.3 39 35.8 37.5 2449 
1995/10/13 37.5 38 35.5 35.5 1588 
1995/10/20 36 36.2 34.2 35 810 
1995/10/27 35 36.8 35 35.5 1345 
1995/11/03 35 35 32.5 33.4 917 
1995/11/10 33.4 34.5 32.5 33.3 569 
1995/11/17 33 33.2 32 32.7 567 
1995/11/24 33.2 36 32.5 35.9 2343 
1995/12/01 36.5 38.5 35.1 38.1 5189 
1995/12/08 39.5 41 37 39.9 8920 
1995/12/15 40 43.8 39.8 42.5 6948 
1995/12/22 42.3 43.3 38.4 39.6 4582 
1995/12/29 39.7 40 38.4 39.6 1477 
1996/01/05 36.9 39.4 34.1 35.3 1503 
1996/01/12 35.3 38.3 35.3 37.4 1519 
1996/01/19 37.4 38 37 37.6 871 
1996/01/26 37.3 37.5 35.8 35.8 686 
1996/02/02 35.5 35.8 34.3 35.3 662 
1996/02/09 35.2 36 33.8 35.6 661 
1996/02/16 35.6 36.5 35 35 607 
1996/02/23 35.4 35.4 35 35.2 159 
1996/03/01 35.1 37.4 34.5 36.9 1008 
1996/03/08 36.9 38.7 35.1 36.5 2021 
1996/03/15 36 38.6 34.7 37.7 2097 
1996/03/22 37.8 41.8 37.2 40.5 5851 
1996/03/29 41 41 38.3 38.8 2998 
1996/04/05 39.1 42.3 39.1 42 6215 
1996/04/12 42 44.2 40.8 44.2 8822 
1996/04/19 47.2 48.5 42.7 47.6 13108 
1996/04/26 49 56 48.2 53.5 21367 
1996/05/03 54.5 55 48.5 48.9 7333 
1996/05/10 49.2 49.8 45 49 6382 
1996/05/17 50.5 51 46.2 46.8 3474 
1996/05/24 47 48 43.6 47.1 3520 
1996/05/31 46.8 47.1 45 45.6 1179 
1996/06/07 45.7 48.9 45 47.1 2180 
1996/06/14 47.3 50 44.5 45 6103 
1996/06/21 44.8 47 44.8 46.8 2553 
1996/06/28 46.9 47.5 45 45.7 2792 
1996/07/05 45.5 48.9 44.8 46.1 5516 
1996/07/12 46.9 46.9 41 41 2405 
1996/07/19 41.3 41.7 40 40.9 1349 
1996/07/26 40.9 41.9 40.1 40.6 1414 
1996/08/02 40.5 41.8 40 41 849 
1996/08/09 41 43.9 40.5 42 2589 
1996/08/16 42.5 43.3 40.6 41.1 1834 
1996/08/23 41.2 41.7 39.5 40.6 1624 
1996/08/30 40.5 45.4 40.3 45.4 4894 
1996/09/06 45.5 47.5 45.1 45.3 5379 
1996/09/13 45.6 49.6 45.5 49.6 5329 
1996/09/20 51 54 49.6 53.5 22678 
1996/09/27 53.5 53.5 45.6 47.8 10358 
1996/10/04 48.7 48.7 47 47.8 7840 
1996/10/11 47.8 47.8 45.8 45.8 9295 
1996/10/18 45.8 47.5 45 45 6167 
1996/10/25 45 45.9 44 45.1 2254 
1996/11/01 45.3 45.8 44.2 44.8 1631 
1996/11/08 45.5 46.2 44.5 45 2216 
1996/11/15 45 45.3 44 44 1227 
1996/11/22 44.2 45.2 41.2 42.3 3249 
1996/11/29 42.3 44.8 42 42.8 2448 
1996/12/06 43 44.5 42.8 43.2 2728 
1996/12/13 43.2 48.5 43.2 44.3 7341 
1996/12/20 45 45.4 44.2 45.2 3060 
1996/12/27 45.2 46.3 44.5 45 2160 
1997/01/03 45 45.6 43.8 44.4 1342 
1997/01/10 44.6 47.5 44.6 47 4945 
1997/01/17 47.8 50 47 48.4 7569 
1997/01/24 48.4 52.5 48.2 48.7 19077 
1997/01/31 49 49 46.8 48.2 5327 
1997/02/07 48.5 48.5 47.6 48 1041 
1997/02/14 48.2 54.5 48.1 54 13947 
1997/02/21 54 57.5 50.5 55 16240 
1997/02/28 56 57.5 53 53.5 15081 
1997/03/07 53 57.5 52.5 56.5 13733 
1997/03/14 57 63 56 58 17525 
1997/03/21 57.5 61 55.5 57 11603 
1997/03/28 57 57 52 54.5 6279 
1997/04/04 54.5 56 53 55.5 3496 
1997/04/11 56.5 58.5 54 55.5 8179 
1997/04/18 56.5 57.5 55 56 7472 
1997/04/25 56 61.5 56 56.5 14859 
1997/05/02 56.5 56.5 49.8 51.5 4924 
1997/05/09 51 54 50 50 3331 
1997/05/16 50 50 45.5 48.2 2811 
1997/05/23 48 50.5 47.2 48.7 1539 
1997/05/30 49 51.5 47 51 2864 
1997/06/06 50.5 52.5 49.2 49.2 9148 
1997/06/13 49.2 49.6 47.8 48.8 3732 
1997/06/20 49.1 50.5 47.5 48.8 6327 
1997/06/27 49 53 48.2 51 11702 
1997/07/04 52 56.5 51 51.5 17431 
1997/07/11 52.5 54 48.5 50 6800 
1997/07/18 51 51 42 44.8 6349 
1997/07/25 45.1 47.2 42.3 42.7 2758 
1997/08/01 43.2 45.6 41 43.3 3370 
1997/08/08 43.5 44.4 38.7 40.8 3586 
1997/08/15 40.8 43 40 41.5 4739 
1997/08/22 40.9 42 40 40.2 2678 
1997/08/29 40 42.4 38.4 38.9 4839 
1997/09/05 39 39.2 36.6 37.9 1781 
1997/09/12 38.3 42.7 37.8 40.5 5222 
1997/09/19 40.5 41.3 39.6 40.4 2308 
1997/09/26 40.9 43.4 40.3 42.1 8004 
1997/10/03 42.5 42.5 37.5 37.8 2302 
1997/10/10 37.8 38.7 37 37.9 1192 
1997/10/17 37.8 38.3 32.6 34 1570 
1997/10/24 34 37.5 33.3 36.2 1982 
1997/10/31 36.2 36.4 32.8 34.4 1488 
1997/11/07 34.6 38.3 34.2 35.7 3033 
1997/11/14 36 36.9 34.1 34.9 987 
1997/11/21 34.2 38.5 34.2 38.4 3229 
1997/11/28 38.9 42 38.9 39.2 13932 
1997/12/05 37.6 44.9 36 44.9 12350 
1997/12/12 48 55 46.5 51 31313 
1997/12/19 52 52 48.4 48.8 12370 
1997/12/26 49 52.5 47 51 10964 
1998/01/02 51 52 49.6 52 8260 
1998/01/09 52.5 54 49 49.9 12434 
1998/01/16 49 52 45.8 50 12075 
1998/01/23 50 51 49 50.5 9079 
1998/02/06 50 54 48 52.5 50126 
1998/02/13 52.5 54 47.1 47.1 16073 
1998/02/20 47.5 49.9 47 48.6 11059 
1998/02/27 49 49.5 47.2 47.2 7321 
1998/03/06 47.8 50.5 46 46.5 12179 
1998/03/13 47 49.2 47 48.4 9410 
1998/03/20 49 50 46.5 48.5 10043 
1998/03/27 48.9 55 47.2 53 34343 
1998/04/03 53.5 60.5 51.5 60 65198 
1998/04/10 60.5 60.5 53.5 55.5 19917 
1998/04/17 56 57 48 49 17328 
1998/04/24 49.5 50.5 44.2 48 13357 
1998/05/01 47.2 47.8 42 42 10600 
1998/05/08 42.7 44.8 42 43.1 6108 
1998/05/15 43.3 44.5 38.3 38.3 6409 
1998/05/22 38 41.3 37.5 40.3 5229 
1998/05/29 40.3 43 39 41.2 10518 
1998/06/05 41 41.5 37.5 40.9 7833 
1998/06/12 40.9 42.5 36.6 38.2 6907 
1998/06/19 39.1 44.8 37.3 43.3 16720 
1998/06/26 43.3 44.8 40.2 43.8 14117 
1998/07/03 44 46.7 40.8 44.2 23052 
1998/07/10 45 45.4 41.5 41.8 10072 
1998/07/17 41.7 42.3 40.6 40.6 5262 
1998/07/24 41 41.2 39.1 39.7 3623 
1998/07/31 39.7 40.8 37.1 38.1 3057 
1998/08/07 38.5 38.6 36.1 36.8 1838 
1998/08/14 37.1 37.1 32.5 33.1 3984 
1998/08/21 33.3 33.6 32 33.5 1624 
1998/08/28 33.5 33.5 30.1 30.5 2698 
1998/09/04 30.1 30.7 26 29.5 7732 
1998/09/11 29.5 31.9 28.9 30.2 7371 
1998/09/18 30.8 33.7 30.3 32.8 10318 
1998/09/25 32.8 33.4 31 32 4394 
1998/10/02 32.2 32.7 28.4 30.4 5209 
1998/10/09 30.4 32.6 29.1 31 5154 
1998/10/16 31.5 32.2 30.4 30.8 3555 
1998/10/23 31 33 30.1 32.2 5635 
1998/10/30 32.1 32.5 30.5 31.5 3143 
1998/11/06 31.7 32.6 29.8 30.3 4556 
1998/11/13 30.4 31 28.1 29.2 1981 
1998/11/20 29.3 32 29.1 30.9 4841 
1998/11/27 30.9 31.2 28.6 30.2 3118 
1998/12/04 30.3 30.4 29.5 29.9 1833 
1998/12/11 30.7 31.5 29.8 30 3488 
1998/12/18 30.3 30.5 25.8 25.8 2190 
1998/12/25 25.4 27.4 25.4 26.3 2749 
1999/01/01 26.3 26.5 22.8 22.8 3308 
1999/01/08 22.7 25 20.2 24.4 5337 
1999/01/15 24.3 25.4 22 24.5 4664 
1999/01/22 24.3 24.3 22.3 22.5 1655 
1999/01/29 22.3 23.8 20.8 23.5 5453 
1999/02/05 23.5 23.5 18.4 20.3 8472 
1999/02/12 20.5 21.4 19.8 21.1 3796 
1999/02/19 21.9 22.3 21.3 22 994 
1999/02/26 22 23.5 21.5 22.8 6790 
1999/03/05 23 23.5 22.2 22.5 4932 
1999/03/12 22.8 23.2 22.1 22.1 2353 
1999/03/19 22.1 25.3 21.7 23.7 9470 
1999/03/26 23.9 25.8 23.6 25.6 11210 
1999/04/02 26 26.6 23.8 25.3 15818 
1999/04/09 25.6 27.7 25 26.9 12433 
1999/04/16 27.1 30 26.8 28.7 24028 
1999/04/23 28.7 30.9 28.1 28.1 16493 
1999/04/30 28.3 29.7 28.1 28.4 7300 
1999/05/07 28.6 29.7 27.5 27.6 6644 
1999/05/14 27.5 27.9 26 26.2 2509 
1999/05/21 26.4 26.6 24.7 25.1 2736 
1999/05/28 24.8 25.3 21.2 22.3 3893 
1999/06/04 21.9 23.3 21 22.4 2543 
1999/06/11 22.3 23 22 22.9 1858 
1999/06/18 23.3 23.3 21 21.3 1587 
1999/06/25 21.1 22.3 21.1 21.6 2386 
1999/07/02 21.6 21.8 20.1 21.2 2456 
1999/07/09 21.6 22.9 21.1 21.4 2429 
1999/07/16 21.4 21.7 17.3 17.3 2621 
1999/07/23 17.3 17.4 16 17.1 3847 
1999/07/30 16.9 17.5 16 16.6 1673 
1999/08/06 16.6 16.9 15.1 15.5 1953 
1999/08/13 15.4 16.7 15.4 16.7 1791 
1999/08/20 16.4 18 16.3 18 5661 
1999/08/27 18.3 18.5 16.6 17 2822 
1999/09/03 16.9 17.2 15.8 15.9 1400 
1999/09/10 15.9 16.6 15.6 16.4 1195 
1999/09/17 16.6 17.1 16 16.5 1886 
1999/09/24 16.6 16.6 16.2 16.4 200 
1999/10/01 15.9 16.1 15.1 15.9 2187 
1999/10/08 15.9 16.7 15.4 15.7 2889 
1999/10/15 15.5 15.8 15.2 15.4 1062 
1999/10/22 15.4 15.5 14.5 14.65 751 
1999/10/29 14.65 14.8 13.25 13.75 1583 
1999/11/05 13.75 13.75 11.55 11.7 2279 
1999/11/12 11.7 12.6 11.5 12.45 1592 
1999/11/19 12.3 12.8 11.8 12 1367 
1999/11/26 12.2 13.5 12 12.3 1025 
1999/12/03 12.25 13.25 12.05 12.75 1506 
1999/12/10 12.8 12.95 11.95 12.3 796 
1999/12/17 12.35 12.4 11.55 12 470 
1999/12/24 12.1 12.5 11.7 11.7 1016 
1999/12/31 11.7 11.95 11.7 11.7 231 
2000/01/07 11.8 14 11.8 13.5 2261 
2000/01/14 13.6 14.6 13.2 14.1 10076 
2000/01/21 14.1 15.1 13.3 13.6 7828 
2000/01/28 14 16.5 13.8 15.2 10320 
2000/02/04 15.5 15.7 15.2 15.5 1488 
2000/02/11 15.9 17.9 15.6 16.9 3764 
2000/02/18 17.1 17.7 15.7 17.6 7212 
2000/02/25 18 18.8 14.2 14.2 7019 
2000/03/03 14.35 15.3 13.95 14.4 1963 
2000/03/10 14.4 14.7 13.8 14.05 1716 
2000/03/17 13.9 13.9 12.5 13.1 1475 
2000/03/24 12.65 14.2 12.65 13.6 1985 
2000/03/31 13.9 14.5 13.4 13.9 5265 
2000/04/07 14 14.2 13.6 14 1794 
2000/04/14 13.95 15.8 13.6 15.8 12250 
2000/04/21 16.2 17.4 15 16.9 20345 
2000/04/28 16.9 16.9 12.35 12.6 7594 
2000/05/05 12.7 13 11.7 12.3 2254 
2000/05/12 12.35 12.7 12 12.3 847 
2000/05/19 12.5 13.3 12.4 12.5 2239 
2000/05/26 12.5 13 12 12.2 803 
2000/06/02 12.2 13.3 12.2 12.4 1058 
2000/06/09 12.7 12.7 12 12.2 620 
2000/06/16 12.15 12.2 11.45 11.45 1174 
2000/06/23 11.5 11.9 11.3 11.7 1363 
2000/06/30 11.75 11.75 10.25 10.45 1770 
2000/07/07 11.1 11.7 10.7 10.8 2411 
2000/07/14 10.9 11 9.8 10.8 1427 
2000/07/21 10.8 11.3 10.4 10.65 1087 
2000/07/28 10.65 10.65 9.5 10.4 1338 
2000/08/04 10.3 11.3 10.05 11.05 2088 
2000/08/11 11 11.45 10.4 10.55 2346 
2000/08/18 10.7 10.7 10.05 10.5 1237 
2000/08/25 10.4 10.4 9.3 9.35 1008 
2000/09/01 9.1 9.15 7.7 8.35 3311 
2000/09/08 8.5 8.7 7.95 8.45 1164 
2000/09/15 8.45 8.5 7.3 7.4 1268 
2000/09/22 7 8.2 6.5 8 2546 
2000/09/29 7.95 8 7.35 7.75 987 
2000/10/06 7.75 9.2 7.45 8.95 2738 
2000/10/13 8.9 8.9 7.6 8.45 1005 
2000/10/20 9 9 7.35 8 1602 
2000/10/27 7.9 8 7.55 7.55 637 
2000/11/03 7.3 7.3 6.65 7.15 867 
2000/11/10 7 7.35 6.8 7.1 732 
2000/11/17 6.9 6.95 5.55 5.55 1185 
2000/11/24 5.2 5.9 5.05 5.9 1534 
2000/12/01 5.9 6.05 5.35 5.65 1471 
2000/12/08 5.6 5.8 5.4 5.7 1557 
2000/12/15 5.7 6.35 5.7 6.05 2019 
2000/12/22 5.85 6.05 5.65 6 1148 
2000/12/29 6 6.05 5.75 6 512 
2001/01/05 6 7.2 6 7.2 768 
2001/01/12 6.95 7.55 6.95 7.1 2080 
2001/01/19 6.8 8.05 6.8 7.8 999 
2001/02/02 7.35 8.2 7.35 8 1573 
2001/02/09 7.8 8.6 7.3 7.7 2703 
2001/02/16 7.5 8.85 7.25 8.85 4183 
2001/02/23 8.85 9.8 8.25 8.6 6600 
2001/03/02 8.6 9.1 7.85 8.1 2413 
2001/03/09 8.35 8.4 8 8.2 854 
2001/03/16 8 8.1 7.5 8.05 1261 
2001/03/23 8.3 8.3 7.7 7.95 1090 
2001/03/30 7.95 8.4 7.55 8.2 1141 
2001/04/06 8 8.1 6.8 7.15 1016 
2001/04/13 7 7.7 7 7.7 788 
2001/04/20 7.8 8.25 7.25 7.6 1954 
2001/04/27 7.7 8.7 7.65 7.9 4570 
2001/05/04 7.4 7.65 6.8 6.9 2079 
2001/05/11 6.9 6.95 6.3 6.5 756 
2001/05/18 6.65 6.9 6.4 6.5 607 
2001/05/25 6.5 6.9 6.3 6.75 697 
2001/06/01 6.65 7 6.3 6.35 701 
2001/06/08 6.3 6.9 6.1 6.9 931 
2001/06/15 6.9 6.9 6.35 6.45 325 
2001/06/22 6.4 6.45 6.2 6.4 590 
2001/06/29 6.25 6.4 6.25 6.25 116 
2001/07/06 6.25 6.4 5.6 5.9 576 
2001/07/13 5.6 6.1 5.4 5.4 430 
2001/07/20 5.2 5.4 5 5.25 1049 
2001/07/27 5.3 5.7 5 5.55 694 
2001/08/03 5.55 5.7 5.25 5.6 224 
2001/08/10 5.6 5.7 5.2 5.55 784 
2001/08/17 5.8 6.35 5.5 6.1 623 
2001/08/24 5.8 6.65 5.75 6.2 1360 
2001/08/31 5.9 7.15 5.9 6.65 2303 
2001/09/07 6.3 6.65 5.8 6.15 1010 
2001/09/14 5.85 6.1 5.4 5.6 424 
2001/09/21 5.45 5.8 5.45 5.7 251 
2001/09/28 5.5 5.9 5.5 5.8 210 
2001/10/05 5.8 5.8 5.35 5.5 141 
2001/10/12 5.4 5.5 5.1 5.4 426 
2001/10/19 5.4 5.4 5.1 5.35 237 
2001/10/26 5.3 5.65 5.2 5.25 262 
2001/11/02 5.3 5.4 5.1 5.1 146 
2001/11/09 5.2 5.4 5.05 5.15 279 
2001/11/16 5.1 5.45 5 5.2 629 
2001/11/23 5 5.35 5 5.1 487 
2001/11/30 5.1 5.2 4.95 5.1 483 
2001/12/07 5.05 5.7 5 5.7 1799 
2001/12/14 6.05 6.5 6 6.35 3646 
2001/12/21 6 6.95 5.5 5.7 2566 
2001/12/28 5.95 6.4 5.9 6.15 1729 
2002/01/04 6.15 6.6 6 6.5 1646 
2002/01/11 6.5 6.95 6.4 6.5 2127 
2002/01/18 6.55 7.45 6.05 7 5535 
2002/01/25 7.05 7.15 6.5 7 2609 
2002/02/01 7.05 7.1 6.6 7 1737 
2002/02/08 7 7.2 6.5 6.5 894 
2002/02/22 6.6 6.7 6.25 6.4 1323 
2002/03/01 6.2 6.35 5.9 6.35 614 
2002/03/08 6.35 6.6 6.05 6.45 1557 
2002/03/15 6.3 7.7 6.3 6.7 4546 
2002/03/22 6.85 7.35 6.55 7.3 1782 
2002/03/29 7.4 8.55 7.15 7.15 5999 
2002/04/05 7.2 9.3 7.2 9.3 3451 
2002/04/12 9.95 10.2 8.3 9.1 16104 
2002/04/19 9.1 11.75 9.1 11.5 18284 
2002/04/26 11.3 12.2 10.7 11.5 10733 
2002/05/03 11.3 11.45 9.4 9.7 4092 
2002/05/10 9.7 9.9 8.55 9 4941 
2002/05/17 9 9 8.6 8.7 1512 
2002/05/24 8.5 8.5 7.1 8.2 2250 
2002/05/31 8.05 8.75 7.65 8.6 3468 
2002/06/07 8.4 8.4 7.7 8 1830 
2002/06/14 7.8 8.9 7.8 8.5 3209 
2002/06/21 8.3 10.7 8.3 9.9 9499 
2002/06/28 9.9 10.5 8.85 10 10512 
2002/07/05 9.9 10 8.65 9.2 5065 
2002/07/12 9.2 9.55 8.1 8.5 3543 
2002/07/19 8.5 9.05 8.35 8.9 2900 
2002/07/26 8.7 8.7 8 8.05 1705 
2002/08/02 8.2 8.7 7.95 8.6 1922 
2002/08/09 8.1 8.2 7.45 8.05 1493 
2002/08/16 8.15 8.2 7.8 8 775 
2002/08/23 8 8 7.75 7.85 527 
2002/08/30 7.6 7.85 7.5 7.55 518 
2002/09/06 7.5 7.55 6.5 6.5 823 
2002/09/13 6.6 7 6.5 6.7 620 
2002/09/20 6.7 7 6.4 6.65 412 
2002/09/27 6.6 6.6 6.35 6.55 368 
2002/10/04 6.55 6.55 5.9 5.9 688 
2002/10/11 5.5 5.5 4.95 4.95 2463 
2002/10/18 5.05 6.1 5 6.05 1810 
2002/10/25 6.1 6.2 5.65 5.85 918 
2002/11/01 5.95 6.4 5.9 6.1 1102 
2002/11/08 6.25 6.55 6 6.55 922 
2002/11/15 6.55 6.85 6.4 6.85 1467 
2002/11/22 7.15 7.3 6.75 6.85 1483 
2002/11/29 6.75 7.4 6.7 7.2 963 
2002/12/06 7.1 7.2 6.9 7.1 580 
2002/12/13 7.15 7.7 6.75 7.05 1454 
2002/12/20 6.85 7.35 6.8 7.25 836 
2002/12/27 7.3 7.3 6.8 7.2 511 
2003/01/03 7 7.25 6.9 7.1 491 
2003/01/10 7.1 8.55 7.1 8.35 8069 
2003/01/17 8.35 9.05 8 8.55 6273 
2003/01/24 8.5 8.85 8 8.8 3052 
2003/01/31 9.4 9.95 9.25 9.4 6216 
2003/02/07 9.4 9.75 8.65 9.15 2080 
2003/02/14 9.15 9.15 7.95 8.3 3616 
2003/02/21 8.45 8.6 8 8.25 5350 
2003/02/28 8 8.3 7.9 8.1 2142 
2003/03/07 8.1 8.2 7.8 8 969 
2003/03/14 8 9.05 7.8 8.95 2596 
2003/03/21 8.7 9.4 8.6 9 1627 
2003/03/28 8.8 8.9 8.15 8.45 2066 
2003/04/04 8.2 8.5 8.1 8.5 321 
2003/04/11 8.45 8.8 8.45 8.6 389 
2003/04/18 8.35 8.8 8.25 8.8 848 
2003/04/25 9 9 8.1 8.55 984 
2003/05/02 8.25 8.5 7.7 7.9 760 
2003/05/09 7.9 8.75 7.9 8.65 682 
2003/05/16 8.75 8.9 8.45 8.6 579 
2003/05/23 8.45 9 8.4 8.55 495 
2003/05/30 8.55 8.85 8.45 8.45 2205 
2003/06/06 8.45 9.6 8.4 9.3 2586 
2003/06/13 9.35 10 9.35 9.75 1365 
2003/06/20 9.95 11.75 9.45 11.45 5180 
2003/06/27 11.35 13.25 10.3 13.25 3416 
2003/07/04 14.15 15 13.2 13.65 30226 
2003/07/11 13.65 15.1 13.2 13.9 11002 
2003/07/18 14.2 14.5 13.6 14 5773 
2003/07/25 14 14.65 13.4 13.5 7639 
2003/08/01 13.7 13.9 12.2 12.8 2777 
2003/08/08 12.8 12.85 11.75 11.85 3062 
2003/08/15 11.75 12.6 11.5 12.25 2273 
2003/08/22 12.35 12.6 11.9 12 1268 
2003/08/29 12.3 13.3 12.1 13 4324 
2003/09/05 13 13.7 12 12 1696 
2003/09/12 12.2 13.4 12.1 12.35 1328 
2003/09/19 12.2 13.85 12.15 13.5 2784 
2003/09/26 13.5 13.9 12.85 12.9 993 
2003/10/03 13.2 13.25 12.5 12.9 892 
2003/10/10 13.2 13.55 13 13.25 2035 
2003/10/17 13.4 13.9 13.2 13.6 2539 
2003/10/24 12.65 15.9 12.65 14.35 10217 
2003/10/31 14.4 15.1 14.2 14.2 6624 
2003/11/07 14.4 15.3 14.2 14.9 6184 
2003/11/14 14.9 15.4 14.35 14.55 4406 
2003/11/21 14.55 14.8 14 14.25 1406 
2003/11/28 14.35 14.5 14 14 880 
2003/12/05 14 14.7 14 14.25 4032 
2003/12/12 14.4 15.2 14.1 15 4630 
2003/12/19 15.2 15.4 14.2 15 3543 
2003/12/26 14.9 15.4 14.8 15.2 1861 
2004/01/02 15.1 16.4 14.9 16.3 7229 
2004/01/09 16.4 16.7 15.5 15.5 5258 
2004/01/16 15.8 16.2 15.2 15.7 2549 
2004/01/30 16 17.3 15.8 17.2 6035 
2004/02/06 17.5 18.4 17 17.8 7713 
2004/02/13 18 19.3 17 18.1 9294 
2004/02/20 18.3 19.4 18 18.5 6403 
2004/02/27 18.9 19 17.9 18.2 2970 
2004/03/05 18.2 19.2 18.2 18.6 5701 
2004/03/12 18.7 18.9 18.2 18.5 2668 
2004/03/19 18.4 19 18 18.3 3562 
2004/03/26 17.1 17.1 14.8 14.8 2456 
2004/04/02 15.6 16.9 15.5 16.4 1691 
2004/04/09 16.4 16.9 15.7 15.8 1583 
2004/04/16 15.9 16.5 15.8 16 1162 
2004/04/23 16.2 16.8 16 16.3 2086 
2004/04/30 16.5 16.5 14.3 14.9 2326 
2004/05/07 14.2 15 13.2 13.75 901 
2004/05/14 13.7 14.4 12.6 14.35 2019 
2004/05/21 14.35 15.5 13.65 15.1 2475 
2004/05/28 14.7 15.2 14.45 14.9 1394 
2004/06/04 14.9 14.95 13.8 14.25 1080 
2004/06/11 14.4 14.45 13.7 13.8 1582 
2004/06/18 13.9 13.95 12.4 12.8 929 
2004/06/25 12.8 13.8 12.6 13.55 1011 
2004/07/02 13.7 13.8 13.45 13.5 547 
2004/07/09 13.4 13.4 13 13.3 406 
2004/07/16 13.3 14.2 13.3 13.85 1602 
2004/07/23 13.85 14 12.4 12.7 1431 
2004/07/30 12.7 13.65 12.6 13.5 1586 
2004/08/06 13.6 13.7 12.6 12.9 1092 
2004/08/13 12.9 12.9 12.4 12.5 710 
2004/08/20 12.45 12.5 11.3 12.35 1785 
2004/08/27 12.35 12.35 11.8 11.95 1082 
2004/09/03 12 12.9 11.8 12.7 1446 
2004/09/10 12.8 13.3 12.3 12.8 2216 
2004/09/17 12.45 12.8 12 12.05 1327 
2004/09/24 12.05 12.2 11.35 11.8 2112 
2004/10/01 11.8 11.8 11.15 11.45 1297 
2004/10/08 11.45 11.85 11.25 11.6 3323 
2004/10/15 11.7 12.15 11.6 11.7 1507 
2004/10/22 11.7 11.9 11.5 11.5 696 
2004/10/29 11.1 11.85 11.1 11.7 918 
2004/11/05 11.5 11.75 11.3 11.4 747 
2004/11/12 11.4 11.55 11.3 11.4 385 
2004/11/19 11.45 11.6 11.25 11.3 611 
2004/11/26 11.25 11.3 10.75 11.05 936 
2004/12/03 10.95 11.2 9.9 9.95 1806 
2004/12/10 9.95 10.4 9.6 10.4 2583 
2004/12/17 10.9 11.7 10.6 11.55 9333 
2004/12/24 11.3 11.85 11.3 11.4 3099 
2004/12/31 11.6 13 11.4 12.55 5520 
2005/01/07 12.6 13.2 12.5 12.65 8583 
2005/01/14 12.7 12.95 11.45 11.9 3875 
2005/01/21 12 12.15 11.05 11.05 1795 
2005/01/28 11.1 11.15 10.4 10.65 1188 
2005/02/04 10.7 11.35 10.6 10.95 1161 
2005/02/18 11.3 11.3 10.75 10.8 3079 
2005/02/25 10.8 11.35 10.8 11.1 3088 
2005/03/04 11.1 11.5 11.1 11.15 2528 
2005/03/11 11.15 12.2 11.15 11.9 6383 
2005/03/18 11.9 11.95 11.15 11.7 2421 
2005/03/25 11.6 11.7 11.35 11.65 2149 
2005/04/01 11.65 11.9 11 11.05 2910 
2005/04/08 11.05 11.4 11.05 11.25 906 
2005/04/15 11.05 11.2 10.5 10.75 536 
2005/04/22 10.7 10.7 10.15 10.45 482 
2005/04/29 10.1 10.75 10.05 10.05 3262 
2005/05/06 10.1 10.15 9.3 10.15 3783 
2005/05/13 10.15 10.15 9.82 9.9 287 
2005/05/20 9.9 9.9 9.6 9.75 496 
2005/05/27 9.89 10.65 9.6 10.4 419 
2005/06/03 10.1 10.35 9.8 10.3 909 
2005/06/10 10.4 11.4 10.1 10.9 3006 
2005/06/17 11.2 11.3 10.25 10.9 1082 
2005/06/24 11 12.25 10.8 12 4159 
2005/07/01 11.85 12.1 11 11.2 1589 
2005/07/08 11.45 12.05 11.35 11.35 2393 
2005/07/15 11.6 11.85 11.4 11.6 1438 
2005/07/22 11.75 11.95 11.45 11.6 665 
2005/07/29 11.6 11.8 11.45 11.7 872 
2005/08/05 11.6 11.65 11.35 11.5 367 
2005/08/12 11.3 11.4 11 11.3 794 
2005/08/19 11.1 11.2 10.8 10.8 305 
2005/08/26 10.8 10.9 10.5 10.6 692 
2005/09/02 10.5 10.6 9.95 10.15 805 
2005/09/09 10 10.2 9.95 10 1102 
2005/09/16 9.96 10.05 9.5 9.55 830 
2005/09/23 9.82 9.9 9.5 9.74 176 
2005/09/30 9.21 9.79 9.21 9.79 395 
2005/10/07 9.8 9.96 9.35 9.48 529 
2005/10/14 9.48 9.58 9.17 9.5 228 
2005/10/21 9.21 9.57 8.8 8.86 463 
2005/10/28 8.9 8.9 8.63 8.85 147 
2005/11/04 8.85 9.06 8.6 8.77 253 
2005/11/11 8.62 8.86 8.62 8.8 414 
2005/11/18 8.8 9.3 8.75 8.92 559 
2005/11/25 8.9 9.12 8.81 9.12 288 
2005/12/02 9.1 9.7 9.01 9.56 658 
2005/12/09 9.6 10.55 9.6 10.5 1638 
2005/12/16 10.5 10.8 10.2 10.6 1399 
2005/12/23 10.4 11.2 10.4 11 735 
2005/12/30 11.1 12.45 11.1 12.35 3087 
2006/01/06 12.3 12.5 11.8 11.8 2997 
2006/01/13 11.8 12.35 11.45 11.6 1648 
2006/01/20 11.6 11.75 11 11.55 694 
2006/01/27 11.05 11.65 11.05 11.65 338 
2006/02/03 11.4 11.65 11.4 11.6 36 
2006/02/10 11.6 12.1 11.6 11.9 858 
2006/02/17 11.95 12 11.5 11.65 571 
2006/02/24 11.5 11.7 11.05 11.35 476 
2006/03/03 11.25 11.5 11.2 11.25 327 
2006/03/10 11.25 11.45 10.6 11.1 547 
2006/03/17 11.1 11.4 11.1 11.15 268 
2006/03/24 11.2 11.6 10.85 11.25 340 
2006/03/31 11.45 11.9 11.15 11.7 827 
2006/04/07 11.95 13.2 11.6 12.85 3885 
2006/04/14 13 13.55 12.4 13.45 6465 
2006/04/21 13.45 14.2 13.1 13.2 7778 
2006/04/28 13.4 17.4 13.35 17.2 43151 
2006/05/05 18.35 19.95 17.7 18.9 50695 
2006/05/12 19.4 23.5 19.3 23.5 57832 
2006/05/19 23.9 24.8 20.8 21.5 39965 
2006/05/26 21.65 22.1 19.2 20.45 36015 
2006/06/02 20.75 20.8 17.55 18.4 13993 
2006/06/09 18.5 18.7 15.2 16.45 19453 
2006/06/16 16.2 17.35 15.95 16.85 15317 
2006/06/23 17.05 17.7 15.6 16.3 19996 
2006/06/30 16.3 19.3 16.15 18.5 41759 
2006/07/07 18.6 19.5 17.6 17.75 26307 
2006/07/14 17.7 18.6 17.5 17.65 15088 
2006/07/21 17.3 17.3 15.6 16.25 8303 
2006/07/28 16.05 17.3 15.8 17 6979 
2006/08/04 17.2 17.3 16.5 16.5 5593 
2006/08/11 16.1 17.7 16 16.6 11686 
2006/08/18 16.7 18.2 16.7 17.5 25368 
2006/08/25 17.5 17.55 16 16.1 12792 
2006/09/01 16.1 16.4 15.45 15.8 11347 
2006/09/08 16.05 16.2 15.5 15.75 5938 
2006/09/15 15.95 16.05 13.95 14.4 6877 
2006/09/22 14.7 16.7 14.7 16.3 19192 
2006/09/29 16.35 17.6 16.25 16.6 24078 
2006/10/06 16.75 17.15 16.35 16.8 9217 
2006/10/13 16.8 18.8 16.8 18.7 30389 
2006/10/20 18.9 19.15 17.6 17.6 20156 
2006/10/27 17.8 19.6 17.6 18.7 29658 
2006/11/03 18.6 19.1 18 18.75 14491 
2006/11/10 17.5 21.1 17.5 21.1 54361 
2006/11/17 22 25.2 22 22.65 63340 
2006/11/24 22.85 24.05 21.9 23.1 33031 
2006/12/01 23.2 25.9 22.5 24.3 40084 
2006/12/08 24.4 31.3 24.4 31 80684 
2006/12/15 31 31 26.8 27.3 41823 
2006/12/22 27.25 28.45 24 24.75 43471 
2006/12/29 24.9 28.5 24.4 26.7 36306 
2007/01/05 26.8 27 24.05 24.65 17845 
2007/01/12 24.2 25.5 22.75 24 17099 
2007/01/19 24.35 25.7 23.8 25.25 11188 
2007/01/26 25.45 26.5 24.8 25.9 25976 
2007/02/02 26.05 26.15 22.55 23.3 13275 
2007/02/09 23.05 24 22.9 23.5 8981 
2007/02/16 23.6 24.3 23.25 23.95 4738 
2007/03/02 24.2 27.3 24.2 25.6 34540 
2007/03/09 24.6 25.25 23.85 24.55 11265 
2007/03/16 24.9 25.15 24.05 24.5 8283 
2007/03/23 25.1 25.8 24.65 25.7 11812 
2007/03/30 26 26.45 24.5 24.8 10027 
2007/04/06 24.6 27.35 24.6 26.15 16577 
2007/04/13 26.15 26.3 24.9 25.65 14633 
2007/04/20 26.1 27.2 25.55 26 24337 
2007/04/27 26.3 26.3 24.5 24.7 8030 
2007/05/04 24.7 24.7 21.65 23.85 7017 
2007/05/11 24.3 25.25 23.25 23.35 9761 
2007/05/18 23.45 23.9 23.05 23.15 3278 
2007/05/25 22.6 23.75 22.6 23.4 4820 
2007/06/01 23.5 23.6 22.9 23 4766 
2007/06/08 23.05 23.5 22.15 22.95 6430 
2007/06/15 23 25.8 22.6 24.7 19426 
2007/06/22 25 28.3 24.7 28.3 24758 
2007/06/29 29.5 31.35 28.5 29 44020 
2007/07/06 29.5 35.4 29 35.4 48929 
2007/07/13 36.9 41.05 35.8 39 65191 
2007/07/20 39 39.4 34.7 37.25 40970 
2007/07/27 37.5 38.5 32.4 32.4 39207 
2007/08/03 32.1 33.4 29.6 31.7 16290 
2007/08/10 31 33.35 30 30.2 12119 
2007/08/17 30.3 30.8 23.75 23.9 10379 
2007/08/24 24.7 26.9 24.5 26.55 9452 
2007/08/31 27.2 27.2 24.1 26.6 7865 
2007/09/07 27 27 25.5 25.95 3910 
2007/09/14 25.5 27.3 25.4 26 4537 
2007/09/21 26.1 26.4 25.25 25.45 2014 
2007/09/28 25.55 29.05 25.55 29.05 12917 
2007/10/05 29.45 30.7 27.4 27.85 18278 
2007/10/12 28 28.2 26.3 26.85 3884 
2007/10/19 27 27.2 25.8 26.15 3476 
2007/10/26 25.55 26 25.05 25.2 3577 
2007/11/02 25.3 26.3 23.7 24.5 5268 
2007/11/09 24.3 24.5 20.9 20.9 5904 
2007/11/16 19.6 20.5 18.1 19.85 13298 
2007/11/23 20.05 20.5 18.3 18.6 6388 
2007/11/30 18.9 19 17.3 18.4 6189 
2007/12/07 18.5 19.3 18.05 18.8 6861 
2007/12/14 18.9 19.7 17.25 17.3 7894 
2007/12/21 17 17.3 15 15.35 7034 
2007/12/28 15.7 17.45 15.6 17.35 4048 
2008/01/04 17.35 19.3 16.8 18.8 8239 
2008/01/11 18.1 18.8 17.55 18.35 4908 
2008/01/18 19.05 22.95 18.7 22.6 30407 
2008/01/25 23 24.15 18.6 20.4 15183 
2008/02/01 20.3 21.2 19.2 21.05 7959 
2008/02/15 21.5 23.3 21.2 22.7 11937 
2008/02/22 23 24 21.85 23.75 10242 
2008/02/29 24.25 27.8 24.25 27.8 23586 
2008/03/07 27.8 28.7 25.2 25.4 30948 
2008/03/14 25 25.4 23 23.75 17154 
2008/03/21 23.3 25.6 23.3 25.2 13888 
2008/03/28 26.95 29 26.3 28.1 25495 
2008/04/04 28.1 28.3 25.7 26.35 7356 
2008/04/11 26.15 28.9 26.15 28.1 10750 
2008/04/18 28.3 32.4 28.1 30.25 31526 
2008/04/25 30.6 30.6 28 28.1 10626 
2008/05/02 28.1 28.7 26 26.3 7854 
2008/05/09 26.5 27.2 25.3 26.35 7227 
2008/05/16 26.35 27.95 26.3 27.3 7904 
2008/05/23 27.5 27.8 25.5 26 7435 
2008/05/30 25.9 26.7 22.5 23.25 9242 
2008/06/06 23.5 24.4 22.5 23.1 3572 
2008/06/13 22.65 22.8 18.25 19.05 5331 
2008/06/20 19.2 21.85 18.85 20 7191 
2008/06/27 19 19.7 17.4 18.3 8160 
2008/07/04 18.3 19.3 16.9 18.2 4320 
2008/07/11 18.05 18.95 17.2 18.95 6040 
2008/07/18 19.2 19.7 16.55 17 7417 
2008/07/25 17 19.3 17 18.7 4801 
2008/08/01 18.5 19.1 17.6 17.6 1944 
2008/08/08 17.5 18.1 16.8 17.45 2417 
2008/08/15 17.8 18.55 17.6 17.85 3285 
2008/08/22 17.55 18 16.4 16.55 2354 
2008/08/29 16.7 17.4 16.5 16.9 1097 
2008/09/05 16.9 16.9 12.4 12.6 7865 
2008/09/12 13.2 13.45 11.15 12 6811 
2008/09/19 11.8 11.8 8.7 9.3 6544 
2008/09/26 9.3 11.3 9.11 9.95 10768 
2008/10/03 9.26 9.49 8.61 9.2 3911 
2008/10/10 8.92 8.92 7.46 7.46 4156 
2008/10/17 7.2 8.97 7.2 8.65 6022 
2008/10/24 8.35 9.33 8 8 3032 
2008/10/31 7.44 8.8 6.92 8.8 7977 
2008/11/07 8.8 9.2 7.8 8.9 13781 
2008/11/14 8.95 9.5 7.96 8 4929 
2008/11/21 7.9 8.11 6.37 6.64 3393 
2008/11/28 7 8.18 6.85 7.92 2720 
2008/12/05 7.9 8.25 7.49 7.7 2107 
2008/12/12 7.7 8.68 7.7 8.36 5053 
2008/12/19 8.5 8.93 8.2 8.62 6566 
2008/12/26 8.7 8.7 7.47 7.77 3110 
2009/01/02 7.66 8.15 7.61 7.94 1153 
2009/01/09 8.09 8.27 7.5 7.5 3148 
2009/01/16 7.5 7.6 7.1 7.26 1248 
2009/01/23 7.28 7.3 6.8 6.95 552 
2009/02/06 6.81 7.19 6.8 7.11 957 
2009/02/13 7.12 7.3 7.01 7.18 1399 
2009/02/20 7.19 7.35 7 7.01 1227 
2009/02/27 7 7.18 6.82 7.04 1269 
2009/03/06 7.01 7.98 6.62 7.98 4970 
2009/03/13 8.02 8.35 7.7 8.22 3736 
2009/03/20 8.22 9.1 8.22 8.39 8773 
2009/03/27 8.55 10.4 8.38 9.9 11640 
2009/04/03 9.9 11.1 9.01 11.1 14602 
2009/04/10 11.7 12.45 11.1 12.1 16512 
2009/04/17 12.15 13.1 11.4 11.75 13235 
2009/04/24 11.6 12.5 10.5 12.1 18173 
2009/05/01 12.2 12.35 10.1 11.1 5705 
2009/05/08 11.85 13.9 11.8 12.7 17464 
2009/05/15 12.8 13.9 12.5 13.9 11532 
2009/05/22 14.15 15.75 13.65 15.75 24938 
2009/05/29 16.7 17.05 15.5 16.1 20732 
2009/06/05 16.5 18.2 15.5 16.75 27774 
2009/06/12 16.9 17.1 13.65 14.1 14232 
2009/06/19 13.8 14.15 12.5 14.15 7853 
2009/06/26 14.2 15.95 13.8 15.8 14817 
2009/07/03 16.1 17.05 15.4 16.8 17752 
2009/07/10 17.3 18.25 16.75 18.1 24073 
2009/07/17 19 19 17.05 18.6 31006 
2009/07/24 18.5 22.9 17.9 19.9 59373 
2009/07/31 20.1 22.5 20.05 21.9 34005 
2009/08/07 21.9 25 21.25 21.5 31253 
2009/08/14 21.25 22.8 21.05 21.55 19286 
2009/08/21 21.7 21.7 17.65 17.9 15963 
2009/08/28 18.2 20.2 18.2 18.7 15628 
2009/09/04 18.9 21.3 18.7 20.6 17777 
2009/09/11 21.3 22.5 20.5 21.1 25523 
2009/09/18 21.4 22.55 21 22.05 18127 
2009/09/25 22.3 22.3 19.75 20.6 12868 
2009/10/02 20 22.35 19.85 20.75 17487 
2009/10/09 21 23.5 21 23.2 42052 
2009/10/16 24 26 23.7 24.7 61033 
2009/10/23 24.95 25.1 23.4 23.6 17577 
2009/10/30 23.6 23.8 20.25 20.65 14663 
2009/11/06 20 22.3 19.85 21.1 12452 
2009/11/13 21.5 21.95 21 21.2 5659 
2009/11/20 21.3 23.3 21.3 22.4 18628 
2009/11/27 22.4 22.45 20.2 20.4 7757 
2009/12/04 21 21.45 20.5 20.7 5673 
2009/12/11 20.85 22.1 20.65 21.35 8996 
2009/12/18 21.7 22.2 20.45 20.85 8968 
2009/12/25 21 23 20.9 22.15 18890 
2010/01/01 22.15 23.15 22.15 22.65 9583 
2010/01/08 22.9 25.1 22.55 24.2 48622 
2010/01/15 24.2 24.65 22.6 23.5 14777 
2010/01/22 23 23.75 21.05 21.35 8691 
2010/01/29 21.1 21.7 19.5 20.65 8191 
2010/02/05 20.8 20.8 17.05 17.4 7041 
2010/02/12 17.25 19.35 17.25 18.85 3513 
2010/02/26 19.1 19.5 18.6 18.9 3116 
2010/03/05 18.9 21.1 18.9 20.6 11039 
2010/03/12 20.7 21.15 20 20.2 4389 
2010/03/19 20.4 21.45 20 21 7352 
2010/03/26 20.8 22.6 20.8 21.4 15565 
2010/04/02 21.8 22.25 21.45 21.55 7140 
2010/04/09 21.65 22.5 21.45 21.6 8893 
2010/04/16 21.6 22.8 20.7 22.4 13301 
2010/04/23 21.85 22.3 20.25 20.35 10736 
2010/04/30 20.5 20.9 19.2 20.2 4909 
2010/05/07 20.05 20.1 18.55 19.2 5230 
2010/05/14 19.3 20.95 19.1 20.65 7184 
2010/05/21 20.8 21.1 18.6 19 4131 
2010/05/28 19.2 19.85 18.4 19.45 3793 
2010/06/04 19.35 20.3 19.3 19.7 2218 
2010/06/11 19.3 20 18.85 19.95 2127 
2010/06/18 20.3 20.6 19.8 20 2539 
2010/06/25 20.3 22.3 20.3 20.6 14605 
2010/07/02 21.2 21.2 19.6 20.1 4313 
2010/07/09 20.1 21.9 20 20.5 6442 
2010/07/16 20.7 20.7 20 20.2 5508 
2010/07/23 20 22.3 20 21.3 10507 
2010/07/30 21.45 21.45 20.2 20.5 7057 
2010/08/06 20.6 21.55 20.5 21.05 8099 
2010/08/13 21.25 22.2 20.75 21.15 9450 
2010/08/20 21.45 23.5 21.3 21.95 19781 
2010/08/27 21.95 22.5 20.5 20.9 7139 
2010/09/03 21.05 21.2 19.8 20.4 3560 
2010/09/10 20.6 20.9 20.35 20.7 2330 
2010/09/17 20.9 21.3 20.45 21.2 3132 
2010/09/24 21.25 22.3 21.2 21.4 4699 
2010/10/01 22.05 22.65 21.15 21.8 15900 
2010/10/08 22.2 23.2 21.95 22.05 17967 
2010/10/15 22.1 22.25 21.1 21.35 5284 
2010/10/22 21.35 22.2 21.35 22 5312 
2010/10/29 22.25 22.5 21.5 21.7 3410 
2010/11/05 21.95 23.35 21.7 23.35 24387 
2010/11/12 23.65 25.6 23.5 23.6 37270 
2010/11/19 23.45 23.8 22.7 23.15 12140 
2010/11/26 23.5 24.25 22.25 22.3 9077 
2010/12/03 23.5 25.7 23.05 24.25 26556 
2010/12/10 24.9 26.8 24.05 24.3 24520 
2010/12/17 24.4 26.7 24.4 25.5 19841 
2010/12/24 25.75 25.9 25 25.25 8493 
2010/12/31 25.45 28 25.15 27.2 38116 
2011/01/07 27.95 28.8 25.8 25.95 23963 
2011/01/14 25.95 26.3 25.3 25.7 6578 
2011/01/21 25.6 25.65 24 24.2 7606 
2011/01/28 24.4 24.75 23.6 23.65 7015 
2011/02/11 23.65 23.8 22 22.25 5653 
2011/02/18 22.4 23.45 22.2 23.3 6461 
2011/02/25 23.25 23.25 19.85 20.55 6088 
2011/03/04 20.8 21.8 20.7 21.05 2891 
2011/03/11 21 21.5 20.6 21 2448 
2011/03/18 20.8 20.9 17.95 19.65 5144 
2011/03/25 19.75 20.6 19.6 20.2 1412 
2011/04/01 20.1 20.35 19.8 20.3 1138 
2011/04/08 20.3 21.2 20.05 20.8 1138 
2011/04/15 20.8 21 20.1 20.45 1312 
2011/04/22 20.45 21.05 19.85 20.35 2196 
2011/04/29 20.4 21.3 20.3 20.6 3783 
2011/05/06 20.55 20.6 20 20.2 1690 
2011/05/13 20.2 20.65 20 20.1 1332 
2011/05/20 20 20.2 19.8 19.8 1067 
2011/05/27 19.8 20.3 18.8 19.3 4614 
2011/06/03 19.3 19.6 18.9 19.45 1032 
2011/06/10 19.5 19.5 18.9 18.95 886 
2011/06/17 18.9 19.2 18.3 18.65 1264 
2011/06/24 18.5 18.9 17.9 18.5 2137 
2011/07/01 18.45 19.2 18.15 18.8 2597 
2011/07/08 18.95 19.45 18.8 18.85 1739 
2011/07/15 18.75 18.85 18.05 18.6 1592 
2011/07/22 18.65 21.4 18.4 21.05 8451 
2011/07/29 21.05 22.9 20.85 21.6 13446 
2011/08/05 22 22.2 18.6 18.7 7310 
2011/08/12 18.7 19.15 16.65 18.25 4992 
2011/08/19 18.5 18.8 16.75 16.75 3063 
2011/08/26 16.8 18.5 15.6 16.65 8786 
2011/09/02 16.4 17.75 16.4 17.3 1928 
2011/09/09 17.05 17.3 16.4 16.85 1364 
2011/09/16 16.75 16.95 16.1 16.9 1162 
2011/09/23 16.75 17 15.45 15.65 1417 
2011/09/30 15.6 15.6 13.9 14.9 3719 
2011/10/07 14.6 14.8 13.9 14.45 1312 
2011/10/14 14.8 15.1 14.75 14.8 956 
2011/10/21 14.8 15.15 14.55 14.75 836 
2011/10/28 14.95 15.95 14.95 15.8 1875 
2011/11/04 16 16 15.2 15.55 766 
2011/11/11 15.7 15.7 14.75 15.15 763 
2011/11/18 15.2 15.95 14.45 14.65 2850 
2011/11/25 14.6 14.6 11.5 11.95 5653 
2011/12/02 12.2 13.05 12.1 12.85 1648 
2011/12/09 13 13.65 12.5 12.55 1322 
2011/12/16 12.85 13 12.1 12.35 678 
2011/12/23 12.5 13.8 12.25 13.7 2482 
2011/12/30 13.8 14 13.35 13.8 1204 
2012/01/06 13.7 14.75 13.55 13.65 3891 
2012/01/13 13.6 14.35 13.45 13.75 1658 
2012/01/20 14 14.25 13.7 13.9 833 
2012/02/03 14.15 16.55 14.1 15.8 3198 
2012/02/10 15.65 15.9 15.2 15.6 2047 
2012/02/17 15.6 16.55 15.5 15.9 5329 
2012/02/24 16.1 16.2 15.6 15.7 2212 
2012/03/02 15.7 16.75 15.65 16.25 3693 
2012/03/09 16.45 16.7 15.5 16.15 2326 
2012/03/16 16.15 16.3 15.8 16 1122 
2012/03/23 16 16.2 15.5 15.7 1055 
2012/03/30 15.55 15.85 14.5 14.75 1436 
2012/04/06 14.75 14.85 13.15 13.75 1652 
2012/04/13 13.4 14.25 13.2 13.5 2099 
2012/04/20 13.8 14.05 13 13.05 1328 
2012/04/27 13.05 13.25 12.65 12.95 646 
2012/05/04 12.95 13.75 12.95 13.75 504 
2012/05/11 13.75 13.9 13.15 13.25 607 
2012/05/18 13.25 13.45 12.45 12.5 1362 
2012/05/25 12.55 12.8 12 12.05 862 
2012/06/01 12.05 12.7 12.05 12.15 688 
2012/06/08 11.65 12.1 11.35 11.65 874 
2012/06/15 11.8 12.2 11.7 12 332 
2012/06/22 12.3 12.3 11.9 12.1 533 
2012/06/29 12.1 12.1 11.8 12.1 465 
2012/07/06 12.2 12.4 12 12 848 
2012/07/13 11.9 12.3 11.9 11.95 1207 
2012/07/20 11.95 12.1 11.5 11.95 431 
2012/07/27 11.95 12.05 11.7 12.05 568 
2012/08/03 12.15 12.7 12.15 12.35 858 
2012/08/10 12.45 13.8 12.4 13.7 3458 
2012/08/17 13.7 14.5 13.4 14.2 2336 
2012/08/24 14.3 14.8 13.7 14.65 2961 
2012/08/31 14.3 14.8 14.1 14.8 2488 
2012/09/07 14.9 15.7 14.75 15.35 4206 
2012/09/14 15.65 16.15 15.4 15.7 4365 
2012/09/21 15.9 16.7 15.8 16.5 9471 
2012/09/28 16.8 18.85 16.7 17.2 21706 
2012/10/05 17.3 17.9 16.25 17.2 7389 
2012/10/12 17.2 17.4 15.6 15.8 3085 
2012/10/19 15.7 16.45 15.6 15.85 1826 
2012/10/26 15.45 15.9 13.95 13.95 2658 
2012/11/02 13.9 14.25 12.8 13.75 3694 
2012/11/09 13.6 14.75 13.4 14.75 2450 
2012/11/16 14.9 15.75 14.4 15.1 5142 
2012/11/23 15.3 15.3 14 14.5 1788 
2012/11/30 14.7 15 14.4 14.75 1984 
2012/12/07 14.95 15.7 14.75 15.05 3487 
2012/12/14 15.05 15.7 14.4 15.3 4245 
2012/12/21 15.3 15.6 14.8 15 1996 
2012/12/28 15 15.8 15 15.5 2114 
2013/01/04 15.5 16.4 15.45 16.15 3313 
2013/01/11 16.75 17.45 16.65 16.8 8720 
2013/01/18 16.9 16.9 15.15 15.55 4131 
2013/01/25 15.6 15.8 15 15.15 1370 
2013/02/01 15.15 15.75 15.05 15.5 1770 
2013/02/08 15.75 15.75 15.15 15.2 1062 
2013/02/22 15.35 15.65 15 15.2 3013 
2013/03/01 15.2 16.35 15.2 16.3 5272 
2013/03/08 16.4 17.15 16.1 16.8 5362 
2013/03/15 16.8 17.3 16.4 16.45 4248 
2013/03/22 16.4 16.85 16.3 16.3 2079 
2013/03/29 16.3 16.85 15.8 16.55 3176 
2013/04/05 16.3 16.65 16.3 16.45 562 
2013/04/12 16 16.2 15.5 15.7 1301 
2013/04/19 15.7 16.1 15.15 15.8 1304 
2013/04/26 15.9 16.1 15.65 15.75 1181 
2013/05/03 15.75 16.3 15.75 16.1 1300 
2013/05/10 16.15 17.1 15.95 16.35 3741 
2013/05/17 16.25 16.65 16 16.4 2164 
2013/05/24 16.3 17.4 16.3 16.65 2860 
2013/05/31 16.7 17.5 16.6 17.05 2991 
2013/06/07 17 17.8 16.8 17.35 4438 
2013/06/14 17.55 17.65 16.15 16.3 1716 
2013/06/21 16.4 16.5 15.3 15.7 1302 
2013/06/28 15.5 15.9 15.4 15.75 999 
2013/07/05 15.8 15.95 15.2 15.4 2332 
2013/07/12 15.3 15.45 14.85 15.3 1696 
2013/07/19 15.2 15.55 15.15 15.2 1390 
2013/07/26 15.15 15.9 15.15 15.45 1957 
2013/08/02 15.5 15.55 15.25 15.3 1037 
2013/08/09 15.35 15.5 15 15.05 949 
2013/08/16 15.05 15.1 14.8 14.85 811 
2013/08/23 14.9 14.9 14.4 14.6 577 
2013/08/30 14.5 14.7 14.4 14.5 545 
2013/09/06 14.6 15.45 14.6 15.2 1258 
2013/09/13 15.1 15.15 14.8 14.85 844 
2013/09/20 14.95 15.05 14.9 14.9 178 
2013/09/27 14.95 15.3 14.9 15.15 839 
2013/10/04 15.15 15.85 14.85 15.6 3100 
2013/10/11 15.8 16.6 15.75 15.9 4060 
2013/10/18 15.8 16.9 15.8 16.3 3683 
2013/10/25 16.6 16.85 16 16 2996 
2013/11/01 16.1 16.3 15.75 15.8 1482 
2013/11/08 15.9 16 15.45 15.55 926 
2013/11/15 15.6 15.8 15.35 15.65 885 
2013/11/22 15.7 15.85 15.45 15.6 400 
2013/11/29 15.6 16.1 15.55 15.9 891 
2013/12/06 16 17.95 15.8 17.6 11008 
2013/12/13 18.1 21 17.75 20.85 27026 
2013/12/20 21.05 21.2 19.5 19.8 13332 
2013/12/27 20.1 21.35 20 20.45 13139 
2014/01/03 20.7 22.5 19.8 21.9 14166 
2014/01/10 21.85 22.3 20.75 20.8 9716 
2014/01/17 21 21.3 20.15 20.25 5055 
2014/01/24 20.3 21.4 20 20.2 6724 
2014/01/31 20.1 20.1 19.85 19.9 516 
2014/02/07 19.25 22.8 19.25 22.2 10199 
2014/02/14 22.6 22.8 21.3 21.45 7096 
2014/02/21 21.6 23.4 21.6 22.15 12719 
2014/02/28 22.3 22.45 21.4 21.45 3938 
2014/03/07 21.5 22 20.75 21.3 4622 
2014/03/14 21.4 21.6 20.6 21.05 2818 
2014/03/21 21.15 21.4 20.05 20.2 3606 
2014/03/28 21.6 22.65 20.65 21.6 7360 
2014/04/04 21.6 22.9 21.5 21.85 4124 
2014/04/11 21.7 21.8 20.5 20.75 2944 
2014/04/18 21 21.1 20.4 20.7 3707 
2014/04/25 20.85 20.85 18.75 19 2789 
2014/05/02 18.55 19.4 18.35 19.15 2231 
2014/05/09 18.85 19.5 18.85 19.1 877 
2014/05/16 19.5 20.5 19.1 20.35 3344 
2014/05/23 20.4 20.5 19.8 19.85 1326 
2014/05/30 19.9 20.7 19.7 20.05 1445 
2014/06/06 20.05 20.35 19.3 19.65 1417 
2014/06/13 19.6 20 19.4 19.45 1271 
2014/06/20 19.5 19.8 19.25 19.5 1198 
2014/06/27 19.6 20.45 19.3 20 1636 
2014/07/04 20.45 20.8 20.05 20.2 3486 
2014/07/11 20.2 21 20.1 20.55 2717 
2014/07/18 20.6 21.25 20.2 20.5 3524 
2014/07/25 20.6 21.75 20.6 21.35 5442 
2014/08/01 21.8 22.5 20.8 21.3 8128 
2014/08/08 21.3 21.6 20.6 21 3232 
2014/08/15 20.85 21.45 20.45 20.95 2279 
2014/08/22 20.95 20.95 20.35 20.75 1737 
2014/08/29 20.7 21.8 20.7 21.65 3854 
2014/09/05 21.75 22.5 21.4 22.2 4056 
2014/09/12 22.5 22.5 21.5 21.75 1756 
2014/09/19 21.7 22.05 21.55 21.6 1373 
2014/09/26 21.5 22.2 20.5 21.7 2068 
2014/10/03 21.75 22.3 21.5 22.1 2556 
2014/10/10 22.15 24.5 21.95 23.55 8373 
2014/10/17 22.85 23.2 21.1 21.3 5860 
2014/10/24 21.5 21.8 20.9 21.4 2289 
2014/10/31 21.35 21.8 20.6 21.65 2480 
2014/11/07 21.7 21.95 21.2 21.4 2388 
2014/11/14 21.3 21.5 20.9 21.15 1633 
2014/11/21 21.1 21.7 20.85 20.95 1515 
2014/11/28 20.8 21.3 20.8 20.95 1117 
2014/12/05 20.6 22.15 20.6 21.75 5109 
2014/12/12 21.65 21.65 20.75 20.85 2163 
2014/12/19 20.95 21 20.6 20.6 1263 
2014/12/26 20.85 21.2 20.6 20.8 2341 
2015/01/02 20.8 21 20.6 20.7 644 
2015/01/09 20.6 21.35 20.05 21 2553 
2015/01/16 21 21.15 20.2 20.4 2042 
2015/01/23 20.5 20.5 20.1 20.15 1439 
2015/01/30 20.15 20.45 19.9 19.9 1559 
2015/02/06 19.9 19.9 19.15 19.25 1751 
2015/02/13 19.25 19.25 18.3 18.75 2208 
2015/02/27 18.8 19.1 18.7 18.85 393 
2015/03/06 18.85 19.2 18.2 19.2 1541 
2015/03/13 19 19.3 18.25 18.4 1867 
2015/03/20 18.4 18.65 17.85 18.05 2700 
2015/03/27 18.05 18.1 16.75 16.9 4175 
2015/04/03 16.9 17.4 16.55 17.2 2456 
2015/04/10 17.2 17.7 17.2 17.5 1126 
2015/04/17 17.5 17.5 16.85 17 814 
2015/04/24 16.9 17.1 16.65 16.95 844 
2015/05/01 17 18 17 17.95 1862 
2015/05/08 18 18.05 17.25 17.4 1121 
2015/05/15 17.5 17.6 16.85 16.9 1274 
2015/05/22 16.9 17 15.9 16.2 1695 
2015/05/29 16.2 16.4 15.7 15.9 940 
2015/06/05 15.8 16 13.95 14.1 3128 
2015/06/12 14.1 14.1 12.8 13.6 4123 
2015/06/19 13.45 14.35 13.45 14 3102 
2015/06/26 14.05 14.25 13.55 13.95 1510 
2015/07/03 13.8 14.15 13.35 13.8 1574 
2015/07/10 13.6 13.8 13.05 13.4 1000 
2015/07/17 13.55 13.65 13.25 13.45 590 
2015/07/24 13.5 13.55 12.4 12.55 2058 
2015/07/31 12.55 12.85 11.55 11.8 2903 
2015/08/07 11.65 11.9 11.2 11.8 1438 
2015/08/14 11.8 12.2 11.7 12.05 963 
2015/08/21 12.1 12.4 11.25 11.3 1075 
2015/08/28 11.3 11.7 10.6 11.7 2994 
2015/09/04 11.7 12.55 11.55 12.35 1371 
2015/09/11 12.35 12.45 12.05 12.4 1117 
2015/09/18 12.5 13.1 12.25 12.9 1237 
2015/09/25 12.55 12.8 12.05 12.25 896 
2015/10/02 12.25 12.45 12 12.3 333 
2015/10/09 12.4 12.55 12.2 12.3 662 
2015/10/16 12.5 12.7 12.2 12.4 1082 
2015/10/23 12.7 12.7 11.25 11.85 5106 
2015/10/30 11.9 12.3 11.75 12.15 2460 
2015/11/06 12.1 12.4 11.95 12.1 806 
2015/11/13 12.1 13 11.9 12.15 3684 
2015/11/20 12.2 12.2 11.85 12.1 550 
2015/11/27 12.15 12.2 11.9 12.15 613 
2015/12/04 12.2 12.25 11.9 12.2 896 
2015/12/11 12.25 12.25 11.7 11.9 867 
2015/12/18 11.85 12.2 11.75 12.1 856 
2015/12/25 11.9 12.2 11.9 12.15 629 
2016/01/01 12.15 12.3 11.95 12.2 296 
2016/01/08 12.2 12.25 11.55 11.75 1824 
2016/01/15 11.45 11.55 11.15 11.4 804 
2016/01/22 11.2 11.45 11.15 11.3 562 
2016/01/29 11.35 11.7 11.25 11.55 469 
2016/02/05 11.6 11.7 11.5 11.65 191 
2016/02/19 11.5 12 11.5 11.9 1012 
2016/02/26 11.85 11.9 11.5 11.7 636 
2016/03/04 11.75 12.6 11.7 12.45 2637 
2016/03/11 12.35 12.9 12.35 12.7 2171 
2016/03/18 12.7 12.75 12.1 12.3 898 
2016/03/25 12.35 12.95 12.2 12.65 646 
2016/04/01 12.65 12.65 12.25 12.45 763 
2016/04/08 12.45 12.45 12.1 12.25 463 
2016/04/15 12.35 12.5 12.3 12.5 432 
2016/04/22 12.45 12.6 12.3 12.5 661 
2016/04/29 12.45 12.5 12.3 12.4 341 
2016/05/06 12.4 12.55 12.25 12.3 403 
2016/05/13 12.5 13.2 12.4 13 1157 
2016/05/20 13.05 13.05 12.45 12.75 741 
2016/05/27 12.75 14.45 12.65 14.45 2731 
2016/06/03 14.5 15.2 14.2 14.5 2863 
2016/06/10 14.45 14.55 14.1 14.25 728 
2016/06/17 14.25 14.4 14.05 14.15 859 
2016/06/24 14.35 14.85 14.15 14.4 1343 
2016/07/01 14.2 15.05 14.2 15.05 996 
2016/07/08 15.1 15.1 14.6 14.8 628 
2016/07/15 14.9 15.4 14.65 15.2 677 
2016/07/22 15.1 15.95 15.1 15.75 820 
2016/07/29 15.8 15.8 15 15.3 693 
2016/08/05 15.25 15.5 14.95 15.1 747 
2016/08/12 15.25 16.55 14.85 16.55 2359 
2016/08/19 16.55 16.8 15.55 15.65 2999 
2016/08/26 15.7 15.7 15.1 15.4 961 
2016/09/02 15.55 15.55 14.9 14.95 724 
2016/09/09 14.9 15.4 14.85 15.2 4931 
2016/09/16 15.25 15.35 15.05 15.25 409 
2016/09/23 15.35 15.45 15.15 15.25 794 
2016/09/30 15.3 15.35 15.25 15.3 242 
2016/10/07 15.3 15.9 15.3 15.55 655 
2016/10/14 15.55 15.6 15.25 15.4 523 
2016/10/21 15.3 15.3 15 15.15 606 
2016/10/28 15.15 15.25 15.05 15.1 209 
2016/11/04 15.1 15.1 14.7 14.85 503 
2016/11/11 14.8 15 14.35 14.8 787 
2016/11/18 15 15.7 14.8 15.45 1186 
2016/11/25 15.4 15.6 15.15 15.25 499 
2016/12/02 15.25 16.2 15.15 15.85 1938 
2016/12/09 15.85 16 15.4 15.8 925 
2016/12/16 15.8 16.3 15.7 16.2 1183 
2016/12/23 16.1 16.95 16.1 16.45 1772 
2016/12/30 16.45 16.6 16.05 16.55 709 
2017/01/06 16.6 17.05 16.45 16.95 912 
2017/01/13 17 17.2 16.65 16.75 1130 
2017/01/20 16.75 16.75 16.45 16.7 703 
2017/01/27 16.75 17.4 16.6 17.25 758 
2017/02/03 17.5 18.9 17.3 18.45 2107 
2017/02/10 18.45 20.85 18.4 19.8 6324 
2017/02/17 20.25 21.3 19.55 19.9 4634 
2017/02/24 20 20.15 19.1 19.3 1535 
2017/03/03 19.4 19.75 19.35 19.5 891 
2017/03/10 19.65 19.7 18.25 18.3 1409 
2017/03/17 18.5 19.25 18.25 19.1 1213 
2017/03/24 19.1 19.1 18.5 18.65 829 
2017/03/31 18.75 18.75 18.15 18.55 1078 
2017/04/07 18.55 18.55 18.2 18.4 247 
2017/04/14 18.5 18.5 17.5 17.5 1261 
2017/04/21 17.5 17.5 17.05 17.15 118 
2017/04/28 17.65 17.65 17.2 17.25 66 
2017/05/05 17.5 17.5 17.45 17.5 28 
2017/05/12 18 18.2 17.5 17.75 755 
2017/05/19 17.85 17.9 17.6 17.65 413 
2017/05/26 17.65 19.4 17.55 18.8 2196 
2017/06/02 18.8 18.95 18.6 18.6 453 
2017/06/09 18.5 18.5 18.05 18.2 681 
2017/06/16 18.1 18.1 17.6 17.7 471 
2017/06/23 17.85 18.15 17.6 18.1 855 
2017/06/30 18 18.15 17.5 17.65 681 
2017/07/07 17.65 17.65 17.55 17.55 43 
2017/07/14 17.25 17.6 17.2 17.4 290 
2017/07/21 17.5 17.5 17.2 17.3 157 
2017/07/28 17.35 17.35 17.25 17.35 36 
2017/08/04 17.25 17.45 17.15 17.45 373 
2017/08/11 17.65 18.2 17.65 17.95 575 
2017/08/18 17.3 17.5 17.25 17.5 178 
2017/08/25 17.4 17.6 17.35 17.45 88 
2017/09/01 17.8 17.9 17.6 17.6 104 
2017/09/08 17.7 17.75 17.6 17.75 102 
2017/09/15 17.65 17.65 17.4 17.55 180 
2017/09/22 17.45 17.55 17.45 17.55 99 
2017/09/29 17.3 17.3 17.05 17.05 143 
2017/10/06 17.3 17.3 17.1 17.15 55 
2017/10/13 17.1 17.15 17.1 17.1 90 
2017/10/20 17.2 17.2 17.1 17.2 15 
2017/10/27 17.3 17.3 17 17.15 266 
2017/11/03 17.2 17.3 17.1 17.2 226 
2017/11/10 17.35 17.8 17.35 17.5 466 
2017/11/17 17.5 17.5 17.35 17.45 46 
2017/11/24 17.3 17.5 17.3 17.45 26 
2017/12/01 17.7 18.25 17.65 17.75 1048 
2017/12/08 17.5 17.8 17.35 17.35 332 
2017/12/15 17.25 17.55 17.25 17.35 456 
2017/12/22 17.35 17.5 17.3 17.35 193 
2017/12/29 17.3 17.7 17.3 17.55 413 
2018/01/05 17.55 18.05 17.55 17.95 738 
2018/01/12 18 18.25 17.85 18.2 1263 
2018/01/19 18.1 18.4 18 18.1 753 
2018/01/26 18.1 18.3 17.95 18.1 459 
2018/02/02 18.25 18.25 17.75 17.75 406 
2018/02/09 17.7 17.7 16.9 17.1 1060 
2018/02/16 17.1 17.25 17.05 17.1 195 
2018/02/23 17.3 17.6 17.25 17.5 411 
2018/03/02 17.6 17.7 17.25 17.35 387 
2018/03/09 17.4 17.5 17.25 17.4 437 
2018/03/16 17.5 17.55 17.2 17.45 502 
2018/03/23 17.8 18.25 17.8 17.95 1366 
2018/03/30 18 18.3 17.85 18.2 871 
2018/04/06 18.45 18.45 18.05 18.15 252 
2018/04/13 18.15 18.35 18.1 18.2 553 
2018/04/20 18.2 19.6 18 18.9 688 
2018/04/27 19.1 19.45 18.25 19 1068 
2018/05/04 19 20.05 19 19.8 859 
2018/05/11 19.8 19.8 19.25 19.45 496 
2018/05/18 19.45 19.65 19.25 19.65 576 
2018/05/25 19.65 20.1 19.65 19.85 1205 
2018/06/01 19.85 20.65 19.7 20.15 1642 
2018/06/08 20.15 20.75 20.1 20.55 1098 
2018/06/15 20.55 20.55 19.95 20.05 1023 
2018/06/22 20 20.2 19.7 19.8 1022 
2018/06/29 19.8 19.95 19.15 19.25 746 
2018/07/06 19.25 19.25 18.6 18.85 687 
2018/07/13 18.9 19 18.7 18.9 571 
2018/07/20 18.95 19.35 18.85 19.25 563 
2018/07/27 19.15 19.3 18.45 18.45 357 
2018/08/03 18.45 18.45 18.15 18.3 553 
2018/08/10 18.3 18.8 18.25 18.4 434 
2018/08/17 18.35 18.35 17.8 18.15 520 
2018/08/24 18.1 18.25 18 18.2 404 
2018/08/31 18.25 18.7 18.25 18.5 535 
2018/09/07 18.5 18.55 18.2 18.3 660 
2018/09/14 18.25 18.3 17.85 18.25 843 
2018/09/21 18.25 18.8 18.1 18.7 709 
2018/09/28 18.85 19.3 18.8 19.2 568 
2018/10/05 19.3 19.65 18.75 19 726 
2018/10/12 18.8 19.1 17.75 18.1 864 
2018/10/19 18.1 18.1 17.7 17.9 635 
2018/10/26 17.95 18.1 16.85 17 797 
2018/11/02 17.15 17.5 16.95 17.5 448 
2018/11/09 17.5 17.8 17.4 17.6 263 
2018/11/16 17.65 17.85 17.45 17.75 573 
2018/11/23 17.8 17.95 17.55 17.6 726 
2018/11/30 17.6 18.05 17.6 17.75 436 
2018/12/07 17.85 18.25 17.6 17.75 558 
2018/12/14 18 18.3 17.7 18.1 679 
2018/12/21 18 18.2 17.85 17.9 359 
2018/12/28 17.95 18 17.85 18 301 
2019/01/04 17.9 18.05 17.9 18 282 
2019/01/11 18.25 18.65 18.05 18.5 840 
2019/01/18 18.6 18.6 18.3 18.4 481 
2019/01/25 18.4 18.9 18.35 18.85 483 
2019/02/01 18.7 18.8 18.55 18.75 164 
2019/02/15 18.8 19.15 18.7 19 671 
2019/02/22 19 19.15 18.95 19.1 555 
2019/03/01 19.1 19.2 19.05 19.05 165 
2019/03/08 19.15 19.2 18.95 19 647 
2019/03/15 19 19.2 18.95 19.1 777 
2019/03/22 18.7 18.7 18.3 18.45 1385 
2019/03/29 18.3 18.5 18.3 18.4 568 
2019/04/05 18.45 18.6 18.45 18.6 261 
2019/04/12 18.7 18.7 18.5 18.55 787 
2019/04/19 18.5 18.7 18.5 18.55 356 
2019/04/26 18.6 18.65 18.4 18.4 587 
2019/05/03 18.5 18.65 18.4 18.55 332 
2019/05/10 18.55 19.2 18.45 18.95 943 
2019/05/17 19.15 21.25 18.7 20.9 4108 
2019/05/24 20.8 21.6 20.2 20.8 4039 
2019/05/31 20.8 21.95 20.8 21.3 3068 
2019/06/07 21.3 21.8 20.6 20.65 1469 
2019/06/14 20.8 21.1 20.6 20.9 696 
2019/06/21 20.9 21.15 20.8 21.1 784 
2019/06/28 21.1 21.3 20.95 21.2 1198 
2019/07/05 21.1 21.3 20.7 20.85 1038 
2019/07/12 20.9 21.65 20.85 21.65 1794 
2019/07/19 21.8 23.5 21.8 22.5 3258 
2019/07/26 22.5 23.3 22.3 23.2 1838 
2019/08/02 23.5 23.55 22.7 22.9 947 
2019/08/09 22.9 22.95 22.1 22.75 659 
2019/08/16 23.5 24.2 22.55 22.9 3653 
2019/08/23 23 23.35 22.85 23.2 1691 
2019/08/30 22.95 23 22.65 22.9 1146 
2019/09/06 23 23 22.7 22.8 998 
2019/09/13 22.8 22.8 22.5 22.65 892 
2019/09/20 22.7 23.3 22.55 23.15 1090 
2019/09/27 23.15 23.15 22.45 22.45 1028 
2019/10/04 22.5 22.6 22.4 22.5 541 
2019/10/11 22.5 22.7 22.4 22.6 488 
2019/10/18 22.8 24.75 22.8 24.35 2056 
2019/10/25 24.5 27.9 24.5 26.85 13484 
2019/11/01 26.7 26.7 25.9 26.15 2565 
2019/11/08 26.3 27.15 25.75 26.05 1987 
2019/11/15 26.05 26.05 25.25 25.5 1942 
2019/11/22 25.5 25.55 24.95 25.4 2650 
2019/11/29 25.45 25.55 24.9 25.05 1096 
2019/12/06 25 25.3 24.75 24.95 733 
2019/12/13 25 25.2 24.95 25.05 710 
2019/12/20 25.05 25.75 25.05 25.4 993 
2019/12/27 25.45 25.45 25.15 25.25 629 
2020/01/03 25.35 25.8 24.8 24.8 1494 
2020/01/10 24.65 24.65 23.5 23.7 2068 
2020/01/17 23.7 24.1 23.65 23.95 488 
2020/01/24 23.95 24.15 23.9 24.15 126 
2020/01/31 23.75 23.75 22.4 22.55 1185 
2020/02/07 22.05 23.1 21.7 22.5 759 
2020/02/14 22.45 23 22.3 22.9 433 
2020/02/21 22.7 23.15 22.7 22.85 583 
2020/02/28 22.8 22.95 22.35 22.5 758 
2020/03/06 22.3 22.8 22.1 22.55 1299 
2020/03/13 22.3 22.3 18.7 19.75 2392 
2020/03/20 19.75 19.75 16.1 17.8 2939 
2020/03/27 17.3 19.3 16.7 19 1241 
2020/04/03 18.7 19.15 18.3 19.1 526 
2020/04/10 18.95 20.4 18.7 20.3 1030 
2020/04/17 20.1 20.7 20 20.7 1002 
2020/04/24 20.7 20.85 19.9 20.05 949 
2020/05/01 20.2 21 20.2 20.85 986 
