2000/11/03 99 99 87 87 5 
2000/11/10 87 87 73.5 76 1722 
2000/11/17 71 71 54 54 2059 
2000/11/24 52 58.5 48.8 58.5 1911 
2000/12/01 60.5 62.5 55.5 56.5 1728 
2000/12/08 55.5 57 51.5 53 1290 
2000/12/15 52 52 47.1 48.2 1415 
2000/12/22 47.5 47.5 40.8 40.8 390 
2000/12/29 40.3 42.6 36.8 41.9 1116 
2001/01/05 40.5 54.5 40.5 54.5 1687 
2001/01/12 58 68 57 60 3239 
2001/01/19 60 72.5 58 69 3083 
2001/02/02 65 89 65 89 3315 
2001/02/09 95 96.5 82.5 95 6975 
2001/02/16 93.5 101.5 87 87.5 4764 
2001/02/23 81.5 85 73 79 5058 
2001/03/02 79 83.5 76.5 78.5 2317 
2001/03/09 79 93 77.5 90 5077 
2001/03/16 87 93 81.5 90 5205 
2001/03/23 87.5 87.5 78.5 84 3855 
2001/03/30 84 85 80.5 83 2583 
2001/04/06 84 84 74.5 81.5 2732 
2001/04/13 80 91 79 87.5 6579 
2001/04/20 87.5 94.5 86 93 6364 
2001/04/27 92 95.5 87 88.5 3941 
2001/05/04 88.5 90 83 84.5 2309 
2001/05/11 84 84 76 80.5 1461 
2001/05/18 80 81 77.5 78 924 
2001/05/25 77 77 66 74.5 3621 
2001/06/01 74 74 61 62.5 2930 
2001/06/08 62.5 76.5 62 75.5 4270 
2001/06/15 75 81 54.5 56 6206 
2001/06/22 55 55 51.5 52 2497 
2001/06/29 51.5 54 48.5 54 1770 
2001/07/06 54 54 46.5 48.6 1630 
2001/07/13 49.5 49.5 43.2 43.6 3822 
2001/07/20 43.5 47 40.6 45.7 3959 
2001/07/27 45.6 46.9 40 45.7 3025 
2001/08/03 46.3 49 45.7 48.6 2783 
2001/08/10 48 48.4 45.5 46.9 1398 
2001/08/17 46.9 51 45.7 48.5 2756 
2001/08/24 46.4 48.3 40.6 40.6 2379 
2001/08/31 40.6 42 39.7 40.4 1887 
2001/09/07 40.3 42 34.7 35.1 2135 
2001/09/14 33.5 35 28.6 28.6 1399 
2001/09/21 27.6 28.5 26.5 26.5 412 
2001/09/28 24.8 27.9 24.7 26.3 3874 
2001/10/05 26.5 26.5 24.2 25.7 2925 
2001/10/12 25.2 29.1 24.1 28.4 2394 
2001/10/19 27.6 29.7 26.3 29 3054 
2001/10/26 29.7 32.7 29.3 31.4 4999 
2001/11/02 31.4 31.7 28.1 31.3 3494 
2001/11/09 32 38.6 32 37.5 13717 
2001/11/16 37.4 39.4 36.6 37.9 5395 
2001/11/23 37.9 40.2 36 37.7 4459 
2001/11/30 37.7 48 37.3 48 14641 
2001/12/07 48.6 52 46 48.7 14564 
2001/12/14 48.7 57 47.7 52.5 12007 
2001/12/21 52 52 44 50 8315 
2001/12/28 49.5 53 48 51.5 7533 
2002/01/04 52 53 49.5 52 6154 
2002/01/11 52 62 51 57 15020 
2002/01/18 55 56 50 52.5 6753 
2002/01/25 52 63 52 62 15951 
2002/02/01 62.5 63 55.5 56.5 5707 
2002/02/08 56 58 53 56.5 2619 
2002/02/22 57.5 57.5 50 50.5 4192 
2002/03/01 50.5 52 49 50 2754 
2002/03/08 51.5 59 49.5 57 13965 
2002/03/15 57.5 58.5 52.5 52.5 5155 
2002/03/22 52.5 55 50 53 4592 
2002/03/29 54 54 46.5 49 4821 
2002/04/05 47.5 51.5 47.5 48.7 3826 
2002/04/12 48.9 51.5 47 51.5 3532 
2002/04/19 54 57 52.5 56 10932 
2002/04/26 55.5 55.5 49.8 51.5 4474 
2002/05/03 51 52 48 49.7 2170 
2002/05/10 49.8 49.8 43.3 48 2334 
2002/05/17 47.4 51.5 45.4 49.3 2772 
2002/05/24 48.2 49.9 45 48.6 2996 
2002/05/31 47.5 48 45.2 46.3 2052 
2002/06/07 46 46.4 43 43 1882 
2002/06/14 43 43.5 38.2 38.6 3941 
2002/06/21 38.6 40.6 38.3 39.5 2210 
2002/06/28 39.1 39.2 31.6 33.8 2135 
2002/07/05 33.9 37.2 31.5 36.5 1890 
2002/07/12 37 38.6 34.2 36.8 2192 
2002/07/19 37.2 39.3 34.6 39 4544 
2002/07/26 38.5 39 35.3 35.5 2151 
2002/08/02 35.5 38.1 35.5 37 2010 
2002/08/09 34.5 38 33.5 37.2 1867 
2002/08/16 37 40.4 36.5 38.6 2477 
2002/08/23 38.6 41.1 33.3 34.6 7662 
2002/08/30 34.9 35.1 32.6 32.6 2878 
2002/09/06 32.3 32.4 30.2 30.3 1556 
2002/09/13 30.3 33 30 31.9 1630 
2002/09/20 32.1 32.2 30.1 30.8 2585 
2002/09/27 30.2 30.9 28 28.4 2032 
2002/10/04 27.2 28.9 26 26.4 3368 
2002/10/11 26 26.6 24.5 25.1 1700 
2002/10/18 25.5 29.1 25.1 28.8 3681 
2002/10/25 29.3 29.3 26.8 27.4 10794 
2002/11/01 27.6 28 25.4 25.4 6005 
2002/11/08 26 28 25.3 27.8 8071 
2002/11/15 27.8 27.8 25.6 26.1 5499 
2002/11/22 26.2 26.2 24.1 24.5 3818 
2002/11/29 24.6 24.8 23.4 24.3 2394 
2002/12/06 24.3 26.2 24.3 25.1 4443 
2002/12/13 25.5 25.6 23.1 23.1 3425 
2002/12/20 23.1 23.4 20.2 22 4164 
2002/12/27 22.4 23.2 21.6 22.6 4786 
2003/01/03 22.3 22.9 21.8 22.9 2048 
2003/01/10 22.9 23.5 22 22.6 6122 
2003/01/17 23 23.9 22 22.5 6342 
2003/01/24 22.3 23.3 22.1 22.3 3398 
2003/01/31 22.3 22.4 21.7 22.1 986 
2003/02/07 22 22.1 20.8 21.2 860 
2003/02/14 21 21.7 20.4 21 1739 
2003/02/21 21.3 22.4 21.3 21.6 2550 
2003/02/28 21.8 21.8 20.5 20.6 512 
2003/03/07 20.6 21.1 19.6 19.7 884 
2003/03/14 19.7 20.5 18.7 20.1 2301 
2003/03/21 20.1 20.6 19 20.3 6076 
2003/03/28 20.6 20.8 19.8 20 2259 
2003/04/04 19.9 19.9 18.9 19.8 1430 
2003/04/11 19.8 20.3 19.6 19.6 1272 
2003/04/18 19.5 21.6 19.3 21.6 3621 
2003/04/25 22.4 24.1 21.4 21.6 16057 
2003/05/02 21.1 21.4 19.5 19.5 6701 
2003/05/09 19.8 21.5 19.6 20.6 5236 
2003/05/16 20.8 21 19.8 20.2 4550 
2003/05/23 20 21.1 19.5 21.1 3840 
2003/05/30 21.4 22.4 21 21.6 8941 
2003/06/06 22.1 22.9 21.9 22.6 9015 
2003/06/13 22.4 23.9 22.3 22.9 12345 
2003/06/20 23.1 24.9 22.8 24 13536 
2003/06/27 24 24.2 23 23.2 6493 
2003/07/04 23.2 25.4 23.2 25.3 10867 
2003/07/11 25.7 26 24.8 25.1 10911 
2003/07/18 25.3 26.7 25.2 25.6 11053 
2003/07/25 25.9 26.5 25.1 26.1 6359 
2003/08/01 26.5 26.5 22.4 22.9 7627 
2003/08/08 22.9 23.2 21.8 22.4 2393 
2003/08/15 22.4 22.7 21.8 22.1 2844 
2003/08/22 22.1 23.2 21.7 22.2 5302 
2003/08/29 22.6 23.2 21.5 22.3 4647 
2003/09/05 22.1 23.2 21.9 22.6 4085 
2003/09/12 22.6 22.8 21.7 21.8 1941 
2003/09/19 21.8 22.9 21.7 22.8 3956 
2003/09/26 23 23.5 22.5 22.8 4832 
2003/10/03 22.8 24 22.5 23.7 7309 
2003/10/10 24 24 23.1 23.3 2994 
2003/10/17 23.3 23.5 23 23 3022 
2003/10/24 23 23.2 22.4 22.6 1663 
2003/10/31 22.6 23.4 22.5 22.7 1959 
2003/11/07 22.7 23.2 22.5 23.2 3290 
2003/11/14 23.4 24.3 23 23.9 9622 
2003/11/21 24.2 24.7 23.1 23.4 12590 
2003/11/28 23.6 23.8 22.9 23.2 2472 
2003/12/05 23.2 24.4 23 23.7 7915 
2003/12/12 23.6 23.8 23.1 23.3 2364 
2003/12/19 23.6 23.6 22.8 23 2686 
2003/12/26 23.2 23.3 22.7 23 2417 
2004/01/02 23.1 23.4 22.8 23.4 1411 
2004/01/09 23.4 23.7 23 23.6 5918 
2004/01/16 23.6 23.7 23 23 3068 
2004/01/30 23.2 23.9 22.9 23.8 5429 
2004/02/06 24.1 24.4 23.4 23.7 9493 
2004/02/13 23.8 24.8 23.8 24 12869 
2004/02/20 24.1 25.1 24 24.3 11711 
2004/02/27 24.4 25.1 24.2 24.4 8887 
2004/03/05 24.5 25.2 24 24.6 14009 
2004/03/12 24.9 24.9 23.7 23.7 6412 
2004/03/19 24 24.1 23 23.5 3445 
2004/03/26 21.9 21.9 20.4 21 6938 
2004/04/02 21.5 23 21.5 22.7 6794 
2004/04/09 22.7 23.3 22.2 22.3 4305 
2004/04/16 22.5 24.3 22.5 24.3 8095 
2004/04/23 25.8 26.8 25.2 25.4 26038 
2004/04/30 25.4 25.8 22.6 23.3 9590 
2004/05/07 23.3 24 21.8 23 4030 
2004/05/14 22.6 22.9 21.6 22.4 3211 
2004/05/21 21.4 23.7 21 23.3 4721 
2004/05/28 23.3 23.3 22.6 23 2695 
2004/06/04 23 23 21.5 21.7 1571 
2004/06/11 21.9 22.5 21.7 21.8 1241 
2004/06/18 21.8 22.1 20.8 21.1 1625 
2004/06/25 21.1 21.6 20.7 21.5 865 
2004/07/02 21.7 22.5 21.3 21.6 1904 
2004/07/09 21.5 21.5 20.9 21.2 1189 
2004/07/16 21.2 21.3 20.6 20.6 1542 
2004/07/23 20.6 20.6 18.6 19.4 2294 
2004/07/30 19.2 20.8 19 20.5 1310 
2004/08/06 20.3 20.9 19.9 20.7 2775 
2004/08/13 17.8 18 17.5 17.6 1609 
2004/08/20 17.5 18.4 17.4 18.2 1452 
2004/08/27 18.4 19.3 18.1 18.8 1648 
2004/09/03 19 19.1 18.7 18.7 1565 
2004/09/10 18.6 18.9 18.3 18.6 1091 
2004/09/17 18.7 19.3 18.6 19 1675 
2004/09/24 19 19 18.5 18.8 1566 
2004/10/01 18.8 18.8 18.4 18.5 579 
2004/10/08 18.6 19.3 18.6 19 1969 
2004/10/15 18.9 18.9 18.4 18.5 716 
2004/10/22 18.5 18.7 18.3 18.5 962 
2004/10/29 18.2 18.3 17.8 18.1 594 
2004/11/05 18 18.7 17.6 18.4 772 
2004/11/12 18.5 18.5 17.7 17.9 508 
2004/11/19 17.9 18.6 17.8 18.4 1032 
2004/11/26 18.2 18.3 17.6 17.9 598 
2004/12/03 17.6 17.8 17.3 17.3 642 
2004/12/10 17.3 17.7 17.3 17.4 611 
2004/12/17 17.7 17.9 17.4 17.7 634 
2004/12/24 17.7 18 17.5 17.6 618 
2004/12/31 17.6 17.8 17.4 17.5 1110 
2005/01/07 17.5 17.6 17 17 1022 
2005/01/14 17 17 15 15.1 3085 
2005/01/21 15.2 16.5 15.1 16 1836 
2005/01/28 16 16.2 15.6 16 1040 
2005/02/04 16 16.2 15.8 16 1552 
2005/02/18 16.2 17.5 16 17.3 4433 
2005/02/25 17.6 17.9 16.7 16.9 4058 
2005/03/04 16.9 17.1 16.5 16.85 1115 
2005/03/11 16.95 18 16.85 17.7 4670 
2005/03/18 17.8 18.05 16.35 16.6 3983 
2005/03/25 16.7 17.4 16.4 17.25 1454 
2005/04/01 17.3 17.6 17.1 17.4 2595 
2005/04/08 17.5 19 17.3 18.15 9067 
2005/04/15 17.8 18.1 17.55 17.7 1068 
2005/04/22 17.5 17.5 16.6 16.9 2547 
2005/04/29 16.9 17.3 16.6 16.7 1164 
2005/05/06 16.75 16.9 16.4 16.9 1853 
2005/05/13 16.8 17 16.6 16.7 531 
2005/05/20 16.7 16.8 16.45 16.6 673 
2005/05/27 16.6 17.2 16 16.6 2796 
2005/06/03 16.6 17.25 16.6 17.2 1988 
2005/06/10 17.2 17.3 17 17.05 1227 
2005/06/17 17.05 18 16.95 17.55 4216 
2005/06/24 17.85 17.85 17.25 17.8 3629 
2005/07/01 17.8 18.25 17.2 17.25 6223 
2005/07/08 17.25 18.45 17.2 17.5 11942 
2005/07/15 17.5 18.4 17.3 18 16250 
2005/07/22 18 18.8 17.6 17.6 12053 
2005/07/29 17.5 17.8 16.7 16.8 5571 
2005/08/05 16.8 17 16.7 16.95 1342 
2005/08/12 16.85 17.25 16.7 16.8 2643 
2005/08/19 17 17.1 16.55 16.65 2851 
2005/08/26 16.65 17.15 13.15 13.4 6949 
2005/09/02 13.5 13.9 13.2 13.85 1577 
2005/09/09 14.05 14.35 13.95 14.25 1926 
2005/09/16 14.25 14.3 13.6 13.8 1839 
2005/09/23 13.8 14.2 13.75 14.2 1785 
2005/09/30 14.3 14.6 14 14.3 2327 
2005/10/07 14.35 14.6 14.1 14.5 3163 
2005/10/14 14.6 14.85 13.95 14.85 2138 
2005/10/21 15.1 15.25 13.65 14.15 4583 
2005/10/28 14.2 14.3 13.5 13.65 1476 
2005/11/04 13.8 14.8 13.5 14.45 2716 
2005/11/11 14.5 15.85 14.25 15.85 9107 
2005/11/18 16 16.3 15.45 15.65 10029 
2005/11/25 15.65 15.8 15.2 15.45 3835 
2005/12/02 15.7 16.7 15.55 16.1 13365 
2005/12/09 16.5 16.55 16.1 16.3 6167 
2005/12/16 16.4 17.3 16.4 17.15 16248 
2005/12/23 17.3 17.7 17.1 17.2 11900 
2005/12/30 17.3 17.95 16.9 17.25 13782 
2006/01/06 17.1 18.8 16.9 18.3 21460 
2006/01/13 18.5 18.65 17.5 17.55 10929 
2006/01/20 17.5 18.15 17.1 17.1 8319 
2006/01/27 16.95 16.95 16.4 16.6 2485 
2006/02/03 16.8 16.85 16.65 16.75 360 
2006/02/10 16.7 18 16.5 17.4 7514 
2006/02/17 17.6 17.9 17.05 17.6 4815 
2006/02/24 17.55 17.6 16.6 16.75 3781 
2006/03/03 16.65 17.2 16.65 16.75 1822 
2006/03/10 16.9 16.9 16.5 16.7 1558 
2006/03/17 16.7 16.9 16.65 16.7 1743 
2006/03/24 16.75 17.7 16.7 16.85 9267 
2006/03/31 16.9 17.6 16.85 17.5 5154 
2006/04/07 17.5 18.2 17.5 18.05 7356 
2006/04/14 18 18.65 17.6 18.45 9849 
2006/04/21 18.55 19.35 18.35 19.3 20912 
2006/04/28 19.5 20.55 19.4 20 19763 
2006/05/05 20.3 20.7 19.95 20.1 12344 
2006/05/12 20.15 20.2 19.5 19.65 6788 
2006/05/19 19.55 20.35 19.5 20.25 8630 
2006/05/26 20.45 21.65 19.9 20 23935 
2006/06/02 20.1 20.15 19.7 20.1 5836 
2006/06/09 20.3 20.35 17.8 18.35 9118 
2006/06/16 18.25 18.7 17.95 18.45 3758 
2006/06/23 18.45 18.55 18 18.15 1946 
2006/06/30 18.2 19.25 18.15 19.25 3765 
2006/07/07 19.2 19.65 18.7 18.7 5646 
2006/07/14 18.8 19.1 18.35 18.4 5043 
2006/07/21 18.3 18.65 18 18.4 2305 
2006/07/28 18.4 20.4 18.1 19.95 12669 
2006/08/04 20.15 21 20.05 20.6 9508 
2006/08/11 20.6 20.8 17.65 18.3 20856 
2006/08/18 18.4 18.9 18.25 18.6 9613 
2006/08/25 18.6 18.7 17.85 18.1 6482 
2006/09/01 18.25 18.45 17.8 18.2 5568 
2006/09/08 18.3 19.1 18.25 18.6 12033 
2006/09/15 18.7 18.8 17.75 18 5328 
2006/09/22 18.2 18.65 18.2 18.4 4095 
2006/09/29 18.5 18.9 18.35 18.45 5911 
2006/10/06 18.5 19.3 18.45 18.9 8037 
2006/10/13 18.9 19.75 18.9 19.7 10570 
2006/10/20 19.8 20.3 19.5 20.15 12223 
2006/10/27 20.5 20.6 19.85 19.85 11279 
2006/11/03 19.85 20.35 19.85 20.2 6858 
2006/11/10 19.8 20.45 19.4 19.55 12548 
2006/11/17 19.55 20.4 19.5 20.2 9273 
2006/11/24 20.3 21.5 20.1 21.3 24385 
2006/12/01 22 22.75 21.85 21.9 25353 
2006/12/08 21.9 22.25 21.1 21.3 13633 
2006/12/15 21.5 23.2 21.3 22.55 33901 
2006/12/22 22.7 22.8 21.95 22.25 17418 
2006/12/29 22.25 22.95 22.15 22.45 15745 
2007/01/05 22.55 22.65 21.9 22.35 9615 
2007/01/12 22.35 22.4 21.4 21.75 12351 
2007/01/19 21.85 22.95 21.75 22.55 12924 
2007/01/26 22.7 22.85 22.2 22.2 10985 
2007/02/02 22.4 22.5 21.75 21.8 4591 
2007/02/09 21.85 22.2 21.85 21.95 3585 
2007/02/16 21.95 22 21.7 21.7 1642 
2007/03/02 22 22.3 21.2 21.9 6151 
2007/03/09 21.8 21.8 20.9 21.15 5052 
2007/03/16 21.15 21.65 21 21.45 3571 
2007/03/23 21.5 21.95 21.5 21.6 3850 
2007/03/30 21.7 22.8 21.6 22.55 15932 
2007/04/06 22.85 23.3 22.15 22.5 15486 
2007/04/13 22.5 23.25 22.25 23.25 17499 
2007/04/20 23.5 23.7 22.45 22.55 8774 
2007/04/27 22.7 23.6 22.5 23 14057 
2007/05/04 23 23.45 22.5 23.15 11701 
2007/05/11 23.45 23.8 23.1 23.15 11944 
2007/05/18 23.3 23.3 22.7 22.9 6518 
2007/05/25 22.95 23.15 22.8 23 5739 
2007/06/01 23 23.3 22.85 23.1 8145 
2007/06/08 23.15 23.5 22.95 23.1 8227 
2007/06/15 23.2 23.85 23.1 23.4 14529 
2007/06/22 23.75 25.25 23.3 24.9 23301 
2007/06/29 25.05 25.45 24.35 24.75 13322 
2007/07/06 25.1 26.35 25 26.1 21081 
2007/07/13 26.3 26.45 25.7 26.2 19998 
2007/07/20 26.25 27.35 26.1 27.25 18145 
2007/07/27 27.2 28.7 26.7 26.9 19923 
2007/08/03 27.6 30.2 26.7 27.95 37149 
2007/08/10 27.8 28.2 23.5 24.4 22592 
2007/08/17 24.4 25.5 21.35 22 16756 
2007/08/24 23.5 24.3 22.8 23.7 9480 
2007/08/31 23.9 24.5 23.6 24 9178 
2007/09/07 24.3 24.3 23.5 23.65 5725 
2007/09/14 23.3 24.25 23.25 23.7 8967 
2007/09/21 23.7 23.85 22.65 22.85 4694 
2007/09/28 22.9 23.55 22.9 23.5 4173 
2007/10/05 23.6 24.2 23.35 23.7 11997 
2007/10/12 23.75 23.9 22.9 23 4480 
2007/10/19 23.2 23.45 22.75 23.25 3308 
2007/10/26 23 23.25 22.65 22.85 4109 
2007/11/02 23 23.2 22.15 22.2 6754 
2007/11/09 22.3 22.65 20.8 21.35 5174 
2007/11/16 20.9 21.5 20.3 20.8 3562 
2007/11/23 20.9 21 20 20.1 2576 
2007/11/30 20.2 20.3 19.45 20.2 2937 
2007/12/07 20.4 20.45 19.9 20.05 2230 
2007/12/14 20.05 20.1 18.3 18.7 5113 
2007/12/21 18.7 18.8 16.95 17.3 4216 
2007/12/28 17.6 18.5 17.6 18.45 2307 
2008/01/04 18.5 19.15 18.25 18.5 1912 
2008/01/11 18.2 18.3 17.75 18 1640 
2008/01/18 18.2 18.7 17.75 17.95 2781 
2008/01/25 17.95 18.05 16.3 17.25 4062 
2008/02/01 17.2 17.25 16.9 17.15 1462 
2008/02/15 16.9 17.5 16.85 17.4 1221 
2008/02/22 17.4 17.95 17.4 17.9 1408 
2008/02/29 17.95 18.35 17.9 18.1 2194 
2008/03/07 18 18.5 17.85 18.25 3018 
2008/03/14 18.15 18.4 17.75 17.9 2385 
2008/03/21 17.65 18.1 17.4 18.05 1689 
2008/03/28 19 19.65 18.4 19.65 6223 
2008/04/04 19.7 20.4 19.65 20.2 4326 
2008/04/11 20.2 20.25 20 20.1 3369 
2008/04/18 20 20.35 19.9 20.3 3872 
2008/04/25 20.5 21.25 20.45 21.15 4513 
2008/05/02 21.2 21.35 20.2 20.5 4221 
2008/05/09 20.4 20.4 19.6 19.65 4570 
2008/05/16 19.6 20.05 19.25 20 4252 
2008/05/23 20 20.1 19.7 19.7 2061 
2008/05/30 19.6 19.6 18.85 19 2314 
2008/06/06 18.9 19.15 18.7 19.05 1471 
2008/06/13 18.8 18.9 17.5 17.85 2193 
2008/06/20 17.7 18.1 17.6 17.7 1465 
2008/06/27 17.6 17.7 16.6 16.7 1973 
2008/07/04 17 17 15.8 16.55 2325 
2008/07/11 16.3 16.75 16.1 16.45 2093 
2008/07/18 16.1 16.7 16.05 16.3 2787 
2008/07/25 16.1 17.6 16.1 17.25 2228 
2008/08/01 17.2 17.2 16.6 16.7 1985 
2008/08/08 16.55 16.8 13.9 14.3 5669 
2008/08/15 14.6 14.7 14.3 14.55 2171 
2008/08/22 14.5 14.5 13.65 13.7 1197 
2008/08/29 13.75 13.95 13.6 13.65 1188 
2008/09/05 13.25 13.4 9.63 10.1 9410 
2008/09/12 10.7 10.7 9.8 10.35 2844 
2008/09/19 10.1 10.1 8.05 8.66 4607 
2008/09/26 9.26 10.55 9.11 10.05 5596 
2008/10/03 9.35 10.1 9.35 9.98 2267 
2008/10/10 9.8 9.82 8.93 9.5 2401 
2008/10/17 9.17 10.2 9.17 9.72 3495 
2008/10/24 9.72 9.72 8.6 8.6 2427 
2008/10/31 8.05 9.27 7.44 9.25 3980 
2008/11/07 9.3 9.35 8.01 8.65 2256 
2008/11/14 8.41 8.6 8 8.21 2923 
2008/11/21 8.19 8.21 6.59 7.49 2827 
2008/11/28 7.26 7.93 6.98 7.9 1147 
2008/12/05 7.85 7.93 7.11 7.24 1122 
2008/12/12 7.38 7.79 7.16 7.28 2423 
2008/12/19 7.4 7.49 7.22 7.3 1086 
2008/12/26 7.35 7.35 6.6 6.7 929 
2009/01/02 6.71 6.95 6.57 6.92 630 
2009/01/09 7.01 7.32 6.92 7.03 1043 
2009/01/16 7.03 7.06 6.7 6.8 568 
2009/01/23 6.75 6.8 6.5 6.73 502 
2009/02/06 6.74 6.97 6.56 6.94 1385 
2009/02/13 6.95 7.22 6.54 7.18 2274 
2009/02/20 7.25 7.25 6.87 6.97 607 
2009/02/27 6.9 7.4 6.9 7.24 2876 
2009/03/06 7.16 7.58 6.94 7.43 1760 
2009/03/13 7.3 8.34 7.3 8.26 3827 
2009/03/20 8.5 8.5 7.96 7.97 2405 
2009/03/27 7.95 10.15 7.95 10.15 7730 
2009/04/03 10.2 11.2 9.65 10.95 8763 
2009/04/10 10.95 11.8 10.6 11.6 5280 
2009/04/17 11.5 13.05 11.4 13.05 10248 
2009/04/24 13.35 13.75 12.6 13.2 11242 
2009/05/01 13.4 13.4 12.45 13.35 6091 
2009/05/08 13.55 14.2 13.45 14.1 7388 
2009/05/15 14.2 14.3 13.5 13.8 5062 
2009/05/22 13.8 14.75 13.65 14.35 14557 
2009/05/29 14.45 14.65 13.9 14.4 4167 
2009/06/05 14.5 14.55 13.7 14.3 6622 
2009/06/12 14.5 14.5 13.05 13.15 3857 
2009/06/19 13.15 13.15 12.5 12.85 2349 
2009/06/26 12.95 13.15 12.65 12.85 1935 
2009/07/03 12.95 13.6 12.8 13.4 2226 
2009/07/10 13.6 14.15 13.45 13.95 4054 
2009/07/17 13.8 14.65 13.65 14 14697 
2009/07/24 14.1 15.1 13.95 14.75 9440 
2009/07/31 14.75 15.3 14.6 14.9 9506 
2009/08/07 15 16.3 14.75 15.1 9371 
2009/08/14 15 15.85 14.95 15.55 5823 
2009/08/21 15.45 15.55 14.7 14.8 4946 
2009/08/28 14.95 15.65 14.8 15.25 6496 
2009/09/04 15.4 16.5 15.3 16.1 9275 
2009/09/11 16.15 16.85 15.9 16.15 8038 
2009/09/18 16.15 16.6 16 16.4 4234 
2009/09/25 16.45 17.25 16.4 16.95 6679 
2009/10/02 18.1 18.45 17.65 17.8 20466 
2009/10/09 17.7 18.75 17.7 18.15 10171 
2009/10/16 18.3 19.45 18.1 19 9516 
2009/10/23 19 19.3 18.6 18.7 6785 
2009/10/30 18.7 18.8 17.2 18.35 6456 
2009/11/06 18.1 18.75 17.9 18.45 5384 
2009/11/13 18.55 18.55 18.25 18.25 2772 
2009/11/20 18.25 18.6 18.2 18.35 3241 
2009/11/27 18.3 19 18.05 18.05 6455 
2009/12/04 18.1 18.4 18.05 18.1 2412 
2009/12/11 18.2 19.5 18.2 19.2 13963 
2009/12/18 19.25 20.5 19.15 19.3 16570 
2009/12/25 19.3 20.15 19.3 20 11412 
2010/01/01 20.45 21.4 20.4 21 19258 
2010/01/08 20.8 21.5 20.3 20.6 16045 
2010/01/15 20.6 21.3 20.45 20.85 9294 
2010/01/22 20.55 21.55 19.8 19.95 11827 
2010/01/29 19.95 20.2 18.65 19 6138 
2010/02/05 19 19.1 17.5 18.2 4400 
2010/02/12 18.4 19.15 18.1 19.05 2574 
2010/02/26 19.4 19.4 18.9 18.95 2134 
2010/03/05 19.15 19.45 19 19.35 2055 
2010/03/12 19.5 19.7 19.4 19.5 2784 
2010/03/19 19.7 20.5 19.5 20.25 4173 
2010/03/26 20.2 20.5 20 20.15 2877 
2010/04/02 20.2 21.7 20.15 21.3 16843 
2010/04/09 21.5 22.75 21.5 22.2 13775 
2010/04/16 22.5 23 22.1 22.9 10083 
2010/04/23 22.7 23.45 21.7 23.2 11891 
2010/04/30 23.4 24.25 22.5 23.3 10459 
2010/05/07 23.3 23.45 20.85 21.7 7651 
2010/05/14 21.95 23.3 21.75 22.9 4863 
2010/05/21 22.7 22.7 21 21.1 5811 
2010/05/28 21.35 21.85 20.4 21.55 3411 
2010/06/04 21.6 21.7 21.2 21.5 1126 
2010/06/11 21 21.55 20.8 21.35 2516 
2010/06/18 21.4 21.8 21.4 21.7 1330 
2010/06/25 21.85 22.15 21.7 21.8 1799 
2010/07/02 21.85 22 21.3 21.9 1914 
2010/07/09 22 22.7 21.9 22.6 5818 
2010/07/16 22.7 22.95 21.3 21.5 21614 
2010/07/23 21.5 21.85 21.3 21.65 3056 
2010/07/30 21.65 21.8 21.55 21.6 3656 
2010/08/06 21.6 22.85 21.6 22.45 13180 
2010/08/13 22.5 22.75 22 22.2 6770 
2010/08/20 22.2 22.6 22.15 22.35 3877 
2010/08/27 22.4 22.5 21.65 21.85 4609 
2010/09/03 21.9 22.3 21.45 22.15 2864 
2010/09/10 22.3 22.9 22.1 22.6 6107 
2010/09/17 22.8 23.35 22.65 23.1 6635 
2010/09/24 23.1 23.9 23 23.15 4436 
2010/10/01 23.5 24.2 23.25 23.75 5683 
2010/10/08 23.9 24.85 23.3 24.5 7974 
2010/10/15 24.75 26.45 24.35 26 18377 
2010/10/22 26.3 26.6 25.6 25.9 9356 
2010/10/29 26.1 27.2 25.95 26.8 9106 
2010/11/05 27 27 25.2 25.7 6892 
2010/11/12 25.8 25.8 25.1 25.3 3234 
2010/11/19 25.2 25.9 25.1 25.7 2038 
2010/11/26 25.7 26.2 25.4 25.4 2499 
2010/12/03 26.4 27.2 25.9 26.9 9750 
2010/12/10 27.2 28 27 27.65 8289 
2010/12/17 27.6 27.75 26.7 27.2 7387 
2010/12/24 27.25 28.85 27 28.4 11400 
2010/12/31 28.2 28.25 27.25 27.35 4070 
2011/01/07 27.35 27.7 26.5 26.65 4277 
2011/01/14 26.5 27.1 26.3 27 2916 
2011/01/21 27 27.6 26.85 27.3 5103 
2011/01/28 27.35 27.4 26.8 27 2202 
2011/02/11 27.4 27.4 26.15 26.2 2642 
2011/02/18 26.75 26.8 26.3 26.7 2282 
2011/02/25 26.65 26.75 25.95 26.5 3486 
2011/03/04 26.9 27.2 26.6 26.95 3067 
2011/03/11 26.85 26.9 26.1 26.35 1758 
2011/03/18 26.05 26.15 24.6 26.05 3731 
2011/03/25 26 26.95 25.9 26.9 2455 
2011/04/01 26.95 27.65 26.65 27.3 5898 
2011/04/08 27.4 27.55 27.3 27.3 2000 
2011/04/15 27.3 27.45 27.05 27.25 2115 
2011/04/22 27.5 27.85 27.3 27.6 3867 
2011/04/29 27.65 28.25 27.5 27.9 4309 
2011/05/06 27.9 28.1 27.6 27.95 2728 
2011/05/13 27.95 28.1 27.75 27.9 2601 
2011/05/20 27.9 27.95 27.5 27.55 1755 
2011/05/27 27.5 27.7 27.3 27.6 1398 
2011/06/03 27.6 28 27.5 27.75 2179 
2011/06/10 27.75 28 27.75 27.75 1088 
2011/06/17 27.65 28 27.55 28 1962 
2011/06/24 28 28.1 27.5 27.95 1563 
2011/07/01 27.7 28.3 27.65 28.15 2176 
2011/07/08 28.3 28.3 27.95 28.15 2205 
2011/07/15 28.15 28.15 27.7 27.95 1906 
2011/07/22 28 28.2 27.75 28.1 3957 
2011/07/29 28.1 28.15 25.2 25.4 24997 
2011/08/05 25.5 25.7 23.5 23.65 3652 
2011/08/12 23.65 24.4 21.35 23.65 4485 
2011/08/19 24 24.2 23 23.4 2330 
2011/08/26 23.25 23.7 22.9 23.45 1409 
2011/09/02 23.6 24.15 23.35 23.65 1871 
2011/09/09 23.4 23.4 22.95 23.15 1563 
2011/09/16 22.9 23.1 22.5 23.05 1387 
2011/09/23 23.05 23.1 22.05 22.4 1160 
2011/09/30 22.5 22.6 21 22 1691 
2011/10/07 21.7 21.8 21.2 21.45 1079 
2011/10/14 21.6 21.8 21.5 21.75 1177 
2011/10/21 21.8 22.3 21.7 21.8 1227 
2011/10/28 22 22.5 21.95 22.2 1479 
2011/11/04 22.4 22.4 21.9 22.3 804 
2011/11/11 22.4 22.45 21.55 21.65 679 
2011/11/18 21.8 22 21.05 21.05 748 
2011/11/25 21.05 21.05 19.75 20.15 1157 
2011/12/02 20.25 20.9 19.95 20.55 579 
2011/12/09 20.5 20.5 19.65 19.95 635 
2011/12/16 20 20.5 19.85 19.95 883 
2011/12/23 19.95 20.05 19.1 19.95 1039 
2011/12/30 20.1 20.15 19.8 20.15 634 
2012/01/06 20.15 20.2 19.6 20.15 716 
2012/01/13 20.1 20.35 19.9 20 659 
2012/01/20 20 21.8 20 21.6 1460 
2012/02/03 22 23.2 21.95 22.9 3360 
2012/02/10 22.9 23.85 22.75 23.55 3193 
2012/02/17 23.4 23.45 22.9 23.1 2513 
2012/02/24 23.3 23.6 22.95 23 1597 
2012/03/02 23.2 23.9 23 23.75 1933 
2012/03/09 23.75 24 23.2 23.85 2376 
2012/03/16 23.9 24.55 23.75 24.5 2007 
2012/03/23 24.6 25.3 24.5 25.3 4851 
2012/03/30 25.3 25.75 23.85 25.7 6384 
2012/04/06 25.7 26 24.3 25.4 5971 
2012/04/13 25.3 25.85 25 25.8 3998 
2012/04/20 25.75 26 25 25.05 2211 
2012/04/27 25.05 25.25 24.5 25.1 3675 
2012/05/04 25.05 25.65 25 25.6 2637 
2012/05/11 25.4 25.6 24.85 24.95 1885 
2012/05/18 24.9 24.95 24.15 24.2 2154 
2012/05/25 24.5 25.1 24.15 24.7 4194 
2012/06/01 24.55 25.25 24.55 24.85 1670 
2012/06/08 24.5 24.75 24.05 24.4 1383 
2012/06/15 24.7 24.7 23.1 23.1 1386 
2012/06/22 24 24.5 23.8 24.4 1614 
2012/06/29 24.2 24.45 24.2 24.4 1297 
2012/07/06 24.5 24.95 24.45 24.8 1918 
2012/07/13 24.7 24.9 24.2 24.2 2135 
2012/07/20 24.35 24.45 24 24.35 2108 
2012/07/27 24.35 24.4 24 24.35 9146 
2012/08/03 21.9 21.9 21.3 21.4 6677 
2012/08/10 21.5 21.65 21.25 21.4 1906 
2012/08/17 21.4 21.9 21.35 21.8 1962 
2012/08/24 21.8 21.9 21.6 21.7 1265 
2012/08/31 21.7 21.75 21.4 21.4 819 
2012/09/07 21.4 21.65 21.4 21.5 897 
2012/09/14 21.55 22.1 21.55 22 1881 
2012/09/21 22 22.15 21.7 21.85 1063 
2012/09/28 21.85 21.85 21.4 21.45 1657 
2012/10/05 21.45 21.75 21.45 21.7 855 
2012/10/12 21.7 21.7 21.25 21.35 808 
2012/10/19 21.4 21.6 21.15 21.35 790 
2012/10/26 20.9 21.2 20.15 20.15 1435 
2012/11/02 20.3 20.6 20 20.25 971 
2012/11/09 20.2 20.65 20.15 20.5 769 
2012/11/16 20.5 20.5 20.2 20.25 569 
2012/11/23 20.25 20.35 20.05 20.35 646 
2012/11/30 20.35 20.65 20.3 20.5 1058 
2012/12/07 20.65 21.1 20.5 21 909 
2012/12/14 21 21.15 20.7 21.05 1060 
2012/12/21 21.25 21.25 20.8 20.9 567 
2012/12/28 20.8 21.05 20.8 21 771 
2013/01/04 21 21.35 20.95 21.25 738 
2013/01/11 21.5 21.5 21 21.3 3039 
2013/01/18 21.3 21.45 21 21.25 2545 
2013/01/25 21.15 21.35 21.05 21.25 1296 
2013/02/01 21.1 21.55 21.1 21.45 831 
2013/02/08 21.5 21.65 21.4 21.55 734 
2013/02/22 21.6 21.8 21.5 21.6 1236 
2013/03/01 21.6 21.85 21.55 21.75 673 
2013/03/08 21.7 21.7 21.5 21.65 1166 
2013/03/15 21.65 21.65 21.45 21.65 882 
2013/03/22 21.65 21.8 21.55 21.8 795 
2013/03/29 21.8 22.2 21.6 22.15 2544 
2013/04/05 22.1 22.1 21 21.2 3057 
2013/04/12 21 21.1 20.6 20.9 2116 
2013/04/19 20.9 21.2 20.7 21.05 1657 
2013/04/26 21.15 21.15 20.75 20.8 866 
2013/05/03 20.8 20.9 20.75 20.8 927 
2013/05/10 20.9 21 20.7 21 1224 
2013/05/17 21 21.2 20.95 21.1 1342 
2013/05/24 21.05 21.3 21 21.1 1391 
2013/05/31 21.2 21.25 21.05 21.25 886 
2013/06/07 21.1 21.3 21.1 21.3 1591 
2013/06/14 21.3 21.3 20.9 21 1064 
2013/06/21 20.9 21.3 20.9 21.1 2294 
2013/06/28 21.2 21.25 20.95 21.2 1013 
2013/07/05 21.2 21.5 21.1 21.25 1421 
2013/07/12 21.3 21.75 21.25 21.7 1862 
2013/07/19 21.8 22.15 21.7 21.9 1908 
2013/07/26 21.9 22.1 20.5 20.7 5370 
2013/08/02 20.7 20.7 20.45 20.6 1162 
2013/08/09 20.5 20.6 20.35 20.5 1414 
2013/08/16 20.4 20.65 20.35 20.65 1315 
2013/08/23 20.75 20.75 20.4 20.6 1126 
2013/08/30 20.55 20.6 20.45 20.6 595 
2013/09/06 20.6 20.85 20.45 20.85 1381 
2013/09/13 20.7 20.8 20.6 20.8 994 
2013/09/20 20.7 20.9 20.7 20.9 619 
2013/09/27 20.95 21.15 20.9 20.95 918 
2013/10/04 20.95 21.15 20.85 21.15 739 
2013/10/11 21.1 21.6 21 21.6 1135 
2013/10/18 21.65 22 21.35 21.9 1590 
2013/10/25 22 22 21.7 21.9 1101 
2013/11/01 21.9 21.9 21.7 21.75 782 
2013/11/08 21.75 21.75 21.3 21.55 770 
2013/11/15 21.45 21.6 21.25 21.45 873 
2013/11/22 21.5 21.65 21.45 21.55 658 
2013/11/29 21.55 21.7 21.45 21.7 931 
2013/12/06 21.7 21.75 21.55 21.7 975 
2013/12/13 21.65 22.15 21.65 21.85 1452 
2013/12/20 21.8 22.1 21.8 22.05 917 
2013/12/27 22.3 23.35 22.3 22.95 3502 
2014/01/03 22.95 23 22.85 22.95 1359 
2014/01/10 23 24.05 23 23.85 4719 
2014/01/17 24.3 25.05 23.8 23.95 7929 
2014/01/24 23.9 24.1 23.55 23.7 3465 
2014/01/31 23.55 23.65 23.45 23.65 626 
2014/02/07 23.45 23.6 23.3 23.5 1617 
2014/02/14 23.6 24.35 23.5 23.9 4752 
2014/02/21 24 24.05 23.6 23.7 2181 
2014/02/28 23.75 24.1 23.65 24.1 2267 
2014/03/07 24.1 24.2 23.75 23.8 3950 
2014/03/14 23.95 25.5 23.7 24.75 15566 
2014/03/21 24.9 25.05 24.15 24.35 4599 
2014/03/28 24.2 25.35 24 24.55 12466 
2014/04/04 24.8 25 24.6 24.95 3182 
2014/04/11 24.95 25.85 24.8 25 11066 
2014/04/18 25 25.2 24.7 24.9 3221 
2014/04/25 24.9 25.2 23.7 23.85 5122 
2014/05/02 23.5 24.15 23.45 24 2706 
2014/05/09 24 25.25 24 24.9 4517 
2014/05/16 25.2 25.2 24.85 25.05 2254 
2014/05/23 25.05 25.2 24.85 25.15 3229 
2014/05/30 25.2 25.6 24.9 25.6 5690 
2014/06/06 25.6 25.65 25.3 25.5 3591 
2014/06/13 25.5 25.7 25.45 25.7 5085 
2014/06/20 25.7 26 25.65 25.85 5198 
2014/06/27 25.85 25.85 25.45 25.6 3054 
2014/07/04 25.75 25.95 25.65 25.9 3709 
2014/07/11 25.95 26.2 25.75 26 4603 
2014/07/18 26.1 26.4 26.05 26.1 3384 
2014/07/25 26.1 26.35 26.05 26.25 3825 
2014/08/01 26.25 26.25 23.15 23.2 9684 
2014/08/08 23.2 23.6 22.6 23 3995 
2014/08/15 23.15 23.5 23.15 23.45 2102 
2014/08/22 23.5 23.5 23.15 23.25 3010 
2014/08/29 23.25 23.55 23.2 23.4 3972 
2014/09/05 23.5 23.55 23.3 23.4 2343 
2014/09/12 23.4 23.5 23.2 23.2 1274 
2014/09/19 23.15 23.4 23.15 23.25 1490 
2014/09/26 23.3 23.3 22.9 23 2005 
2014/10/03 23 23.15 22.9 23.15 1630 
2014/10/10 23.2 23.35 23.05 23.3 1486 
2014/10/17 23.15 23.25 22.55 22.95 3969 
2014/10/24 22.95 23.25 22.9 23.1 1808 
2014/10/31 23 23.2 22.85 23.2 1190 
2014/11/07 23.25 23.35 23.1 23.3 1332 
2014/11/14 23.25 23.4 23 23 1655 
2014/11/21 23 23.05 22.7 22.85 1828 
2014/11/28 22.85 22.9 22.3 22.55 4709 
2014/12/05 22.4 23.05 22.3 22.95 1505 
2014/12/12 23 23.1 22.8 23 1070 
2014/12/19 23 23.1 22.8 22.95 948 
2014/12/26 23.05 23.1 22.85 23.05 1512 
2015/01/02 23.05 23.15 23.05 23.1 1055 
2015/01/09 23.1 23.15 22.9 23.1 1319 
2015/01/16 23.1 23.7 23.05 23.25 2271 
2015/01/23 23.25 23.5 23.15 23.45 1226 
2015/01/30 23.45 23.6 23.35 23.5 1111 
2015/02/06 23.5 23.55 23.35 23.5 1644 
2015/02/13 23.5 23.5 23.35 23.5 1432 
2015/02/27 23.5 23.8 23.45 23.8 1546 
2015/03/06 23.8 24.3 23.7 24.2 2768 
2015/03/13 24.2 24.2 23.7 23.9 2066 
2015/03/20 23.95 24.05 23.85 23.95 1672 
2015/03/27 23.95 24.5 23.9 24.2 3827 
2015/04/03 24.1 24.1 23.1 23.2 4073 
2015/04/10 23.25 23.4 23.15 23.2 2298 
2015/04/17 23.2 23.25 23 23.1 2747 
2015/04/24 23.1 23.1 22.75 23 2204 
2015/05/01 23 23.3 23 23.2 1910 
2015/05/08 23.2 23.8 23.1 23.65 2689 
2015/05/15 23.65 23.65 23 23.1 2000 
2015/05/22 23.1 23.35 23 23.3 1287 
2015/05/29 23.3 23.35 23.15 23.3 814 
2015/06/05 23.35 23.35 22.9 23 1485 
2015/06/12 23 23.05 22 22.75 1839 
2015/06/19 22.75 22.85 22.4 22.85 867 
2015/06/26 22.85 23 22.8 23 870 
2015/07/03 22.95 23 22.8 22.95 818 
2015/07/10 23 23.35 22.6 22.85 1624 
2015/07/17 22.95 23.2 22.85 22.95 1012 
2015/07/24 22.95 22.95 22.35 22.4 2132 
2015/07/31 22.45 22.5 19.55 19.6 4468 
2015/08/07 19.4 19.5 19.1 19.25 1514 
2015/08/14 19.25 19.45 18.8 19.1 1067 
2015/08/21 19.15 19.25 16.9 17.15 2237 
2015/08/28 16.95 17.9 15.45 17.9 3327 
2015/09/04 18 18.35 17.55 18.05 1081 
2015/09/11 17.95 18.15 17.8 18.05 1106 
2015/09/18 18.1 18.1 17.9 18.1 1435 
2015/09/25 18.1 18.3 17.8 17.8 1083 
2015/10/02 17.7 18.2 17.65 18.1 391 
2015/10/09 18.15 18.6 18.1 18.4 1137 
2015/10/16 18.6 19.05 18.5 19.05 1102 
2015/10/23 19.35 20.15 19.35 19.65 1541 
2015/10/30 19.65 20 19.3 19.55 1099 
2015/11/06 19.4 20.05 19.4 19.95 848 
2015/11/13 19.95 19.95 19.05 19.55 981 
2015/11/20 19.15 19.6 19.15 19.55 727 
2015/11/27 19.35 19.45 18.95 19.1 708 
2015/12/04 19 19.25 18.75 19.15 546 
2015/12/11 19.2 19.2 18.65 18.9 484 
2015/12/18 18.8 19.1 18.1 19.1 454 
2015/12/25 19.1 19.2 19 19.2 345 
2016/01/01 19.2 19.2 18.8 19.1 354 
2016/01/08 19.1 19.1 18.5 18.9 626 
2016/01/15 18.8 18.8 18.4 18.4 560 
2016/01/22 18.2 18.55 18.2 18.35 284 
2016/01/29 18.35 19 18.35 18.95 443 
2016/02/05 19 19.05 18.7 19 254 
2016/02/19 19 19.5 18.65 19.3 566 
2016/02/26 19.4 20 19.3 19.75 878 
2016/03/04 19.7 20 19.7 19.9 781 
2016/03/11 19.95 20.2 19.85 20.05 914 
2016/03/18 20.1 20.3 19.8 20.05 1104 
2016/03/25 20.1 20.65 20 20.2 1495 
2016/04/01 20.3 20.5 19.75 20 1868 
2016/04/08 20 20 19.8 20 486 
2016/04/15 20 20.1 19.85 20 1111 
2016/04/22 20 20.05 19.85 19.95 658 
2016/04/29 19.95 19.95 19.65 19.8 710 
2016/05/06 19.8 19.8 19.35 19.4 676 
2016/05/13 19.4 19.55 19.25 19.45 849 
2016/05/20 19.4 19.45 19.2 19.4 623 
2016/05/27 19.4 19.45 19.25 19.45 1095 
2016/06/03 19.45 19.5 19.25 19.4 975 
2016/06/10 19.4 19.4 19.25 19.4 747 
2016/06/17 19.35 19.35 19.2 19.25 1055 
2016/06/24 19.25 19.3 18.9 19.05 1660 
2016/07/01 19 19.1 18.85 19.1 1719 
2016/07/08 19.05 19.2 19.05 19.15 1317 
2016/07/15 19.2 20 19.2 19.9 3760 
2016/07/22 19.95 19.95 18.4 18.45 5986 
2016/07/29 18.45 18.5 18.2 18.25 1592 
2016/08/05 18.1 18.35 18.05 18.2 1802 
2016/08/12 18.2 18.25 17.9 18.05 2489 
2016/08/19 18.05 18.25 18 18.15 1827 
2016/08/26 18.1 18.1 17.8 17.95 1535 
2016/09/02 18 18.05 17.25 17.3 3025 
2016/09/09 17.3 17.7 17.2 17.65 2824 
2016/09/16 17.6 17.6 17.25 17.3 1206 
2016/09/23 17.3 17.45 17 17.05 4130 
2016/09/30 17.05 17.15 17.05 17.1 1132 
2016/10/07 17.1 17.5 17.05 17.3 2245 
2016/10/14 17.35 17.5 17.15 17.3 1703 
2016/10/21 17.25 17.45 17.2 17.45 1051 
2016/10/28 17.45 17.8 17.45 17.55 2141 
2016/11/04 17.45 17.45 17.1 17.25 2328 
2016/11/11 17.25 17.35 16.75 17.15 2503 
2016/11/18 17.15 17.15 16.7 16.85 2071 
2016/11/25 16.85 16.9 16.75 16.8 993 
2016/12/02 16.8 17.05 16.75 17 1381 
2016/12/09 17 17.05 16.8 17 1935 
2016/12/16 17.05 17.15 16.95 17.05 1184 
2016/12/23 17.05 17.1 16.85 17 1117 
2016/12/30 16.95 17 16.8 17 1333 
2017/01/06 16.85 17 16.85 17 953 
2017/01/13 16.95 17.3 16.85 17.1 2334 
2017/01/20 17.1 17.2 17 17.2 1060 
2017/01/27 17.2 17.25 17.15 17.2 414 
2017/02/03 17.2 17.3 17.1 17.25 827 
2017/02/10 17.3 17.55 17.3 17.45 2572 
2017/02/17 17.5 17.7 17.45 17.55 2385 
2017/02/24 17.45 17.7 17.45 17.65 1881 
2017/03/03 17.65 17.85 17.6 17.65 1405 
2017/03/10 17.65 17.75 17.45 17.55 1295 
2017/03/17 17.6 17.75 17.55 17.7 1804 
2017/03/24 17.7 18.5 17.7 18.15 7229 
2017/03/31 18.15 18.2 17.6 17.65 3846 
2017/04/07 17.65 17.75 17.65 17.65 342 
2017/04/14 17.75 17.95 17.55 17.6 2686 
2017/04/21 17.45 17.45 17.15 17.15 1249 
2017/04/28 17.2 17.35 17.15 17.3 297 
2017/05/05 17.3 17.6 17.25 17.25 443 
2017/05/12 17.4 17.7 17.2 17.2 3649 
2017/05/19 17.2 17.2 17.05 17.15 1625 
2017/05/26 17.2 17.3 17.15 17.2 1225 
2017/06/02 17.3 17.35 17.15 17.2 927 
2017/06/09 17.3 17.65 17.25 17.35 2116 
2017/06/16 17.25 17.35 17.2 17.25 880 
2017/06/23 17.3 17.8 17.2 17.45 3124 
2017/06/30 17.5 17.65 17.4 17.5 2245 
2017/07/07 17.5 17.55 17.45 17.5 240 
2017/07/14 17.4 17.5 17.2 17.35 4715 
2017/07/21 16.55 16.6 16.45 16.55 792 
2017/07/28 16.55 16.65 16.55 16.65 360 
2017/08/04 16.5 16.95 16.5 16.85 2833 
2017/08/11 16.9 16.9 16.65 16.65 766 
2017/08/18 16.6 16.6 16.4 16.45 940 
2017/08/25 16.45 16.5 16.4 16.5 139 
2017/09/01 16.5 16.6 16.5 16.55 534 
2017/09/08 16.6 16.65 16.55 16.6 498 
2017/09/15 16.85 16.95 16.8 16.95 1267 
2017/09/22 16.8 16.85 16.75 16.8 480 
2017/09/29 16.8 16.8 16.55 16.55 890 
2017/10/06 16.75 16.75 16.6 16.7 265 
2017/10/13 16.8 17.2 16.8 17 4752 
2017/10/20 17.05 17.15 17.05 17.1 625 
2017/10/27 16.95 17.15 16.8 17 3956 
2017/11/03 17.1 18.4 17 18.1 19212 
2017/11/10 18.15 18.3 17.9 18.05 5934 
2017/11/17 18.1 18.1 17.9 17.95 893 
2017/11/24 19.1 19.1 18.65 18.7 1019 
2017/12/01 19 19.4 18.85 19.2 4341 
2017/12/08 18.9 19.25 18.8 19.1 3560 
2017/12/15 19.95 20 19.25 19.5 7757 
2017/12/22 19.45 19.5 18.85 19.15 5694 
2017/12/29 19.15 19.25 19 19.15 2566 
2018/01/05 19.15 19.85 19.15 19.55 4097 
2018/01/12 19.75 19.8 19.15 19.35 4730 
2018/01/19 19.35 20.3 19.35 20.2 9659 
2018/01/26 20.5 21.05 19.85 20.2 15167 
2018/02/02 20.35 20.7 19.85 20.3 8723 
2018/02/09 19.9 20.2 18.9 19.35 8759 
2018/02/16 19.6 20.3 19.6 20.3 3256 
2018/02/23 20.5 22.65 20.25 22.65 20043 
2018/03/02 23.55 24.65 22.2 22.6 49789 
2018/03/09 23.1 24.05 21.55 21.75 39202 
2018/03/16 21.4 21.7 20.7 21.6 14201 
2018/03/23 21.6 22.25 20.9 21.4 13590 
2018/03/30 21.3 22.3 21.3 21.8 8851 
2018/04/06 21.8 23.25 21.8 22.4 10961 
2018/04/13 22.6 22.65 22 22.1 10864 
2018/04/20 22.2 22.45 21.8 21.9 7273 
2018/04/27 22 22.65 21.4 22.2 11418 
2018/05/04 22.3 22.35 22.05 22.2 3755 
2018/05/11 22.3 22.8 22.25 22.55 8581 
2018/05/18 22.5 23.7 22.5 22.9 15844 
2018/05/25 23 23.25 22.8 22.95 5858 
2018/06/01 22.95 23.1 22.8 22.85 5104 
2018/06/08 22.95 23.45 22.85 23.2 6642 
2018/06/15 23.25 23.85 23 23.35 7850 
2018/06/22 23.3 23.85 23.05 23.15 9077 
2018/06/29 23.1 23.35 22.45 22.6 4515 
2018/07/06 22.6 24 22.1 22.3 14544 
2018/07/13 22.3 22.4 22.1 22.25 3089 
2018/07/20 22.3 22.5 22.2 22.2 3252 
2018/07/27 22.25 22.95 22.2 22.85 5187 
2018/08/03 22.9 23.15 22.55 23.15 4046 
2018/08/10 23.45 23.45 23.1 23.25 3934 
2018/08/17 23.15 23.2 22.7 22.95 5248 
2018/08/24 22.95 23 20.75 20.9 6644 
2018/08/31 21 21.5 21 21.4 4526 
2018/09/07 21.4 21.75 21.2 21.2 6060 
2018/09/14 21.2 21.2 20.5 20.8 5331 
2018/09/21 20.8 21.05 20.6 20.65 2691 
2018/09/28 20.7 20.85 20.55 20.65 1805 
2018/10/05 20.7 20.85 20.05 20.15 2507 
2018/10/12 20.05 20.5 19.05 20.15 5054 
2018/10/19 19.9 19.95 19.1 19.5 6292 
2018/10/26 19.4 19.9 18.8 18.95 3547 
2018/11/02 18.85 19.6 18.65 19.4 3221 
2018/11/09 19.4 19.7 19.25 19.55 1427 
2018/11/16 19.1 19.4 18.85 19.05 2220 
2018/11/23 19.05 19.2 18.9 19 1431 
2018/11/30 19 19.2 18.9 19.15 1658 
2018/12/07 19.2 19.4 18.9 19.15 2485 
2018/12/14 19.05 19.1 18.4 19 3042 
2018/12/21 18.95 18.95 18.55 18.7 1921 
2018/12/28 18.7 18.75 18.5 18.7 1384 
2019/01/04 18.75 18.75 18.45 18.45 906 
2019/01/11 18.6 18.75 18.5 18.65 1101 
2019/01/18 18.75 18.9 18.7 18.85 1435 
2019/01/25 18.95 19.1 18.8 19.05 1180 
2019/02/01 19.1 19.45 18.95 19.25 1796 
2019/02/15 19.5 19.5 19.1 19.1 2256 
2019/02/22 19.1 19.3 19.05 19.25 1790 
2019/03/01 19.25 19.5 19.25 19.4 1305 
2019/03/08 19.4 19.85 19.4 19.65 2670 
2019/03/15 19.65 19.75 19.55 19.6 1763 
2019/03/22 19.65 20.15 19.6 20 2928 
2019/03/29 19.9 20.65 19.8 20.5 4242 
2019/04/05 20.6 20.8 20.6 20.75 2986 
2019/04/12 20.8 20.8 20.2 20.3 4212 
2019/04/19 20.3 20.45 20.2 20.2 2286 
2019/04/26 20.2 20.35 20.2 20.3 1783 
2019/05/03 20.35 20.5 20.25 20.4 1961 
2019/05/10 20.4 20.4 20 20.1 3420 
2019/05/17 20 20.05 19.5 19.65 2976 
2019/05/24 19.65 19.95 19.6 19.8 1664 
2019/05/31 19.85 20.05 19.7 19.9 2438 
2019/06/07 19.9 19.9 19.65 19.65 1352 
2019/06/14 19.7 19.8 19.6 19.65 2095 
2019/06/21 19.65 19.9 19.6 19.8 2167 
2019/06/28 19.8 20 19.75 20 1952 
2019/07/05 20 20.15 20 20.1 1877 
2019/07/12 20.1 20.2 20 20.05 1904 
2019/07/19 20.1 20.15 20.05 20.15 1669 
2019/07/26 20.15 20.25 20.1 20.2 2209 
2019/08/02 20.2 20.4 19.9 19.95 3223 
2019/08/09 19.9 20 19.6 19.95 1444 
2019/08/16 19.95 20 19.75 19.8 2292 
2019/08/23 19.8 19.85 19.65 19.65 2979 
2019/08/30 19.65 19.75 17.75 17.9 6373 
2019/09/06 17.9 18.05 17.9 17.95 1928 
2019/09/13 17.9 18 17.8 17.85 1469 
2019/09/20 17.9 18 17.8 17.9 1318 
2019/09/27 17.9 18.5 17.85 18.2 3082 
2019/10/04 18.25 18.3 18.1 18.25 830 
2019/10/11 18.3 18.35 18.05 18.05 668 
2019/10/18 18.1 18.25 17.9 17.95 3742 
2019/10/25 17.95 18.15 17.95 18.1 1608 
2019/11/01 18.1 18.1 17.95 18 2066 
2019/11/08 18 18.05 17.9 18 2342 
2019/11/15 18 18 17.8 17.9 2612 
2019/11/22 17.9 17.9 17.75 17.8 1947 
2019/11/29 17.8 17.85 17.75 17.8 1985 
2019/12/06 17.8 17.95 17.5 17.85 2934 
2019/12/13 17.85 17.9 17.7 17.7 1492 
2019/12/20 17.75 17.85 17.65 17.75 1710 
2019/12/27 17.75 17.85 17.65 17.75 1427 
2020/01/03 17.75 17.9 17.7 17.85 1705 
2020/01/10 17.75 17.8 17.55 17.7 1603 
2020/01/17 17.7 17.85 17.65 17.8 1351 
2020/01/24 17.8 17.95 17.8 17.9 535 
2020/01/31 17.2 17.4 17.1 17.35 3052 
2020/02/07 17 17.4 16.85 17.2 3201 
2020/02/14 17.05 17.3 16.95 17.1 2058 
2020/02/21 17.1 17.2 17.05 17.2 994 
