1994/12/16 65 72 65 66 7348 
1994/12/23 66 66.5 62.5 63.5 2835 
1994/12/30 63.5 65.5 62.5 65.5 1742 
1995/01/06 66 66 64 64.5 650 
1995/01/13 64.5 65 62 62 936 
1995/01/20 62 63 61 61.5 871 
1995/01/27 62 62.5 61 62.5 931 
1995/02/03 63 63 62.5 63 185 
1995/02/10 62.5 63 61.5 62 1078 
1995/02/17 62 63 61.5 62.5 1063 
1995/02/24 62.5 63 62 62.5 657 
1995/03/03 62 62.5 61.5 62 1040 
1995/03/10 62 62.5 61.5 62.5 753 
1995/03/17 62.5 63 62 62.5 1049 
1995/03/24 62.5 63 61 62 843 
1995/03/31 62 62 61 62 468 
1995/04/07 62 62 61.5 62 294 
1995/04/14 62 62 61 61.5 499 
1995/04/21 61.5 61.5 61 61 635 
1995/04/28 61 62 61 61 760 
1995/05/05 61 61.5 61 61 791 
1995/05/12 61 62.5 61 62 1091 
1995/05/19 62 62 61.5 61.5 446 
1995/05/26 61.5 62 61 61 342 
1995/06/02 61 61.5 61 61.5 260 
1995/06/09 61.5 64.5 61 64.5 1026 
1995/06/16 65 66.5 63.5 66 2372 
1995/06/23 66 67 64.5 66.5 2371 
1995/06/30 66.5 66.5 65 66 725 
1995/07/07 66 70 65.5 70 3890 
1995/07/14 70 71 69 70.5 3222 
1995/07/21 70.5 70.5 66.5 69 2375 
1995/07/28 67 70.5 66.5 69 4072 
1995/08/04 69.5 69.5 64 65.5 2876 
1995/08/11 65 66.5 62 64 2992 
1995/08/18 63 64 61.5 63.5 2466 
1995/08/25 63.5 63.5 41.4 41.4 1673 
1995/09/01 39.2 41.5 39.2 40.2 257 
1995/09/08 40.2 41.4 39.6 39.6 2549 
1995/09/15 39.8 40 35 35 2512 
1995/09/22 35 36.4 34 36.4 1249 
1995/09/29 36.8 40.6 36.8 39 7718 
1995/10/06 39.1 42 39.1 41.5 15256 
1995/10/13 41.6 41.8 38 38.8 4238 
1995/10/20 39 40.4 38 40 7616 
1995/10/27 40.3 41.6 39.1 39.3 9473 
1995/11/03 39 39.6 38.8 39.4 2505 
1995/11/10 39.5 39.8 38.3 38.8 2139 
1995/11/17 39.3 39.3 38.6 38.6 1234 
1995/11/24 38.8 41.5 38.6 41.3 8904 
1995/12/01 41.3 44.5 41 43.6 16084 
1995/12/08 43.6 45.6 43.2 44.4 10143 
1995/12/15 44.6 46.9 43.6 45.5 13792 
1995/12/22 46 46.5 42 42.8 7383 
1995/12/29 42.6 43.3 42.5 43 2394 
1996/01/05 43.2 43.7 37.6 38.7 2926 
1996/01/12 39.5 40.4 38.8 39.8 4509 
1996/01/19 40 40.2 39 39.1 1698 
1996/01/26 39.3 39.3 36.7 36.8 2553 
1996/02/02 36.7 37 34.3 35.8 5552 
1996/02/09 35.5 35.9 34.4 35.8 4618 
1996/02/16 36.1 37.1 35.7 35.9 2954 
1996/02/23 36.3 36.3 35.5 35.8 396 
1996/03/01 35.4 36.5 34.6 36.5 2296 
1996/03/08 36.6 37 35.3 35.6 3059 
1996/03/15 35.5 37.2 34.4 37 6147 
1996/03/22 36.8 37.2 36.1 36.4 3568 
1996/03/29 36.8 38 36 37.1 5492 
1996/04/05 37.3 39.2 37.3 39.2 9382 
1996/04/12 39.3 40.2 37.4 40.2 9397 
1996/04/19 40.9 43 40 41.8 27224 
1996/04/26 41.8 44.4 40.8 41.6 35207 
1996/05/03 41.6 42.8 40.2 40.4 15817 
1996/05/10 40.6 40.9 38.3 39 5693 
1996/05/17 39.4 40.5 38.8 40 6535 
1996/05/24 40.2 40.2 37.6 39.5 4099 
1996/05/31 39.9 43.2 39.8 43 18371 
1996/06/07 43.2 44.1 42.3 43 13520 
1996/06/14 43.4 44.3 42.3 43.2 12523 
1996/06/21 43.5 45.2 43.5 44.9 10446 
1996/06/28 45.2 45.2 42.8 44.8 7560 
1996/07/05 45.2 45.5 43 43.5 4175 
1996/07/12 43.2 43.9 42.8 43.3 1567 
1996/07/19 43.2 45 42.4 44 8833 
1996/07/26 44.2 44.4 42.7 42.9 3219 
1996/08/02 42.9 43.2 42.3 42.7 2023 
1996/08/09 42.7 43.4 37 38.3 13478 
1996/08/16 38.3 38.6 37.2 37.5 5529 
1996/08/23 37.5 37.5 34.9 36 4435 
1996/08/30 36.3 37.2 35.8 36 4808 
1996/09/06 36.3 37 35.5 36.5 3650 
1996/09/13 36.7 37.4 36.1 36.9 4194 
1996/09/20 37.1 38.5 37 37.6 10605 
1996/09/27 38 38.2 37.2 38 5012 
1996/10/04 38.3 38.8 38.1 38.5 10404 
1996/10/11 38.7 38.9 37.7 38.1 4145 
1996/10/18 38.3 39.2 36.6 36.8 9002 
1996/10/25 37 37.4 36.1 36.9 2707 
1996/11/01 37.2 37.7 36.2 37.1 3710 
1996/11/08 37.4 37.8 36.5 36.8 4171 
1996/11/15 36.9 38.3 36.7 37.8 8548 
1996/11/22 38 39.1 37.3 37.6 17233 
1996/11/29 37.8 38.5 36.5 36.7 9321 
1996/12/06 36.7 37.2 35.8 36.2 6456 
1996/12/13 36.2 37.4 36 36.5 8863 
1996/12/20 36.5 37.9 36.5 37.4 10737 
1996/12/27 37.5 37.8 37 37 3749 
1997/01/03 37.2 37.6 36.2 36.6 3037 
1997/01/10 36.8 37.2 36.3 36.9 8192 
1997/01/17 37.5 39.2 37.4 38.1 25650 
1997/01/24 38.6 40.2 37.1 37.8 25931 
1997/01/31 37.8 38 37.2 37.4 6881 
1997/02/07 37.6 37.7 37.2 37.4 2003 
1997/02/14 37.6 38.3 37.3 38 9567 
1997/02/21 38.2 39.2 37.6 38.1 17886 
1997/02/28 38.3 40.9 38.3 39.3 33676 
1997/03/07 39.3 41.7 39 41.1 21252 
1997/03/14 41.4 43.6 41 43.5 35979 
1997/03/21 44.1 54 44 51 75058 
1997/03/28 51.5 52 45 49.8 43887 
1997/04/04 50.5 52.5 48.5 50 21214 
1997/04/11 50.5 52 48.6 49.2 23433 
1997/04/18 49.5 52 48 48.6 20992 
1997/04/25 49 50.5 48.1 49.3 9898 
1997/05/02 49.9 50 45.8 47.6 6235 
1997/05/09 47.4 47.4 44.5 45.5 4008 
1997/05/16 45.7 45.7 42.6 44 5599 
1997/05/23 44.4 44.7 43.4 44.4 3002 
1997/05/30 44.6 46.2 44 44.4 6205 
1997/06/06 44.8 45.3 43.5 45 4527 
1997/06/13 45.2 45.6 43.6 44.3 3950 
1997/06/20 44.5 47.3 44.5 45.1 10456 
1997/06/27 45.2 49.5 44.2 47.3 21813 
1997/07/04 48 51 47.6 48.3 17577 
1997/07/11 48.5 48.8 34 35 20274 
1997/07/18 35.3 36.7 34 35 11729 
1997/07/25 35.4 37.6 34.5 35 12808 
1997/08/01 35.3 36.3 34.5 34.7 8360 
1997/08/08 35 36.4 34.2 35.8 8679 
1997/08/15 36.1 36.8 34.7 34.7 11871 
1997/08/22 35.2 35.4 34 34.1 4008 
1997/08/29 34.3 37.5 34.2 34.6 12952 
1997/09/05 34.7 35.6 34 35.3 8110 
1997/09/12 35.6 36.5 34.6 35.1 10941 
1997/09/19 35.5 35.5 34.4 34.5 3325 
1997/09/26 34.7 34.8 34 34.3 5220 
1997/10/03 34.3 34.5 29.5 29.9 6910 
1997/10/10 30.6 30.8 29.3 30.5 2094 
1997/10/17 30.9 31 27.6 29.4 2519 
1997/10/24 29.4 30.3 28.5 29.5 2213 
1997/10/31 29.5 29.8 26 27.6 3797 
1997/11/07 27.6 29.4 27 27.1 8306 
1997/11/14 27.1 27.7 24.8 25.2 4501 
1997/11/21 25.2 26.8 25 26.8 4526 
1997/11/28 27 27 24.6 25 5717 
1997/12/05 24.1 28.4 23.5 28 16814 
1997/12/12 28.2 29.5 26.9 28.1 22735 
1997/12/19 28.2 28.7 27 27.4 8814 
1997/12/26 27.4 27.7 26.5 26.9 3275 
1998/01/02 27.3 29.2 26.8 27.8 13418 
1998/01/09 28 28.8 26.5 26.9 8846 
1998/01/16 26.7 27.7 25.5 27.4 9425 
1998/01/23 27.5 27.7 26.8 27 3585 
1998/02/06 27.5 29.5 27.2 27.3 18733 
1998/02/13 27.3 30.8 27.3 29.6 33167 
1998/02/20 29.9 32.9 29.8 32.9 29859 
1998/02/27 32.9 33.9 30.1 30.3 22301 
1998/03/06 30.3 31.7 29.8 30.4 14977 
1998/03/13 30.6 33.4 30.6 32.1 22279 
1998/03/20 32.5 39.5 32.3 38.6 63757 
1998/03/27 38.8 45 37.6 44.6 66417 
1998/04/03 44.8 51.5 41.4 51.5 100172 
1998/04/10 51 55 50 54 47439 
1998/04/17 54 56 49.3 49.3 58059 
1998/04/24 48 50.5 42.7 49.4 38926 
1998/05/01 49.4 49.4 43.5 48.2 34138 
1998/05/08 48.7 52 47.5 48.6 31195 
1998/05/15 49.1 56 49.1 56 47427 
1998/05/22 56 58.5 53 57 67777 
1998/05/29 57.5 59 55 56 38863 
1998/06/05 56.5 64 55 64 74487 
1998/06/12 64.5 65.5 60 61.5 44151 
1998/06/19 62 70 61.5 67 58974 
1998/06/26 67.5 68 60 61.5 73510 
1998/07/03 61.5 65 56 62.5 56999 
1998/07/10 63 67 61.5 66 37796 
1998/07/17 66 68 60.5 67.5 82943 
1998/07/24 68 78 66.5 77.5 83494 
1998/07/31 78.5 78.5 72 78 65413 
1998/08/07 78.5 79 74 76.5 35822 
1998/08/14 77 80.5 68 71.5 120658 
1998/08/21 71.5 71.5 62.5 68.5 133525 
1998/08/28 68 70 55.5 56 79167 
1998/09/04 56.5 57.5 40.9 46.4 84843 
1998/09/11 47.5 52 47.5 48.4 55361 
1998/09/18 49.1 57 47.5 54.5 66247 
1998/09/25 55 55.5 49.9 52 25627 
1998/10/02 52 52 44.5 47.1 23300 
1998/10/09 46.8 50 44.6 47 25968 
1998/10/16 47.7 49.7 47.2 48 26857 
1998/10/23 48.3 48.7 46.5 46.6 16708 
1998/10/30 47 47.5 45 46 27694 
1998/11/06 46.5 48.7 41.1 42.1 41824 
1998/11/13 42.1 43.6 35.9 35.9 16383 
1998/11/20 35.9 41 33.8 40.1 37428 
1998/11/27 40.5 42 37.2 38.3 21502 
1998/12/04 38.5 38.7 36.5 38 13091 
1998/12/11 39 39 36.1 36.2 10382 
1998/12/18 36.6 36.6 30 30.1 15421 
1998/12/25 30.5 32.8 30.1 30.6 11342 
1999/01/01 31 31 28 29.5 18745 
1999/01/08 29.5 30 26.4 30 13949 
1999/01/15 31.3 31.7 28.4 30.4 30594 
1999/01/22 30.6 31.5 28.5 28.5 23657 
1999/01/29 28.2 29.5 27.5 28 11633 
1999/02/05 28 28 21.5 23.5 18422 
1999/02/12 24.5 25.6 24 24.6 12391 
1999/02/19 26.3 26.3 25.6 26.3 3372 
1999/02/26 27.3 29.9 27.3 29 31351 
1999/03/05 29.5 30.3 28.5 29.4 26939 
1999/03/12 29.7 29.7 28 28.1 10858 
1999/03/19 28.3 33.1 27.8 31 47777 
1999/03/26 31.5 34.6 30.8 33.5 52010 
1999/04/02 33.8 33.9 30.5 32.7 33680 
1999/04/09 33.2 33.8 32 32.8 21321 
1999/04/16 33 33 31.5 32.2 22311 
1999/04/23 32.5 35.2 32 33 56081 
1999/04/30 33.1 33.2 30.9 31.6 15452 
1999/05/07 31.6 33.2 31 32.2 14901 
1999/05/14 32.2 32.5 30.5 30.5 8752 
1999/05/21 30.6 31.2 29.1 29.5 9616 
1999/05/28 30 30 27.7 28.1 7261 
1999/06/04 28.2 28.7 27 27.8 6132 
1999/06/11 28 29.3 27.6 27.6 7947 
1999/06/18 27.9 28.2 26 26.5 5205 
1999/06/25 26.5 27.2 25.2 25.8 6994 
1999/07/02 26 26.5 25 26.3 4096 
1999/07/09 27.2 28.5 26.5 26.7 8937 
1999/07/16 26.7 26.8 21.3 21.5 8732 
1999/07/23 21.5 22 19.2 20.4 11480 
1999/07/30 20.8 20.8 18.7 19.2 5074 
1999/08/06 19.4 19.4 18 18.7 5017 
1999/08/13 18.9 20.4 18.6 20.1 5024 
1999/08/20 20.1 22.5 19.6 22.5 10497 
1999/08/27 22.5 23.6 20.8 20.8 7028 
1999/09/03 20.8 21.5 19.5 19.9 4868 
1999/09/10 20 20.7 19.1 20.6 3325 
1999/09/17 20.9 23.5 20.8 21.8 22095 
1999/09/24 22.3 22.3 21.8 22.2 1504 
1999/10/01 21.5 21.9 20.1 21.2 7990 
1999/10/08 21.6 22.2 20.2 20.3 6204 
1999/10/15 20.3 21 20 20.3 3984 
1999/10/22 20.4 20.5 19.1 19.5 2736 
1999/10/29 19.6 19.6 18 18.2 3957 
1999/11/05 18.3 18.6 16.5 16.7 5674 
1999/11/12 16.7 17.2 16.4 17.2 2488 
1999/11/19 17.4 17.8 17.1 17.2 2981 
1999/11/26 17.3 18.2 16.5 17.1 2237 
1999/12/03 17.3 20 17 18.9 5891 
1999/12/10 18.9 19 17.7 17.7 2565 
1999/12/17 17.7 19.1 17.3 18 4937 
1999/12/24 18 19.2 18 19.1 3264 
1999/12/31 19.2 19.9 19 19.3 2881 
2000/01/07 19.2 21.6 18.5 21.6 5339 
2000/01/14 23.1 26.7 22.4 26.7 33050 
2000/01/21 27.1 27.5 25.1 27 20220 
2000/01/28 27.1 28.6 25.5 28 24613 
2000/02/04 27.9 28.5 27.5 28.3 6546 
2000/02/11 28.8 29.9 27.5 28.5 8193 
2000/02/18 28 29.8 24.9 26.1 32019 
2000/02/25 26.1 26.8 22.6 22.6 12103 
2000/03/03 22.6 25.5 22.6 23.7 8242 
2000/03/10 23.7 23.9 22.5 22.6 3958 
2000/03/17 21.8 21.8 18.4 19.1 5992 
2000/03/24 18.5 22.8 17.9 21.8 8893 
2000/03/31 21.3 22.5 21.2 21.4 5587 
2000/04/07 21.6 22.5 21.4 21.8 4009 
2000/04/14 21.8 22 18.9 19.1 4794 
2000/04/21 19.5 20.1 18.8 19 2314 
2000/04/28 19 19.1 17.6 18.2 3045 
2000/05/05 18.5 18.5 17.5 18.1 1420 
2000/05/12 18.1 18.8 18 18.1 2386 
2000/05/19 18.3 20.3 18 18.5 5300 
2000/05/26 18.5 18.9 18.2 18.4 1359 
2000/06/02 18.7 19.4 18.3 18.6 2485 
2000/06/09 18.8 18.8 18.3 18.7 1569 
2000/06/16 18.8 18.8 18 18.1 2395 
2000/06/23 18.1 19 18 19 1721 
2000/06/30 19.2 19.9 17.1 17.8 4401 
2000/07/07 17.9 18.2 17.4 18.1 1879 
2000/07/14 18 18 17 17.7 1327 
2000/07/21 17.8 17.8 17.1 17.6 977 
2000/07/28 17.6 18 17 17.8 1762 
2000/08/04 17.8 17.9 17 17.5 1971 
2000/08/11 17.5 17.5 17 17.2 1496 
2000/08/18 17.3 17.7 17 17.6 3220 
2000/08/25 17.7 17.7 17.4 17.5 1415 
2000/09/01 17.5 17.5 16.5 16.9 5036 
2000/09/08 16.9 17.4 16.8 16.9 9088 
2000/09/15 17.1 18.7 16.8 17.7 6233 
2000/09/22 17.2 17.4 13.35 14.2 7172 
2000/09/29 14.1 14.5 14 14.3 8084 
2000/10/06 14.35 15.5 13.3 15.4 6994 
2000/10/13 15.4 16.4 15.2 15.8 5060 
2000/10/20 16.2 16.3 14.3 15.2 2974 
2000/10/27 15.2 15.5 14.7 14.8 2149 
2000/11/03 14.3 14.6 13.9 14.1 1319 
2000/11/10 14.1 14.6 13.9 14.4 1145 
2000/11/17 14.3 14.3 13.6 13.75 2389 
2000/11/24 13.7 14 13.4 13.8 2558 
2000/12/01 13.8 13.8 13.45 13.65 1036 
2000/12/08 13.65 14 13.55 13.9 1710 
2000/12/15 13.9 14.3 13.85 14.25 2241 
2000/12/22 14.25 14.3 14 14.15 2102 
2000/12/29 14.15 14.15 13.9 14.1 925 
2001/01/05 14.05 14.6 14.05 14.25 1959 
2001/01/12 14.25 15 14.1 14.5 2235 
2001/01/19 14.45 14.65 14.05 14.3 2067 
2001/02/02 14.25 14.9 14 14.6 2262 
2001/02/09 14.7 15.5 14.1 14.2 3379 
2001/02/16 14.15 14.4 14.05 14.15 2496 
2001/02/23 14.1 15.6 14.05 14.9 8747 
2001/03/02 14.9 16.4 14.9 15 9630 
2001/03/09 15 15.2 14.3 14.4 3615 
2001/03/16 14.45 15.7 14.4 14.95 9012 
2001/03/23 14.85 15.1 14.4 14.85 3478 
2001/03/30 15 15.4 14.6 14.6 3416 
2001/04/06 14.6 15.1 14.4 15 2991 
2001/04/13 15.1 16.9 15.1 16.6 23913 
2001/04/20 16.7 17.3 14.7 14.85 23215 
2001/04/27 15 15.1 14.3 14.65 6346 
2001/05/04 14.55 14.6 13.7 13.9 3294 
2001/05/11 13.8 13.85 13.5 13.6 3615 
2001/05/18 13.6 14.3 13.5 13.9 3168 
2001/05/25 14.5 14.5 13 13.3 7865 
2001/06/01 13.3 13.4 13.2 13.25 1892 
2001/06/08 13.25 14.05 13.2 13.6 4201 
2001/06/15 13.6 13.65 13.3 13.45 1739 
2001/06/22 13.45 13.6 13.3 13.45 1289 
2001/06/29 13.45 13.45 13.25 13.25 1615 
2001/07/06 13.25 13.25 13.2 13.25 1681 
2001/07/13 13.25 13.8 13.2 13.3 1654 
2001/07/20 13.3 13.8 13.1 13.35 1674 
2001/07/27 13.35 13.6 13.3 13.55 1249 
2001/08/03 13.6 14.2 13.4 14.05 2153 
2001/08/10 14.1 14.35 13.6 13.8 2038 
2001/08/17 14 14.8 13.8 14.25 3193 
2001/08/24 13.9 14.15 13.7 13.75 1236 
2001/08/31 13.75 14.6 13.7 14.35 4863 
2001/09/07 14.5 14.5 13.8 13.9 4791 
2001/09/14 13.8 14 12.25 12.5 1629 
2001/09/21 12.3 12.9 12.1 12.8 916 
2001/09/28 12.8 13.5 12.6 13.2 1391 
2001/10/05 13.2 13.2 12.8 13 665 
2001/10/12 12.9 13.1 12.5 12.6 2145 
2001/10/19 12.5 12.8 12.4 12.75 1217 
2001/10/26 12.8 12.9 12.65 12.85 838 
2001/11/02 12.95 12.95 12.8 12.9 874 
2001/11/09 12.9 13.2 12.7 13.2 1299 
2001/11/16 13.1 13.7 13.1 13.6 1178 
2001/11/23 13.6 13.9 13.1 13.3 1131 
2001/11/30 13.3 13.9 13.1 13.75 937 
2001/12/07 13.8 13.9 13.45 13.8 1560 
2001/12/14 13.8 15.3 13.8 14.7 10104 
2001/12/21 14.8 16.9 14.3 14.6 10900 
2001/12/28 14.7 15 14 14.2 1563 
2002/01/04 14.4 14.9 14.1 14.4 1501 
2002/01/11 14.5 15.3 14.3 14.6 4275 
2002/01/18 14.7 14.8 13.9 14.4 1612 
2002/01/25 14.5 14.7 14.1 14.3 1873 
2002/02/01 14.4 14.7 14.15 14.35 2945 
2002/02/08 14.35 14.5 14 14.25 1712 
2002/02/22 14.4 15.5 14.2 14.3 9562 
2002/03/01 14.35 14.7 14.1 14.45 2777 
2002/03/08 14.5 15.4 14.2 14.9 5065 
2002/03/15 15 16.5 14.7 16.1 9074 
2002/03/22 16.2 18.9 15.8 18.9 8740 
2002/03/29 18.9 19.2 17.7 18 6611 
2002/04/05 18.4 18.7 17.5 17.8 5979 
2002/04/12 18.5 19.3 15.9 19 12225 
2002/04/19 20 25.1 19.4 23.8 35290 
2002/04/26 23.1 24 21.4 22.5 7708 
2002/05/03 22.5 23 19.2 19.8 4314 
2002/05/10 19.8 21.2 17.5 21.2 15042 
2002/05/17 21.5 21.9 19.8 20.7 17014 
2002/05/24 21 21 19 20 3411 
2002/05/31 20 22.4 20 21.6 9231 
2002/06/07 21.9 21.9 19.6 21.1 4469 
2002/06/14 21.2 24.9 20 24.5 35678 
2002/06/21 24.8 27.4 23.8 26 48515 
2002/06/28 26 26.4 20.5 21.5 23305 
2002/07/05 21.8 26.2 21.5 24.9 30407 
2002/07/12 24.8 25.7 21.8 23.5 18519 
2002/07/19 23.8 24 21.7 22.4 13296 
2002/07/26 22 23.2 21.5 22.4 9840 
2002/08/02 22.7 24.6 22.5 24.5 21072 
2002/08/09 23.3 23.5 21.3 22.6 7390 
2002/08/16 22 22.8 21.6 22 11610 
2002/08/23 21.9 24.2 21.9 23 13823 
2002/08/30 23.2 23.9 22.2 23.3 6283 
2002/09/06 23.5 24 22.8 23.2 7658 
2002/09/13 23.5 24.4 22.7 23.1 7706 
2002/09/20 23 25.4 22.5 25.4 11614 
2002/09/27 25.6 26.8 24 25.2 11487 
2002/10/04 24.8 26.1 24 25.4 9938 
2002/10/11 24.8 25.4 23.9 24.7 5161 
2002/10/18 25 26.6 24 26.6 17581 
2002/10/25 26.6 28 26.1 26.5 13092 
2002/11/01 26.8 28.8 26.5 26.7 17334 
2002/11/08 27 28.6 26.1 28.6 15696 
2002/11/15 28.7 29.7 27.6 29 27588 
2002/11/22 29.2 29.3 26.1 26.7 8908 
2002/11/29 26.8 27.9 25.3 26.5 8129 
2002/12/06 26.8 29.5 25.3 29 17879 
2002/12/13 29.5 30.8 27.7 28.5 21000 
2002/12/20 28.1 33 27.8 31.5 33340 
2002/12/27 31.9 33.5 29.9 30.4 27844 
2003/01/03 30 33.3 29.9 31.3 14650 
2003/01/10 32 35.4 31.5 33.4 24220 
2003/01/17 33.8 34.6 32.1 33.6 22557 
2003/01/24 34.2 38.4 34.2 35 41455 
2003/01/31 35.8 37.3 34.9 36.7 9438 
2003/02/07 36.7 41 36.2 38.9 17913 
2003/02/14 38.7 38.8 36.3 38 20393 
2003/02/21 39.6 40.5 36.3 36.6 15541 
2003/02/28 36.6 37.9 34.5 37.3 15540 
2003/03/07 37.6 40.5 36.7 37.6 20837 
2003/03/14 37.6 40.3 36.8 38.6 8899 
2003/03/21 38.6 40.1 37.8 38.9 11563 
2003/03/28 39.2 40.8 38.2 40.6 11104 
2003/04/04 40.6 46.4 40 45.9 16759 
2003/04/11 45.9 46 43.2 45 19328 
2003/04/18 44.5 44.6 42.5 43.2 5535 
2003/04/25 43 43.8 37.6 37.6 10748 
2003/05/02 37 43 36.8 42.1 12723 
2003/05/09 42.5 45 41.6 43.5 5059 
2003/05/16 43.5 45.5 43.5 44.9 4252 
2003/05/23 45.4 45.7 43.2 45.5 4489 
2003/05/30 45.5 46.9 44.5 45.4 3894 
2003/06/06 45.4 45.9 44.3 45 4097 
2003/06/13 43.5 44.3 42 43.8 12099 
2003/06/20 43.6 44 43 43.1 4989 
2003/06/27 43.1 43.5 41.9 42.5 1796 
2003/07/04 42.5 44.7 42.4 43.2 3413 
2003/07/11 43.6 43.6 42 43.1 3554 
2003/07/18 43.1 44.9 42.5 43.5 4037 
2003/07/25 43.5 47 43.3 46.9 6062 
2003/08/01 46.9 51.5 46.9 50.5 7968 
2003/08/08 48.6 49.3 45.5 46.5 3864 
2003/08/15 46.5 46.7 43.5 44 8032 
2003/08/22 44.4 46.5 44.3 45 4302 
2003/08/29 45.5 45.5 43.1 43.6 2232 
2003/09/05 44.2 44.2 38.8 39.5 8348 
2003/09/12 39.5 40 36.6 39.9 8693 
2003/09/19 42.6 46 42.6 45 12847 
2003/09/26 45 45.4 43.5 44.2 2382 
2003/10/03 44.4 45.7 44 45.7 5423 
2003/10/10 46 48.5 45.9 46.7 3902 
2003/10/17 46.7 51 46 51 9695 
2003/10/24 51.5 62 51.5 57 10892 
2003/10/31 53.5 55.5 50.5 51.5 5775 
2003/11/07 51.5 55.5 50.5 53.5 7197 
2003/11/14 53 56.5 53 56.5 4411 
2003/11/21 57 58 53 56 9068 
2003/11/28 55 57 53.5 54 4831 
2003/12/05 54 54.5 53 54.5 3649 
2003/12/12 54.5 54.5 52.5 53 1907 
2003/12/19 54 54 50.5 51.5 1892 
2003/12/26 51.5 52.5 50.5 50.5 1017 
2004/01/02 50.5 53.5 50.5 52.5 1287 
2004/01/09 53.5 53.5 50.5 51 3042 
2004/01/16 51.5 54.5 50.5 51 5974 
2004/01/30 52 52 48.1 48.7 5613 
2004/02/06 49.3 56.5 49.2 55 18126 
2004/02/13 55.5 56 52.5 52.5 6337 
2004/02/20 52.5 56.5 52 54 8702 
2004/02/27 54 58.5 53.5 57 6739 
2004/03/05 57 57.5 54 57 3772 
2004/03/12 57.5 59.5 56 57 4265 
2004/03/19 57 60 56 58.5 5216 
2004/03/26 55 56 51 55 4650 
2004/04/02 56.5 58.5 55.5 56.5 3372 
2004/04/09 57.5 58.5 55 57 3479 
2004/04/16 57 59 56.5 58 4708 
2004/04/23 60 60 56 58 1477 
2004/04/30 58 60 53.5 53.5 4197 
2004/05/07 53.5 54.5 51 54 1006 
2004/05/14 54 54 51.5 52 998 
2004/05/21 52 54 46.3 53.5 3414 
2004/05/28 54 58 54 56.5 2368 
2004/06/04 56.5 57.5 53.5 54.5 502 
2004/06/11 55 56 54.5 54.5 784 
2004/06/18 54.5 55 53.5 54 1397 
2004/06/25 54.5 55 52.5 53.5 705 
2004/07/02 53 54.5 52 52 1016 
2004/07/09 52.5 54.5 52 52.5 1182 
2004/07/16 53.5 56.5 52 55.5 1047 
2004/07/23 55 58 54 54.5 1472 
2004/07/30 53.5 54.5 53 53.5 1185 
2004/08/06 53.5 53.5 50 50 946 
2004/08/13 50 51 50 50.5 226 
2004/08/20 50.5 51.5 49.6 49.9 1137 
2004/08/27 49.9 51 49 49.8 4973 
2004/09/03 50 50.5 47.3 48.2 3179 
2004/09/10 48 50.5 47 49.9 1936 
2004/09/17 50.5 51.5 49.2 51 2233 
2004/09/24 51.5 53.5 51 52.5 1630 
2004/10/01 52 53 50 50.5 2319 
2004/10/08 51 51 49.2 50 3181 
2004/10/15 50.5 50.5 48 48.4 2819 
2004/10/22 47.5 49.5 46.7 46.8 1997 
2004/10/29 46.3 46.3 40.6 41.7 5633 
2004/11/05 41.7 50.5 41 50.5 8227 
2004/11/12 50.5 50.5 47 47.5 3713 
2004/11/19 47.5 48.4 46.4 47 2913 
2004/11/26 47.5 49.7 46.7 48.2 815 
2004/12/03 48.5 48.9 47.5 48 1403 
2004/12/10 46.5 50 46.5 49.3 1521 
2004/12/17 49.7 49.8 48 48.4 835 
2004/12/24 48.6 48.9 47.7 48.6 815 
2004/12/31 48.1 49.2 47.1 48.9 333 
2005/01/07 48.9 49 47.8 48.9 885 
2005/01/14 49.4 50.5 48.5 49.1 1699 
2005/01/21 49.1 49.9 45.2 47.3 1453 
2005/01/28 47.5 48.6 45.7 45.8 1558 
2005/02/04 46 46.4 44.5 44.7 1526 
2005/02/18 44.7 47.2 44.7 46.5 2803 
2005/02/25 47 48.7 46.6 47.7 3787 
2005/03/04 47.1 48 45.6 46.2 1949 
2005/03/11 46.3 46.4 44.6 44.9 1920 
2005/03/18 44.9 45.5 42.3 42.7 1770 
2005/03/25 42.5 43.1 41.5 42.5 3351 
2005/04/01 42.55 43.4 41.5 42.35 2968 
2005/04/08 42.35 45.3 42.35 43.95 1594 
2005/04/15 44 44.5 43 43.65 816 
2005/04/22 43.5 43.5 41.8 42.5 1127 
2005/04/29 42.3 42.8 41.15 42.5 2906 
2005/05/06 42.5 43.8 42 42.2 1293 
2005/05/13 42 42.3 38.1 38.2 2380 
2005/05/20 38.2 44.7 38.2 44.7 6166 
2005/05/27 44.7 47.4 43.9 44.5 3655 
2005/06/03 44.3 45.7 43.1 44.5 1624 
2005/06/10 44.8 48.9 44.1 46.85 2459 
2005/06/17 47 48.7 46 47.15 2060 
2005/06/24 47.5 48.45 45.8 46 1260 
2005/07/01 44.6 47 42.8 44.3 4489 
2005/07/08 44.3 46 43.5 45.5 2573 
2005/07/15 45.4 45.5 40.3 41.95 3831 
2005/07/22 42 46.7 41.95 46.7 5310 
2005/07/29 46.7 46.7 42.6 44.5 2992 
2005/08/05 44.1 44.7 41.1 42 3522 
2005/08/12 41 41.6 39.7 39.7 3150 
2005/08/19 39.7 41.45 39.7 41.2 1810 
2005/08/26 41.85 48.6 41.85 46.7 16456 
2005/09/02 45.9 47.6 42.5 43.2 2527 
2005/09/09 43 44.2 42 43.1 3636 
2005/09/16 43.3 44.2 38.5 39.25 4032 
2005/09/23 40.8 41.1 39.45 40 1896 
2005/09/30 40 40.6 38.8 39.8 4571 
2005/10/07 39.5 40.3 39 39 5146 
2005/10/14 39.3 45.2 39 44.8 12995 
2005/10/21 44.8 44.95 40.1 40.8 7474 
2005/10/28 41.2 43.2 40.1 42 5716 
2005/11/04 41.6 42.2 40.3 40.4 3457 
2005/11/11 40.1 41.4 39.8 40.95 2947 
2005/11/18 41 41.15 39 39.6 8705 
2005/11/25 41.8 41.8 39.2 39.3 3828 
2005/12/02 39.3 40.4 39.2 40 3028 
2005/12/09 40.6 40.9 38.7 39.5 3942 
2005/12/16 39.5 40.5 38.95 39.5 4070 
2005/12/23 39.6 42.3 39.6 41.2 8556 
2005/12/30 41.35 41.5 40 40.05 1797 
2006/01/06 40 40.5 39.05 39.4 4178 
2006/01/13 39.4 40.25 39.1 39.4 5732 
2006/01/20 39.5 39.5 34.4 35.2 8979 
2006/01/27 35.2 39.1 35 37.7 5687 
2006/02/03 38.2 38.4 37.1 37.4 524 
2006/02/10 37.4 38.2 36.6 37.8 4144 
2006/02/17 38.2 39.7 37 39.6 4720 
2006/02/24 39.6 39.9 37.4 37.9 3326 
2006/03/03 37.8 38.5 37.2 37.25 914 
2006/03/10 37.25 39.2 34.9 38.5 7321 
2006/03/17 38.7 38.8 36 36.5 6932 
2006/03/24 37 40.35 36.65 40.05 8479 
2006/03/31 40.1 41.3 38.8 40.95 5357 
2006/04/07 41.5 41.5 40.5 40.5 2703 
2006/04/14 40.5 41.3 40.15 40.95 1179 
2006/04/21 41.3 45.8 41 42.8 9388 
2006/04/28 42.5 43 40 40.5 4134 
2006/05/05 40.5 41.3 39.65 40 3304 
2006/05/12 40.1 40.4 36.4 37.95 5729 
2006/05/19 38 39.4 34.55 35.1 9885 
2006/05/26 35.8 35.95 35.1 35.95 3745 
2006/06/02 36.1 37.9 35.6 36.95 3250 
2006/06/09 37.4 37.4 31 32.4 2383 
2006/06/16 32.4 32.5 31.05 31.6 1644 
2006/06/23 32 32.15 29.6 29.8 2106 
2006/06/30 29.8 31.5 29.8 30.5 4376 
2006/07/07 30.5 31.6 30.5 30.6 3021 
2006/07/14 30.65 30.65 28.3 28.75 2760 
2006/07/21 28.5 28.65 27.15 28.2 1324 
2006/07/28 28 28.7 27.7 28.55 2376 
2006/08/04 27.4 27.5 24.4 24.7 5253 
2006/08/11 24.85 24.85 24.4 24.6 1273 
2006/08/18 24.6 27.15 24.55 26.25 4930 
2006/08/25 25.8 26 23.4 23.55 4059 
2006/09/01 23.6 23.6 20.5 20.75 6518 
2006/09/08 20.5 20.8 19.55 19.8 13008 
2006/09/15 19.8 20.25 19.3 19.85 4599 
2006/09/22 20.05 24.3 20 24.3 27370 
2006/09/29 25.4 26.9 24.2 24.3 25780 
2006/10/06 24.3 26.75 24.3 26.15 21434 
2006/10/13 26 27.35 25.9 26.7 18622 
2006/10/20 27.2 28.15 25.4 25.6 26286 
2006/10/27 25.6 26.4 24.6 24.65 10559 
2006/11/03 24.6 25.65 23.9 25.35 12059 
2006/11/10 24.5 25.15 24.25 24.4 9202 
2006/11/17 24.6 26.4 24.6 25.65 13952 
2006/11/24 25.65 26.8 25.1 25.2 14062 
2006/12/01 25.2 27.4 25 26.2 46599 
2006/12/08 26.2 28.05 25.8 26.2 24255 
2006/12/15 26.5 26.55 23.15 24.6 30081 
2006/12/22 24.9 26.2 24.8 25.55 31015 
2006/12/29 25.75 26.55 24.65 25.05 25655 
2007/01/05 25.2 26.4 25.15 26 25888 
2007/01/12 25.85 27.45 25.5 27.45 33122 
2007/01/19 27.5 29.4 26.8 28.8 45300 
2007/01/26 28.8 29.55 27.6 27.7 23019 
2007/02/02 27.4 28.2 27 27.1 9415 
2007/02/09 27.2 28.15 26.95 27.7 7987 
2007/02/16 27.6 27.8 26.8 26.95 5998 
2007/03/02 27.95 33.3 27.7 32 65588 
2007/03/09 32 33.9 29.6 32 41326 
2007/03/16 32.15 32.7 31 31.4 24055 
2007/03/23 31.6 33.6 31.05 32.7 20846 
2007/03/30 33.2 33.4 31.45 31.8 19524 
2007/04/06 32.1 33.5 31.9 32.05 16729 
2007/04/13 32.05 35.5 32.05 33.9 38112 
2007/04/20 34 34.35 32.85 33 10075 
2007/04/27 33.5 33.5 29.7 29.75 16052 
2007/05/04 30 30.4 28 29.85 12997 
2007/05/11 30.1 30.6 28.45 28.65 13054 
2007/05/18 28.6 30 27.8 29.9 19414 
2007/05/25 30.3 31.3 29.5 29.6 15820 
2007/06/01 29.6 32.4 29.5 31.75 21777 
2007/06/08 32.1 32.8 31.5 32.05 19102 
2007/06/15 32.8 33.6 31.55 31.6 13696 
2007/06/22 32.05 34.9 32 33.8 13214 
2007/06/29 34.7 35.2 33 33.4 19367 
2007/07/06 33.45 36.1 33.45 34.7 25422 
2007/07/13 34.95 36.45 34.85 35.3 15065 
2007/07/20 35.6 37.45 35.05 35.8 18970 
2007/07/27 36.45 39.2 35 35.3 16013 
2007/08/03 35.3 37.45 33.65 36.1 28077 
2007/08/10 35.6 39.7 35.6 38.5 19406 
2007/08/17 38.7 40.8 34.6 35 21889 
2007/08/24 37.45 37.9 35.85 36.5 9769 
2007/08/31 37.2 38.95 35.8 38.95 10470 
2007/09/07 38.95 42 38.15 38.6 25961 
2007/09/14 37.9 39.5 37.4 38.5 10232 
2007/09/21 38.5 39.5 37.9 38.9 7939 
2007/09/28 39.2 39.5 37.7 38 14742 
2007/10/05 38 39.2 36.3 36.55 11015 
2007/10/12 37 37.4 35.1 36.8 7581 
2007/10/19 37.05 37.2 33.7 34.3 12267 
2007/10/26 33 34.3 32.7 33.5 11320 
2007/11/02 33.8 34.35 32.1 32.2 13726 
2007/11/09 33 33 28 29 12244 
2007/11/16 28.3 31.1 26.65 31 12193 
2007/11/23 31 31.55 28.1 28.2 3886 
2007/11/30 28.2 28.85 27.15 28.75 4663 
2007/12/07 29.6 29.95 29 29.6 4855 
2007/12/14 29.5 29.5 26.05 26.6 5782 
2007/12/21 26.5 27 23.55 25.8 8092 
2007/12/28 26.1 26.8 26 26.45 2702 
2008/01/04 26.6 27.5 26.4 27 4363 
2008/01/11 26.8 28 26.2 27.5 3481 
2008/01/18 28.5 30.1 27.4 28.95 6565 
2008/01/25 28.8 29.15 24.6 26.7 6092 
2008/02/01 26.7 28.35 25.45 27.55 6114 
2008/02/15 27.55 30.6 27.55 30 6719 
2008/02/22 30.5 31.4 28.2 28.6 9907 
2008/02/29 28.8 29.7 28.5 29.1 6369 
2008/03/07 29 31.4 28.65 29.3 14874 
2008/03/14 29.1 29.3 27 27.2 6076 
2008/03/21 27.15 28.35 26 28.3 6672 
2008/03/28 30 30 27.2 27.5 23267 
2008/04/04 27.8 29.3 27.5 29.2 13965 
2008/04/11 29.5 29.5 28.05 28.2 9681 
2008/04/18 28.2 29.1 27.6 28.5 12711 
2008/04/25 28.7 30.5 28.2 29.6 15557 
2008/05/02 30 30.35 28.5 29.1 7459 
2008/05/09 29 29.1 27.75 28.5 6065 
2008/05/16 28.4 28.75 28.05 28.35 4432 
2008/05/23 28.4 28.4 27.1 27.9 9873 
2008/05/30 28 28.1 25.4 25.45 6873 
2008/06/06 25.5 26.5 25.2 25.9 3365 
2008/06/13 25.2 25.55 22.5 22.95 4905 
2008/06/20 23.15 23.3 22.2 22.2 3150 
2008/06/27 22.2 23 21.15 21.15 4553 
2008/07/04 21.2 22.6 20.5 22.2 4840 
2008/07/11 22.2 23.5 21.2 22.9 4563 
2008/07/18 22.9 23 20.7 20.7 5703 
2008/07/25 21 23.3 21 22.9 4512 
2008/08/01 22.6 22.9 21.9 22.6 3106 
2008/08/08 22.85 23.2 22.4 22.95 3025 
2008/08/15 23.2 24.7 21.85 22.2 6445 
2008/08/22 22.8 23.45 21.5 21.5 3507 
2008/08/29 22 22.8 21.65 22.4 1702 
2008/09/05 22.5 22.5 18.15 18.65 5412 
2008/09/12 19.5 19.85 18.6 19.7 1748 
2008/09/19 19.65 19.65 16.2 16.85 5286 
2008/09/26 17 17.45 16.3 16.8 4140 
2008/10/03 15.65 16.8 15.65 16.7 3514 
2008/10/10 16.7 17.35 15.2 15.6 3925 
2008/10/17 15.1 16.45 14.85 15 3648 
2008/10/24 14.55 14.9 13.15 13.15 3150 
2008/10/31 12.25 13.15 11.3 13.15 10216 
2008/11/07 13.3 13.8 12.4 13 7839 
2008/11/14 13 13.1 11.15 11.4 5276 
2008/11/21 11.1 11.35 9.3 9.97 9024 
2008/11/28 9.99 11.1 9.85 11 4616 
2008/12/05 11 11.05 10.05 10.35 4775 
2008/12/12 10.35 11.3 10.3 10.75 10537 
2008/12/19 11.05 12.55 10.7 12 13503 
2008/12/26 12 12.1 10.55 11.4 5599 
2009/01/02 11.4 11.5 10.85 11.3 1611 
2009/01/09 11.5 11.95 11.25 11.45 8279 
2009/01/16 11.55 12.2 11.4 11.6 2297 
2009/01/23 11.75 12.1 11.65 11.95 2845 
2009/02/06 12.15 13.9 11.95 13.55 8874 
2009/02/13 13.9 13.9 12.25 13.5 8891 
2009/02/20 13.9 15.35 13.85 14.1 28311 
2009/02/27 14.2 15.45 13.9 15 18078 
2009/03/06 15 17.7 13.6 17.7 21690 
2009/03/13 17.7 18.55 16.9 16.95 25727 
2009/03/20 16.95 18.4 16.45 17.65 31805 
2009/03/27 17.65 19.4 17.3 19 18631 
2009/04/03 19 20.55 18.4 20.55 26861 
2009/04/10 21.2 26.4 20.8 24.95 42854 
2009/04/17 25 26.2 23.95 24.1 28455 
2009/04/24 24.1 30.35 22.5 28.8 36072 
2009/05/01 28.8 29.75 26.1 28.95 19656 
2009/05/08 29.2 34.3 29.1 34 31038 
2009/05/15 34.45 36.9 32.5 35.4 26166 
2009/05/22 32.95 37.45 32.95 35.55 28072 
2009/05/29 35.6 36 33.5 34.55 7114 
2009/06/05 35 35.3 27.8 30.85 37241 
2009/06/12 31 31.75 27.3 30.6 27951 
2009/06/19 30.75 31.2 26.1 27.35 33503 
2009/06/26 27.5 30.5 26.8 29.7 21096 
2009/07/03 30.4 33.9 29.45 32.8 34468 
2009/07/10 32.8 33.8 31 32.75 25084 
2009/07/17 32.2 36.45 29.5 36.1 48548 
2009/07/24 36.3 37.35 34.3 34.35 19853 
2009/07/31 35.3 39.3 35 37 31099 
2009/08/07 37.2 38.5 33.5 34.65 10746 
2009/08/14 35.3 38.9 34.7 36.45 14623 
2009/08/21 36.35 37.3 34.3 34.5 14415 
2009/08/28 34.4 40.8 34.1 40.7 28610 
2009/09/04 40.8 44.6 40.5 44 17877 
2009/09/11 44.3 46.3 41 42.9 11873 
2009/09/18 42.6 44.7 41.8 44 16005 
2009/09/25 44.1 45.3 42.7 43.3 13762 
2009/10/02 43.1 48.2 41.65 46.9 20673 
2009/10/09 47.2 51.1 46.3 48.7 14787 
2009/10/16 48.9 52 48.9 50.2 19541 
2009/10/23 50.1 51.7 48.8 50.1 10818 
2009/10/30 50 51 44.4 46.7 8651 
2009/11/06 45.2 55.7 45.2 53 33210 
2009/11/13 54 55.1 53 54.7 16491 
2009/11/20 54.7 58.8 54.7 55 27416 
2009/11/27 55.3 58 53.7 54 18389 
2009/12/04 54.5 56.3 53.8 53.8 8036 
2009/12/11 54 61.5 54 60 22588 
2009/12/18 60.5 60.8 56.3 57.2 15013 
2009/12/25 58.5 59.5 57.1 58.2 12467 
2010/01/01 58.8 59.4 57.7 58.8 10509 
2010/01/08 58.8 59 55.5 57.3 21797 
2010/01/15 57.4 57.5 55.5 55.6 12469 
2010/01/22 55.3 55.5 49.9 51.1 27390 
2010/01/29 51.1 51.8 46.3 48.15 13990 
2010/02/05 48.8 50.7 43.45 43.45 16856 
2010/02/12 43 49 41.7 47.25 11784 
2010/02/26 49 51.6 47.5 50.1 16457 
2010/03/05 51 53.9 50.3 52.4 13370 
2010/03/12 53 53.5 51 53.2 9914 
2010/03/19 53.3 58 51.9 57.5 24349 
2010/03/26 57.5 59.6 56.7 57.1 15918 
2010/04/02 57.7 60.5 57.4 59.1 12013 
2010/04/09 60 60 56.5 58.4 13510 
2010/04/16 58.5 59.3 57.5 58.3 10853 
2010/04/23 58 58 54 54.9 12993 
2010/04/30 56.2 59.8 54.8 55.1 18750 
2010/05/07 55.1 55.4 45.3 51.6 28270 
2010/05/14 52 53 50 51.3 12811 
2010/05/21 50.3 51.8 46.5 47.5 11683 
2010/05/28 47.9 51.2 45.1 50 9654 
2010/06/04 50 50.3 46.5 47.4 9346 
2010/06/11 44.45 44.85 40.85 42.8 22335 
2010/06/18 42.9 46.7 42.85 44.85 15130 
2010/06/25 46.4 49.2 45.7 46.9 18402 
2010/07/02 47.2 48.4 44.8 45 7879 
2010/07/09 45.2 47.9 45 47.15 10302 
2010/07/16 47.5 48.85 46.05 48.7 11377 
2010/07/23 48.7 50.4 47.6 50.1 13358 
2010/07/30 50.5 51.4 48.3 49 7908 
2010/08/06 50.5 54.9 50 50.9 21329 
2010/08/13 51.5 53.4 50.9 52.9 13024 
2010/08/20 52.9 53.4 51.3 52.7 12182 
2010/08/27 52.9 56.5 52.5 52.8 17985 
2010/09/03 53 54 49.6 49.8 22005 
2010/09/10 50.3 51.5 46.5 49.1 31290 
2010/09/17 50 52.3 49.7 52.1 19860 
2010/09/24 51.7 52.5 50.3 50.9 8285 
2010/10/01 51.4 54.9 50.7 53.5 13753 
2010/10/08 54.5 55.8 52.5 52.9 19172 
2010/10/15 53.8 53.8 49.9 50 15743 
2010/10/22 50 50.4 45.4 47.35 32635 
2010/10/29 48.45 50.3 48.15 48.65 27677 
2010/11/05 48.7 49.25 47.1 48 9221 
2010/11/12 48.2 49.2 47.1 47.35 10982 
2010/11/19 47.1 47.2 44.9 45 13948 
2010/11/26 45.5 45.6 43 43.3 15651 
2010/12/03 43.5 45.2 42.85 43.85 15206 
2010/12/10 44 44.4 43.4 43.95 9571 
2010/12/17 44.1 48.5 44.1 46.4 33781 
2010/12/24 46.9 47.3 45.8 46.15 9248 
2010/12/31 46.15 46.15 42.9 43 21783 
2011/01/07 43.6 44.3 41.65 41.8 16464 
2011/01/14 41.8 42.6 41.3 41.7 13911 
2011/01/21 41.9 42.95 41.4 41.8 9725 
2011/01/28 41.8 42.6 38.25 38.5 23693 
2011/02/11 38.8 38.9 36.5 38 18287 
2011/02/18 38.5 39.7 37.6 37.95 15687 
2011/02/25 38.3 38.5 36.3 37.25 12659 
2011/03/04 38.4 39.85 37.8 38.5 14552 
2011/03/11 38.8 42.9 38.8 42.85 31739 
2011/03/18 42.85 43 38 41.9 34152 
2011/03/25 41.25 43.3 40.5 42.8 24546 
2011/04/01 42.8 43.75 41.2 42 16096 
2011/04/08 42.75 42.75 41.15 41.75 4370 
2011/04/15 42 42.6 41.1 41.4 6702 
2011/04/22 41.4 42.3 41.25 41.4 11382 
2011/04/29 41.6 42.2 39.85 41.2 18307 
2011/05/06 41 41.85 40 40.5 7711 
2011/05/13 40.5 41 38.7 39.1 8453 
2011/05/20 39 39.2 36.95 37.05 12642 
2011/05/27 36.95 37.9 34.2 37.5 13155 
2011/06/03 37.5 38.4 37 37.4 7404 
2011/06/10 37.05 37.75 36.5 36.5 3429 
2011/06/17 36.5 36.85 34.95 35 7406 
2011/06/24 35.05 35.3 34.2 34.6 3782 
2011/07/01 34.3 36.2 34.2 35.2 5801 
2011/07/08 35.5 40.4 35.45 39.15 28555 
2011/07/15 39.55 40.2 37.1 39 11891 
2011/07/22 39.5 40.8 38.35 39.9 10094 
2011/07/29 40.2 40.85 38.25 38.25 9914 
2011/08/05 38.7 39.45 34.9 34.9 7447 
2011/08/12 33.7 34.7 30.25 33.45 12193 
2011/08/19 33.55 35.75 30.75 30.75 12792 
2011/08/26 31.25 32.4 30.1 30.45 4414 
2011/09/02 31.5 32.65 31 31.85 3837 
2011/09/09 31.6 31.6 28.55 29 7810 
2011/09/16 29 29.4 27.05 29.05 5104 
2011/09/23 29.05 29.9 27.2 28 5168 
2011/09/30 28.3 28.7 27.25 28.15 6063 
2011/10/07 27.5 29.4 27.5 29.2 5594 
2011/10/14 29.8 30.95 29.5 29.7 4802 
2011/10/21 30.3 31.2 28.6 29.3 8903 
2011/10/28 29.6 30.2 28.85 29.3 7748 
2011/11/04 29.35 29.7 28.8 28.95 3805 
2011/11/11 29.3 33.15 29.2 33.15 31149 
2011/11/18 34 35.1 31.5 31.6 18853 
2011/11/25 31.4 31.5 29.3 30 10927 
2011/12/02 30.5 32.35 29.8 31.65 9765 
2011/12/09 31.9 33 30.9 32.55 11231 
2011/12/16 33 33.5 31.2 31.9 7459 
2011/12/23 31.9 34.05 30.7 33.95 12017 
2011/12/30 33.9 34.2 32.5 32.5 9562 
2012/01/06 32.5 33.65 31.55 32.5 9763 
2012/01/13 32.5 34 32 32 7904 
2012/01/20 32.9 34.2 32.1 33.5 8523 
2012/02/03 34.5 36.8 34.05 35.5 20165 
2012/02/10 35.5 37.75 34.65 37.75 16122 
2012/02/17 38.05 38.25 35.6 35.85 22414 
2012/02/24 36.35 37.4 35.6 35.65 10609 
2012/03/02 36.1 37.2 35.9 36.25 6973 
2012/03/09 36.25 36.3 33.2 34.85 8626 
2012/03/16 35 35.45 33.95 34.1 6042 
2012/03/23 34.1 34.3 33.4 33.9 3673 
2012/03/30 34.1 34.1 31 31.4 5669 
2012/04/06 31.3 31.3 28.2 29.8 6296 
2012/04/13 29.3 30.9 29.2 30.7 3522 
2012/04/20 30.4 31 28.9 29.2 5188 
2012/04/27 29.1 29.5 28.8 29.15 2680 
2012/05/04 29.2 31.1 28.6 30.8 3612 
2012/05/11 30.3 30.8 29.05 29.3 2498 
2012/05/18 29.2 29.75 28.1 28.1 3459 
2012/05/25 28.1 28.55 26.8 26.95 3697 
2012/06/01 26.95 29 26.9 27.8 3788 
2012/06/08 27 27.4 25.9 26.9 4354 
2012/06/15 26.9 29.9 26.8 29.9 4040 
2012/06/22 29.8 30.2 29.2 29.3 3694 
2012/06/29 29.4 29.7 28.45 28.8 3479 
2012/07/06 29 29.45 28.6 28.8 3489 
2012/07/13 28.8 28.9 27.75 27.8 2183 
2012/07/20 28.15 28.55 27.7 28.35 2149 
2012/07/27 28.2 29.5 27.85 29.25 5205 
2012/08/03 29.5 29.65 29.05 29.15 3378 
2012/08/10 29.6 30 28.85 30 3862 
2012/08/17 30.2 30.8 28.65 29.3 7811 
2012/08/24 29.3 29.7 28.9 29.5 3104 
2012/08/31 29.7 29.8 28.2 28.5 2824 
2012/09/07 28.6 28.9 28.25 28.5 1830 
2012/09/14 28.5 29.1 28.35 28.95 2426 
2012/09/21 29.1 29.8 28.65 28.8 4214 
2012/09/28 29 29.15 28.5 28.9 2259 
2012/10/05 29 29.8 28.65 28.7 3036 
2012/10/12 28.65 28.7 27 27.25 3335 
2012/10/19 27.25 27.55 26.5 26.5 2468 
2012/10/26 26.1 26.45 24.1 24.2 2810 
2012/11/02 24.2 24.2 22.8 23.35 7521 
2012/11/09 23.3 23.9 22.2 23.75 4718 
2012/11/16 23.85 23.9 22.9 22.9 2637 
2012/11/23 23 23.1 21.9 22.55 2743 
2012/11/30 22.9 24.85 22.75 24.65 5267 
2012/12/07 24.85 25.3 24.25 24.25 8791 
2012/12/14 24.25 25.1 23.85 25 6285 
2012/12/21 25.2 26.45 25.2 25.65 7903 
2012/12/28 25.8 26.5 25.6 26.05 5186 
2013/01/04 26.1 26.4 25.95 26.1 1999 
2013/01/11 26.3 27.45 26.05 26.95 4907 
2013/01/18 27 27.2 25 25.85 4631 
2013/01/25 25.75 26.45 25.5 25.7 2152 
2013/02/01 25.75 26.6 25.75 26.2 2032 
2013/02/08 26.2 26.6 26.2 26.5 1518 
2013/02/22 27 28.35 26.8 27.85 9235 
2013/03/01 27.85 28.2 26.95 27.1 3107 
2013/03/08 27.2 29.05 26.9 28.75 9540 
2013/03/15 29 29 27.6 27.7 7532 
2013/03/22 27.7 27.75 26.9 27.6 3997 
2013/03/29 27.8 27.8 27.1 27.6 2362 
2013/04/05 27.6 28.35 27.5 27.9 2786 
2013/04/12 27.6 29.3 27.1 28.6 6947 
2013/04/19 28.5 31 28.4 30.75 14631 
2013/04/26 30.8 32.5 30.5 30.85 15182 
2013/05/03 31.15 31.7 30.55 31 5243 
2013/05/10 31 33.4 30.65 33 13666 
2013/05/17 33.2 33.8 31.55 33 13383 
2013/05/24 33 33.35 31.45 31.8 7805 
2013/05/31 31.8 34.65 31.65 34.2 11876 
2013/06/07 34 35.75 33.5 34.05 17977 
2013/06/14 34.2 34.9 33.25 33.25 4235 
2013/06/21 33.3 34.8 31.75 32.75 6752 
2013/06/28 33.5 36.3 33.1 35.65 16005 
2013/07/05 35.8 38 35.8 37.9 15496 
2013/07/12 38.35 40.25 37.6 40.15 22901 
2013/07/19 40.15 42.75 39.85 40.85 29832 
2013/07/26 41.4 42.2 40.1 40.25 21442 
2013/08/02 40.1 44.5 39.1 41.7 41546 
2013/08/09 41.7 43.15 41.4 42.25 28216 
2013/08/16 42.55 42.95 40.45 41 20962 
2013/08/23 40.1 41.3 39.4 40.35 13158 
2013/08/30 40.55 41.5 38.75 38.9 16233 
2013/09/06 39 43.8 38.8 43.4 24286 
2013/09/13 43.45 45.6 42.5 44.65 30839 
2013/09/20 44.65 45.5 43.25 43.45 7429 
2013/09/27 43.45 45.8 43 44.05 13066 
2013/10/04 44 45.5 43.55 44.2 9971 
2013/10/11 44.2 47.05 43.2 47.05 14566 
2013/10/18 47.55 50.5 47 48.1 40513 
2013/10/25 48.5 48.5 45.4 45.5 14129 
2013/11/01 45.65 47.5 45.5 46.75 13951 
2013/11/08 46.95 47.2 43.8 45.2 15819 
2013/11/15 45.7 45.7 42.3 43.45 13525 
2013/11/22 43.7 46.1 43.7 44.5 10949 
2013/11/29 44.3 47.65 43.6 46.95 19492 
2013/12/06 47.1 47.95 46.4 47.1 16786 
2013/12/13 47.6 48 45.9 46.35 14624 
2013/12/20 46.35 46.85 44.8 46.3 12474 
2013/12/27 46.55 46.55 44 44.7 15836 
2014/01/03 44.9 45.1 42.05 42.45 18915 
2014/01/10 42.45 43.25 41.1 42.1 26123 
2014/01/17 42.1 43.2 41.1 42.2 16590 
2014/01/24 42.2 43 41.3 41.4 10911 
2014/01/31 41 41.35 40.7 41.1 2181 
2014/02/07 40.6 42.6 40.35 42.2 6507 
2014/02/14 42.85 43.5 42.4 42.65 15237 
2014/02/21 43.2 44.8 42.7 43.6 18923 
2014/02/28 44 44 41.8 42.2 9155 
2014/03/07 42.05 44.6 42 44.35 17984 
2014/03/14 44.7 45.6 43.45 44.9 18059 
2014/03/21 44.9 45.3 42.55 43.2 16670 
2014/03/28 42.5 44.45 41.75 43.45 7948 
2014/04/04 43.6 45.25 43.55 44.8 6941 
2014/04/11 44.3 47.65 43.3 43.8 32316 
2014/04/18 43.8 44.3 42.85 43.4 11678 
2014/04/25 43.45 45.7 41.65 42.5 12601 
2014/05/02 41.8 43.8 41.7 43.3 7088 
2014/05/09 43.75 44.2 41.85 42.05 9184 
2014/05/16 42.3 42.3 40.5 41.4 8191 
2014/05/23 42 42 40.7 41.5 7067 
2014/05/30 41.4 43.3 41.4 42.5 8074 
2014/06/06 42.5 42.6 41.65 41.95 3379 
2014/06/13 42.2 42.7 41.7 42.2 5076 
2014/06/20 42.6 42.6 41.4 42.1 6304 
2014/06/27 42 42 40.3 40.7 7771 
2014/07/04 40.7 41.4 40 40.15 5848 
2014/07/11 40.05 40.25 38.8 38.85 5547 
2014/07/18 39.3 39.3 36 36.35 14732 
2014/07/25 36.4 37.05 35.5 36.15 16108 
2014/08/01 35.3 37.9 35 37.6 25397 
2014/08/08 37.6 37.6 36.2 36.85 9469 
2014/08/15 37.05 38.2 36.35 36.75 7627 
2014/08/22 36.65 38.3 36.65 37.9 6408 
2014/08/29 37.7 38.2 37.4 38 6356 
2014/09/05 38 38 36.1 36.2 6245 
2014/09/12 36.2 36.2 35.1 35.15 6779 
2014/09/19 35.2 35.55 33.05 34.45 16536 
2014/09/26 34.5 34.5 32.85 33.35 7001 
2014/10/03 33.5 33.75 31.9 33.3 6020 
2014/10/10 33.5 33.5 32.3 32.35 2560 
2014/10/17 31.6 32 28.25 29 12285 
2014/10/24 29.6 30.8 28.5 29.2 13351 
2014/10/31 29.3 31 28.25 31 14195 
2014/11/07 31.45 32.8 31.3 32.5 17390 
2014/11/14 32.6 33 31.75 32.1 9372 
2014/11/21 32.35 34 31.6 33.5 13938 
2014/11/28 34 35.35 33.6 33.9 24736 
2014/12/05 33 35.3 33 34.35 15781 
2014/12/12 34.5 35.1 33 34.15 12483 
2014/12/19 33.8 36 33.7 35.4 24551 
2014/12/26 36.5 37.1 36 36.15 20172 
2015/01/02 36.5 36.75 35.65 36.65 9057 
2015/01/09 36.7 38.5 36.2 37.65 22984 
2015/01/16 37.8 38.6 36.65 37 18667 
2015/01/23 37.45 38.3 36.7 37.5 11492 
2015/01/30 37.5 38.75 37.35 37.35 16896 
2015/02/06 37.5 38.3 37.45 37.7 8452 
2015/02/13 37.7 38.2 37.6 37.6 7964 
2015/02/27 37.9 39.5 37.75 39.1 12951 
2015/03/06 39.15 39.5 38.2 38.65 14764 
2015/03/13 38.65 40.6 37.85 38.55 27203 
2015/03/20 38.55 38.65 36.65 37.65 24885 
2015/03/27 37.65 37.7 35.45 35.75 12949 
2015/04/03 35.75 37.35 35.5 36.55 9591 
2015/04/10 36.95 37.45 36.65 36.85 9536 
2015/04/17 37.15 37.15 35.9 36.4 10113 
2015/04/24 36.1 36.85 35.15 36.85 5504 
2015/05/01 37 37.3 36.4 36.4 4432 
2015/05/08 36.2 36.4 34.9 35.55 10102 
2015/05/15 35.7 35.8 33.5 33.7 10752 
2015/05/22 33.7 34.3 32.85 32.85 6756 
2015/05/29 32.85 34.35 32.4 33.55 6599 
2015/06/05 33.55 33.6 30.2 30.6 5506 
2015/06/12 30.25 30.9 28.95 29.1 7478 
2015/06/19 29.1 29.8 28.8 29.6 4976 
2015/06/26 30.4 30.4 29.7 29.75 5159 
2015/07/03 29.6 33.3 29.6 31.2 11636 
2015/07/10 31.1 31.5 29 29.85 4991 
2015/07/17 30.75 32.65 30.2 31.9 10327 
2015/07/24 32.2 32.9 31.45 32.25 9097 
2015/07/31 32.25 34.15 31.5 33.6 10254 
2015/08/07 33.5 33.8 31.85 33 9591 
2015/08/14 33 33.85 31.9 32.6 10961 
2015/08/21 33 33 28.3 28.55 15109 
2015/08/28 28 28.2 25.05 27.3 13999 
2015/09/04 27.3 28.45 27.1 27.8 5118 
2015/09/11 27.8 29.35 27.6 29 5996 
2015/09/18 29.35 30.9 29.05 29.3 13425 
2015/09/25 29.8 33.3 29.35 31.95 25000 
2015/10/02 31.95 35.85 31.1 34.75 25031 
2015/10/09 34.8 35.3 33.65 33.85 23225 
2015/10/16 33.85 35.05 33.5 34.05 17323 
2015/10/23 34.2 36.2 34.1 35.65 20174 
2015/10/30 35.95 36.7 34.65 35.65 14074 
2015/11/06 34.55 36.8 34.55 35.8 12919 
2015/11/13 36 37 34.85 36.3 14213 
2015/11/20 35.8 39.3 35.8 38.75 28372 
2015/11/27 39 40.2 37.6 39.15 25039 
2015/12/04 39.2 40.5 38.6 39.3 19119 
2015/12/11 39.4 39.6 36.5 36.6 17161 
2015/12/18 36.3 39.75 35 39.6 33202 
2015/12/25 39.5 40.4 38.65 39.9 16605 
2016/01/01 40.1 41.95 39.2 40.5 28108 
2016/01/08 40.5 40.7 37.85 39.7 17213 
2016/01/15 39.6 44.3 38.5 42.2 45937 
2016/01/22 42.1 46.15 42.05 45.4 45547 
2016/01/29 46.3 47.3 44.75 44.85 36027 
2016/02/05 45 45.25 43.3 44.1 15042 
2016/02/19 44.5 46.85 44.45 45.6 28016 
2016/02/26 46 49.85 45.25 49.5 50106 
2016/03/04 49.5 50 47.1 48 20390 
2016/03/11 48.5 48.5 44.55 46.2 29837 
2016/03/18 46.55 49.3 45.5 47.7 35941 
2016/03/25 48 48.15 45.2 46.6 12523 
2016/04/01 46.5 50.3 45.25 50.1 35181 
2016/04/08 52 54 51.1 53.2 28053 
2016/04/15 52.9 53.2 49.1 50.3 23710 
2016/04/22 50.9 53.5 50.3 51 29694 
2016/04/29 51.4 52.1 48 49.15 20166 
2016/05/06 48.65 49.2 46.25 46.55 14348 
2016/05/13 46.6 49.95 46.25 49.05 19515 
2016/05/20 48 50.3 46.35 46.6 18981 
2016/05/27 46.75 49 45.9 48.1 16071 
2016/06/03 48.65 48.85 47.1 48 14417 
2016/06/10 48.1 48.45 46.2 47.8 8841 
2016/06/17 47.8 50.5 46.75 49.95 16568 
2016/06/24 50.5 51 46.25 47.7 16262 
2016/07/01 47.25 48.9 46.9 48.45 9840 
2016/07/08 48.55 49.8 48.3 49.8 8473 
2016/07/15 49.8 52 48.8 51.6 15563 
2016/07/22 51.1 57.8 50.7 57.2 28971 
2016/07/29 57 59.3 54.9 57.4 21310 
2016/08/05 58 60 56.7 59.8 15922 
2016/08/12 59.4 60.7 58.1 60 14200 
2016/08/19 59.4 62.4 59.3 59.6 12322 
2016/08/26 59.5 61 58.4 60.6 6946 
2016/09/02 61 64.6 60.6 61.6 13826 
2016/09/09 61.8 66.8 61.8 64.4 18287 
2016/09/16 64.4 66.4 62.7 65.1 9922 
2016/09/23 66.4 72.8 66 71.6 21439 
2016/09/30 71.5 76.2 70.5 74.4 12605 
2016/10/07 74.2 75.4 71.7 72 13613 
2016/10/14 72.3 76.8 71.5 73.8 19031 
2016/10/21 74 75.2 72.3 73 10525 
2016/10/28 73.1 74.2 71.1 72 7253 
2016/11/04 72 73.7 66.1 67.9 10205 
2016/11/11 68.5 70.3 61 62.5 17131 
2016/11/18 62.6 66.8 61.9 63.1 12550 
2016/11/25 63.4 68.3 62.9 66.5 9944 
2016/12/02 66.7 68.4 64.4 65.7 8858 
2016/12/09 65.7 68 65 66.3 7987 
2016/12/16 66.4 67.3 63.5 64.1 14246 
2016/12/23 64.1 64.3 58.9 59.3 13985 
2016/12/30 59.6 63.8 59.5 63.5 12243 
2017/01/06 63.7 63.9 62.1 63.5 7963 
2017/01/13 63.4 63.8 56 56.5 28260 
2017/01/20 57.1 59.4 56.4 57.9 22394 
2017/01/27 58.4 58.5 56.6 57.6 6786 
2017/02/03 57.9 58 54.3 56.2 12823 
2017/02/10 56.5 61.6 56.4 60.1 31845 
2017/02/17 60.1 63.5 59.1 61.5 20086 
2017/02/24 61.7 62.6 60.3 61.1 10710 
2017/03/03 61.3 61.9 58.7 59 10171 
2017/03/10 59.1 59.8 56.2 57.3 19930 
2017/03/17 57.6 59.4 56.9 59 16027 
2017/03/24 58.8 59 56.9 57.1 11060 
2017/03/31 57 57 51.6 52.7 21815 
2017/04/07 52.3 53.3 52.3 52.8 3521 
2017/04/14 52.2 54.4 51.4 52 11574 
2017/04/21 52.1 52.2 49.65 50.1 3104 
2017/04/28 50.5 51.2 50.5 50.6 801 
2017/05/05 51.6 51.6 51 51.5 1612 
2017/05/12 52.3 52.7 50.3 51 11348 
2017/05/19 51.4 53.2 51.3 51.6 10234 
2017/05/26 51.8 55.8 50.8 55.3 24030 
2017/06/02 55.9 56.8 54.8 55.7 18861 
2017/06/09 55.5 55.6 53.9 54 6368 
2017/06/16 53.4 53.8 52.5 53.1 9685 
2017/06/23 54.3 54.5 53.3 53.5 9685 
2017/06/30 54 57.6 54 56.5 27555 
2017/07/07 56.9 58 56.9 57.6 6058 
2017/07/14 58.8 60.8 57.8 58.3 16066 
2017/07/21 57 58.4 56.7 58.2 5495 
2017/07/28 58.9 59.2 58.2 59.2 2290 
2017/08/04 56.7 58 55.8 57.4 13096 
2017/08/11 57 58 56.8 57.6 5014 
2017/08/18 55.5 55.5 53.4 54.3 5842 
2017/08/25 54.7 54.7 53.9 54 1988 
2017/09/01 56.5 56.5 55.8 56 2867 
2017/09/08 55.5 56.5 55.4 55.5 1651 
2017/09/15 56.5 58 56.3 57 3160 
2017/09/22 60.8 65.6 60.8 65.6 22749 
2017/09/29 61.7 62.8 59.1 61.1 11436 
2017/10/06 62.6 64.7 62.3 64.4 7830 
2017/10/13 63.7 64 62.2 62.4 4131 
2017/10/20 63 64.2 62.9 64 3826 
2017/10/27 65 66.4 62.7 63 15851 
2017/11/03 63.4 64 61 61 11242 
2017/11/10 61.2 61.6 56.6 58.5 13606 
2017/11/17 58.7 58.7 57.2 57.3 1402 
2017/11/24 59.4 59.4 58.4 58.4 1790 
2017/12/01 58.5 59 57.9 58.8 2915 
2017/12/08 56.7 57.5 55.6 55.7 4455 
2017/12/15 55.4 58.3 55.4 57.6 5171 
2017/12/22 57.8 58.2 56.8 56.9 6515 
2017/12/29 57.4 58.7 57.1 57.6 5518 
2018/01/05 58 58.6 57.4 58.3 5294 
2018/01/12 58.7 60 56 56.2 11430 
2018/01/19 56.3 57.5 54.6 56.9 8146 
2018/01/26 56.6 56.6 54.7 55 11907 
2018/02/02 55 55.2 52.5 53.5 11757 
2018/02/09 52.5 53 50.1 51 8554 
2018/02/16 51.4 51.7 51.3 51.7 1238 
2018/02/23 52.5 53.4 52.3 53.1 3075 
2018/03/02 53.7 53.9 52.2 52.3 3901 
2018/03/09 52.9 53.4 52 53.1 3116 
2018/03/16 53.1 54.4 52.7 53.5 5022 
2018/03/23 53.5 54 51.5 51.9 2845 
2018/03/30 51.4 52.9 51.4 52.2 2993 
2018/04/06 52.2 52.8 51.9 52.8 794 
2018/04/13 52.8 55.3 52.6 54.6 5878 
2018/04/20 55 55.5 53.3 53.4 4426 
2018/04/27 53.8 54.9 52.8 54.1 4794 
2018/05/04 54.2 54.5 52.6 53.4 2672 
2018/05/11 53.5 54.1 50.6 51.1 5628 
2018/05/18 51.5 51.7 50.7 50.9 4038 
2018/05/25 51.3 51.5 50 50.4 6481 
2018/06/01 50.4 51.4 50.2 50.3 4475 
2018/06/08 50.7 52 50.3 51.7 7315 
2018/06/15 51.9 51.9 48.85 49 7796 
2018/06/22 49 49.9 48.7 48.95 3726 
2018/06/29 48.95 49.25 46.2 46.95 6737 
2018/07/06 47.2 47.5 42.25 43 9904 
2018/07/13 43.5 46.1 42.3 44.7 10593 
2018/07/20 45 45.45 42.5 44.75 19878 
2018/07/27 44.75 45.95 43.9 44.3 9260 
2018/08/03 44.35 47.2 43.85 46.3 13819 
2018/08/10 46.35 46.8 45.1 45.85 5950 
2018/08/17 45.85 46.2 44.65 45.5 5197 
2018/08/24 45.6 46.15 43.4 43.5 5037 
2018/08/31 43.5 44.8 43.5 43.85 2629 
2018/09/07 44 44.05 42.35 43 3850 
2018/09/14 43 43 40.4 41.65 4852 
2018/09/21 41.5 43.7 41.4 43.55 5096 
2018/09/28 43.65 43.7 42.2 42.2 4253 
2018/10/05 42 42.6 39.85 40.6 3505 
2018/10/12 40.6 43.05 40 40.75 6012 
2018/10/19 40.65 40.65 34.65 35.75 12860 
2018/10/26 35.65 36.25 33.1 33.5 5190 
2018/11/02 33.55 35.8 32.5 35.65 5844 
2018/11/09 35.25 35.9 34.45 34.75 3617 
2018/11/16 34.8 41.4 33.9 41.4 16374 
2018/11/23 42.4 43.6 39.75 40 11057 
2018/11/30 40.5 42.1 39.25 39.6 7716 
2018/12/07 40.3 41.65 38.6 39.05 8401 
2018/12/14 38.5 38.9 36.8 36.95 5104 
2018/12/21 37 38.2 36.45 37.05 3893 
2018/12/28 37.45 37.55 36.25 36.85 1697 
2019/01/04 37.25 37.35 35.55 36.2 1579 
2019/01/11 36.6 38.55 36.6 38.4 4476 
2019/01/18 38.5 40.2 38.5 39.75 6508 
2019/01/25 39.95 40.1 38.65 39.55 2811 
2019/02/01 39.55 39.6 38.4 38.7 1890 
2019/02/15 39.45 39.55 38 38 4434 
2019/02/22 37.4 38.45 37.4 38.25 6128 
2019/03/01 38.5 39.2 37.8 38.4 5083 
2019/03/08 38.4 41.15 38.1 39.65 13578 
2019/03/15 39.8 40 39.05 39.95 5046 
2019/03/22 40.05 43.5 40.05 41 16296 
2019/03/29 40.45 40.65 39 39.55 6632 
2019/04/05 39.65 40.8 39.65 40.35 3838 
2019/04/12 40.65 41.9 40.5 41 9527 
2019/04/19 42.65 44.7 41.75 44.5 31379 
2019/04/26 45.2 45.6 43.05 43.8 22424 
2019/05/03 44.05 46.2 42.8 45 24454 
2019/05/10 44.5 44.8 41.3 41.8 10483 
2019/05/17 41.8 43.4 39.1 42.85 7043 
2019/05/24 43.7 43.8 42.5 42.8 3684 
2019/05/31 42.9 44.15 42.8 43.7 4532 
2019/06/07 43.6 43.6 42.1 42.1 2445 
2019/06/14 42.15 42.4 40.45 41.7 4685 
2019/06/21 41.7 44.15 41.45 44.1 7820 
2019/06/28 44.3 45.15 43.6 44.9 5409 
2019/07/05 45.05 46.5 44.5 45.85 7636 
2019/07/12 45.5 47.45 44.15 47.05 11219 
2019/07/19 46.95 47.8 45.35 45.75 10537 
2019/07/26 45.75 46.45 44.45 46.15 6210 
2019/08/02 46.15 46.5 43.95 44.8 5721 
2019/08/09 44.95 45.3 42.95 44.3 2679 
2019/08/16 44.3 44.35 41.75 43.65 5567 
2019/08/23 44.15 45.5 43.65 44.95 5199 
2019/08/30 44.5 46.5 44.15 45.4 6185 
2019/09/06 46.25 47.65 45.7 45.9 6151 
2019/09/13 45.9 48.5 45.15 48.3 9376 
2019/09/20 48.25 50.2 47.3 48.55 16062 
2019/09/27 48.5 48.85 46.7 46.9 6768 
2019/10/04 46.95 48.25 46.8 46.95 3871 
2019/10/11 47 47.05 45 45 2838 
2019/10/18 45.5 47.5 44.9 46 10539 
2019/10/25 46 48.45 45.7 47.45 6830 
2019/11/01 47.9 47.9 46.25 46.9 5184 
2019/11/08 46.8 47.45 46.5 46.8 4430 
2019/11/15 46.8 47.4 45.45 46 4196 
2019/11/22 46 46.45 45.1 45.15 3354 
2019/11/29 45.15 45.55 43.8 45.2 7361 
2019/12/06 45.1 45.9 44.25 45.1 6282 
2019/12/13 45.5 47.4 45.2 47.4 9773 
2019/12/20 47 47.4 45.9 47 11209 
2019/12/27 47.2 47.25 46.35 46.9 3069 
2020/01/03 46.5 47.2 46.5 46.5 2889 
2020/01/10 46.5 46.55 45.4 45.6 3778 
2020/01/17 45.8 47.15 45.6 46.5 4493 
2020/01/24 46.5 46.55 46.05 46.15 619 
2020/01/31 44.1 44.1 41.5 42.6 3125 
2020/02/07 41.6 41.9 39.6 40.95 5248 
2020/02/14 40.5 42.3 40.05 42.25 3437 
2020/02/21 42.25 42.25 41.15 41.2 2811 
2020/02/28 40.9 40.9 38.85 38.95 3619 
2020/03/06 38 39.5 38 38.95 4088 
2020/03/13 38.8 38.8 32.05 33.3 8733 
2020/03/20 33.4 33.6 26.15 28.5 13458 
2020/03/27 27.5 32.25 26.6 30.9 12087 
2020/04/03 30 33.6 29.8 32.85 7346 
2020/04/10 33.2 35 32.5 34 10009 
2020/04/17 34.1 34.7 33.5 33.7 9627 
2020/04/24 33.6 34.4 32.6 33.75 6399 
2020/05/01 33.9 35.95 33.65 35.95 7301 
2020/05/08 35.45 35.45 33.9 34.35 8713 
2020/05/15 34.35 37.15 34.35 34.8 12685 
2020/05/22 34.8 38.5 34.8 37.65 12872 
2020/05/29 37.7 38.8 36.5 36.5 7342 
2020/06/05 36.9 41.2 36.85 41.05 11701 
2020/06/12 41.6 42 37 38.7 11847 
2020/06/19 38.8 40.45 37.95 39.55 7754 
2020/06/26 39.6 39.95 37.15 37.5 6538 
2020/07/03 37.3 38.2 36.2 37.5 5947 
2020/07/10 37.5 38.4 36.7 36.75 6890 
2020/07/17 36.9 37.4 36.2 36.4 5057 
2020/07/24 36.65 37.2 35.9 36 2974 
2020/07/31 36 36.4 33.8 34.55 4688 
