1998/12/11 57.5 61.5 53.5 55 4192 
1998/12/18 55.5 59 53.5 57 2932 
1998/12/25 57 58 55 55 1046 
1999/01/01 55 55 51.5 53.5 921 
1999/01/08 53.5 53.5 50 51 619 
1999/01/15 50.5 50.5 47 48 1608 
1999/01/22 47.5 50 46 50 1463 
1999/01/29 49.8 49.8 47.5 49.5 863 
1999/02/05 49.5 49.5 45.3 47.5 796 
1999/02/12 49.9 49.9 44.1 44.7 494 
1999/02/19 46 46.4 45.1 46.4 95 
1999/02/26 46 46.4 43.8 44.6 273 
1999/03/05 44 45.4 42.6 43.8 311 
1999/03/12 44.1 48.4 43.5 47.3 1165 
1999/03/19 47.3 48.2 45.3 47 436 
1999/03/26 47 52.5 47 51 1897 
1999/04/02 50 50.5 48 49.8 581 
1999/04/09 49.7 50.5 48.2 50 440 
1999/04/16 50 56.5 50 51 6071 
1999/04/23 51 51.5 48.3 48.8 1259 
1999/04/30 49.2 49.2 46.5 47.5 1134 
1999/05/07 46.2 49.5 44.3 48 1391 
1999/05/14 48 49.5 45 45.8 1850 
1999/05/21 45.2 49.2 45.2 46.8 1833 
1999/05/28 47 50.5 46.9 48.6 3959 
1999/06/04 48.7 49.3 44.6 47.1 1523 
1999/06/11 47.1 48.3 46 48.3 1216 
1999/06/18 48.1 49 46.5 48.4 1127 
1999/06/25 48.5 59.5 48.5 57.5 10290 
1999/07/02 57.5 63.5 55 63.5 5305 
1999/07/09 64 68 60.5 62.5 10212 
1999/07/16 61.5 62 47.5 54 6580 
1999/07/23 52 53.5 47.6 48.5 3308 
1999/07/30 48.8 52 47.8 47.8 3138 
1999/08/06 47.8 49.2 37.3 38.8 2449 
1999/08/13 39 41 37.8 39.5 2406 
1999/08/20 40 40 37.1 37.7 965 
1999/08/27 38 40.5 37.5 38.7 1631 
1999/09/03 38.5 39.9 37.3 39 1342 
1999/09/10 39.8 39.8 36.6 37.6 941 
1999/09/17 37.6 41.6 37.6 39.2 3457 
1999/09/24 39.4 40 38.6 39 549 
1999/10/01 37.7 38.2 34.5 36.6 767 
1999/10/08 36.6 36.6 34.5 35.8 815 
1999/10/15 35.8 43.3 34.9 43 12543 
1999/10/22 43.3 44.5 37.2 38 11869 
1999/10/29 38 40.9 36.8 40.1 3301 
1999/11/05 40 40.1 38.1 39.7 1263 
1999/11/12 39.4 41.6 38.6 41.4 2806 
1999/11/19 41.5 42.9 38.9 40.5 6109 
1999/11/26 40.5 43 39 41.5 4407 
1999/12/03 42.5 44.4 40.8 41 6265 
1999/12/10 41 41 39 39.8 2450 
1999/12/17 39 41.8 39 41 3419 
1999/12/24 41 41.9 39.6 41.2 3970 
1999/12/31 41.2 41.7 39.8 41.5 1834 
2000/01/07 41.8 42 40 41 3044 
2000/01/14 41.5 48 41 45.9 10794 
2000/01/21 46 47.5 41.8 43.4 4034 
2000/01/28 43.6 49.5 42.7 44.7 12471 
2000/02/04 44.7 46.5 44.3 46.1 1807 
2000/02/11 47.8 51.5 46.2 51.5 8431 
2000/02/18 53 53.5 48 50 13818 
2000/02/25 50.5 50.5 46 47.9 5777 
2000/03/03 47.8 50.5 46.5 49.8 4449 
2000/03/10 50 53 48.5 49.3 11233 
2000/03/17 49.2 49.2 40 42.7 4536 
2000/03/24 41.3 51 39.9 48.8 7888 
2000/03/31 49 55 48.4 53.5 21684 
2000/04/07 52.5 59 52 59 11190 
2000/04/14 63 67 56.5 57.5 23408 
2000/04/21 58 65.5 58 61 11934 
2000/04/28 60 60.5 52.5 54.5 7866 
2000/05/05 54.5 54.5 50 51 3973 
2000/05/12 51 52.5 47.1 48.2 2763 
2000/05/19 48.9 54.5 48 49.7 4078 
2000/05/26 50 51 47.1 48.5 1221 
2000/06/02 48.4 51 48 48.6 2052 
2000/06/09 48.6 50.5 48.2 49.1 1809 
2000/06/16 49.1 50.5 48.5 49.5 2223 
2000/06/23 49.8 51.5 49 49.5 3969 
2000/06/30 49.7 50 44.8 46.2 1832 
2000/07/07 45 46.1 40 41.6 4144 
2000/07/14 41.9 42 31.6 35 7525 
2000/07/21 35 35 32 32.5 2187 
2000/07/28 32.5 32.5 29.3 32 3175 
2000/08/04 32 32 30.1 30.6 3283 
2000/08/11 30.2 33.2 29.9 32.1 8596 
2000/08/18 30.7 33 30.7 31.5 7964 
2000/08/25 32 34 30.2 30.4 4309 
2000/09/01 30 30.4 24.6 28.2 6224 
2000/09/08 27.5 28 25.5 25.6 2967 
2000/09/15 26.4 26.4 23.2 23.4 3701 
2000/09/22 22.8 23 18.6 18.6 3071 
2000/09/29 18.7 19 16 16 5016 
2000/10/06 14.9 15.7 13.25 15.7 7375 
2000/10/13 15.4 15.4 12.75 14.3 3950 
2000/10/20 15.3 15.3 13 14.85 13839 
2000/10/27 15.7 15.7 13.5 13.5 9681 
2000/11/03 13.05 13.05 11.8 11.9 1899 
2000/11/10 11.5 12.3 10.35 12.2 3116 
2000/11/17 11.35 11.6 8.65 8.65 1937 
2000/11/24 8.05 8.2 7.1 7.6 2746 
2000/12/01 7.7 8 7.15 7.45 1482 
2000/12/08 7.4 8.2 7.2 7.4 1554 
2000/12/15 7.3 8.5 7.15 8 10542 
2000/12/22 7.75 7.8 6.8 6.8 395 
2000/12/29 6.6 6.65 6 6.1 3928 
2001/01/05 6.1 7.55 5.8 7.55 9152 
2001/01/12 7.55 9.8 7.05 9.8 16061 
2001/01/19 9.6 10.8 9.2 10.25 6365 
2001/02/02 10 12.7 9.8 12.7 9745 
2001/02/09 13.4 13.9 11.05 13.35 19396 
2001/02/16 13.9 16.2 13.6 14.8 22679 
2001/02/23 14.2 16.5 13.7 13.7 20566 
2001/03/02 13.7 13.8 11.7 12.2 8769 
2001/03/09 12 13.95 11.85 12.9 9361 
2001/03/16 12 15.9 12 15.9 18132 
2001/03/23 16.2 17.6 14.55 17.6 27911 
2001/03/30 18.8 19.7 17 18.6 27535 
2001/04/06 18.6 18.6 15.8 18.5 13257 
2001/04/13 17.3 18.9 17.1 17.4 14628 
2001/04/20 17 18.6 16.3 17.8 7612 
2001/04/27 18 18.9 17 17.2 13777 
2001/05/04 16.8 17.5 14.9 15.5 8678 
2001/05/11 15.7 16.4 14 15 9818 
2001/05/18 15 16.2 14.65 15.5 5470 
2001/05/25 16 16 13.5 15.3 4152 
2001/06/01 15.2 15.2 14.2 14.2 2427 
2001/06/08 14 15.5 13.5 15.2 4404 
2001/06/15 14.8 15.7 14.55 15 3856 
2001/06/22 15.2 15.2 13.85 14.2 1433 
2001/06/29 14.2 14.3 11.5 12 2968 
2001/07/06 12 12.25 9.4 9.6 3803 
2001/07/13 9.6 9.8 8.4 8.4 4613 
2001/07/20 8.35 8.5 7.5 7.95 5066 
2001/07/27 8.05 8.75 7.6 8.5 5772 
2001/08/03 8.3 8.85 8 8.85 4281 
2001/08/10 8.9 10.55 8.55 10.55 13452 
2001/08/17 10.5 11.4 10.3 10.95 8422 
2001/08/24 10.75 11.2 9.3 9.3 4250 
2001/08/31 9.1 9.85 8.75 9.3 2505 
2001/09/07 9.3 10.1 8.8 8.9 2100 
2001/09/14 8.6 9.2 7.4 7.4 1053 
2001/09/21 7.15 7.15 6.7 6.7 378 
2001/09/28 6.55 7.6 6.55 7.5 2048 
2001/10/05 7.5 7.5 6.6 6.95 960 
2001/10/12 6.6 7.6 6.5 7.05 1854 
2001/10/19 6.9 7.2 6.65 7 1468 
2001/10/26 7.05 7.8 7 7.6 4337 
2001/11/02 7.5 7.6 6.5 6.9 2368 
2001/11/09 7 9.45 6.9 9 7030 
2001/11/16 9 9.9 8.7 9.2 5280 
2001/11/23 9.25 12.05 9.2 12.05 6666 
2001/11/30 12.85 15.6 12.85 14.6 17715 
2001/12/07 15 18.2 15 17.3 25328 
2001/12/14 17.2 23.6 17.1 23.6 26044 
2001/12/21 25.2 28.6 23.5 28.6 39985 
2001/12/28 30.6 34.9 27 34.9 41692 
2002/01/04 37.2 42.6 36.4 39.5 25087 
2002/01/11 37 48.1 37 42.8 47198 
2002/01/18 42 52 41.8 47.6 54717 
2002/01/25 47.2 49.1 43.3 43.7 70096 
2002/02/01 44.2 48.1 41 42.1 54596 
2002/02/08 42.1 42.5 36.8 40.4 15385 
2002/02/22 41.9 44.7 34.6 34.6 28553 
2002/03/01 32.2 36.7 32.2 34 27845 
2002/03/08 36.3 42.2 36.3 40.7 36014 
2002/03/15 41.6 41.6 37.3 37.3 20733 
2002/03/22 37.3 39 34.3 37.5 22210 
2002/03/29 38.1 39 35.3 38.9 25082 
2002/04/05 38.9 40.5 36.5 36.7 27688 
2002/04/12 36.1 37 34 36.4 18929 
2002/04/19 36.7 37 35.1 35.1 13398 
2002/04/26 35 35.8 32.7 32.8 10266 
2002/05/03 32.8 33.3 27.6 27.6 8431 
2002/05/10 25.7 26.5 21.7 24.9 17348 
2002/05/17 24.9 27.8 24.9 26.6 28060 
2002/05/24 26.2 27.2 22.8 26.8 21824 
2002/05/31 26 27.5 25.2 26.5 14652 
2002/06/07 26 30.7 26 28.1 39640 
2002/06/14 28.5 29.7 27.5 28.6 19719 
2002/06/21 29.2 29.4 24.9 25.4 15148 
2002/06/28 25.2 25.4 20.4 22.3 12330 
2002/07/05 22.3 23.3 18.7 23.3 10062 
2002/07/12 24.2 25.3 22.4 25.3 15335 
2002/07/19 26.2 28.8 25.4 27.5 33790 
2002/07/26 27 28.3 24.4 24.4 17689 
2002/08/02 24.1 26.6 24 25 9865 
2002/08/09 23.3 24.3 21.7 23.9 11307 
2002/08/16 23.4 26.3 23.4 25.6 16291 
2002/08/23 25.8 26.9 24.3 26.9 13282 
2002/08/30 27.2 27.7 25.2 25.2 31308 
2002/09/06 24.9 24.9 21.9 22 13436 
2002/09/13 22 23.7 21.8 23.1 19561 
2002/09/20 23.5 24.9 22.8 24.2 23130 
2002/09/27 24.4 24.8 22 22.5 19067 
2002/10/04 22 23.2 19.5 19.7 9065 
2002/10/11 19.7 20.9 18.7 19 11662 
2002/10/18 19.3 22.7 18.8 22.7 12435 
2002/10/25 23.4 25 21.9 24.5 20483 
2002/11/01 24.7 26.2 24 25.2 19732 
2002/11/08 25.8 28.3 24.2 27.5 31711 
2002/11/15 27.8 28.5 25.9 26.5 28517 
2002/11/22 27 27 24.6 25.1 11254 
2002/11/29 25.5 25.5 23.7 25.3 7678 
2002/12/06 25.5 27.4 25.3 26.7 11295 
2002/12/13 27.3 27.3 23.3 23.5 9173 
2002/12/20 23 24.2 21.7 23.2 4523 
2002/12/27 23 23.9 22.5 23 3304 
2003/01/03 22.8 24.8 22.5 24.3 2719 
2003/01/10 24.3 25.3 23.6 24.4 4669 
2003/01/17 24.7 25.8 23.8 24 5558 
2003/01/24 23.8 24.3 22.5 23.6 5619 
2003/01/31 22.5 23.9 22.5 23.4 1126 
2003/02/07 23.6 23.6 21.8 23.2 1429 
2003/02/14 23.2 24 22.7 23.2 1828 
2003/02/21 24.4 24.4 23.5 23.7 3103 
2003/02/28 24 24.1 23.2 23.7 1311 
2003/03/07 24 26.5 23.8 25.6 14357 
2003/03/14 26 27.8 25.5 25.9 26473 
2003/03/21 25.6 30.4 25.5 30 38758 
2003/03/28 30 30 27.8 28.3 19897 
2003/04/04 28.1 29.7 27.3 29.7 17480 
2003/04/11 29.4 31.8 28.9 31.4 18240 
2003/04/18 32 35 31.3 35 38512 
2003/04/25 37.2 39 35.3 35.3 56866 
2003/05/02 34.3 40.2 32.9 40.2 58774 
2003/05/09 40.2 41 37.4 37.9 41374 
2003/05/16 37.9 39.5 37.5 37.6 22729 
2003/05/23 37.6 39.4 36.6 38.6 15894 
2003/05/30 39 42.4 39 41.5 36858 
2003/06/06 43.5 43.5 38 39.4 27754 
2003/06/13 39.2 42.7 39 42 31947 
2003/06/20 42.6 46 42 45.5 37886 
2003/06/27 45.5 48.8 42.8 46.7 34290 
2003/07/04 46.9 57.5 46.6 57 43415 
2003/07/11 57.5 58.5 54 56.5 32767 
2003/07/18 57 64 54 56 47015 
2003/07/25 57 57.5 53 55 27068 
2003/08/01 56.5 58 53 58 21487 
2003/08/08 58.5 59 51 51 18981 
2003/08/15 51 51.5 47.5 49.1 25046 
2003/08/22 49.9 51.5 48.1 48.2 15021 
2003/08/29 48.2 49.3 43.8 46.5 17990 
2003/09/05 47 47 40.3 40.4 13925 
2003/09/12 40 44 39.7 44 21553 
2003/09/19 44.1 44.2 41.5 42.7 21627 
2003/09/26 42.5 43.2 40.5 42.1 10594 
2003/10/03 42.1 42.7 41.1 41.7 4783 
2003/10/10 42.5 43.5 41.7 42.5 8949 
2003/10/17 42.5 43.8 41.9 42.7 7426 
2003/10/24 42.7 45.5 42.2 43.1 16795 
2003/10/31 43.5 44 42.2 42.3 8929 
2003/11/07 42.3 43.7 42.2 42.8 6111 
2003/11/14 42.8 43.2 42.3 42.6 6078 
2003/11/21 42.6 42.6 40.6 41.6 11710 
2003/11/28 41.9 41.9 38.3 39 7423 
2003/12/05 38.7 41 38.3 40 9980 
2003/12/12 40.4 40.8 38.8 39 3989 
2003/12/19 39.1 40 38.4 38.7 6913 
2003/12/26 38.9 40.4 38.5 39.6 6857 
2004/01/02 39.8 40.1 39.4 39.7 3280 
2004/01/09 39.9 44.4 39.5 44.4 19255 
2004/01/16 44.6 44.6 42.5 42.5 11160 
2004/01/30 44.2 44.2 42 43.4 6520 
2004/02/06 43.6 44.4 42.3 43.5 11204 
2004/02/13 43.9 49.1 43.7 47.6 32235 
2004/02/20 47.8 49.6 47.2 48.5 18549 
2004/02/27 51.5 54 51.5 52 22485 
2004/03/05 55 57.5 52.5 52.5 31892 
2004/03/12 54 55.5 53 55.5 14728 
2004/03/19 57 57 51.5 54.5 17119 
2004/03/26 51 51 47.5 47.8 14427 
2004/04/02 51 53.5 50.5 52 11887 
2004/04/09 53.5 56.5 52.5 55 12480 
2004/04/16 56 59.5 55.5 59 27292 
2004/04/23 59.5 60 53.5 54.5 13681 
2004/04/30 54.5 55 48.9 48.9 9489 
2004/05/07 48.6 48.6 39.2 42.4 19165 
2004/05/14 41 42 38 39.6 7525 
2004/05/21 39 41.6 35 40.8 11533 
2004/05/28 40.5 41.8 39.6 41.4 6707 
2004/06/04 40.7 41 36.6 37.5 5015 
2004/06/11 38 39.7 37.2 37.5 4717 
2004/06/18 37.5 38 34.5 35.7 5336 
2004/06/25 36 37 35 36.5 3648 
2004/07/02 36.5 36.8 35.3 36 3027 
2004/07/09 35.5 35.8 34 34.9 2822 
2004/07/16 35.4 35.8 31.7 31.7 2409 
2004/07/23 30 30.6 25.7 30 10094 
2004/07/30 29.7 32.8 29.1 30.9 24611 
2004/08/06 31 31.5 23.7 27.3 21063 
2004/08/13 26.9 28 24.1 24.1 13558 
2004/08/20 22.5 24.4 20.6 23.4 15714 
2004/08/27 23.7 24.9 23.4 24.1 8183 
2004/09/03 24 25.2 22.5 23.5 10006 
2004/09/10 23.5 24.1 22.8 23.3 7319 
2004/09/17 23.6 23.8 22.4 22.4 5331 
2004/09/24 21.8 22.4 19.5 21.4 10853 
2004/10/01 21.5 21.7 18.8 19 7386 
2004/10/08 19.4 20.9 18.2 20 19395 
2004/10/15 20 23.6 19.8 22.7 29904 
2004/10/22 22.8 23.2 21.7 22.4 17039 
2004/10/29 22.2 22.2 20.8 21 7174 
2004/11/05 20.8 22.5 19.1 21.9 15840 
2004/11/12 21.9 21.9 21.2 21.2 6086 
2004/11/19 21.3 23.6 21.3 22.8 19662 
2004/11/26 22.5 22.7 19.8 20 10991 
2004/12/03 20 20.6 19.4 20 7127 
2004/12/10 20 21.1 19.8 20.2 7420 
2004/12/17 20.2 22.2 20 21.7 15254 
2004/12/24 21.1 21.5 20.7 20.9 5749 
2004/12/31 20.9 21.6 20.5 21.2 9835 
2005/01/07 21.3 21.6 20.2 20.3 6727 
2005/01/14 20.4 20.4 18.2 18.5 7368 
2005/01/21 18.7 19.5 18.7 18.9 2830 
2005/01/28 18.9 19.6 18.2 19.3 5343 
2005/02/04 19.1 19.7 18.6 18.7 4121 
2005/02/18 18.7 21.2 18.3 20.5 18119 
2005/02/25 20.7 21.5 19 20 19173 
2005/03/04 20 20.1 18.7 19.15 6116 
2005/03/11 19.3 20.9 19 20.15 12751 
2005/03/18 20.1 20.45 18.7 18.8 6932 
2005/03/25 18.8 19.8 18.75 18.9 5188 
2005/04/01 19.1 19.15 18.25 18.5 3920 
2005/04/08 18.5 18.65 17 17.2 4669 
2005/04/15 16.4 16.85 14.9 16.1 13576 
2005/04/22 15.65 15.9 13.5 14.25 7751 
2005/04/29 14 14.45 14 14.05 3264 
2005/05/06 14.2 14.3 12.55 13.05 7629 
2005/05/13 13.1 14.9 13.1 14.6 11269 
2005/05/20 14.7 15.4 14.4 14.85 7578 
2005/05/27 14.85 15.85 14.5 15.85 9132 
2005/06/03 16 17.4 15.85 16.9 18889 
2005/06/10 16.9 17.5 16.45 16.8 10830 
2005/06/17 16.85 17.3 16.45 16.75 7554 
2005/06/24 16.85 18 16.85 17.5 10848 
2005/07/01 17.3 18.7 15.6 16.35 7723 
2005/07/08 16.35 17.3 16.3 16.65 8599 
2005/07/15 16.8 17.3 16.5 16.5 11907 
2005/07/22 16.6 16.65 14.8 14.9 8988 
2005/07/29 14.95 16 14.2 15.5 11434 
2005/08/05 15.5 15.55 14.6 15.15 5433 
2005/08/12 15.05 15.2 14.6 14.6 5205 
2005/08/19 14.6 14.7 13.7 14.2 4304 
2005/08/26 14.2 15.15 14.2 14.6 5361 
2005/09/02 14.6 15.4 14.45 14.95 5918 
2005/09/09 14.95 15.1 14.5 14.5 3411 
2005/09/16 14.55 14.75 13.95 14 3122 
2005/09/23 14 14.15 12.3 12.35 3603 
2005/09/30 12.4 12.9 12 12.8 3446 
2005/10/07 12.8 13.35 12.65 12.75 4056 
2005/10/14 12.8 12.85 11.8 12.1 1580 
2005/10/21 12.1 12.2 10.35 11.15 5967 
2005/10/28 11.15 11.75 10.35 10.9 2700 
2005/11/04 11 12.1 10.9 11.65 5194 
2005/11/11 11.65 12.65 11.3 12.5 4709 
2005/11/18 12.5 12.6 11.85 12.1 2700 
2005/11/25 12.1 12.35 11.8 11.9 2510 
2005/12/02 11.9 13.8 11.9 13.1 11285 
2005/12/09 13.25 13.45 12.85 13 3879 
2005/12/16 13.05 13.75 12.8 13.4 6041 
2005/12/23 13.5 14.1 13.3 13.8 7533 
2005/12/30 13.9 14.75 13.6 13.75 7652 
2006/01/06 13.7 14.25 13.2 13.9 6222 
2006/01/13 14.1 14.35 13.7 13.75 8139 
2006/01/20 13.75 13.75 12.45 12.6 3386 
2006/01/27 12.5 12.6 12.1 12.15 1583 
2006/02/03 12.2 12.4 12.2 12.3 260 
2006/02/10 12.5 13.35 12.4 12.55 1909 
2006/02/17 12.5 12.9 12.35 12.5 1779 
2006/02/24 12.35 12.4 10.95 11 3403 
2006/03/03 10.95 11.55 10.95 11.05 1928 
2006/03/10 11.05 11.4 10.95 11.3 1662 
2006/03/17 11.5 12.3 11.1 12.1 5457 
2006/03/24 12.35 12.35 11.15 11.35 1788 
2006/03/31 11.35 11.8 11.15 11.55 2556 
2006/04/07 11.5 12.4 11.45 12 2847 
2006/04/14 12 12.2 11.25 12 2902 
2006/04/21 12 13.6 11.7 13.6 15866 
2006/04/28 13.6 14.3 12.8 13.25 11260 
2006/05/05 13.5 13.5 12.6 13.05 5370 
2006/05/12 13.05 13.2 11.85 12.15 4676 
2006/05/19 12.15 12.5 12 12.3 2174 
2006/05/26 12.5 12.5 11.85 11.9 2923 
2006/06/02 12.1 13.5 12 12.7 11931 
2006/06/09 12.75 12.8 10.5 10.8 5676 
2006/06/16 10.6 11.4 10.4 11.1 2263 
2006/06/23 11.25 11.25 10.4 10.5 2380 
2006/06/30 10.55 11.2 10.5 11 3092 
2006/07/07 11 11.2 10.7 10.95 2588 
2006/07/14 11 11.3 10.45 10.55 3226 
2006/07/21 10.55 10.55 9.9 9.94 2174 
2006/07/28 9.91 9.95 9.72 9.8 1454 
2006/08/04 9.96 10.15 9.79 9.88 2201 
2006/08/11 9.85 9.93 9.66 9.74 2109 
2006/08/18 9.74 9.96 9.62 9.81 2332 
2006/08/25 9.81 9.81 8.22 8.5 3153 
2006/09/01 8.5 9.39 8.28 9.15 3843 
2006/09/08 9.15 9.35 9 9.05 1820 
2006/09/15 9.05 9.09 7.7 7.8 2900 
2006/09/22 7.85 8.08 7.44 7.7 6292 
2006/09/29 7.8 7.99 7.63 7.78 2279 
2006/10/06 7.77 7.9 7.7 7.75 1339 
2006/10/13 7.85 9.2 7.76 8.72 10349 
2006/10/20 8.67 8.89 8.54 8.87 3547 
2006/10/27 8.9 9.2 8.75 8.96 3392 
2006/11/03 8.98 9.79 8.98 9.6 6978 
2006/11/10 9 9.55 8.99 9 3135 
2006/11/17 9.1 12.3 9 12.3 11230 
2006/11/24 12.3 15.4 11.9 14.75 45893 
2006/12/01 14.75 17.4 14 15.55 46351 
2006/12/08 15.5 16.25 15 15.85 29568 
2006/12/15 15.9 16.2 13.85 14.4 19191 
2006/12/22 14.7 14.9 14.15 14.25 11654 
2006/12/29 14.45 15.8 14.45 14.7 21972 
2007/01/05 14.8 15.25 14.2 14.35 12998 
2007/01/12 14.35 15.25 14 14.4 14742 
2007/01/19 14.5 15.3 14 14.85 21142 
2007/01/26 14.95 14.95 14.25 14.35 8004 
2007/02/02 14.45 14.45 12.1 12.8 11825 
2007/02/09 13.25 13.7 12.7 13.45 7007 
2007/02/16 13.1 13.2 12.6 12.7 3282 
2007/03/02 13.1 13.6 12.3 13.25 6897 
2007/03/09 13.25 13.3 12.3 12.75 5442 
2007/03/16 12.85 14.75 12.7 13.95 20775 
2007/03/23 14.2 14.7 13.55 13.9 9461 
2007/03/30 14 14.95 13.9 14.8 15954 
2007/04/06 15.1 15.95 14.8 14.8 28976 
2007/04/13 14.95 15.1 14.25 14.55 11119 
2007/04/20 14.6 14.7 13.4 13.75 7406 
2007/04/27 13.8 14.35 13.65 13.7 11661 
2007/05/04 13.75 13.85 11.95 12.3 4825 
2007/05/11 12.4 13.3 12.4 13 5228 
2007/05/18 13.3 13.9 13.3 13.6 8011 
2007/05/25 13.7 14.3 13.5 13.85 8632 
2007/06/01 14.2 14.2 13.4 13.55 6002 
2007/06/08 13.55 14.95 13.5 14.85 18717 
2007/06/15 15 18.25 14.6 18.25 76566 
2007/06/22 18.45 18.45 16.5 17.3 33671 
2007/06/29 17.6 19 17.2 19 53523 
2007/07/06 19 21.05 18.4 19.5 47976 
2007/07/13 19.5 20.3 18.5 18.6 26061 
2007/07/20 18.5 22.05 18.4 20.9 76744 
2007/07/27 21 21.8 17.6 17.75 34207 
2007/08/03 17.75 19 17.05 17.9 17051 
2007/08/10 17.4 18.65 17.2 17.8 7618 
2007/08/17 18.2 19 15.3 15.3 13449 
2007/08/24 16.1 16.2 14.65 15.7 10152 
2007/08/31 16.05 17.15 15.1 16.9 9300 
2007/09/07 17.1 17.2 15.7 16.1 6772 
2007/09/14 16 16.45 15.8 16.35 5789 
2007/09/21 16.35 16.6 15.1 15.4 4534 
2007/09/28 15.5 16.2 15.35 16 3546 
2007/10/05 16.25 16.3 15.65 15.65 6422 
2007/10/12 15.8 15.8 14.8 14.8 3800 
2007/10/19 14.8 14.9 13.5 14.05 3931 
2007/10/26 13.4 14.8 13.4 14.5 4159 
2007/11/02 14.6 14.8 13.05 13.1 5323 
2007/11/09 13.5 13.5 11.05 11.05 5217 
2007/11/16 10.3 11.4 9.6 11.2 7449 
2007/11/23 11.5 12.4 11.3 11.45 6337 
2007/11/30 11.75 11.75 10.75 11.1 2830 
2007/12/07 11.2 12.15 11 11.75 4625 
2007/12/14 11.7 11.9 10.4 11.4 2953 
2007/12/21 11.2 11.3 9.25 9.56 5457 
2007/12/28 9.7 10.8 9.7 10.65 3898 
2008/01/04 10.6 11.2 10.6 11.1 2801 
2008/01/11 10.8 11.1 10.7 11 3397 
2008/01/18 11.25 11.3 10.65 11 3536 
2008/01/25 11 11.45 9.26 10.1 4825 
2008/02/01 10.1 10.3 9.84 9.98 1865 
2008/02/15 9.92 11.7 9.9 11.6 3127 
2008/02/22 11.8 13.3 11.5 12.8 8622 
2008/02/29 12.9 13.65 12.7 13.4 6371 
2008/03/07 12.9 13.55 12.8 13.2 4472 
2008/03/14 13.3 13.75 12.4 13.1 5304 
2008/03/21 12.8 12.8 12.25 12.4 2571 
2008/03/28 12.85 13.2 12.4 12.6 3548 
2008/04/04 12.7 14.65 12.45 14.55 10892 
2008/04/11 14.55 15.3 14.05 14.4 5618 
2008/04/18 14 15.1 13.8 14.6 4259 
2008/04/25 14.95 14.95 14 14.3 2235 
2008/05/02 14.35 14.5 13.85 14 2033 
2008/05/09 14.35 15.25 13.95 14.15 9996 
2008/05/16 14.2 15.5 13.95 15.5 7488 
2008/05/23 15.55 17.5 15.2 15.5 27887 
2008/05/30 15.05 15.5 14.05 14.15 5833 
2008/06/06 14.15 16.9 14.15 16.35 30910 
2008/06/13 15.25 16.1 13.95 14.8 12455 
2008/06/20 15.4 15.8 13.5 13.6 13815 
2008/06/27 12.8 13.5 11.95 11.95 5989 
2008/07/04 12.3 12.6 10.2 11.55 6717 
2008/07/11 11.55 12.3 11.2 11.75 4421 
2008/07/18 12 12.3 10.65 11.15 4384 
2008/07/25 11.25 12.1 11 11.85 6389 
2008/08/01 11.5 11.6 10.9 11.2 3381 
2008/08/08 11.2 12.85 11.1 12.85 9424 
2008/08/15 13.1 13.95 12.55 13 10059 
2008/08/22 12.8 13.2 12.3 12.8 3672 
2008/08/29 13 13.25 12.5 13 3153 
2008/09/05 13 13 9.82 9.9 5921 
2008/09/12 9.95 10.65 9.3 9.95 2439 
2008/09/19 9.5 9.83 7.3 7.98 4531 
2008/09/26 8.26 9.69 8 8.88 4209 
2008/10/03 8.26 8.98 8.09 8.69 1306 
2008/10/10 8.88 8.88 8 8.01 1424 
2008/10/17 7.73 8.32 7.51 7.51 1954 
2008/10/24 7.25 7.74 7.11 7.25 1916 
2008/10/31 6.75 8.03 6.28 7.88 2817 
2008/11/07 7.95 8.29 7.36 8.04 1945 
2008/11/14 8 8 6.81 7.05 1932 
2008/11/21 7 7.05 6.11 6.52 1715 
2008/11/28 6.52 7.71 6.41 7.51 1759 
2008/12/05 7.65 7.7 6.6 6.98 1138 
2008/12/12 6.98 7.9 6.98 7.5 2265 
2008/12/19 7.8 7.8 6.95 7.04 1454 
2008/12/26 7.26 7.28 6.33 6.57 2625 
2009/01/02 6.75 6.75 6.33 6.5 997 
2009/01/09 6.95 7.43 6.6 6.65 11424 
2009/01/16 6.79 6.79 6.2 6.24 1574 
2009/01/23 6.24 6.37 5.95 6.09 518 
2009/02/06 6.09 6.6 5.9 6.2 1284 
2009/02/13 6.49 7.35 6.4 7.12 3545 
2009/02/20 7.1 7.15 6.33 6.37 1091 
2009/02/27 6.35 6.84 6.21 6.84 3147 
2009/03/06 6.9 7.45 6.64 7.29 6549 
2009/03/13 7.4 7.7 7.01 7.36 5929 
2009/03/20 7.36 7.73 7.1 7.11 6317 
2009/03/27 7.2 8.25 7.2 8.04 7370 
2009/04/03 7.96 8.1 7.4 7.86 4513 
2009/04/10 8 9.06 7.91 9 10475 
2009/04/17 9.1 9.23 8.42 8.42 8960 
2009/04/24 8.3 8.47 7.52 8.47 6618 
2009/05/01 9.06 11.05 8.96 11.05 12594 
2009/05/08 11.8 15 11.8 14.5 41485 
2009/05/15 15.45 18.65 15.45 17.1 24019 
2009/05/22 16.2 17.65 15.9 17.65 24098 
2009/05/29 18.5 21.55 18.4 21 29111 
2009/06/05 21.25 23.5 20 21.1 24049 
2009/06/12 21.3 21.3 15.9 16.8 16672 
2009/06/19 16.8 16.8 14.6 16.65 11958 
2009/06/26 17.8 21.1 17.8 21.1 18552 
2009/07/03 22.55 22.55 18.85 20 26717 
2009/07/10 20 21 19.5 20 10046 
2009/07/17 19.7 22 19 20.9 14001 
2009/07/24 21 21.7 20.1 20.2 13752 
2009/07/31 20.2 20.2 19 19.4 6780 
2009/08/07 19.5 19.8 17.1 18.5 5236 
2009/08/14 18.55 21.4 18.35 19.65 12108 
2009/08/21 19.8 20.4 18.9 19.3 8682 
2009/08/28 20 20.95 19.5 20.1 10595 
2009/09/04 20.6 20.9 19.2 20.9 12859 
2009/09/11 21.35 23 20.8 20.85 27285 
2009/09/18 20.85 22.5 20.85 21.4 12113 
2009/09/25 21.4 22.85 20 22.85 19015 
2009/10/02 24.4 25 22.8 24.45 36071 
2009/10/09 24.8 29.7 24.2 28.2 33408 
2009/10/16 28.7 28.7 24.95 24.95 27776 
2009/10/23 24.8 25.35 23.5 23.8 22213 
2009/10/30 23.8 25.2 22.65 23.45 24009 
2009/11/06 22.7 25.25 22.7 24.6 17654 
2009/11/13 25 26.4 24.75 25.7 17473 
2009/11/20 26 26.2 24.6 24.95 14395 
2009/11/27 25.1 28 24.95 26.8 24209 
2009/12/04 27.4 29.3 26.8 26.8 22355 
2009/12/11 26.8 28.3 26.8 27.65 13483 
2009/12/18 28 29.2 27 27.7 16449 
2009/12/25 28 32.1 27.8 32.1 23771 
2010/01/01 33 33.7 30.75 32.8 40365 
2010/01/08 32.85 33 30 31.2 24148 
2010/01/15 31.2 31.2 29.3 30.5 15118 
2010/01/22 30.2 30.3 25.5 27.75 30460 
2010/01/29 27.6 28.15 25 26.2 12898 
2010/02/05 26.2 28.5 24.5 25.95 25576 
2010/02/12 25.95 28 25.6 26.7 8598 
2010/02/26 27.25 27.85 26.8 27.35 8429 
2010/03/05 27.45 27.75 26.5 26.5 6880 
2010/03/12 26.8 27.6 26.5 26.5 9610 
2010/03/19 26.55 27.2 25.6 26.85 7338 
2010/03/26 26.85 27.4 25.8 26.6 9542 
2010/04/02 26.65 30.25 26.65 29 30130 
2010/04/09 29.3 30.2 28.75 30 14691 
2010/04/16 30.5 30.5 27.7 27.8 9460 
2010/04/23 27.6 28.2 26.65 28.1 7685 
2010/04/30 28.1 28.6 26.8 26.8 6012 
2010/05/07 24.95 26 22.7 23.5 7575 
2010/05/14 23 26.3 23 25 11245 
2010/05/21 25 25 21.6 21.9 7872 
2010/05/28 22.9 23.45 20.4 22.5 8123 
2010/06/04 22.5 24.7 22.45 24.45 7130 
2010/06/11 23.8 24.6 23.35 24.25 4306 
2010/06/18 24.4 25.4 24.2 24.85 6061 
2010/06/25 25 26.2 24.9 25.6 4655 
2010/07/02 25.7 25.85 23.7 24.3 3248 
2010/07/09 24.3 25.9 24.1 25.35 4189 
2010/07/16 24.8 25.7 23.9 24.2 2988 
2010/07/23 23.75 24.5 23.75 24.4 2402 
2010/07/30 24.4 24.95 24.1 24.3 2073 
2010/08/06 24.35 24.55 23.8 24.25 2619 
2010/08/13 24.5 25.7 23.95 25.15 5203 
2010/08/20 25.15 25.2 24.35 24.75 2353 
2010/08/27 24.55 24.85 22.5 23 2833 
2010/09/03 23.05 23.4 22.5 23.35 1999 
2010/09/10 23.5 26.1 23.5 25.1 6943 
2010/09/17 25.4 25.8 24.65 25.5 6959 
2010/09/24 25.5 27.6 25.5 27.15 11491 
2010/10/01 27.25 27.5 26.3 26.95 5244 
2010/10/08 27.1 27.1 26 26.25 2596 
2010/10/15 26.4 26.4 24.35 24.65 5674 
2010/10/22 24.6 24.6 23.5 24 1913 
2010/10/29 24 24.2 23.45 23.7 2407 
2010/11/05 23.9 23.9 22.05 22.2 3563 
2010/11/12 22 22.9 20.65 22.1 2371 
2010/11/19 22.15 22.3 21.2 21.4 782 
2010/11/26 21.45 21.6 20.65 20.95 1428 
2010/12/03 20.95 22.55 20.9 22.55 4082 
2010/12/10 22.85 22.95 21.9 22.2 4996 
2010/12/17 22.25 22.4 21.05 21.5 2134 
2010/12/24 21.55 22.6 20.8 22 4759 
2010/12/31 22 22.9 21.4 21.7 8193 
2011/01/07 21.8 21.8 20 20.8 3887 
2011/01/14 20.6 20.8 18.95 20.1 10422 
2011/01/21 20.1 20.25 18.6 18.85 6674 
2011/01/28 18.2 19.1 17.5 17.9 10840 
2011/02/11 18.1 18.3 17.6 17.8 1991 
2011/02/18 18 18.1 17 17.5 3579 
2011/02/25 17.5 17.75 16.15 16.4 4246 
2011/03/04 16.5 19.6 15.9 18.45 9862 
2011/03/11 18.4 18.8 17.75 17.8 3929 
2011/03/18 17.55 17.55 14.25 16.2 6350 
2011/03/25 16.1 17.45 16 17.2 2615 
2011/04/01 17.2 17.55 16.9 17.05 1503 
2011/04/08 17 17.3 16.6 17.15 816 
2011/04/15 17.15 17.15 16.2 16.65 1496 
2011/04/22 16.65 18.1 15.8 18.1 12627 
2011/04/29 18.2 18.45 16.35 16.6 6411 
2011/05/06 16.5 16.6 15.5 16.4 1863 
2011/05/13 16.4 16.55 15.65 16.1 2152 
2011/05/20 16.1 16.4 15.4 15.55 2138 
2011/05/27 14.5 15.15 13.5 14.1 6273 
2011/06/03 14.25 15.45 14.25 15.2 2676 
2011/06/10 15.2 16.2 15.1 15.5 5308 
2011/06/17 15.6 15.6 14.55 14.9 2942 
2011/06/24 14.9 15.15 13.55 13.65 3258 
2011/07/01 13.25 15.25 13.25 14.5 3792 
2011/07/08 15 15.9 14.75 14.75 5388 
2011/07/15 14.75 14.75 13.6 13.8 2817 
2011/07/22 13.8 14.25 13.4 13.85 4591 
2011/07/29 14 14 13.25 13.4 2154 
2011/08/05 13.2 13.5 11.2 11.2 6134 
2011/08/12 10.5 11.85 9.72 11.85 7359 
2011/08/19 12.1 12.3 10.2 10.2 5133 
2011/08/26 10 10.3 9.5 9.8 3706 
2011/09/02 9.8 10.95 9.7 10.4 2879 
2011/09/09 10 10.1 9.6 9.89 2468 
2011/09/16 9.7 9.99 9.05 9.72 2678 
2011/09/23 9.72 10.5 9.62 9.7 4111 
2011/09/30 9.7 9.8 9.13 9.52 2372 
2011/10/07 9.52 9.84 9.25 9.64 1293 
2011/10/14 9.8 10.2 9.65 9.72 2789 
2011/10/21 9.78 9.83 8.81 9.12 1876 
2011/10/28 9.16 9.84 9 9.84 4722 
2011/11/04 9.84 10.15 9.4 10 4199 
2011/11/11 10.15 10.35 9.71 10 4075 
2011/11/18 10 10.35 9.9 9.9 3959 
2011/11/25 9.77 9.85 7.96 8.48 6128 
2011/12/02 8.48 9.2 8.48 8.82 1860 
2011/12/09 8.61 8.87 8.02 8.29 2178 
2011/12/16 8.3 8.37 8.06 8.29 2002 
2011/12/23 8.13 8.99 8 8.87 2585 
2011/12/30 8.9 8.9 8.1 8.1 2437 
2012/01/06 8.11 8.56 7.81 8.56 3441 
2012/01/13 8.56 8.65 7.95 7.96 2726 
2012/01/20 8.29 8.29 7.97 8.07 1210 
2012/02/03 8.21 10.3 8.17 9.92 9496 
2012/02/10 9.9 11.05 9.21 10.95 10976 
2012/02/17 10.9 12.8 10.35 11.9 23448 
2012/02/24 12 12.1 11.3 11.45 7437 
2012/03/02 11.6 12.35 11.4 12.35 9307 
2012/03/09 12.35 12.6 10.35 11.65 11262 
2012/03/16 11.65 11.95 11.25 11.45 6003 
2012/03/23 11.6 11.6 11 11.25 3897 
2012/03/30 11.25 11.25 9.7 10.35 5050 
2012/04/06 10.25 10.7 9.14 9.35 2621 
2012/04/13 9.2 9.55 9 9.55 1764 
2012/04/20 9.55 10.75 9.36 9.48 5090 
2012/04/27 9.68 9.97 9.25 9.28 1732 
2012/05/04 9.2 10.1 9.1 9.9 2546 
2012/05/11 9.89 9.89 8.79 8.91 2944 
2012/05/18 8.91 9.13 8.36 8.39 1475 
2012/05/25 8.25 8.65 8.01 8.05 1277 
2012/06/01 8.05 8.6 8 8.1 4242 
2012/06/08 7.7 8.18 7.54 7.8 2577 
2012/06/15 8 8.27 7.8 8.11 1367 
2012/06/22 8.21 8.36 8.04 8.11 1317 
2012/06/29 8.12 8.31 8.05 8.17 1071 
2012/07/06 8.2 8.34 8.01 8.23 1104 
2012/07/13 8.17 8.3 7.9 7.9 1056 
2012/07/20 7.92 8.89 7.92 8.8 3857 
2012/07/27 8.8 9.85 8.6 9.25 12146 
2012/08/03 9.26 9.94 9.03 9.94 6168 
2012/08/10 10.3 11 10.1 10.8 21424 
2012/08/17 11 11.4 10.3 10.95 18824 
2012/08/24 10.95 11.4 10.65 10.8 9281 
2012/08/31 10.95 11 10.2 10.5 5844 
2012/09/07 10.5 11.05 10.35 10.5 7204 
2012/09/14 10.7 10.85 10.5 10.65 5612 
2012/09/21 10.75 10.85 10.5 10.6 4836 
2012/09/28 10.65 12 10.6 11.1 13411 
2012/10/05 11.1 11.6 10.75 10.85 5613 
2012/10/12 10.8 11.1 10.5 10.7 4263 
2012/10/19 10.7 11.3 10.65 10.7 5616 
2012/10/26 10.6 11.25 10 10 5311 
2012/11/02 10 10.25 9.3 9.87 4972 
2012/11/09 9.87 10.25 9.55 10.1 4859 
2012/11/16 10.2 10.2 9.58 9.75 2444 
2012/11/23 9.75 9.75 9.01 9.29 2088 
2012/11/30 9.35 10.4 9.35 10.2 11235 
2012/12/07 10.2 11 10.15 10.45 6494 
2012/12/14 10.5 11 10.4 10.6 3989 
2012/12/21 10.65 11.3 10.55 10.9 6377 
2012/12/28 10.9 11 10.5 10.65 3320 
2013/01/04 10.7 11.15 10.6 10.8 3342 
2013/01/11 10.8 10.95 10.55 10.7 3388 
2013/01/18 10.7 10.9 9.93 10.25 4365 
2013/01/25 10.4 10.4 9.91 9.91 3202 
2013/02/01 10 10.4 9.92 10.1 3480 
2013/02/08 10.2 10.2 9.95 9.95 1395 
2013/02/22 10 10.35 9.98 10.1 3354 
2013/03/01 10.2 10.2 10 10.05 1305 
2013/03/08 10.15 11.15 10.1 10.85 12251 
2013/03/15 10.85 11 10.45 10.45 5865 
2013/03/22 10.5 10.5 10.05 10.25 2692 
2013/03/29 10.3 10.75 10.3 10.7 4278 
2013/04/05 10.8 10.85 10.6 10.7 2852 
2013/04/12 10.7 11.15 10.1 10.85 7237 
2013/04/19 10.9 11.7 10.7 11.5 15481 
2013/04/26 11.6 13.3 11.4 12.65 26159 
2013/05/03 12.95 13.15 12.1 12.5 11599 
2013/05/10 12.7 12.7 11.7 12.2 12271 
2013/05/17 12.2 13.2 11.8 12.1 19257 
2013/05/24 12 13.4 11.95 13.4 19163 
2013/05/31 13.75 15.2 13.25 14.55 70666 
2013/06/07 14.1 14.7 13 13.25 21362 
2013/06/14 13.5 13.6 12.3 12.55 6878 
2013/06/21 12.65 13.3 12.3 13 6204 
2013/06/28 13.2 13.45 12.3 13.45 5034 
2013/07/05 13.85 14.6 13.55 13.65 23532 
2013/07/12 13.75 14.1 13.2 13.95 9788 
2013/07/19 13.95 15.15 13.85 14.4 39187 
2013/07/26 14.4 14.6 11.05 11.5 73883 
2013/08/02 11.75 12.25 11.35 11.4 49037 
2013/08/09 11.4 12.3 11.4 12 22623 
2013/08/16 12.05 13 11.9 12.7 19824 
2013/08/23 12.7 12.75 12 12.5 7203 
2013/08/30 12.55 12.6 12.05 12.5 6253 
2013/09/06 12.6 12.6 12 12.05 8962 
2013/09/13 12.15 12.4 11.95 12 11226 
2013/09/20 12.05 12.15 12 12 2380 
2013/09/27 12.1 12.85 12.05 12.65 11026 
2013/10/04 12.6 13.15 12.55 13 19358 
2013/10/11 13.15 13.9 13 13.45 20974 
2013/10/18 13.45 14.6 13.45 14 24285 
2013/10/25 13.95 14.05 13.65 13.7 9582 
2013/11/01 13.7 13.75 12.4 12.55 14594 
2013/11/08 12.4 12.75 10.95 11.1 31347 
2013/11/15 11.1 11.25 10.25 10.9 48431 
2013/11/22 10.9 10.95 10.35 10.65 24283 
2013/11/29 10.75 11.3 10.5 10.9 52818 
2013/12/06 10.95 11.35 10.65 10.7 42193 
2013/12/13 10.7 11.05 10.55 10.8 28507 
2013/12/20 10.9 11.3 10.75 10.9 32993 
2013/12/27 10.95 12.8 10.9 12.35 115390 
2014/01/03 12.45 13.4 12.45 12.7 54257 
2014/01/10 12.9 14.25 12.85 13.8 96074 
2014/01/17 14.05 14.45 13.3 14.35 93229 
2014/01/24 14.45 15.1 14.05 14.15 112669 
2014/01/31 14.1 14.4 13.85 13.95 12821 
2014/02/07 13.5 14.5 13.5 13.95 29617 
2014/02/14 14 14.05 12.75 13 72010 
2014/02/21 13.05 13.15 12.55 12.75 44866 
2014/02/28 12.8 13.4 12.7 13.2 32411 
2014/03/07 13.2 13.35 12.65 12.65 42682 
2014/03/14 12.65 12.9 12.4 12.5 27276 
2014/03/21 12.55 12.9 12.5 12.6 18005 
2014/03/28 12.6 12.9 12.4 12.5 16934 
2014/04/04 12.75 13.2 12.55 13.05 31406 
2014/04/11 13 13.8 12.4 12.6 60675 
2014/04/18 12.5 12.65 12.1 12.4 15048 
2014/04/25 12.4 12.9 11.85 12 22520 
2014/05/02 11.5 12.2 11.5 11.9 9168 
2014/05/09 12 12.1 11.6 11.6 9562 
2014/05/16 11.6 11.75 11 11.25 31205 
2014/05/23 11.3 11.6 11.15 11.35 13454 
2014/05/30 11.4 12.1 11.4 11.7 25870 
2014/06/06 11.8 12.1 11.45 11.5 19476 
2014/06/13 11.55 11.85 11.55 11.6 12020 
2014/06/20 11.6 11.9 11.45 11.5 14646 
2014/06/27 11.55 11.6 11.25 11.3 9166 
2014/07/04 11.35 11.75 11.3 11.3 21038 
2014/07/11 11.3 11.5 10.5 10.5 26852 
2014/07/18 10.5 10.75 10.3 10.6 11630 
2014/07/25 10.6 10.95 10.6 10.75 9102 
2014/08/01 10.8 10.9 10.45 10.5 10768 
2014/08/08 10 10.15 9.9 10 9839 
2014/08/15 9.98 10.1 9.83 9.83 9295 
2014/08/22 9.83 9.83 9.2 9.44 8577 
2014/08/29 9.45 10.05 9.45 9.91 9304 
2014/09/05 9.99 10.15 9.8 9.87 8236 
2014/09/12 9.93 9.96 9.51 9.53 3475 
2014/09/19 9.53 9.58 9.29 9.3 4048 
2014/09/26 9.3 9.35 8.71 8.74 4021 
2014/10/03 8.65 9.33 8.15 9.14 15188 
2014/10/10 9.12 9.23 8.9 8.9 3444 
2014/10/17 8.8 8.8 7.03 7.03 11955 
2014/10/24 7.15 7.71 7.09 7.48 7409 
2014/10/31 7.6 8.26 7.11 8.26 6061 
2014/11/07 8.36 8.5 8.28 8.4 4918 
2014/11/14 8.4 8.53 8.17 8.27 4487 
2014/11/21 8.27 8.31 7.82 8.13 4696 
2014/11/28 8.28 8.28 7.93 7.93 4540 
2014/12/05 7.51 8.05 7.51 7.98 2808 
2014/12/12 8.07 8.13 7.85 7.93 4317 
2014/12/19 7.9 8.53 7.79 8.09 11647 
2014/12/26 8.15 8.8 8.11 8.7 10260 
2015/01/02 8.7 9.14 8.62 9.06 8587 
2015/01/09 9.05 9.24 8.86 9.05 15620 
2015/01/16 8.99 9.02 8.44 8.46 5328 
2015/01/23 8.48 8.78 8.45 8.67 3930 
2015/01/30 8.68 8.99 8.58 8.73 4848 
2015/02/06 8.71 8.72 8.48 8.57 3066 
2015/02/13 8.57 8.6 8.28 8.28 2777 
2015/02/27 8.3 8.42 8.28 8.38 1329 
2015/03/06 8.38 8.55 8.36 8.54 3289 
2015/03/13 8.5 8.67 8.28 8.3 6129 
2015/03/20 8.28 8.6 8.25 8.31 13119 
2015/03/27 8.31 8.35 7.81 7.82 6041 
2015/04/03 7.8 8.59 7.75 8.59 12916 
2015/04/10 8.8 9.72 8.7 9.15 43359 
2015/04/17 9.32 9.42 8.68 8.72 14698 
2015/04/24 8.75 9.14 8.58 8.9 8839 
2015/05/01 9.08 9.13 8.52 8.65 5539 
2015/05/08 8.7 8.77 8.21 8.33 9024 
2015/05/15 8.34 8.45 7.77 8.03 6603 
2015/05/22 8.25 8.31 7.98 8.21 4435 
2015/05/29 8.3 9.1 8.21 8.69 13734 
2015/06/05 8.69 8.85 8 8.5 7499 
2015/06/12 8.64 8.64 7.78 8.09 6399 
2015/06/19 8.09 8.19 8 8.1 2366 
2015/06/26 8.12 9.24 8.05 9 15395 
2015/07/03 9 10.4 8.98 9.97 54425 
2015/07/10 10 10.2 8.1 8.68 22715 
2015/07/17 8.75 9.18 8.57 8.59 8448 
2015/07/24 8.63 8.7 7.96 8 7025 
2015/07/31 8 8 7 7.74 10956 
2015/08/07 7.72 7.72 6.85 7.22 14108 
2015/08/14 7.22 7.57 7.12 7.27 5605 
2015/08/21 7.27 7.3 6.29 6.29 8652 
2015/08/28 5.96 6.38 5.3 6.3 12678 
2015/09/04 6.3 7.25 6.15 6.89 10554 
2015/09/11 6.85 6.99 6.71 6.92 4625 
2015/09/18 6.99 7.15 6.76 6.99 5781 
2015/09/25 6.92 7.32 6.8 6.96 8153 
2015/10/02 6.92 7.09 6.84 7.02 1699 
2015/10/09 7.05 7.25 7.02 7.05 5141 
2015/10/16 7.15 7.42 7.08 7.26 8797 
2015/10/23 7.35 7.78 7.26 7.4 12629 
2015/10/30 7.43 7.93 7.38 7.5 14112 
2015/11/06 7.5 8.13 7.46 8 20699 
2015/11/13 8.02 8.1 7.23 7.28 5942 
2015/11/20 7.21 7.89 7.21 7.33 9106 
2015/11/27 7.48 7.79 7.18 7.45 8196 
2015/12/04 7.36 7.45 7.06 7.16 4507 
2015/12/11 7.27 7.33 6.6 6.6 4245 
2015/12/18 6.5 7.12 6.31 7.03 3382 
2015/12/25 6.85 7.17 6.85 6.97 2512 
2016/01/01 6.97 7.42 6.88 7.28 5703 
2016/01/08 7.38 7.38 6.5 6.9 4308 
2016/01/15 6.81 7.17 6.52 6.85 9500 
2016/01/22 6.6 8 6.6 8 20290 
2016/01/29 8.07 8.2 7.66 7.95 16022 
2016/02/05 8.1 8.15 7.9 7.92 3374 
2016/02/19 7.8 8.4 7.72 8.25 9405 
2016/02/26 8.25 8.98 8.09 8.42 14293 
2016/03/04 8.38 9.9 8.3 9.9 67337 
2016/03/11 9.83 10.7 9.53 9.81 70093 
2016/03/18 9.81 9.85 8.86 8.88 68141 
2016/03/25 9 9.17 8.74 9 15838 
2016/04/01 9 10.55 8.65 10.55 58821 
2016/04/08 11 11.7 9.57 11.7 101483 
2016/04/15 12 12.6 9.62 9.82 124558 
2016/04/22 9.85 9.99 9.1 9.15 38724 
2016/04/29 9.16 9.77 9.12 9.17 18016 
2016/05/06 9.16 9.79 8.6 9.65 22195 
2016/05/13 9.75 9.75 8.82 8.88 11684 
2016/05/20 8.88 9.22 8.7 8.98 15319 
2016/05/27 9.15 9.38 9.02 9.27 12745 
2016/06/03 9.35 10.3 9.29 9.57 25539 
2016/06/10 9.65 9.7 9.21 9.3 5772 
2016/06/17 9.22 9.75 9.18 9.53 16026 
2016/06/24 9.7 9.86 8.99 9.06 16014 
2016/07/01 9.06 9.31 8.95 9.16 9218 
2016/07/08 9.19 9.26 8.9 8.93 8137 
2016/07/15 9.05 9.08 8.67 8.75 10073 
2016/07/22 8.76 9.53 8.76 9.3 35214 
2016/07/29 9.43 9.43 8.8 8.83 12151 
2016/08/05 8.9 9.24 8.84 9.15 12801 
2016/08/12 9.35 9.95 8.95 9.11 52332 
2016/08/19 9.32 9.97 9.13 9.66 77014 
2016/08/26 9.66 9.94 9.46 9.5 29218 
2016/09/02 9.5 10.4 9.47 9.75 50648 
2016/09/09 9.83 10.25 9.55 9.65 45251 
2016/09/16 9.65 9.78 9.5 9.55 10171 
2016/09/23 9.56 9.68 9.48 9.5 13060 
2016/09/30 9.5 9.85 9.47 9.7 11255 
2016/10/07 9.73 9.82 9.26 9.27 15091 
2016/10/14 9.23 9.23 7.76 7.86 28669 
2016/10/21 7.9 8.15 7.87 8.12 8519 
2016/10/28 8.12 8.25 8.06 8.07 4339 
2016/11/04 8.04 8.29 7.85 7.88 6637 
2016/11/11 7.88 8.09 7.2 7.3 14123 
2016/11/18 7.38 7.46 7.15 7.35 9122 
2016/11/25 7.38 7.6 7.34 7.47 6965 
2016/12/02 7.49 8.13 7.43 8.02 13341 
2016/12/09 8.02 8.15 7.91 7.98 10362 
2016/12/16 8.07 8.16 7.97 8.07 7299 
2016/12/23 8.17 8.6 7.98 8.48 27818 
2016/12/30 8.55 8.6 8.08 8.1 16931 
2017/01/06 8.16 8.47 8.11 8.42 9786 
2017/01/13 8.57 9.08 8.37 8.82 46407 
2017/01/20 8.8 8.87 8.64 8.7 14408 
2017/01/27 8.7 8.85 8.66 8.75 5309 
2017/02/03 8.75 9 8.7 8.82 5095 
2017/02/10 8.92 9.3 8.69 8.71 20992 
2017/02/17 8.74 9.17 8.72 8.96 25489 
2017/02/24 8.93 11.5 8.92 10.5 240020 
2017/03/03 10.2 10.2 9 9.01 72170 
2017/03/10 9.1 9.46 9.06 9.17 25249 
2017/03/17 9.26 9.5 9.06 9.27 22898 
2017/03/24 9.27 9.49 9.08 9.3 22324 
2017/03/31 9.38 9.51 8.78 9.34 25539 
2017/04/07 9.34 9.39 9.28 9.3 2613 
2017/04/14 9.5 9.51 8.78 8.78 15208 
2017/04/21 8.5 8.9 8.5 8.54 4203 
2017/04/28 8.4 8.42 8.33 8.33 1340 
2017/05/05 8.46 8.49 8.32 8.34 1418 
2017/05/12 8.4 8.41 7.82 7.92 7631 
2017/05/19 7.93 8.16 7.82 8.01 6766 
2017/05/26 8.03 8.52 8.03 8.35 8420 
2017/06/02 8.34 9 8.25 8.95 9830 
2017/06/09 9.03 9.64 8.78 9.46 25805 
2017/06/16 8.99 9.15 8.74 9.06 10693 
2017/06/23 9 9.18 8.94 8.98 10319 
2017/06/30 9 10.25 8.98 9.74 100913 
2017/07/07 9.82 9.95 9.64 9.64 9136 
2017/07/14 9.7 10.4 9.44 10.35 69054 
2017/07/21 10.9 11.15 10.6 10.9 44538 
2017/07/28 11.2 11.25 10.95 11.1 6054 
2017/08/04 10.9 12.8 10.6 12.7 126720 
2017/08/11 12.85 13.5 11.65 11.65 90486 
2017/08/18 11.35 11.45 10.15 10.3 33698 
2017/08/25 10.95 11.15 10.85 10.9 6714 
2017/09/01 11 11.35 11 11 7723 
2017/09/08 12 12.2 11.6 11.6 16467 
2017/09/15 11.6 11.85 11.35 11.5 11362 
2017/09/22 11.6 11.8 11.45 11.45 6242 
2017/09/29 11.2 11.5 10.55 10.95 21511 
2017/10/06 11.2 11.2 11.05 11.1 2502 
2017/10/13 11.15 11.25 10.85 10.85 3852 
2017/10/20 11 11.05 10.9 10.9 2688 
2017/10/27 11.15 12.15 10.95 12 85372 
2017/11/03 12.35 14.95 11.8 14.95 181581 
2017/11/10 16.15 17.75 15.4 16.45 486688 
2017/11/17 16.45 16.45 15.8 16.05 12245 
2017/11/24 16.4 16.65 16.1 16.65 8724 
2017/12/01 20.85 25.4 20.7 24.7 300202 
2017/12/08 20.5 22.35 18.05 18.05 48378 
2017/12/15 19.25 22 19.25 21.65 26996 
2017/12/22 24.2 24.6 19.6 19.85 273093 
2017/12/29 19.85 21.45 19.05 20.3 141073 
2018/01/05 20.3 21.45 19.9 20.75 68004 
2018/01/12 20.8 21 19.5 19.9 66267 
2018/01/19 20 22.95 19.75 21 215019 
2018/01/26 21 21.7 20.25 20.35 66304 
2018/02/02 20.7 22.75 20.4 21.5 147538 
2018/02/09 20.5 21.1 16.3 17.25 94514 
2018/02/16 18.1 18.1 17.15 17.45 9132 
2018/02/23 17.9 19.75 17.85 19.25 54979 
2018/03/02 19.5 19.65 18.85 19.05 33598 
2018/03/09 19.25 20.15 18.8 19 52575 
2018/03/16 19.3 19.75 18.8 19.25 52935 
2018/03/23 19.3 19.4 17.05 17.6 41166 
2018/03/30 17.6 18.6 16.4 16.55 54511 
2018/04/06 16.65 17.1 16.55 17 13505 
2018/04/13 17.1 19.55 16.55 18.15 91143 
2018/04/20 18.4 18.6 17.5 17.55 24805 
2018/04/27 17.7 17.75 15.3 15.6 31709 
2018/05/04 15.7 16.35 15.45 15.8 30105 
2018/05/11 16 16.7 15.8 16.25 51535 
2018/05/18 16.3 16.9 15.65 15.7 31211 
2018/05/25 15.85 18.95 15.8 18.1 104991 
2018/06/01 18.1 18.5 17.5 17.85 53431 
2018/06/08 18.3 19.3 17.85 19.1 66267 
2018/06/15 19.35 19.75 18 18.7 81409 
2018/06/22 18.5 19 17.1 17.35 32021 
2018/06/29 17.5 17.6 16.3 16.75 16867 
2018/07/06 16.8 17.25 14.85 15.35 24709 
2018/07/13 15.05 15.4 13.8 14.8 36063 
2018/07/20 15 15.05 14.15 14.4 14724 
2018/07/27 14.3 14.85 13.85 14.6 16032 
2018/08/03 14.65 15.5 14.25 14.6 24107 
2018/08/10 14.6 15.3 14 15.25 46686 
2018/08/17 15.2 15.9 14.75 15.3 103663 
2018/08/24 15.1 15.95 14.9 15.25 51949 
2018/08/31 15.35 15.6 15.05 15.35 15270 
2018/09/07 15.35 15.35 13.25 13.3 30722 
2018/09/14 13.1 14 11.85 13.85 47826 
2018/09/21 13.85 13.9 13 13.25 13646 
2018/09/28 13.2 14.75 13.1 14.75 51694 
2018/10/05 14.75 14.8 12.65 12.85 36702 
2018/10/12 12.85 13.2 10.6 11.4 17247 
2018/10/19 11.4 11.65 10.85 11.15 14145 
2018/10/26 11.05 11.5 9.46 9.6 18209 
2018/11/02 9.8 10.95 9.38 10.6 18362 
2018/11/09 10.45 11.55 10.4 11 22207 
2018/11/16 10.95 11.8 10.35 11.25 20514 
2018/11/23 11.35 12.45 11.25 11.6 33127 
2018/11/30 11.75 12.8 11.6 12.1 31915 
2018/12/07 12.2 12.65 11.4 11.8 15648 
2018/12/14 11.6 12.2 11.4 11.7 13786 
2018/12/21 11.7 11.9 10.95 11.05 8197 
2018/12/28 11.25 11.45 10.9 11.2 10589 
2019/01/04 11.3 11.6 10.95 11.2 7438 
2019/01/11 11.4 12.4 11.3 11.85 23822 
2019/01/18 11.9 12.35 11.75 11.85 8015 
2019/01/25 12 12.3 11.8 11.95 11306 
2019/02/01 12 12.1 11.5 11.6 5240 
2019/02/15 11.8 13.65 11.6 13.5 70735 
2019/02/22 13.65 14.6 13.2 13.9 55730 
2019/03/01 14 14.1 13.35 13.4 11187 
2019/03/08 13.5 13.9 13.15 13.35 14547 
2019/03/15 13.35 14.1 13.35 13.75 29962 
2019/03/22 13.75 14.25 13.65 13.7 23384 
2019/03/29 13.55 13.65 12.95 13.3 15833 
2019/04/05 13.4 13.75 13.3 13.35 9273 
2019/04/12 13.5 13.85 12.95 13 14702 
2019/04/19 13 13.45 12.85 13 8345 
2019/04/26 13 13.15 12 12.05 6083 
2019/05/03 12.05 12.15 11.7 12 3608 
2019/05/10 11.95 11.95 11.25 11.3 4527 
2019/05/17 11.5 11.55 10.8 10.85 3972 
2019/05/24 10.85 11.3 10.6 10.9 3044 
2019/05/31 10.95 12.85 10.6 12.5 12722 
2019/06/07 12.45 12.45 11.9 11.95 4946 
2019/06/14 12.15 12.4 11.6 12 5697 
2019/06/21 12 12.15 11.8 11.85 3618 
2019/06/28 11.85 12.05 11.5 11.9 4259 
2019/07/05 12 12.3 11.8 12.2 5082 
2019/07/12 12.25 12.25 11.8 12 4814 
2019/07/19 12.1 12.4 11.8 11.8 7361 
2019/07/26 11.8 13.9 11.8 13.15 33673 
2019/08/02 13.25 13.3 12 12.15 8897 
2019/08/09 12 12.15 11.1 11.8 4445 
2019/08/16 11.8 12.05 11.4 11.8 3864 
2019/08/23 11.95 12.25 11.85 11.85 3958 
2019/08/30 11.6 11.95 11.6 11.8 3238 
2019/09/06 11.75 12.7 11.75 12.4 9451 
2019/09/13 12.45 12.65 12.35 12.45 3046 
2019/09/20 12.4 12.5 12 12.25 3501 
2019/09/27 12.25 12.5 11.65 11.7 4838 
2019/10/04 11.65 11.8 11.55 11.65 2244 
2019/10/11 11.65 13.15 11.45 12.8 12466 
2019/10/18 13.1 13.1 12.2 12.6 11075 
2019/10/25 12.65 12.65 11.95 12 4977 
2019/11/01 12 12.1 11.8 11.9 3556 
2019/11/08 11.9 13.05 11.9 12.25 15792 
2019/11/15 12.2 12.2 11.85 11.95 5188 
2019/11/22 12.1 12.1 11.85 11.9 4176 
2019/11/29 11.9 13 11.9 12.45 20154 
2019/12/06 12.55 12.95 12.35 12.4 7620 
2019/12/13 12.5 12.5 12 12 6167 
2019/12/20 12 12.35 12 12.05 4308 
2019/12/27 12.1 12.5 12.05 12.45 4626 
2020/01/03 12.4 12.4 12.05 12.05 3742 
2020/01/10 12.05 12.3 11.9 12.3 5990 
2020/01/17 12.3 12.9 12.2 12.65 12035 
2020/01/24 12.55 12.55 12.3 12.35 2119 
2020/01/31 11.25 11.6 11 11.25 5757 
2020/02/07 10.5 10.85 10.15 10.65 6785 
2020/02/14 10.55 11.35 10.35 10.9 6791 
2020/02/21 10.8 10.9 10.75 10.8 3779 
2020/02/28 10.75 10.75 10.05 10.05 3918 
2020/03/06 9.54 10.2 9.54 9.97 4731 
2020/03/13 9.8 9.8 7.31 7.55 10907 
2020/03/20 7.61 7.61 6.08 6.72 10039 
2020/03/27 6.12 7.31 6.11 7.1 4839 
2020/04/03 6.95 7.46 6.88 7.32 2124 
2020/04/10 7.3 8.39 7.3 8.22 5155 
2020/04/17 8.2 10.2 8.05 9.81 13837 
2020/04/24 9.82 9.98 9.21 9.51 5812 
2020/05/01 9.58 10.55 9.56 10.15 7748 
2020/05/08 10 10.1 9.76 9.8 4460 
2020/05/15 9.8 10.35 9.54 9.62 4954 
2020/05/22 9.61 10.2 9.55 9.7 6662 
2020/05/29 9.68 9.76 9.34 9.38 3205 
2020/06/05 9.5 10.5 9.42 10.25 7763 
2020/06/12 10 10.15 9.19 9.29 5855 
2020/06/19 9.31 9.49 9.16 9.37 3836 
2020/06/26 9.38 9.4 9.15 9.17 2135 
2020/07/03 9.24 10.6 9.21 10.1 17801 
2020/07/10 10.2 10.4 9.72 9.8 7706 
2020/07/17 9.86 9.89 9.31 9.34 5239 
2020/07/24 9.31 9.78 9.29 9.34 3589 
2020/07/31 9.35 9.79 8.88 9.48 8219 
2020/08/07 9.48 9.48 9.21 9.22 4241 
2020/08/14 9.28 9.3 8.96 9.15 4312 
2020/08/21 9.17 9.9 8.88 9.14 12655 
2020/08/28 9.21 9.3 9.13 9.21 3400 
2020/09/04 9.3 9.42 9.05 9.27 4355 
2020/09/11 9.27 9.79 9.16 9.19 8326 
2020/09/18 9.29 9.52 9.11 9.45 3907 
2020/09/25 9.45 9.55 8.86 8.95 6392 
2020/10/02 9.01 9.07 8.96 8.99 1428 
2020/10/09 9 9.05 8.87 8.94 2586 
2020/10/16 8.92 9.02 8.66 8.83 3011 
2020/10/23 8.83 9.44 8.76 9.15 7659 
2020/10/30 9.09 9.12 8.81 8.83 2977 
2020/11/06 8.83 9 8.79 8.99 1751 
2020/11/13 9.1 9.42 8.89 9.35 5365 
2020/11/20 9.2 9.51 9.1 9.43 7925 
2020/11/27 9.47 9.69 9.41 9.64 8825 
2020/12/04 9.67 10.4 9.67 9.98 19228 
2020/12/11 10 12.4 9.89 11.4 50593 
2020/12/18 11.55 12.2 11.2 11.85 21081 
2020/12/25 12.15 12.35 10.8 12.35 28655 
2021/01/01 12.45 13.8 12.05 13.2 48359 
2021/01/08 13.45 13.5 11.6 11.9 22971 
2021/01/15 12.05 13.2 11.8 11.8 18248 
2021/01/22 12 12.05 10.9 11.15 10478 
2021/01/29 11.2 12.2 11.05 11.5 11198 
2021/02/05 11.5 11.75 11.2 11.35 6004 
2021/02/19 11.3 11.95 11.15 11.95 5659 
2021/02/26 12.3 12.3 11.7 11.85 10071 
2021/03/05 11.85 12.15 11.55 11.65 5056 
2021/03/12 11.75 11.85 11.25 11.45 5351 
2021/03/19 11.4 12.9 11.4 12.85 23904 
2021/03/26 13 14.1 12.8 13.95 57234 
2021/04/02 14.1 14.25 13.5 13.6 24082 
2021/04/09 13.7 14.85 13.55 14.15 29459 
2021/04/16 14.3 14.85 13.2 14.35 29647 
2021/04/23 14.45 15.3 13.9 14.35 36006 
