1990/02/05 286 293 280 285 26380
1990/02/12 287 293 270 275 21557
1990/02/19 275 287 270 271 17824
1990/02/26 268 270 254 259 14156
1990/03/05 255 273 249 272 14464
1990/03/12 272 272 256 260 11460
1990/03/19 258 265 238 238 9901
1990/03/26 238 246 235 244 6214
1990/04/02 248 250 219 219 8659
1990/04/09 213 225 205 208 7681
1990/04/16 205 220 198 213 11952
1990/04/23 212 220 208 215 9810
1990/04/30 215 217 184 198 13244
1990/05/07 198 200 180 186 8862
1990/05/14 186 189 161 161 8848
1990/05/21 161 165 118.5 133 16761
1990/05/29 132 179 130 174 29826
1990/06/04 169 178 139 139 37808
1990/06/11 130 150 128 132 24931
1990/06/18 134 137 119 124 17405
1990/06/25 127 129 113 116 15785
1990/07/03 116 118 98 108 15572
1990/07/09 106 119 103 111.5 30249
1990/07/16 109 122 105 122 24447
1990/07/23 122 127 110.5 120 28928
1990/07/30 123 135 116 121 34007
1990/08/06 121 121 78.5 81 15548
1990/08/13 81 81 67 67 23135
1990/08/20 65.5 68 52.5 56.5 20085
1990/08/27 58 74 58 71.5 39649
1990/09/03 68.5 73.5 63 63.5 28580
1990/09/10 66.5 71 64 67.5 30290
1990/09/17 66.5 69 60 67 26692
1990/09/24 65 65.5 60 62 16097
1990/10/01 62 65.5 59 64 15945
1990/10/08 64 67 57 61 17467
1990/10/15 62 69 60.5 68.5 20429
1990/10/22 67.5 80 66 68.5 49967
1990/10/29 70.5 74 65.5 72.5 24992
1990/11/05 75 81.5 71.5 74 41760
1990/11/13 79 83 77 81 36341
1990/11/19 83 93 81 86 55977
1990/11/26 86 87 75.5 86.5 55818
1990/12/03 85.5 89 77.5 78 54249
1990/12/10 77 78 70.5 72 23359
1990/12/17 71.5 76 66 74.5 23346
1990/12/24 74.5 78.5 70.5 78.5 20799
1991/01/03 77.5 77.5 72.5 76.5 16135
1991/01/07 74.5 74.5 64 65.5 17462
1991/01/14 64.5 75 60 73 21585
1991/01/21 72 76 66.5 71 28645
1991/01/28 71 73 69 70.5 12726
1991/02/04 70.5 78 70.5 78 24533
1991/02/11 79.5 82 79 82 7484
1991/02/19 87.5 92 84 90.5 40431
1991/02/25 92 97 85 85 66244
1991/03/04 81.5 87 80 86 24992
1991/03/11 87 89 84 86.5 16592
1991/03/18 86.5 86.5 81 82 14306
1991/03/25 82 89 80 88.5 21613
1991/04/01 89 91 85.5 87.5 19835
1991/04/08 89 95 87 91.5 39299
1991/04/15 92 96 86 93.5 41724
1991/04/22 94.5 99 92.5 99 42641
1991/04/29 103 109.5 97 102 63042
1991/05/06 105 114 104 108 58451
1991/05/13 107 108 99 101.5 30270
1991/05/20 101.5 106 101 102 22048
1991/05/27 102 103 94 98.5 17208
1991/06/03 98.5 106 97.5 103.5 27157
1991/06/10 103.5 107 101 107 25614
1991/06/18 108 108 105 106 18656
1991/06/24 107 107 100.5 102 18707
1991/07/02 104 104 99 100 8745
1991/07/08 100 100 95.5 97.5 9428
1991/07/15 98 98.5 91 92 7020
1991/07/22 92 92 85 90 9184
1991/07/29 91.5 93.5 87 89 6398
1991/08/05 88.5 98 85 97 12785
1991/08/12 95.5 96 88 88 9635
1991/08/19 88 88.5 77 77 29082
1991/08/26 77 77 72 74.5 14607
1991/09/02 75 78 72.5 76 17233
1991/09/09 77 78 73.5 74 9284
1991/09/16 74 79.5 73.5 78.5 10285
1991/09/24 79 83.5 78.5 82.5 12810
1991/09/30 83 84.5 80 82 15342
1991/10/07 81 84.5 81 82.5 10835
1991/10/14 80 82 65 69.5 22366
1991/10/21 69.5 70 65 69.5 7406
1991/10/28 70 71.5 68 69 8347
1991/11/04 69.5 74 69 71.5 14044
1991/11/11 72.5 72.5 69 70 6922
1991/11/18 70 73 69 70.5 12904
1991/11/25 70.5 71.5 68.5 69 6947
1991/12/02 69 69 66.5 69 6903
1991/12/09 69 70 66 66.5 13306
1991/12/16 66.5 68.5 66.5 68 11194
1991/12/23 69.5 69.5 67 69 8504
1992/01/04 69.5 70 69 69 1998
1992/01/06 69 72 69 71.5 16875
1992/01/13 71.5 74.5 71.5 72 27049
1992/01/20 72.5 75.5 72.5 75 28974
1992/01/27 76 77.5 75 76 22754
1992/02/07 75.5 76 73 73 4955
1992/02/10 73.5 74 70 70.5 10547
1992/02/17 70.5 70.5 68 70.5 11889
1992/02/24 71 71.5 68 71 10600
1992/03/02 72 72 69 69.5 7396
1992/03/09 69.5 70.5 69 69.5 5784
1992/03/16 70 70 68 68 5509
1992/03/23 68 70 67.5 68.5 6072
1992/03/31 68.5 69.5 67 67.5 3125
1992/04/06 67.5 67.5 66 66 4705
1992/04/13 66 66.5 65 66 4549
1992/04/20 66 67 66 66 2906
1992/04/27 66.5 67 65.5 66.5 3213
1992/05/04 66.5 68 64.5 64.5 5348
1992/05/11 64 64 62 63 3936
1992/05/18 63 66.5 63 65.5 5361
1992/05/25 66 66 63 63 3200
1992/06/01 63 64.5 62.5 64 2382
1992/06/08 64 65 63 63.5 6937
1992/06/15 64 64.5 63 63.5 5757
1992/06/22 63.5 67 62.5 63.5 12991
1992/06/29 63.5 64 63 64 3460
1992/07/06 64 64.5 54.5 54.5 10276
1992/07/13 55 55 52.5 52.5 4488
1992/07/20 52.5 53 49 49.9 8850
1992/07/27 50 52.5 49.5 51.5 4779
1992/08/03 51.5 52.5 50.5 50.5 5173
1992/08/10 51 51.5 49.5 50.5 4509
1992/08/17 50 50.5 48 49.6 6854
1992/08/24 49.6 49.8 49 49.8 3526
1992/08/31 50 51 49.5 49.6 5970
1992/09/07 50 50.5 49.2 49.4 2633
1992/09/14 49 49.3 45 49.1 9302
1992/09/21 48.8 50.5 47.8 48.4 10280
1992/09/29 49 52 48.7 51.5 19303
1992/10/05 51.5 53 50 50.5 16118
1992/10/12 50.5 52 50 51 6911
1992/10/19 51.5 51.5 50 50 5145
1992/10/27 50 51 50 50 2317
1992/11/02 50.5 50.5 49 49.5 4840
1992/11/09 49.5 49.9 49 49.8 2577
1992/11/16 50 52 49.8 52 19910
1992/11/23 52 52 51 51 10613
1992/11/30 51 52 50 52 8157
1992/12/07 52 55.5 52 55.5 33657
1992/12/14 55.5 55.5 53 53 13438
1992/12/21 53 53.5 50.5 50.5 11933
1992/12/28 50.5 51 49.5 50.5 6729
1993/01/05 51 51 48.5 50 11262
1993/01/11 50 51.5 49.1 50.5 8477
1993/01/18 51 52 50 51.5 5215
1993/01/27 51 51.5 49.6 51.5 4720
1993/02/01 52 54 51.5 53.5 22995
1993/02/08 53.5 57 52 56 37178
1993/02/15 57 61 56.5 59 95696
1993/02/22 59.5 65 58 63.5 101018
1993/03/01 63.5 68 59.5 64 112171
1993/03/08 64 65 61 62 48123
1993/03/15 61.5 63.5 61 61.5 26901
1993/03/22 61.5 63.5 61 61.5 23721
1993/03/30 62 65 61.5 64 38636
1993/04/07 65 66 61 61.5 23465
1993/04/12 61.5 62 58 59 17089
1993/04/19 59 60.5 58 59 13944
1993/04/26 59 60 58 59 10115
1993/05/03 58.5 58.5 56.5 58.5 13630
1993/05/10 59.5 62.5 59 59.5 51998
1993/05/17 59.5 61 58.5 59.5 29624
1993/05/24 59.5 60 57 58 16295
1993/05/31 58.5 59.5 57.5 59 8623
1993/06/07 59 60.5 58.5 59 14396
1993/06/14 59 59.5 58 58.5 5722
1993/06/21 58 58.5 57 58.5 5384
1993/06/28 58 58 55 56 8972
1993/07/05 56 57 55 56 8160
1993/07/12 56.5 57 54 54.5 7350
1993/07/19 54.5 54.5 50 51.5 9017
1993/07/26 51.5 52 50.5 51 5241
1993/08/02 50.5 52.5 50 51.5 8695
1993/08/09 52 53.5 51.5 52 14343
1993/08/16 52 53 51 51.5 9334
1993/08/23 51.5 51.5 50.5 51 4938
1993/08/30 51 51.5 50 50.5 4618
1993/09/06 50.5 51 50 51 4930
1993/09/13 51 52.5 50 51.5 8206
1993/09/20 52 52 50.5 51.5 7198
1993/09/27 51 51.5 50.5 51 2771
1993/10/04 51 52 50.5 52 6837
1993/10/12 52 55.5 51.5 54.5 21510
1993/10/18 55 55 53 54 15954
1993/10/26 54.5 55 53 54 11271
1993/11/02 54.5 56 54.5 54.5 17450
1993/11/08 54.5 56 54.5 56 10333
1993/11/15 57 59 56.5 57 36642
1993/11/22 57 57.5 56 57 9914
1993/11/29 59 62.5 58 61.5 41993
1993/12/06 62 63 60 62 37698
1993/12/13 62 72 62 67.5 109032
1993/12/20 68 70 66 68 41188
1993/12/27 68.5 75 67 73.5 52558
1994/01/05 73 79.5 72 72 64026
1994/01/10 73 73.5 65.5 70.5 47967
1994/01/17 70.5 70.5 66 67.5 21134
1994/01/24 68 68.5 66 67 11429
1994/01/31 68 74 68 72 71103
1994/02/14 72 72.5 67.5 68 25725
1994/02/21 68 68.5 66 66 15672
1994/02/28 66 68 64.5 67.5 16191
1994/03/07 68.5 69 66 67.5 21745
1994/03/14 67.5 71 64.5 65.5 39665
1994/03/21 65.5 67.5 64.5 66 20485
1994/03/28 66 66.5 64.5 66 8621
1994/04/06 66.5 67.5 66 66 8475
1994/04/11 66 66.5 64.5 65.5 13526
1994/04/18 65.5 68 65 66.5 28139
1994/04/25 66.5 68 65 65 16746
1994/05/02 65 66.5 64 64.5 18595
1994/05/09 65 65 63 64 14423
1994/05/16 64.5 66 63 63 21015
1994/05/23 63.5 64 62 62.5 10540
1994/05/30 62.5 63 62 62.5 11373
1994/06/06 62.5 64.5 60.5 61 19124
1994/06/14 61 62 61 61 12347
1994/06/20 61 61.5 58.5 59 11612
1994/06/27 58.5 61 58 59.5 15932
1994/07/04 60 60 59 59 11242
1994/07/11 59.5 60 59 59.5 11590
1994/07/18 59.5 59.5 53.5 54 20378
1994/07/25 54 55 53 53 14933
1994/08/01 53.5 55 53 54 19407
1994/08/09 54 54.5 51.5 51.5 10944
1994/08/15 51 52 50 51 9631
1994/08/22 51 53 51 51 10741
1994/08/29 51 52.5 51 51.5 8971
1994/09/05 51.5 52.5 51.5 52 8133
1994/09/12 52 53.5 51.5 52 14513
1994/09/21 52 53 52 52.5 6871
1994/09/26 52.5 57 52.5 55.5 37480
1994/10/03 55.5 56 50 50 23866
1994/10/11 50 51.5 48.3 51 18510
1994/10/17 51.5 53.5 50.5 52 26072
1994/10/24 52.5 52.5 50 50 12255
1994/11/01 50 50.5 48.8 49.2 11884
1994/11/07 49.3 49.8 49 49.2 8646
1994/11/14 49.3 49.6 48.4 48.7 7439
1994/11/21 48.7 48.8 48 48.3 8073
1994/11/28 48.3 48.5 48 48.3 7588
1994/12/05 50 50.5 48.8 49.2 17315
1994/12/12 49.2 50.5 48.8 50 11823
1994/12/19 50 52 50 50.5 25443
1994/12/27 51 53 50.5 52.5 18031
1995/01/05 53 55 52.5 54 33618
1995/01/09 55 55 50 50 23761
1995/01/16 51 59 50.5 53.5 96898
1995/01/23 54 54.5 51.5 52.5 21183
1995/02/04 53.5 54 53 53 3142
1995/02/06 53 57 52.5 55 41671
1995/02/13 55.5 55.5 53.5 55 17568
1995/02/20 55 57 54 57 44145
1995/02/27 55.5 56 53.5 55.5 29322
1995/03/06 55.5 56 53.5 54 12768
1995/03/13 54 55 53.5 54.5 11809
1995/03/20 54.5 54.5 52.5 53.5 9378
1995/03/27 53.5 55 53 53.5 8954
1995/04/06 53.5 54 53 53.5 4001
1995/04/10 53.5 54 51.5 52 8383
1995/04/17 51.5 52 49.1 49.6 13196
1995/04/24 49.6 50 48.4 48.5 9235
1995/05/01 48.6 48.9 46.1 46.5 8156
1995/05/08 46.5 47.4 46.5 46.8 4633
1995/05/15 46.9 47 46.2 46.5 3858
1995/05/22 46.5 46.6 45.6 45.7 3798
1995/05/29 45.5 48.6 45 48 7666
1995/06/05 48.3 48.3 46.5 47 5340
1995/06/12 47.2 47.9 46.5 47.2 9650
1995/06/19 47.5 50.5 46.5 50.5 17817
1995/06/26 51 51.5 48 48.2 16578
1995/07/03 48.2 49.8 46.8 49 10113
1995/07/10 49 49.5 48.3 48.7 8720
1995/07/17 48.8 48.8 39.8 40.8 15108
1995/07/24 40.6 41.5 39.5 40.7 9594
1995/07/31 40.5 40.7 37.4 37.6 7169
1995/08/07 37.5 38.3 34.5 34.5 12790
1995/08/14 34.2 36.2 30.8 33.5 25271
1995/08/21 33.3 34.8 33 33.5 7906
1995/08/28 33.5 35.5 33.2 35.1 10551
1995/09/04 35.3 38.7 35.3 38 23081
1995/09/11 38 38 36 36.6 18297
1995/09/18 36.7 36.9 36 36 8580
1995/09/25 36.9 37.3 35 35.1 10514
1995/10/02 35 35.6 34.2 34.8 14915
1995/10/09 35 35 34 34 8430
1995/10/16 33.8 34 32.6 32.9 6531
1995/10/23 32.9 33.6 32.4 32.6 5366
1995/10/30 32.5 32.5 31.5 31.9 3047
1995/11/06 31.8 32.8 31.5 31.8 3221
1995/11/14 31.7 31.8 30.7 31.2 4068
1995/11/20 31.2 31.8 30.8 31.8 3924
1995/11/27 31.9 33 31.8 32.4 6584
1995/12/04 33 34.2 32 34 11749
1995/12/11 34 35.7 33.7 34.8 25967
1995/12/18 34.8 38.3 34.8 38.2 72253
1995/12/26 37.8 37.8 36.3 37 22959
1996/01/04 37 37 33.5 34.4 10304
1996/01/08 34.6 35.7 33.7 35.3 20274
1996/01/15 35.5 36.7 34.7 36.2 25843
1996/01/22 36.2 37 35.8 35.9 22896
1996/01/29 35.6 36.2 34.4 35.5 13068
1996/02/05 35.5 36.8 34.9 36.8 15964
1996/02/12 37.1 38 36.8 37.6 21600
1996/02/23 37.9 38.3 37.5 37.5 8294
1996/02/26 37.2 38.5 36.7 38.2 20366
1996/03/04 38.2 38.3 36.9 38.1 19895
1996/03/11 37.6 39.1 37.3 38.6 18194
1996/03/18 38.8 39.4 38.2 39.4 17492
1996/03/25 39.6 40.3 39 39.4 16499
1996/04/01 39.4 45.1 39.4 45.1 19589
1996/04/08 45.1 52 43.8 50.5 89966
1996/04/15 50.5 51.5 47.2 49.8 110200
1996/04/22 50 53 49.3 51.5 80554
1996/04/29 52 52 49 49.5 31366
1996/05/06 49.6 51.5 47.8 51 38557
1996/05/13 51.5 52 50 51 23020
1996/05/20 51 54.5 48.3 53 79312
1996/05/27 53 55 51 55 59488
1996/06/03 55 56.5 54 55.5 58438
1996/06/10 55.5 60.5 55 60 62185
1996/06/17 60 62 57.5 59.5 48625
1996/06/24 59.5 68 59 67.5 79316
1996/07/02 67 67.5 58.5 58.5 55531
1996/07/08 58.5 59.5 56 58.5 42230
1996/07/15 58.5 59.5 56.5 58.5 33665
1996/07/22 58.5 58.5 55.5 57.5 16923
1996/07/29 57.5 58 54 54.5 12546
1996/08/05 54 56.5 53 55.5 19255
1996/08/12 55.5 58 55 55 22909
1996/08/19 55 56 53 54.5 17298
1996/08/26 54.5 56.5 54.5 56 12937
1996/09/02 56.5 56.5 54 55.5 13965
1996/09/09 56 58.5 55.5 56.5 35774
1996/09/16 57 57.5 55 55 15802
1996/09/23 55.5 55.5 54.5 55.5 10461
1996/09/30 55.5 59 55 58 34261
1996/10/07 58 60.5 56.5 60.5 28401
1996/10/14 61 62 58.5 58.5 45628
1996/10/21 58.5 59.5 58 59.5 7970
1996/10/28 59.5 60.5 58 60 14464
1996/11/04 60 61 59 59 21701
1996/11/11 59 60.5 58.5 60 11409
1996/11/18 60 64 59.5 63.5 79142
1996/11/25 64 64.5 61 62 41599
1996/12/02 62 66 60.5 61.5 48469
1996/12/09 61.5 62 60 61 15512
1996/12/16 61 61.5 60 60.5 16900
1996/12/23 60.5 61 60 60 14513
1996/12/30 60 60.5 58.5 58.5 17354
1997/01/06 59 60.5 58.5 59.5 22576
1997/01/13 59.5 61 59 59.5 17586
1997/01/20 59.5 64.5 59 60 67291
1997/01/27 60 60.5 59 60.5 16774
1997/02/03 61 61 60 61 3602
1997/02/11 61 61.5 59.5 60 19697
1997/02/17 60 62 59.5 61 40930
1997/02/24 61.5 63 60.5 62 41940
1997/03/03 62 64.5 61.5 63 61147
1997/03/10 63 65 62.5 63 38432
1997/03/17 63.5 64 61.5 62 32497
1997/03/24 62 62 58 59.5 23935
1997/03/31 59.5 61 58 60.5 19462
1997/04/07 60 61.5 58.5 59.5 34700
1997/04/14 60 62 58.5 59 25797
1997/04/21 59 61 59 59.5 14772
1997/04/28 59.5 59.5 51.5 53 22481
1997/05/05 52.5 53.5 50 50 16921
1997/05/12 50 53 47.9 52.5 21353
1997/05/19 52 52.5 51 51 9559
1997/05/26 51.5 53 50 51.5 13603
1997/06/02 51.5 52 48.5 49 12704
1997/06/10 49.4 51 48.8 49.7 9593
1997/06/16 50 50 46.3 48 24253
1997/06/23 48 49.8 45 49.1 34776
1997/06/30 49.5 50.5 48.1 48.7 20833
1997/07/07 48.2 48.7 45.8 46.9 16420
1997/07/14 47.5 47.5 41.5 42.3 28877
1997/07/21 42.6 44.5 37.8 37.9 32508
1997/07/28 38.1 40.7 38 39.1 33233
1997/08/04 39 39.2 38 38.8 14201
1997/08/11 39 40.5 38.2 38.3 15655
1997/08/19 39 39 37.5 37.5 10424
1997/08/25 37.8 39 37 37.1 11267
1997/09/01 37.4 37.4 36 36.3 14348
1997/09/08 36.3 37.5 36 36.3 12000
1997/09/15 36.5 37 36.1 36.5 7343
1997/09/22 36.6 40 36.5 38.2 31991
1997/09/30 38.5 38.7 36 36.2 10419
1997/10/06 36.2 36.6 35.1 36.1 8218
1997/10/13 36.1 36.4 33.7 34.2 9061
1997/10/20 34.7 35.5 33.6 34.3 8766
1997/10/27 34.3 34.6 31.9 32.8 10947
1997/11/03 32.9 35.6 32.5 33.1 17733
1997/11/10 33.2 33.8 32 32.1 5785
1997/11/17 32 37.5 31.9 37.5 25310
1997/11/24 37.5 38 35.6 38 38552
1997/12/01 36.1 41 35.8 39.6 78634
1997/12/08 39.6 40.2 38.2 39.3 41240
1997/12/15 39.1 39.9 38 38.8 45965
1997/12/22 39 39.9 37.6 39 37898
1997/12/29 39 39.3 38 38 14073
1998/01/05 38 38.3 35 35.5 18531
1998/01/12 35 35.2 33.5 34 16588
1998/01/19 34.4 34.9 34 34.2 11615
1998/02/02 34.7 35.6 33.8 34 21506
1998/02/09 34 34.8 33.7 33.7 16967
1998/02/16 33.8 35 33.3 34.6 25815
1998/02/23 35.8 38 35.5 36.2 58602
1998/03/02 36.5 38.4 36 37.2 44674
1998/03/09 37.7 39.2 37.5 38.3 58561
1998/03/16 38.5 38.5 36 36.3 25293
1998/03/23 36.3 39.2 36 37.9 45249
1998/03/30 38.1 40.1 37.1 38.9 88694
1998/04/07 40 40.5 37.6 38.5 48995
1998/04/13 38.5 38.5 36.1 36.5 26517
1998/04/20 36.6 36.8 35.3 36 14856
1998/04/27 35.9 36 34.7 34.7 17317
1998/05/04 34.7 35.3 33.8 34 10350
1998/05/11 34.1 35 32.6 32.8 12654
1998/05/18 32.9 33.5 32.5 33.1 8994
1998/05/25 33 33.3 32.1 32.1 9179
1998/06/01 32.2 32.2 30.5 31 13033
1998/06/08 31 31 26 26 17912
1998/06/15 26.2 31.2 26 30 45248
1998/06/22 30.1 30.3 28.2 29.1 21053
1998/06/29 29.2 31 28.5 30.5 22326
1998/07/06 32.6 36 31.8 33.7 186951
1998/07/13 33.3 33.7 31.3 31.7 37009
1998/07/20 32.2 32.2 30.2 30.4 16307
1998/07/27 30.5 30.8 28.1 28.3 14760
1998/08/03 28.9 29.4 27.4 29.2 13272
1998/08/10 29.2 29.8 28 29.2 21917
1998/08/17 29.4 29.6 28.7 28.8 12669
1998/08/24 28.6 29.6 27.2 28.8 21025
1998/08/31 28.9 30.6 26.6 30.4 40767
1998/09/07 30.4 31 29.1 30.4 54487
1998/09/14 30.4 31.7 30.1 31.2 77124
1998/09/21 31.1 31.2 28.1 28.6 41683
1998/09/28 28.6 29.8 27.6 29.8 46341
1998/10/06 29.2 31.6 29 30.7 56483
1998/10/12 31.2 31.4 29 29.5 33301
1998/10/19 29.8 30.7 29 30.1 34722
1998/10/26 30.3 30.3 29 29.7 25974
1998/11/02 30 30 28 28.4 28352
1998/11/09 28.4 29 27.5 28.3 21220
1998/11/16 28.9 31.4 28.6 30.2 90374
1998/11/23 30.2 32.3 29 31.2 88998
1998/11/30 31.3 31.5 29.6 30.3 47948
1998/12/07 31.2 32.2 29.5 29.5 58626
1998/12/14 30 30.2 27.7 27.7 33975
1998/12/21 28.5 29.4 28.2 28.8 26779
1998/12/28 28.8 29 27.6 27.8 16330
1999/01/05 27.8 27.8 25.2 26.7 22334
1999/01/11 26.7 27 24.6 25.7 32306
1999/01/18 25.9 26.2 25 25 13661
1999/01/25 24.8 25 23.3 23.6 19529
1999/02/01 23.6 23.6 19.8 21.8 38443
1999/02/08 22.8 23 21.4 22.3 17954
1999/02/20 22.9 23.5 22.6 23.5 4750
1999/02/22 23.5 25.3 23.1 24 25862
1999/03/01 24.1 25 23.8 24.4 20299
1999/03/08 24.5 24.8 23.8 23.8 11393
1999/03/15 23.8 26 23.6 25 54082
1999/03/22 25 26.4 24.6 26.1 42435
1999/03/29 26.5 27.8 24.8 27 72543
1999/04/06 27.3 27.8 26.6 27.1 35829
1999/04/12 27.4 29.3 26.1 28.7 83536
1999/04/19 29 29.8 27.8 28.7 64020
1999/04/26 29.1 29.1 26.5 27.4 26596
1999/05/03 27.3 28.3 26.8 26.9 24709
1999/05/10 26.7 27.4 26.5 26.5 15264
1999/05/17 26.8 27.4 26.3 26.4 18905
1999/05/24 26.4 26.4 24.5 24.6 15825
1999/05/31 24.6 25.2 24 24.3 12889
1999/06/07 24.4 25.5 24.4 24.9 17669
1999/06/14 25 25.1 24.2 24.6 11240
1999/06/21 24.7 26.4 24.6 25.4 33517
1999/06/28 25.8 25.9 24.5 25 17121
1999/07/05 25.1 25.8 22.3 22.4 19449
1999/07/12 22.2 22.4 19.5 19.9 21900
1999/07/19 19.9 20.9 19.5 20.5 14194
1999/07/26 20.6 20.8 19.8 20 12131
1999/08/02 20 20.2 19 19.5 13438
1999/08/09 19.5 20.6 19.2 20.2 26788
1999/08/16 20.4 21.6 20.2 20.8 80621
1999/08/23 21.2 21.6 20.2 20.5 34655
1999/08/30 20.3 21.2 19.5 19.5 40945
1999/09/06 19.6 20 19.2 20 14225
1999/09/13 20 20.3 19.2 19.7 18127
1999/09/20 19.8 19.8 19.5 19.6 878
1999/09/27 20.9 25.8 20.9 25.8 195678
1999/10/04 25.9 27.4 23.5 23.8 129940
1999/10/11 23.8 24.2 22.6 22.7 64658
1999/10/18 22.6 23.4 21.7 23 39423
1999/10/25 23 23 21 21 32882
1999/11/01 21.2 21.4 19.5 19.5 23028
1999/11/08 19.2 20.3 19.2 19.9 10991
1999/11/15 20 20.2 19.4 19.7 20642
1999/11/22 19.7 20.4 18.8 18.9 28072
1999/11/29 19.1 23.2 19 22.8 116047
1999/12/06 23 27.7 22.5 26.5 288542
1999/12/13 27.2 29.9 26.2 28.2 361522
1999/12/20 28.4 29.9 26.6 29.9 190241
1999/12/27 30.6 32.8 30.6 32.4 133753
2000/01/04 33.8 36.4 32 33.9 215547
2000/01/10 34 36.5 33 33.7 187611
2000/01/17 34.1 38.6 33.5 37.8 282598
2000/01/24 38.4 41 37.5 38.4 289599
2000/01/31 38 40.9 38 40.9 83951
2000/02/09 43 46.8 42.1 46.8 184502
2000/02/14 47 55.5 44.8 54 331553
2000/02/21 52 52.5 43.3 43.3 261170
2000/02/29 43.3 46.1 40.5 41.1 319237
2000/03/06 41.1 41.1 38 38 265719
2000/03/13 36.5 36.9 31.7 33.3 170377
2000/03/20 32.2 38.5 31.8 37.2 274212
2000/03/27 37.4 39 33.6 36 188086
2000/04/05 35.5 35.9 33 33 63295
2000/04/10 33 35.8 29.6 29.6 117987
2000/04/17 28.2 30.8 27.7 29 80712
2000/04/24 29 29.2 22.5 25 99562
2000/05/02 25.3 29.4 25.2 29.3 154263
2000/05/08 29.2 29.4 26.8 28.1 79390
2000/05/15 28.6 32.6 28.6 29.4 239943
2000/05/22 29.9 30.2 25.7 26.1 77142
2000/05/29 26.2 28.6 26.2 28 70012
2000/06/05 28.3 28.5 26.6 27.6 58227
2000/06/12 27.6 28 25.5 25.8 39909
2000/06/19 25.8 27 25.3 25.8 30148
2000/06/26 25.5 25.8 22.2 24.4 38913
2000/07/03 24.6 25.6 23.6 24.2 54804
2000/07/10 24.3 26.2 23 26 66819
2000/07/17 26.5 27.5 23 23 73198
2000/07/24 23.2 24.8 23 24.5 77433
2000/07/31 24.5 25.2 23.5 24.3 53542
2000/08/07 24.3 24.6 23.1 23.5 38371
2000/08/14 23.8 24.2 22.7 23.2 43865
2000/08/21 23.3 23.7 22.1 22.3 33505
2000/08/28 22 22.2 18.3 19.5 54207
2000/09/04 19.7 20.9 19.3 19.6 45409
2000/09/11 18.9 19.6 18.5 19.1 21568
2000/09/18 19 19.8 17.6 19.1 60660
2000/09/25 19.2 19.6 16.8 16.8 48036
2000/10/02 16.6 18.2 15.8 17.7 74576
2000/10/09 17.9 18 15.6 17.6 45085
2000/10/16 18.7 18.7 15.8 17.2 67169
2000/10/23 17 18.1 16.5 17.1 57902
2000/10/30 16.6 17.5 16.1 16.8 66094
2000/11/06 17.2 18 16.6 17.9 51858
2000/11/13 16.8 18.4 16 16 64225
2000/11/20 15.2 16.8 14.4 16.8 52030
2000/11/27 17.1 17.2 16 16.2 45659
2000/12/04 16.2 16.2 15.3 15.5 32848
2000/12/11 15.6 16.3 15.5 15.7 55071
2000/12/18 15.9 15.9 14.8 15.2 36718
2000/12/26 15.3 15.5 14.3 15.3 23086
2001/01/02 15.3 17 15.1 16.1 40168
2001/01/08 15.9 16.7 15.7 15.9 52345
2001/01/15 15.8 17.3 15.3 17.2 65548
2001/01/29 17.2 18.9 17 18.9 118163
2001/02/05 19.3 19.9 17.2 17.9 76923
2001/02/12 17.8 18.4 17.5 17.7 50146
2001/02/19 17.1 17.8 16.3 16.3 39213
2001/02/26 16.4 16.6 15.7 15.8 17105
2001/03/05 15.8 16.9 15.8 16.1 32946
2001/03/12 16 16.1 15.3 15.6 24983
2001/03/19 15.9 15.9 15.2 15.6 20032
2001/03/26 15.8 16 15 15.1 30272
2001/04/02 15 15.1 13.55 14 22779
2001/04/09 14 14.2 13.6 13.8 18559
2001/04/16 13.8 14 13.6 13.7 12374
2001/04/23 13.7 13.85 13.05 13.05 12481
2001/04/30 13 13.1 11.85 12 17379
2001/05/07 12 12.1 10.8 11.4 22507
2001/05/14 11.3 11.6 11.1 11.1 14203
2001/05/21 11.05 11.6 10.4 11 25711
2001/05/28 11 11.2 10.5 10.5 11149
2001/06/04 10.5 10.85 10.1 10.65 27127
2001/06/11 10.65 10.8 10.3 10.45 16955
2001/06/18 10.4 10.5 10 10.05 12004
2001/06/26 10.05 10.1 9.1 9.75 35310
2001/07/02 9.8 9.9 8.15 8.55 19922
2001/07/09 8.55 8.85 8.05 8.15 18101
2001/07/16 8.15 8.3 7.1 7.45 21815
2001/07/23 7.5 7.9 7.2 7.65 21414
2001/07/31 7.65 8.1 7.4 8.1 26448
2001/08/06 8.1 8.3 7.7 8.1 28403
2001/08/13 8.1 8.8 8.1 8.4 28542
2001/08/20 8.25 8.5 8.05 8.05 20718
2001/08/27 8.2 9.5 8.1 9.25 60324
2001/09/03 9.3 9.3 8.05 8.15 21999
2001/09/10 8.15 8.25 7.2 7.2 14518
2001/09/19 7.2 8.1 7.2 7.3 27383
2001/09/24 7.3 7.65 7.1 7.55 22816
2001/10/02 7.5 7.5 7.15 7.3 10850
2001/10/08 7.2 7.5 7 7.2 16276
2001/10/15 7.25 7.4 7.1 7.2 15714
2001/10/22 7.25 7.65 7.2 7.4 29033
2001/10/29 7.45 7.5 7.05 7.1 16492
2001/11/05 7.15 7.3 7 7.1 26685
2001/11/12 7.1 7.5 7.05 7.4 50978
2001/11/19 7.4 8.2 7.4 7.6 84296
2001/11/26 7.7 7.8 7 7 46058
2001/12/03 7.1 8.45 7.05 8.45 82278
2001/12/10 9 9.7 8.5 9.4 178950
2001/12/17 9.5 10.1 8.2 8.25 119404
2001/12/24 8.25 9 8.2 8.4 44997
2001/12/31 8.4 9.15 8.4 9.05 58027
2002/01/07 9.1 9.5 8.8 8.95 70444
2002/01/14 8.95 9.1 8.25 8.6 41059
2002/01/21 8.7 8.9 8.35 8.7 34293
2002/01/28 8.7 9 8.35 8.6 41482
2002/02/04 8.8 8.8 8.5 8.5 14082
2002/02/18 8.6 8.75 8.05 8.15 23197
2002/02/25 8.2 8.55 7.8 8.55 26289
2002/03/04 9 9.2 8.45 8.8 71696
2002/03/11 9.2 10.45 9 9.4 193428
2002/03/18 9.4 11 9.25 10.65 214263
2002/03/25 10.7 11.45 10.1 10.2 144375
2002/04/01 10.4 11.65 10.25 11.65 137459
2002/04/08 11.9 12.3 10.8 11.45 172108
2002/04/15 11.45 12.9 11.1 12.7 121682
2002/04/22 12.8 13.9 12 12.1 147759
2002/04/29 11.8 12 10.65 10.95 71506
2002/05/06 10.95 11.15 10.3 10.6 58260
2002/05/13 10.6 10.9 10.3 10.35 41170
2002/05/20 10.4 10.4 9.1 9.95 69292
2002/05/27 9.8 10.55 9.7 10 93191
2002/06/03 10 10.8 9.4 10.45 104888
2002/06/10 10.7 12.15 10.65 11.5 183410
2002/06/17 11.5 12.45 11.3 12.05 171405
2002/06/24 12.05 12.3 10.5 11 91479
2002/07/01 11.05 13.1 10.75 12.95 224865
2002/07/08 12.9 12.95 11.35 11.95 124274
2002/07/15 11.9 12.3 11.5 12 68044
2002/07/22 11.8 11.9 11.2 11.2 53465
2002/07/29 11.3 11.9 11.2 11.5 40796
2002/08/05 10.8 11 10 10.7 42696
2002/08/12 10.9 10.9 10.05 10.3 47740
2002/08/19 10.4 10.5 10 10.2 59566
2002/08/26 10.2 10.85 10.1 10.2 54540
2002/09/02 10.2 10.3 8.9 9.05 30448
2002/09/09 9.2 9.8 9.05 9.35 21997
2002/09/16 9.35 9.6 8.95 9.15 23227
2002/09/23 9.2 9.25 7.5 7.6 70221
2002/09/30 7.6 7.8 7.1 7.35 38012
2002/10/07 7.2 7.75 7.15 7.35 22237
2002/10/14 7.45 8.3 7.4 8.25 48144
2002/10/21 8.25 8.8 8.05 8.2 56917
2002/10/28 8.3 8.6 7.95 8 49613
2002/11/04 8.1 8.75 8.05 8.65 56227
2002/11/11 8.85 9.9 8.8 9.85 164498
2002/11/18 9.85 10.4 9.3 9.5 110291
2002/11/25 9.55 10.9 9.45 10.45 241835
2002/12/02 10.45 11.4 10.1 10.8 198669
2002/12/09 11.2 11.8 10.5 10.5 208477
2002/12/16 10.5 11.35 10.3 10.7 105924
2002/12/23 10.7 11.5 10.25 10.7 122215
2002/12/30 10.6 11.6 10.25 11.6 114856
2003/01/06 12.2 15 12.2 14.4 552173
2003/01/13 14.4 16.8 14.1 14.9 523475
2003/01/20 14.8 16.6 14.75 16.1 415416
2003/01/27 16 16.1 15 15.6 105334
2003/02/06 15.6 16.4 14.7 15.7 129617
2003/02/10 15.5 16.2 12.95 13.25 304049
2003/02/17 13.7 14.1 12.2 12.45 177154
2003/02/24 12.6 12.95 12 12.25 109039
2003/03/03 12.35 13.15 11.75 11.8 155230
2003/03/10 11.85 13.15 11.35 12.9 123350
2003/03/17 12.8 13.7 12.05 13.25 171156
2003/03/24 13.5 13.85 13.05 13.3 141289
2003/03/31 13.2 13.45 12.2 13.45 87930
2003/04/07 13.45 14.45 13.3 13.9 232490
2003/04/14 14 14.2 13.5 13.7 88920
2003/04/21 13.6 13.6 11.15 11.15 96856
2003/04/28 10.55 10.95 9.85 10.25 135835
2003/05/05 10.15 10.85 10 10.65 77164
2003/05/12 10.65 10.95 10.2 10.3 47720
2003/05/19 10.2 10.7 10 10.55 41919
2003/05/26 10.7 12.3 10.7 11.8 192894
2003/06/02 12.1 12.4 11.9 12.05 122780
2003/06/09 12 12.8 11.65 12.25 236437
2003/06/16 12.25 12.8 12.1 12.1 185479
2003/06/23 12 12.15 11.25 11.25 97620
2003/06/30 11.2 12 11.2 11.6 168648
2003/07/07 11.75 12.25 11.4 11.45 182063
2003/07/14 11.45 12.3 11.4 11.8 160930
2003/07/21 12 12.1 11.5 11.85 90495
2003/07/28 12.1 12.65 11.85 12 174405
2003/08/04 12 12.35 11.35 11.55 75365
2003/08/11 11.55 12.3 11.35 12.3 120460
2003/08/18 12.5 13.55 12.5 13.3 257424
2003/08/25 13.3 13.6 12.3 12.6 94928
2003/09/01 12.6 13.1 12.5 12.85 85651
2003/09/08 12.6 12.75 11.75 12 49646
2003/09/15 12 12.45 11.9 12.25 35761
2003/09/22 12.15 12.8 12 12.3 52646
2003/09/29 12.3 12.85 12.1 12.85 52711
2003/10/06 12.95 14.2 12.85 14.2 239008
2003/10/13 14.45 16.3 14.4 16 447822
2003/10/20 16 17.1 15.6 15.9 265843
2003/10/27 16 17.6 16 17.1 301802
2003/11/03 17.1 18 16.3 16.8 210681
2003/11/10 16.8 17.3 15.3 15.6 145742
2003/11/17 15.6 16 14.9 15.6 105192
2003/11/24 15.7 16.1 14.95 15.1 83401
2003/12/01 15 16.2 15 15.6 91044
2003/12/08 15.5 16.4 15.4 16 108347
2003/12/15 16.1 16.9 15.8 16.5 171932
2003/12/22 16.6 17.3 16.6 16.8 116667
2003/12/29 16.9 17.4 16.4 17.1 94724
2004/01/05 17.4 18.7 17.4 17.7 269254
2004/01/12 17.7 18.8 17.7 18.5 128076
2004/01/27 18.7 19.2 17.6 18.4 152066
2004/02/02 18.3 18.9 17.5 18.8 144658
2004/02/09 18.8 20 18.4 20 274448
2004/02/16 20 21.4 20 20.5 359281
2004/02/23 20.5 20.9 19.7 20 143047
2004/03/01 20.4 21.8 20.2 20.3 270829
2004/03/08 20.4 20.7 19.9 20.3 109522
2004/03/15 20.6 21.4 19.5 20 187158
2004/03/22 18.6 18.6 17.1 17.1 130130
2004/03/29 18.1 18.8 17.7 18.2 82993
2004/04/05 18.4 18.5 17.5 17.6 77086
2004/04/12 17.8 19.2 17.8 18.2 110141
2004/04/19 18.3 18.6 17.5 17.5 70059
2004/04/26 17.3 17.6 14 14.25 115995
2004/05/03 14.45 15.3 14.15 15.1 95588
2004/05/10 14.9 15.1 14 14.45 56028
2004/05/17 14.1 15.3 13.45 15.3 82154
2004/05/24 15.2 15.5 14.7 15.3 79655
2004/05/31 15.5 15.9 13.75 13.95 65207
2004/06/07 14.1 15.2 14.1 14.3 79853
2004/06/14 14.55 14.55 13.45 13.5 51272
2004/06/21 13.9 14.95 13.5 14.75 71480
2004/06/28 14.9 15.7 14.55 15.2 83531
2004/07/05 15.6 15.9 15.1 15.9 103059
2004/07/12 16 16.1 15 15.5 64907
2004/07/19 15.5 15.7 14.8 15.1 48626
2004/07/26 14.9 15.3 14.55 14.95 33785
2004/08/02 14.95 15.8 14.85 15.1 53635
2004/08/09 14.9 15.6 14.85 15.5 32893
2004/08/16 15.6 16.1 15.1 16 49088
2004/08/23 16 16.8 15.9 16.5 88055
2004/08/30 16.6 18.3 16.5 17.9 133884
2004/09/06 17.8 18.4 17.5 17.8 91971
2004/09/13 18.2 18.2 17.2 17.5 59407
2004/09/20 17.5 19.4 17.5 18.7 174864
2004/09/27 18.6 19.3 18.3 19.3 75635
2004/10/04 19.4 19.8 18.8 19.1 177022
2004/10/11 19.1 19.4 16.9 17.4 139512
2004/10/18 17.6 18.7 17.4 18.2 131044
2004/10/26 18.2 18.5 17.5 18.1 49939
2004/11/01 18.1 18.8 18 18.4 68054
2004/11/08 18.4 19.2 18.3 19 85800
2004/11/15 19 19.4 18.8 18.9 107578
2004/11/22 18.8 19.4 18.6 19 66074
2004/11/29 19.1 19.4 19 19.2 41424
2004/12/06 19.1 19.6 19.1 19.5 57082
2004/12/13 19.7 21 19.4 20.9 105455
2004/12/20 20.7 21.4 20.4 20.8 71984
2004/12/27 20.9 21.2 20.7 20.9 43886
2005/01/03 20.9 21.7 20 20 74141
2005/01/10 20.3 21.1 20.2 20.6 54295
2005/01/17 20.7 21 20.2 20.4 35805
2005/01/24 20.4 20.4 19 19.8 60294
2005/01/31 19.8 20.9 19.7 20.8 58110
2005/02/14 21 21 20 20.1 46881
2005/02/21 20.1 20.4 19.8 20.2 46042
2005/03/01 20.4 20.7 20.25 20.65 61946
2005/03/07 20.65 21.45 20.65 21 105218
2005/03/14 21 21 19.25 19.35 49067
2005/03/21 19.35 19.8 19.3 19.55 24243
2005/03/28 19.6 19.75 17.5 17.8 47163
2005/04/04 17.8 19 17.8 18.4 60720
2005/04/11 18.4 18.5 17.95 17.95 18832
2005/04/18 17.8 18.85 17.8 18.65 33207
2005/04/25 18.55 19.25 18.3 19 38718
2005/05/03 18.8 19 18.25 18.95 37836
2005/05/09 18.9 18.95 18.15 18.7 23606
2005/05/16 18.85 18.85 17.7 17.85 41819
2005/05/23 17.85 18.2 17.65 18.05 37856
2005/05/30 18.05 18.35 17.6 18.05 43842
2005/06/06 18.05 20.1 18 20.1 105930
2005/06/13 20.1 20.1 19.1 19.65 47509
2005/06/20 19.8 19.85 19.1 19.35 44680
2005/06/27 19.4 20.05 19.25 19.55 33084
2005/07/04 19.55 19.8 19 19.25 40033
2005/07/11 19.25 20.5 19.25 20.45 26947
2005/07/19 21 21 19.3 20.5 49199
2005/07/25 20.6 20.8 19.55 19.8 29634
2005/08/01 19.8 20.8 19.8 20.65 25609
2005/08/08 20.6 20.65 19.45 20.2 43640
2005/08/15 20.4 20.6 19.75 19.9 31779
2005/08/22 19.95 20.5 19.7 20.4 34362
2005/08/29 20.3 20.45 20.1 20.3 28471
2005/09/05 20.3 20.65 20.2 20.3 28132
2005/09/12 20.3 20.4 20.1 20.1 48974
2005/09/19 18.65 19.55 18.55 19.55 100664
2005/09/26 19.6 21 19.6 20.95 97131
2005/10/03 20.95 21.25 20.6 21 47076
2005/10/11 21 21.3 20.85 21.25 32823
2005/10/17 21.25 21.25 20.05 20.2 68516
2005/10/24 20.2 20.4 20 20.1 37806
2005/10/31 20.2 20.9 20.2 20.9 23692
2005/11/07 20.9 20.95 20.15 20.75 25048
2005/11/14 20.65 20.75 20.05 20.65 40165
2005/11/21 20.4 20.8 20.25 20.5 37563
2005/11/28 20.65 21.65 20.4 21.6 64999
2005/12/05 21.6 21.75 21 21.65 34206
2005/12/12 21.7 21.8 20.95 21.55 41331
2005/12/19 21.6 22.9 21.55 22.75 61316
2005/12/26 22.8 24.2 22.5 23.45 64828
2006/01/02 23 23.85 22.2 23.7 79091
2006/01/09 23.7 24.1 22.8 23.8 76630
2006/01/16 24 24.25 23.25 23.85 57726
2006/01/23 23.85 24 23.4 23.9 26599
2006/02/03 24.2 25.1 24.1 24.85 24159
2006/02/06 24.7 25.3 23.9 24 70934
2006/02/13 24 24.6 23.8 24.2 42211
2006/02/20 24.3 25.05 24.25 24.6 29661
2006/02/27 24.5 26.5 24.3 26 49399
2006/03/06 26 26.45 25.45 25.7 51935
2006/03/13 25.7 25.8 24.2 24.9 46637
2006/03/20 24.9 25.1 24.6 25 34158
2006/03/27 25 25.15 23.9 25 45751
2006/04/03 24.95 25.2 24.55 25 25968
2006/04/10 24.9 25.1 24.35 25 39160
2006/04/17 25.05 26.1 24.8 24.85 76296
2006/04/24 25 26.1 24.4 25 151025
2006/05/02 25 28.8 25 28.8 171644
2006/05/08 29.2 29.7 26 26.6 134128
2006/05/15 26.8 26.8 24.7 25.25 82002
2006/05/22 25.45 25.7 23.35 25.3 84344
2006/05/29 25.5 27.2 24.9 25.75 63706
2006/06/05 25.8 25.95 21.8 22.3 58105
2006/06/12 22.25 22.85 20.85 22.7 62638
2006/06/19 22.75 23.5 22.2 22.6 42148
2006/06/26 22.75 24 22.7 23.8 37997
2006/07/03 23.8 24.55 23.7 23.85 43108
2006/07/10 23.6 25.25 23.3 23.75 41955
2006/07/17 23.5 23.8 22.5 23.05 35186
2006/07/24 23 24.1 22.95 24.05 21769
2006/07/31 24.05 24.4 23.75 24.1 16036
2006/08/07 23.9 24.3 23.5 24.1 13512
2006/08/14 24.2 24.85 24.1 24.7 24626
2006/08/21 24.7 24.7 21.7 21.8 49124
2006/08/28 22 22.15 21.6 21.8 17979
2006/09/04 22.05 22.95 21.9 22.6 48410
2006/09/11 22.6 23.1 21.3 22.5 25859
2006/09/18 22.5 24.3 22.5 23.75 49396
2006/09/25 23.8 25.4 23.75 24.8 48165
2006/10/02 24.8 26.2 24.8 26.05 45401
2006/10/11 26 26.5 25.7 25.85 24515
2006/10/16 26 27.3 25.55 27.2 44324
2006/10/23 27.45 27.55 26.95 27 54746
2006/10/30 26.9 26.95 26.15 26.95 42118
2006/11/06 25.4 27.3 25.4 26.8 20728
2006/11/13 26.6 27.3 26.4 26.9 16468
2006/11/20 27 29.85 26.25 28.85 63030
2006/11/27 28.75 29.85 28.25 29.85 31300
2006/12/04 30 31.1 29.85 30.7 36915
2006/12/11 30.6 30.65 29 29.1 26155
2006/12/18 29.1 29.5 28.3 28.65 33842
2006/12/25 28.9 29.75 28.6 29.45 45263
2007/01/02 29.65 29.85 28.95 29.05 18447
2007/01/08 28.5 30.25 28.5 30 46513
2007/01/15 30 30 28.8 29.1 28819
2007/01/22 29.1 29.9 28.7 28.7 29738
2007/01/29 28.6 28.9 27.7 28.15 17254
2007/02/05 28.65 28.7 27.85 28.4 22186
2007/02/12 28.2 28.4 27.5 27.7 17034
2007/02/26 27.95 27.95 26.05 26.75 51722
2007/03/05 26.6 26.6 24.9 25.8 77682
2007/03/12 25.9 27.3 25.3 27.15 58368
2007/03/19 27.2 27.7 26.8 27.6 40504
2007/03/26 27.6 27.9 27 27.9 37332
2007/04/02 28.1 28.7 27.6 28.55 22038
2007/04/09 28.8 29.85 28.1 28.95 65306
2007/04/16 29.4 32.55 29.4 30.1 129304
2007/04/23 30 30.7 29.6 30.35 51679
2007/04/30 30 30.35 29.6 30.15 45799
2007/05/07 30.3 31.55 30 30.6 50740
2007/05/14 31 31.35 30.7 31 40923
2007/05/21 31.1 33.35 31.1 32.2 78702
2007/05/28 32.5 32.55 31.1 32.15 56119
2007/06/04 32.5 32.8 30.9 31.15 79108
2007/06/11 31.7 34.1 31.3 34.1 100966
2007/06/20 34.5 38.1 34.15 37.05 105223
2007/06/25 38.1 39.5 37.5 38.1 73525
2007/07/02 38.2 38.65 36.75 38.55 71735
2007/07/09 39 39.3 37.3 38.3 69419
2007/07/16 39 42.3 38.5 40.35 107710
2007/07/23 40.35 44.05 39.85 39.85 79990
2007/07/30 36.5 40.35 35.1 38.3 99758
2007/08/06 37 42.55 37 39.45 118980
2007/08/13 40.4 44 34.85 36 138321
2007/08/20 38.4 40.85 36.8 39.8 153564
2007/08/27 41 42.45 38.3 42.4 115535
2007/09/03 43 44 40.1 41.55 78716
2007/09/10 40.5 43 40 42.3 77558
2007/09/17 42.55 48.3 41.5 48.3 154081
2007/09/26 48.8 54 48.8 52.9 151723
2007/10/01 53.4 55.6 49 50.1 141792
2007/10/08 50.9 56.3 49.25 54.5 143353
2007/10/15 55 57.5 53.1 54 88766
2007/10/22 52.3 57.4 51 56.8 110965
2007/10/29 57.5 57.8 51 51.4 82876
2007/11/05 51.3 52.7 49.4 52.4 86538
2007/11/12 50.1 51.2 46 46.45 73581
2007/11/19 46.8 47 41.2 44.05 147553
2007/11/26 47 47.85 43.8 47.05 104645
2007/12/03 47.6 48.15 46.15 47 74451
2007/12/10 47.4 47.4 42 44.5 98779
2007/12/17 44.5 45.85 42.5 43.3 122961
2007/12/24 44 47.3 43.65 46.1 66670
2007/12/31 46.2 46.85 43.3 46.6 92819
2008/01/07 45.9 51.9 45.6 49.1 205832
2008/01/14 52.5 56.1 49.85 51 223853
2008/01/21 51.5 52.3 43.55 45.65 115553
2008/01/28 44.9 45.35 40.1 44.7 126865
2008/02/12 45 49.5 45 46.6 89221
2008/02/18 47.5 51.5 47.5 50.5 106646
2008/02/25 51.5 57 51.1 55 115638
2008/03/03 53.7 58.5 53 55.4 120464
2008/03/10 56 57.2 51.8 52.9 86772
2008/03/17 51.2 57.2 50.1 56.8 111047
2008/03/24 60.7 60.7 55.8 57.7 135595
2008/03/31 57.8 59.3 52.6 57.3 65547
2008/04/07 55.1 56.3 53.3 54.5 83976
2008/04/14 55 59.5 54.7 56 137896
2008/04/21 56 57.5 52.5 53.9 114549
2008/04/28 54.1 55.4 49.05 49.4 169438
2008/05/05 49.9 51.4 47.5 50.1 96255
2008/05/12 49.6 52 48.3 51.2 102404
2008/05/19 51.9 54 50.2 50.8 70712
2008/05/26 51.5 51.5 49.35 51 66973
2008/06/02 50.5 51 49 50 40234
2008/06/09 49 49.7 45 45.3 55708
2008/06/16 46.3 47.25 44 44 58811
2008/06/23 43 44.6 39.2 40.65 81390
2008/06/30 40.9 42.15 38 41 64398
2008/07/07 41.9 43.6 40.3 42.6 66035
2008/07/14 42.65 42.8 35 35.5 65342
2008/07/21 36.6 43.15 36.2 40.3 104527
2008/07/29 39.8 40.9 38.5 39.4 54132
2008/08/04 40 40.05 33.3 34.5 114457
2008/08/11 35.1 35.6 32.35 33.5 138365
2008/08/18 33.6 33.8 29.6 30.45 94500
2008/08/25 30.7 32.95 30.2 31.1 98067
2008/09/01 30.75 31.9 26.9 27.5 87891
2008/09/08 28.5 28.8 23.3 24.05 167724
2008/09/15 23.5 23.5 18.8 20.85 188634
2008/09/22 22 23.8 19.95 19.95 192479
2008/09/30 18.6 20.3 18.6 20.3 102292
2008/10/06 19.6 20 18 18 68271
2008/10/13 17.4 18.6 16.75 16.75 73657
2008/10/20 16.2 17.2 15.2 15.2 55514
2008/10/27 14.15 16.95 14.15 16.95 121164
2008/11/03 17 19.1 16.35 17.55 128367
2008/11/10 18.45 21.8 18 21.4 199539
2008/11/17 21.6 22.9 20.1 22.6 162714
2008/11/24 22.6 25.3 22.5 24.7 160238
2008/12/01 24.7 25.25 23 24.4 138854
2008/12/08 24.4 25.9 23.2 24.2 154018
2008/12/15 24.7 28.15 24.7 27.7 149071
2008/12/22 28.4 28.7 23.2 25.05 108461
2008/12/29 25.05 27 24.8 26.95 39878
2009/01/05 28 28.35 25.6 25.65 131031
2009/01/12 25.8 26.3 23.85 24.6 131788
2009/01/19 24.5 24.6 21.9 22.35 87456
2009/02/02 22.4 27 22.4 26.9 169426
2009/02/09 27.4 27.9 25.7 27.3 92438
2009/02/16 27.2 27.75 25.7 25.7 101427
2009/02/23 25.75 27 25.6 26.2 64012
2009/03/02 25.95 27.8 24.55 27 116989
2009/03/09 27.2 27.95 26.6 27.7 111735
2009/03/16 27.95 29.4 27.25 27.55 103483
2009/03/23 27.85 30.45 27.75 28.8 108161
2009/03/30 28.5 31.6 27 31.05 126851
2009/04/06 31.5 34 30.05 33.95 112705
2009/04/13 34.15 35.95 33.05 33.05 88969
2009/04/20 32.6 34.35 31 32.75 87630
2009/04/27 32.85 33.3 29 31.6 101194
2009/05/04 33.8 36.5 33.6 34.25 179865
2009/05/11 34.25 35.25 31.5 32.55 111438
2009/05/18 32.8 35.05 32.05 32.9 99506
2009/05/25 33.8 34.3 32.3 34 64786
2009/06/01 34.7 34.95 31.55 32.15 129230
2009/06/08 32.35 33 29.6 32.15 122625
2009/06/15 31.65 32 29.4 30.2 68109
2009/06/22 30.25 33 29 32.3 129647
2009/06/29 32.5 32.5 31 32 54015
2009/07/06 32 33.05 31.5 32.9 81750
2009/07/13 33.4 33.5 31.5 32.8 71073
2009/07/20 32.9 35.3 32.3 34.35 112384
2009/07/27 34.3 35.2 33.75 34.75 80646
2009/08/03 34.05 37.5 34.05 37.2 135686
2009/08/10 39.8 39.8 36.65 38.2 108263
2009/08/17 37.2 37.4 33 33.1 100383
2009/08/24 33.85 35.2 33.4 34.9 65807
2009/08/31 35.1 36.2 34.65 35.4 65463
2009/09/07 35.65 37.85 35.45 36.7 89297
2009/09/14 36.35 36.8 35.3 36.5 51924
2009/09/21 36.9 37.1 35.25 35.5 49542
2009/09/28 35.2 37.7 35.15 37 61528
2009/10/05 37 37.8 36 37.2 52715
2009/10/12 36.5 37.4 36 36.85 46143
2009/10/19 37.15 38.45 36.4 36.5 49789
2009/10/26 36.75 37.3 33.5 34 62739
2009/11/02 33.6 35.25 33.05 34.9 44390
2009/11/09 35.45 36.3 35.15 36 40599
2009/11/16 36 36.6 34.5 34.85 48244
2009/11/23 34.85 35.5 33.75 33.75 42163
2009/11/30 33.8 34.9 33.5 33.7 76913
2009/12/07 33.8 34.35 33.25 34.05 62546
2009/12/14 34 34.6 33.1 33.8 54628
2009/12/21 33.8 33.95 33.25 33.65 50413
2009/12/28 33.8 34.35 33.7 34 52123
2010/01/04 34 36.4 33.9 35.4 117588
2010/01/11 35.4 35.8 33.9 34.45 73425
2010/01/18 34.2 34.75 31.55 31.8 79409
2010/01/25 31.5 32.2 29.2 29.85 108176
2010/02/01 30.05 30.35 27.65 28.45 67397
2010/02/08 28.35 29.85 28.1 29.4 32768
2010/02/22 29.75 30.55 29.2 29.6 52069
2010/03/01 29.85 31.1 29.6 29.95 54618
2010/03/08 30 30.2 29.35 29.45 47663
2010/03/15 29.6 30.2 29 29.85 66546
2010/03/22 30 30 29.05 29.45 61724
2010/03/29 29.5 30.25 29.45 30.15 82185
2010/04/06 30.2 30.25 29.5 29.65 47186
2010/04/12 30 30.55 29.65 30.05 68829
2010/04/19 29.8 29.85 27.8 27.8 111767
2010/04/26 28.2 28.85 27.9 28.3 65892
2010/05/03 28.3 28.45 24.6 25.4 122734
2010/05/10 25.5 27.1 25.5 26.9 59039
2010/05/17 26.65 27.2 25.6 25.95 48086
2010/05/24 26 27.35 25.5 27 54384
2010/05/31 27.3 27.45 26.85 27.05 32006
2010/06/07 26.2 27.45 26.2 27.3 28503
2010/06/14 27.45 28 27.25 27.8 39365
2010/06/21 28.4 28.6 27.6 27.7 40691
2010/06/28 27.75 28.25 26.9 27.4 36276
2010/07/05 27.6 29.05 27.25 28.95 54911
2010/07/12 29.1 29.2 26.9 27.25 89211
2010/07/19 27 28.7 26.75 28.5 60605
2010/07/26 28.8 30.25 28.2 29.8 97352
2010/08/02 29.9 30.5 28.75 29.8 104418
2010/08/09 30.4 31.1 29.35 29.9 98201
2010/08/16 30 30 28.5 28.8 77770
2010/08/23 29 30.6 29 29.7 97983
2010/08/30 30.1 31.8 29 31.8 111231
2010/09/06 32 32.2 30.8 32 78014
2010/09/13 32.5 33 32.3 32.6 66985
2010/09/20 32.85 33.8 32 32.3 51619
2010/09/27 32.35 34.1 32.2 33.45 77490
2010/10/04 33.4 35.2 32.85 34.35 94115
2010/10/11 34.45 34.8 33.35 33.75 60465
2010/10/18 33.75 33.85 32.35 33.3 43027
2010/10/25 33.3 33.65 32.3 32.6 48348
2010/11/01 32.6 34.4 32.6 33.9 50927
2010/11/08 34 34.5 32.85 33.2 43906
2010/11/15 33.15 33.15 31.6 31.9 46116
2010/11/22 32.2 32.4 30.5 30.9 53225
2010/11/29 31.4 32.65 30.95 32.05 57555
2010/12/06 32.05 34.05 31.65 33.15 104419
2010/12/13 33.1 33.35 32.4 33 41913
2010/12/20 32.95 33.75 32.45 32.75 52762
2010/12/27 32.5 32.9 32 32.8 52011
2011/01/03 32.95 33.65 32 32.1 62512
2011/01/10 32.2 33.2 32.05 32.75 55592
2011/01/17 32.2 32.5 31.05 31.7 65854
2011/01/24 31.9 31.9 31.25 31.35 44578
2011/02/08 31.5 31.5 29.7 29.7 94368
2011/02/14 29.9 30.45 29.3 30.25 73430
2011/02/21 30.4 30.85 29.3 29.4 64397
2011/03/01 29.4 31.4 29.35 31.35 67349
2011/03/07 31.3 31.65 30.8 30.95 37370
2011/03/14 33 33 29.7 32.1 84676
2011/03/21 32.2 34.1 31.8 33.5 109657
2011/03/28 33.8 36.4 33.55 36.3 168456
2011/04/06 37 37.8 35.7 37.35 95985
2011/04/11 37.6 38.3 36.1 37.25 110013
2011/04/18 37.3 41.4 36.6 39.65 134872
2011/04/25 39.8 42.9 39.75 41.95 123454
2011/05/03 41.8 42.1 38.1 38.7 118248
2011/05/09 38.7 40.8 38.5 39.6 95983
2011/05/16 39.6 40.3 38.1 38.65 90662
2011/05/23 38.1 39.85 37.5 39.3 67188
2011/05/30 39.8 42.05 39.5 41.6 96679
2011/06/07 41.6 42.1 39.8 39.8 41847
2011/06/13 39.6 41.8 39.4 40.5 63724
2011/06/20 40.9 41.45 39.35 39.5 78071
2011/06/27 39.4 44.6 39.35 44.4 119510
2011/07/04 44.6 46.4 43.75 45.4 75949
2011/07/11 45.55 45.95 42.75 45.55 93433
2011/07/18 45.3 49.45 44.25 48.4 68814
2011/07/25 48.5 48.5 43.8 45.6 115678
2011/08/01 46 47.3 41.9 43.1 73674
2011/08/08 43 46.45 40.1 42.65 153896
2011/08/15 43 45.5 42 42 95327
2011/08/22 41 41.9 34.1 35.25 181564
2011/08/29 35.7 40.25 35.35 39.15 94759
2011/09/05 39 39.3 34.25 37.5 133834
2011/09/13 36.5 36.5 32.8 35.25 114636
2011/09/19 35.25 35.45 30 30.35 122940
2011/09/26 30.35 33.9 29 32.9 109597
2011/10/03 32.4 35.2 29.9 34.8 111048
2011/10/11 36.2 37.2 34.65 34.65 79714
2011/10/17 35.05 35.95 34.3 34.7 56143
2011/10/24 35.8 39.3 35.35 37.85 121006
2011/10/31 37.95 38.15 35.4 37.2 96637
2011/11/07 37.3 38.05 34.95 35.4 78502
2011/11/14 36.3 36.45 32.9 33 76414
2011/11/21 32.6 33.3 31 32.1 80894
2011/11/28 32.5 34.8 32 34.75 64402
2011/12/05 34.85 35.6 32.2 33 57611
2011/12/12 33.5 33.55 31.85 33 56511
2011/12/19 33.3 35.5 31.95 35 73991
2011/12/26 35 35.25 34.5 35 33898
2012/01/02 35 35.8 34.6 34.95 59259
2012/01/09 34.9 36.75 34.3 36.2 81005
2012/01/16 36.3 36.4 35.05 36.25 26243
2012/01/30 37.1 37.75 36.15 36.95 85941
2012/02/06 36.9 37.35 35.65 37.25 133762
2012/02/13 37.7 38.15 36.4 37.15 113890
2012/02/20 37.8 38.15 37 37.2 86633
2012/02/29 37.6 37.9 36.75 37 39454
2012/03/05 37.1 37.3 35 35.85 52204
2012/03/12 35.9 36 34.95 36 55608
2012/03/19 36 36.1 35 35.25 51842
2012/03/26 35.2 35.2 33.75 34.55 76768
2012/04/02 34.5 34.8 33.75 34.5 60547
2012/04/09 34.1 35.8 34 35.8 52674
2012/04/16 35.6 36.1 35.1 35.4 31107
2012/04/23 35.5 35.5 33.75 33.85 34937
2012/04/30 34.15 36 33.8 35.95 35745
2012/05/07 35.7 35.7 34.3 34.45 33998
2012/05/14 34.3 34.45 31.6 32 68441
2012/05/21 32 33 31.9 32.5 24113
2012/05/28 32.35 34.7 32.35 33.65 53324
2012/06/04 32.9 34.65 32.8 34.5 31076
2012/06/11 34.5 34.95 33.75 34.6 37954
2012/06/18 35 35.7 34.5 34.6 25990
2012/06/25 35.1 35.35 34 35.35 29570
2012/07/02 34.1 36.3 34.1 36.3 48671
2012/07/09 35.8 36.9 35.55 36.25 42440
2012/07/16 36.25 37 35.85 37 39346
2012/07/23 36.9 36.9 33.65 34.85 42766
2012/07/30 35 35.9 34.85 35.8 27543
2012/08/06 36 36.45 35.2 35.8 45990
2012/08/13 36.45 36.45 34.4 34.8 41222
2012/08/20 34.8 34.85 33.85 33.9 29904
2012/08/27 33.9 34.2 32.45 32.55 34910
2012/09/03 32.5 34.15 32.35 33.75 55544
2012/09/10 33.9 36.95 33.85 36.7 82788
2012/09/17 37 37 35.25 35.9 50129
2012/09/24 35.9 36.45 35.4 36.3 33466
2012/10/01 36.3 36.5 35.35 36.3 26936
2012/10/08 36.6 37 34.85 35.4 38861
2012/10/15 35.2 37.8 35.2 37.6 65875
2012/10/22 37.3 38.05 36.4 36.45 55652
2012/10/29 36.45 38.05 36.3 37.35 43121
2012/11/05 37.35 38.65 37.3 37.65 56547
2012/11/12 37.65 38 36.1 36.4 31343
2012/11/19 36.4 37.1 35.9 36.8 33181
2012/11/26 37 38.05 35.8 38.05 65773
2012/12/03 38.2 39.75 37.3 39.4 57416
2012/12/10 39.35 39.65 38.25 39.05 51994
2012/12/17 39 39.15 36.7 36.7 42710
2012/12/24 36.95 39 36.85 38.9 28628
2013/01/02 38.95 39.5 38.6 39 24768
2013/01/07 39.1 39.95 38.2 39.65 40607
2013/01/14 39.2 39.5 37.5 38.75 48560
2013/01/21 38.3 39.25 38.2 39.1 28045
2013/01/28 39.1 40.2 38.9 40.05 35400
2013/02/04 40.05 40.6 39.15 39.15 33000
2013/02/18 40.5 40.8 37.2 38.45 79293
2013/02/25 38.45 38.9 37.7 38.85 30851
2013/03/04 38.85 39.05 38.05 38.95 33550
2013/03/11 38.8 38.85 36.65 36.65 35291
2013/03/18 36.65 37.05 36.05 36.45 44467
2013/03/25 36.5 37.55 36.4 37.5 24633
2013/04/01 37.5 38.4 37.2 38.4 13273
2013/04/08 37.9 38.4 37.35 38 33004
2013/04/15 38 38.6 37.7 38.4 31441
2013/04/22 39.55 40.1 38.6 38.9 26600
2013/04/29 38.9 39.25 38 38.3 21601
2013/05/06 38.65 39.2 38.25 39.2 27444
2013/05/13 39.1 39.9 38.65 39.5 26610
2013/05/20 39.5 39.8 38.9 39.15 22529
2013/05/27 39.15 39.85 38.5 39.45 31150
2013/06/03 38.6 38.7 37.3 37.85 35800
2013/06/10 38.2 38.5 37.2 37.4 31136
2013/06/17 37.65 38.8 35.15 35.15 59223
2013/06/24 35.15 36.95 33.75 36.9 78585
2013/07/01 36.8 37.2 35.2 36.4 47182
2013/07/08 36.4 37.85 35.85 37.85 37884
2013/07/15 37.5 38.75 37.5 38.6 36982
2013/07/22 38.75 39.15 36.35 36.75 56844
2013/07/29 36.9 37.4 36.35 37.2 27985
2013/08/05 37.2 37.4 36.1 36.55 32260
2013/08/12 37 39.1 36.9 38.95 65402
2013/08/19 39.05 39.1 37.5 38.75 33677
2013/08/26 39 39.5 37.75 39.5 39315
2013/09/02 39.6 39.8 38.85 39.75 38425
2013/09/09 39.35 40.75 39.25 39.4 54180
2013/09/16 39.8 41.25 39.8 40.65 31830
2013/09/23 40.8 43.15 40.8 43 69486
2013/09/30 43 43.25 41.5 43 51334
2013/10/07 42.95 43.95 42.5 43 32480
2013/10/14 43 44.25 43 43.65 26115
2013/10/21 43.05 43.65 41.9 42.1 20832
2013/10/28 42.1 43.15 41.7 42.4 24371
2013/11/04 42.3 42.3 40.25 41.05 28978
2013/11/11 40.3 42.45 40.3 42.45 36083
2013/11/18 42.65 44.25 42.05 42.6 62957
2013/11/25 43 46.95 42.9 46.85 103113
2013/12/02 46.85 46.95 44.35 44.35 53235
2013/12/09 45.45 46.6 44.5 45.9 49861
2013/12/16 45.6 46 44.5 45.65 38275
2013/12/23 45.65 46.45 45.15 45.7 29090
2013/12/30 46 46.75 44.5 44.55 34390
2014/01/06 44.95 44.95 42.55 43.8 75572
2014/01/13 44.35 45.85 43.3 43.8 66853
2014/01/20 44 45.55 43.85 45.35 51493
2014/01/27 44.5 44.7 44 44.3 13768
2014/02/05 42.5 44.05 41.35 43.6 42914
2014/02/10 43.8 45.75 43.75 45.75 45795
2014/02/17 45 46.95 45 46.95 39028
2014/02/24 46.95 48.45 46.6 48.3 34043
2014/03/03 48.1 48.1 46.5 47 38761
2014/03/10 46.75 47.75 46.4 47 28666
2014/03/17 47.45 47.45 45.95 45.95 26437
2014/03/24 45.95 47.95 45.8 47.2 32780
2014/03/31 47.3 48.45 47 47.2 35391
2014/04/07 47.2 49.55 46.7 49.5 62123
2014/04/14 49 49.8 47.95 49 36246
2014/04/21 48.9 49.45 46.45 46.5 27621
2014/04/28 46.5 48.2 46.35 47.45 30142
2014/05/05 47.45 47.6 44.75 45.3 51571
2014/05/12 44.9 45.9 43.85 45.9 75581
2014/05/19 45.7 45.7 43.8 44.2 81578
2014/05/26 44.2 45.3 43.9 44.6 55780
2014/06/03 44.6 46 44.15 46 39194
2014/06/09 46.05 46.35 44.8 44.85 42036
2014/06/16 44.85 45.2 44.45 44.8 46157
2014/06/23 44.8 45.1 44.25 44.75 29807
2014/06/30 44.75 46.4 44.65 45.7 53491
2014/07/07 45.7 46.1 45.2 45.5 44869
2014/07/14 45.5 46.3 43.5 43.8 78028
2014/07/21 44.1 44.3 43.65 44 22597
2014/07/28 44 46 44 44.45 57182
2014/08/04 45 45.6 43.85 44.8 45295
2014/08/11 44.9 46.1 44.4 45.95 32850
2014/08/18 45.95 49.55 45.55 49.55 72033
2014/08/25 49.55 49.55 47.5 47.5 35979
2014/09/01 47.5 48.5 47 47.3 28780
2014/09/09 47.5 47.7 46.1 46.1 23791
2014/09/15 46.3 47.5 46.2 46.95 32234
2014/09/22 46.8 47 45.1 45.3 38844
2014/09/29 45.8 45.8 44.1 45.1 32851
2014/10/06 45.25 46.15 44.35 46 24113
2014/10/13 45 46.15 44.6 45.25 31209
2014/10/20 45.55 46.05 45.4 45.75 14064
2014/10/27 45.9 47.25 45.7 46.45 23996
2014/11/03 46.9 47.2 45.6 45.65 20963
2014/11/10 45.6 46.85 45 45 29299
2014/11/17 45.4 46.05 44.4 45.3 37454
2014/11/24 45.6 46.4 45.3 45.45 27233
2014/12/01 45 45.7 44.9 45.35 27328
2014/12/08 45.75 45.75 44.15 44.2 39415
2014/12/15 44.05 44.1 41.55 42.3 67974
2014/12/22 42.1 43.15 42.1 42.95 33428
2014/12/29 43 43.9 43 43.4 16878
2015/01/05 43.4 43.4 41.8 41.8 38408
2015/01/12 41.6 41.7 40.5 41.45 55398
2015/01/19 41.7 42.3 41.35 42.25 42101
2015/01/26 42.25 42.95 42.05 42.6 35152
2015/02/02 42.6 42.95 42 42.55 23830
2015/02/09 42.5 42.55 41.55 42.15 27556
2015/02/24 42.4 43.2 42.35 42.95 27138
2015/03/02 43.3 43.6 42.55 43.35 27939
2015/03/09 43 43 41.4 42.25 39490
2015/03/16 42 43.2 41.75 42.25 38183
2015/03/23 42.25 42.55 41.75 42 27283
2015/03/30 42.75 44.35 42.5 43.25 43714
2015/04/07 43.4 44.35 43.4 43.75 37800
2015/04/13 43.75 43.85 43.05 43.6 33807
2015/04/20 43.45 45.4 42.95 44.95 48599
2015/04/27 44.95 45.05 43.5 43.6 39732
2015/05/04 43.8 43.9 42.35 42.55 20250
2015/05/11 42.6 43.35 42.35 42.5 22556
2015/05/18 42.1 43.1 41.55 41.75 34825
2015/05/25 41.75 42.2 41.6 41.7 28686
2015/06/01 41.7 42.1 37.65 38.95 43182
2015/06/08 39 40.35 37.8 38 41872
2015/06/15 37.8 38.7 37.75 37.9 30663
2015/06/22 37.9 39.5 37.9 39.45 37699
2015/06/29 39.2 40.3 38.7 40.1 29935
2015/07/06 39.95 40 37.4 37.7 40358
2015/07/13 37.8 40.6 37.7 39.8 43098
2015/07/20 40 40.2 36.7 36.8 41564
2015/07/27 36.5 36.5 33.9 34.2 43796
2015/08/03 34.1 34.45 32.3 33.75 51266
2015/08/10 34.55 34.6 33.2 33.5 38126
2015/08/17 33.5 34.1 32.3 32.3 29175
2015/08/24 31.4 35.1 30.05 34.85 49543
2015/08/31 35 35.05 33.6 33.9 32928
2015/09/07 33.25 35.65 33.25 35.25 27064
2015/09/14 35.65 35.9 35.05 35.2 21483
2015/09/21 34.75 35 32.75 32.9 19086
2015/09/30 32.35 34.2 32.35 34 18722
2015/10/05 34.35 36.55 34.25 36.25 25853
2015/10/12 36.5 37.5 36.1 37.05 28691
2015/10/19 37.55 38 36.5 36.7 31022
2015/10/26 37.2 37.5 36.15 36.2 24842
2015/11/02 36.8 37.9 36 36.3 24765
2015/11/09 36.3 36.6 33.8 33.8 27420
2015/11/16 33.7 33.85 31.4 31.45 40100
2015/11/23 31.5 31.9 30.4 31 33797
2015/11/30 30.05 30.9 29 30.2 49459
2015/12/07 30.6 31.15 27.85 27.85 42411
2015/12/14 27.65 27.95 26.9 27.3 44374
2015/12/21 27 28.2 27 27.7 33522
2015/12/28 28 28.1 27 27.3 23819
2016/01/04 27.3 27.6 26 27 53179
2016/01/11 26.5 26.9 25.75 26.9 41358
2016/01/18 26.5 26.9 25.6 25.65 30830
2016/01/25 25.85 27.3 25.45 27.3 31970
2016/02/01 27.2 27.25 26.25 26.6 18245
2016/02/15 26.8 29.1 26.6 29.1 36090
2016/02/22 29.3 30.3 28.95 30 30387
2016/03/01 29.9 30.45 29.35 29.75 42665
2016/03/07 29.75 30.75 29.75 30.4 41516
2016/03/14 30.85 31.6 29.95 31.6 43382
2016/03/21 31.75 32.1 30.85 31.3 31862
2016/03/28 31.2 31.5 30.35 30.8 28308
2016/04/06 30.4 30.5 29.3 30.2 24444
2016/04/11 29.4 33.85 29.4 33.55 63251
2016/04/18 33.95 35 32.6 33.1 33909
2016/04/25 33 33.6 32.45 32.9 23870
2016/05/03 33 33 30.15 30.7 33148
2016/05/09 30.3 30.7 28.8 29 28249
2016/05/16 28.6 29.15 27.55 28.3 38939
2016/05/23 28.3 29.5 27.6 29.45 25973
2016/05/30 29.3 30.9 29.2 30.6 39313
2016/06/06 30.95 31.65 29.9 31.6 18860
2016/06/13 31.6 32.55 30.6 31.9 39387
2016/06/20 32.2 32.75 31.2 31.5 29107
2016/06/27 31.05 32.7 30.85 32.65 28247
2016/07/04 32.7 34.35 32.65 34.1 46018
2016/07/11 34.7 35.5 34.3 35.25 56920
2016/07/18 35.3 36 34.65 34.85 54366
2016/07/25 33.9 34.15 33.45 33.9 27052
2016/08/01 34 35.15 33.3 34.9 25085
2016/08/08 35 35.1 34.6 35 24254
2016/08/15 34.95 38 34.15 36.75 37373
2016/08/22 36.75 37.95 36.6 37.6 40885
2016/08/29 37.6 37.95 35.05 35.75 42190
2016/09/05 36.1 37.7 34.95 35.5 37904
2016/09/12 35.05 35.1 33.95 33.95 25300
2016/09/19 34 36.6 33.9 35.8 35508
2016/09/26 35.8 36.7 35.6 35.65 15159
2016/10/03 35.8 36.7 35.6 36.65 20403
2016/10/11 36.85 36.85 35 35.85 21392
2016/10/17 36.05 37.5 35.15 36.7 34341
2016/10/24 36.75 37.8 36.75 37.8 26271
2016/10/31 37.45 37.95 35.55 36.05 26443
2016/11/07 36.05 38.2 36.05 37.5 43651
2016/11/14 37.4 37.75 35.6 35.85 34166
2016/11/21 36 37.2 35.8 36.75 22438
2016/11/28 36.75 37.35 36.5 37.1 27473
2016/12/05 37.1 38 36.55 37.95 29038
2016/12/12 38 38.3 36.55 36.65 27393
2016/12/19 36.6 36.6 34.35 34.35 26842
2016/12/26 34.4 35.15 34 35.15 25652
2017/01/03 35.45 35.45 34.8 35.25 13828
2017/01/09 35.25 36.4 34.65 36 25008
2017/01/16 35.8 36.05 34.6 34.95 21810
2017/01/23 34.5 36 34.5 35.4 16223
2017/02/02 36.25 36.3 35.2 36 17562
2017/02/06 36.05 38.8 34.95 38.2 70544
2017/02/13 38.2 38.25 37.1 37.3 47458
2017/02/20 37.3 38.4 36.5 37.65 45317
2017/03/01 37.65 38.9 37.6 38 32806
2017/03/06 37.9 38.45 36.85 37 28934
2017/03/13 37.2 38.5 37.2 38.2 30453
