2002/03/29 11.55 13.6 11.2 12 4775 
2002/04/05 11.7 12.3 11.7 12.25 1240 
2002/04/12 12.2 12.5 11.8 12 1236 
2002/04/19 12 12.2 11.8 12.2 2155 
2002/04/26 12.3 15.7 12.3 13.8 8120 
2002/05/03 13.8 14.4 12.4 13.2 2587 
2002/05/10 13.2 13.35 12.3 12.85 2502 
2002/05/17 13 13.2 12.05 12.2 2241 
2002/05/24 11.9 12.5 11.5 12.45 1339 
2002/05/31 12.5 12.6 11.85 12.25 998 
2002/06/07 12.3 12.3 11.9 12.05 854 
2002/06/14 12.1 14 11.9 13.8 2714 
2002/06/21 13.55 13.55 12 12.75 1378 
2002/06/28 12.65 13.5 12 12.25 1103 
2002/07/05 12 12.25 11.7 12.2 1039 
2002/07/12 12.25 12.3 11.85 12.2 1204 
2002/07/19 12.2 12.4 11.85 12.3 907 
2002/07/26 12.3 12.3 11.8 11.9 885 
2002/08/02 12 12.1 11.8 11.9 646 
2002/08/09 11.7 11.7 10.05 11 1751 
2002/08/16 11 11.1 10.3 10.3 521 
2002/08/23 10.2 10.3 10.05 10.1 738 
2002/08/30 10.05 11.65 10 11.65 2154 
2002/09/06 11.5 13.3 11.5 13 5459 
2002/09/13 12.7 13.1 12 12.65 2355 
2002/09/20 12.65 12.7 11.75 12.3 1171 
2002/09/27 12.25 12.25 10.8 11.2 688 
2002/10/04 11.2 11.2 10.5 10.7 498 
2002/10/11 10.6 10.8 10.4 10.45 358 
2002/10/18 10.45 11.1 10.3 10.85 853 
2002/10/25 10.85 10.85 10.4 10.55 536 
2002/11/01 10.6 10.75 10.45 10.7 561 
2002/11/08 10.7 10.75 10.5 10.7 567 
2002/11/15 10.7 10.85 10.5 10.65 572 
2002/11/22 10.7 11.2 10.5 10.9 1093 
2002/11/29 10.9 10.9 10.6 10.8 428 
2002/12/06 10.6 10.9 10.6 10.85 344 
2002/12/13 10.85 11.5 10.7 11.4 1686 
2002/12/20 11.35 11.35 10.7 11 1444 
2002/12/27 11.05 11.45 10.6 11 953 
2003/01/03 10.55 11.85 10.5 11.75 735 
2003/01/10 11.2 11.7 11.1 11.4 972 
2003/01/17 11.25 11.35 10.8 11 905 
2003/01/24 10.85 11.4 10.7 11.3 963 
2003/01/31 11.15 11.15 10.6 10.9 293 
2003/02/07 10.85 10.95 10.6 10.7 257 
2003/02/14 10.7 10.7 10.15 10.2 497 
2003/02/21 10.3 10.6 10.05 10.2 562 
2003/02/28 10.4 10.6 10.1 10.3 467 
2003/03/07 10.3 10.4 10.1 10.15 409 
2003/03/14 10.15 10.75 10.05 10.75 595 
2003/03/21 10.4 10.6 10.2 10.3 635 
2003/03/28 10.25 10.35 10.05 10.25 438 
2003/04/04 10.3 10.3 10.1 10.3 476 
2003/04/11 10.3 10.7 10.3 10.55 1195 
2003/04/18 10.5 10.65 10.4 10.6 627 
2003/04/25 10.5 10.6 10.15 10.35 478 
2003/05/02 10.2 10.3 10.05 10.3 298 
2003/05/09 10.1 10.5 10.1 10.5 681 
2003/05/16 10.4 10.7 10.35 10.6 791 
2003/05/23 10.6 10.65 10.4 10.6 569 
2003/05/30 10.4 10.8 10.4 10.7 756 
2003/06/06 10.7 10.85 10.5 10.8 784 
2003/06/13 10.7 11 10.05 10.85 992 
2003/06/20 10.85 11.05 10.6 11 853 
2003/06/27 10.95 11.3 10.85 11.1 929 
2003/07/04 11.1 11.25 10.8 11.1 787 
2003/07/11 10.9 11.9 10.8 11.6 1715 
2003/07/18 11.6 12 11.3 11.95 1804 
2003/07/25 11.9 12 11.6 11.85 1321 
2003/08/01 11.85 12.15 11.7 12.1 1138 
2003/08/08 11.9 12.1 11.4 11.55 1092 
2003/08/15 11.4 11.9 11.35 11.8 1078 
2003/08/22 10.5 10.95 10.2 10.5 1613 
2003/08/29 10.5 11.35 10.5 11.2 2380 
2003/09/05 11.2 11.3 10.75 11.05 847 
2003/09/12 10.85 11.1 10.7 10.9 755 
2003/09/19 10.9 12 10.8 11.95 2369 
2003/09/26 11.95 12.9 11.65 12.65 3063 
2003/10/03 12.5 14.35 12.3 14.35 5526 
2003/10/10 14.35 15.6 13.6 15.4 6699 
2003/10/17 14.9 15.3 14.4 14.9 4781 
2003/10/24 14.55 16.2 14.55 15.5 5481 
2003/10/31 15.5 18.4 15.5 18.4 7812 
2003/11/07 18 22 17.9 20 7786 
2003/11/14 20 20.2 19 19.6 4630 
2003/11/21 19.2 21 19.2 20.2 5851 
2003/11/28 20 20.1 16.8 16.9 5244 
2003/12/05 16.9 17.6 16.5 17.2 2335 
2003/12/12 17 17 16.2 16.4 1761 
2003/12/19 16.6 17.6 16 16.8 1989 
2003/12/26 17 20.6 16.9 20.6 7432 
2004/01/02 21.9 22.1 19.6 22.1 7295 
2004/01/09 23 25 22.4 24.7 11646 
2004/01/16 24.9 31 24.9 28.1 19528 
2004/01/30 30 31.7 29.4 29.7 6144 
2004/02/06 29.9 30 27 29.8 7274 
2004/02/13 30.2 33.7 30.1 33.7 11643 
2004/02/20 32.8 39.2 32.8 37.4 7111 
2004/02/27 37.4 39 33.8 34.7 4221 
2004/03/05 35.5 38.2 34.9 35.5 3497 
2004/03/12 34.1 38.9 34.1 37.5 4715 
2004/03/19 37.6 38.6 34.7 36.3 3907 
2004/03/26 33.8 33.8 27.3 27.8 2910 
2004/04/02 29.4 33 28.7 32 4903 
2004/04/09 31.8 32.2 30.3 30.8 2421 
2004/04/16 31 31.5 29.8 30.4 2000 
2004/04/23 30.6 32.5 28.5 31.8 4120 
2004/04/30 34 36.3 28.8 29.5 11058 
2004/05/07 30.1 30.8 26.1 28 4192 
2004/05/14 27.6 27.6 25.2 26.5 3129 
2004/05/21 26.2 29.2 23 29.2 4519 
2004/05/28 31.1 34.9 29.6 34 14501 
2004/06/04 35.4 35.5 30.2 33 8293 
2004/06/11 33.8 35.3 32 32 13027 
2004/06/18 31.7 32.9 28 29.2 6252 
2004/06/25 30 30.4 27.6 29.6 4610 
2004/07/02 29.9 31.1 29.1 29.6 3845 
2004/07/09 29.6 32.4 28.2 32 7312 
2004/07/16 32 34.2 30.5 31.6 6055 
2004/07/23 31 31.8 26.2 29 4751 
2004/07/30 29 31.9 28.6 30.7 5407 
2004/08/06 31.2 31.7 29 30.1 7012 
2004/08/13 29.7 31.7 29.6 30.2 4083 
2004/08/20 30.2 32.4 28.3 31.3 5398 
2004/08/27 31.3 32.4 31.1 31.1 2523 
2004/09/03 31.5 38.9 31.1 36.8 15032 
2004/09/10 37.5 39.5 35.7 35.8 11992 
2004/09/17 36.9 38 35.1 36.3 10555 
2004/09/24 38 42.9 37.2 39.6 21069 
2004/10/01 39.6 40.6 35.6 37.3 10342 
2004/10/08 37.8 38.5 36.2 37.3 12327 
2004/10/15 38 39.6 36.6 38.5 14844 
2004/10/22 39.1 41 37.5 39.6 17557 
2004/10/29 39.2 40.7 34.5 35.7 10690 
2004/11/05 35.1 36.9 34.3 36.6 6094 
2004/11/12 36.6 36.8 35.7 35.9 3069 
2004/11/19 35.9 37 34.1 36.9 4246 
2004/11/26 37.2 38.2 35.9 36.8 4473 
2004/12/03 37.2 38.4 36 37.5 3500 
2004/12/10 37.2 38.3 37.2 37.8 2971 
2004/12/17 39.5 44.4 39 44.3 18465 
2004/12/24 43 46 41.5 44.3 18930 
2004/12/31 44.5 47 44.1 45.6 11244 
2005/01/07 45.6 47 43.5 43.5 7487 
2005/01/14 43.6 44.8 42.1 44.4 5924 
2005/01/21 45.5 45.5 42.6 42.6 5096 
2005/01/28 42.6 43 40.5 41.9 3236 
2005/02/04 42.7 43.8 41.6 43.1 3377 
2005/02/18 43.8 44.8 41 41.4 3888 
2005/02/25 41.4 44.5 40.3 43.7 6793 
2005/03/04 43.7 45.5 43.6 44.5 4557 
2005/03/11 45 45.35 42.6 42.8 3014 
2005/03/18 42.6 43.7 40.5 41.3 3545 
2005/03/25 41.7 42.4 40.4 41.4 2473 
2005/04/01 42 42.2 35.2 36.4 4409 
2005/04/08 36.4 38.8 36 38.15 2595 
2005/04/15 38.05 38.45 36.5 37.2 2669 
2005/04/22 36.4 38.4 34.6 37 4908 
2005/04/29 37.8 38 35.7 36.4 3202 
2005/05/06 37.5 39.5 36.65 38.6 5416 
2005/05/13 39 39.4 37.6 37.7 2242 
2005/05/20 37.9 39.6 36.8 38.5 3176 
2005/05/27 39 39 37.2 37.6 1542 
2005/06/03 36.8 39.2 36.8 38.7 2192 
2005/06/10 39 41 38.9 39.7 5997 
2005/06/17 40 40.8 38.5 38.7 3230 
2005/06/24 39.4 40.5 38.7 40 2461 
2005/07/01 39.6 42.8 39 39.35 1891 
2005/07/08 39.35 40.2 38.35 38.45 1401 
2005/07/15 38.95 39.25 37.5 37.5 3201 
2005/07/22 37.7 38.05 36.5 37.5 2418 
2005/07/29 37.5 38.2 36 36.1 2116 
2005/08/05 36.1 37 35.2 35.8 982 
2005/08/12 35.8 38.3 35.8 37.65 2839 
2005/08/19 37.95 37.95 36.7 36.7 1566 
2005/08/26 36.7 36.9 35.35 35.9 1968 
2005/09/02 35.9 37.5 35.2 37.1 2452 
2005/09/09 37.5 37.5 35 36.3 14456 
2005/09/16 36.75 37.95 30.85 31.1 8014 
2005/09/23 31.1 31.5 30 30.15 3028 
2005/09/30 30.3 30.3 27.7 28.9 5015 
2005/10/07 28.9 32.1 28.9 31.5 6949 
2005/10/14 32.25 34.8 31.8 33.8 10866 
2005/10/21 34.35 34.6 31.1 31.85 4511 
2005/10/28 31.85 32.5 30.5 31.3 1843 
2005/11/04 31.55 32.5 31 31 3616 
2005/11/11 30.8 31.2 29.55 30.55 4021 
2005/11/18 30.55 30.75 29 30.25 2278 
2005/11/25 30.3 30.5 29.5 30.1 1759 
2005/12/02 30.2 30.8 29.6 29.65 3361 
2005/12/09 30 31.6 30 31.15 4243 
2005/12/16 31.25 32.3 30.5 31.5 6093 
2005/12/23 31.9 33.9 31.7 33.8 11000 
2005/12/30 34.8 36.4 34.6 34.9 17165 
2006/01/06 33 35.6 32.8 34.15 9798 
2006/01/13 34.8 38.45 34.7 37.35 22440 
2006/01/20 37.75 37.8 34 34.7 8133 
2006/01/27 34.1 36 33.6 35 2608 
2006/02/03 35 35.85 35 35.25 962 
2006/02/10 35 37 35 36.75 8969 
2006/02/17 37 37.4 35.55 35.9 5457 
2006/02/24 36.2 36.3 33.6 35.5 4464 
2006/03/03 35.2 36.3 35 35.25 4997 
2006/03/10 35.25 35.95 35.1 35.5 2104 
2006/03/17 35.6 35.8 34.55 34.75 2430 
2006/03/24 34.8 36.7 34.5 36.35 4951 
2006/03/31 36.35 37.6 36.35 36.85 8911 
2006/04/07 37.05 41.2 37 41.2 10478 
2006/04/14 41.1 51.5 40.5 49.2 14494 
2006/04/21 50.1 52.4 47.3 49.3 14115 
2006/04/28 49.2 57.3 48.8 55.3 16784 
2006/05/05 56.5 72.3 55.3 68 16923 
2006/05/12 69.5 76.8 68.4 72.8 21285 
2006/05/19 73 87 71 81.5 21545 
2006/05/26 75.8 86.1 70.5 84.9 20810 
2006/06/02 86 86.4 76 85.1 17255 
2006/06/09 85.1 88.6 72.8 75 26426 
2006/06/16 71 86.5 71 83.2 23219 
2006/06/23 83.2 86.5 74.5 81.4 16673 
2006/06/30 80.9 100 79.5 99.2 25594 
2006/07/07 99.2 103 91.3 92.7 14878 
2006/07/14 91.6 98.4 89 93.8 10912 
2006/07/21 94 96.5 83.2 96 12175 
2006/07/28 95.4 102.5 95 99.6 9933 
2006/08/04 99.9 100.5 93.7 95.4 5209 
2006/08/11 95.4 96.8 90 94.2 4577 
2006/08/18 95 95.7 88 93 9352 
2006/08/25 93.3 93.3 79.4 80.8 7632 
2006/09/01 80.9 89.1 75.2 83.7 13108 
2006/09/08 86.9 92 73.7 78.5 12585 
2006/09/15 79 87 74.5 81.7 16486 
2006/09/22 83.7 87.5 82 86.2 11790 
2006/09/29 87 93 86 92 11455 
2006/10/06 91.6 92.9 88.9 90.1 3529 
2006/10/13 90.8 97.5 90.5 94 4366 
2006/10/20 95.4 96.2 91.2 93 3636 
2006/10/27 93 95.8 88.9 91.5 2322 
2006/11/03 91 95 88.9 92.4 3728 
2006/11/10 88 102.5 88 97 9724 
2006/11/17 96.8 98.7 89.2 89.4 7625 
2006/11/24 89.4 91.2 85.7 87.3 10809 
2006/12/01 88.3 95.9 86 95.9 12257 
2006/12/08 93.5 97.3 92.3 93.7 7913 
2006/12/15 93.8 94.2 82.9 90.4 9473 
2006/12/22 92.2 92.2 85.1 85.7 6110 
2006/12/29 87.5 89.5 86.5 88.2 2420 
2007/01/05 87.3 90.3 84.3 84.8 4743 
2007/01/12 84.6 85.8 70.6 72 14910 
2007/01/19 73.4 76.3 71.5 72 8397 
2007/01/26 71.6 73.4 69.3 72 6833 
2007/02/02 73.5 73.5 70 71.1 4192 
2007/02/09 71.1 74.8 70.5 71 6443 
2007/02/16 71.9 72.2 69.5 69.8 4480 
2007/03/02 70.6 74.2 70.2 71 9747 
2007/03/09 70 70.2 63 66 6476 
2007/03/16 66 70 65.7 68 6411 
2007/03/23 69 70.3 67.6 68.9 2391 
2007/03/30 69.9 70 61.4 63 8738 
2007/04/06 63 63 60.6 61.5 4410 
2007/04/13 61.7 62.4 60.4 61.7 6496 
2007/04/20 62.2 68.7 61.7 68 15241 
2007/04/27 69 70 65.5 65.5 5897 
2007/05/04 65.5 65.5 61.4 64 3649 
2007/05/11 65 66.6 64 65.8 2992 
2007/05/18 67.3 68 65.4 66.2 3652 
2007/05/25 66.5 72 66.5 71 7099 
2007/06/01 73 73 69 70.8 3991 
2007/06/08 71 71.5 67.7 69 3207 
2007/06/15 69 70.3 68.6 70 2217 
2007/06/22 70.1 73 69.9 69.9 4982 
2007/06/29 71.2 72.9 69.8 70.7 5440 
2007/07/06 72 78.2 70.6 77.6 10596 
2007/07/13 78.8 79.9 75.2 77.2 5126 
2007/07/20 78.5 86.3 77.2 83 13531 
2007/07/27 83.6 91.6 83.6 85 11892 
2007/08/03 73 74.8 65.5 68.8 4726 
2007/08/10 68.5 69.6 65.7 67 2502 
2007/08/17 68 68 53.7 55.5 4727 
2007/08/24 59.3 67.2 58 65 5558 
2007/08/31 67 67 63 66 2580 
2007/09/07 66.9 70 65.7 66 4751 
2007/09/14 65.1 67.3 64.5 67.2 1789 
2007/09/21 67.2 67.2 64 64 2154 
2007/09/28 65 65 58.3 60.2 4524 
2007/10/05 61 64 59 61.1 8215 
2007/10/12 61.1 61.7 58.5 59.5 3103 
2007/10/19 59 60.2 58 59.4 3576 
2007/10/26 57.5 60.5 57.5 60 2292 
2007/11/02 60 71.6 60 70.1 18610 
2007/11/09 70.1 70.2 59.2 60.3 6430 
2007/11/16 57.5 67.9 56.1 63.2 7416 
2007/11/23 64 64 57.1 58.8 5548 
2007/11/30 59.7 59.8 51.8 55 7936 
2007/12/07 55.5 56.1 54.1 54.8 5188 
2007/12/14 55 57 50.3 51.7 4398 
2007/12/21 51.7 53.5 47 50 7594 
2007/12/28 50.5 54.5 49 54.4 4234 
2008/01/04 54.6 60.4 53.4 60.4 13901 
2008/01/11 60.9 67.3 60 65 26770 
2008/01/18 69.5 79.2 68.6 75.6 22589 
2008/01/25 78 83.9 69 83 22092 
2008/02/01 83 85.9 74.2 82.7 10744 
2008/02/15 82.7 88.5 82.1 84 7253 
2008/02/22 84.4 87.9 79.1 87.9 16569 
2008/02/29 90 95 88 89.3 14791 
2008/03/07 88.2 92.5 83.1 85.5 13381 
2008/03/14 84.6 84.6 73.5 75 14536 
2008/03/21 75 93 75 88.6 21591 
2008/03/28 94.8 98.4 90.1 92.4 14891 
2008/04/04 92.8 94.7 81.9 84.6 8936 
2008/04/11 86.6 97 85.5 93.6 17053 
2008/04/18 94.7 111 94.3 105.5 15884 
2008/04/25 105.5 105.5 91.8 92.5 12284 
2008/05/02 92.5 98 89.6 98 9652 
2008/05/09 98 98 90.2 90.5 13052 
2008/05/16 91.8 102 90.8 98.3 11898 
2008/05/23 98.5 100 91.3 92.8 6960 
2008/05/30 92.8 94.8 80.5 81.5 8393 
2008/06/06 81.5 89.8 76.5 87.7 9468 
2008/06/13 85.1 86.8 72.3 76.5 8505 
2008/06/20 77.9 87.9 76.9 84.5 6961 
2008/06/27 82 90 82 82.8 6742 
2008/07/04 82.8 82.8 63.3 70.8 10597 
2008/07/11 70 72.9 65.4 72 5313 
2008/07/18 72 73.5 64.1 64.1 5383 
2008/07/25 65.3 74.9 62.2 70 7780 
2008/08/01 67.1 67.7 57.7 59 7418 
2008/08/08 55.1 56.8 51.2 55.2 16583 
2008/08/15 55.9 58.3 51.8 55 12669 
2008/08/22 55.1 55.7 44.7 46.5 8413 
2008/08/29 47.35 52 45.85 50.4 5882 
2008/09/05 50 50.2 40.55 41.7 6384 
2008/09/12 42.9 44.35 35.9 36.95 9174 
2008/09/19 35.1 36 27.75 28.95 8841 
2008/09/26 29 34.1 28.75 29.4 15453 
2008/10/03 27.35 29.4 26.55 27.8 6419 
2008/10/10 26.3 27.15 21.15 21.7 9081 
2008/10/17 20.95 24.75 20.95 22.2 21352 
2008/10/24 21.45 22.95 20.1 20.1 6475 
2008/10/31 18.7 20.35 17.4 20.35 13916 
2008/11/07 21.5 24.6 20.8 24.15 27809 
2008/11/14 24.65 25.35 22.35 22.6 20674 
2008/11/21 21.9 23.15 17.25 19.65 10417 
2008/11/28 19.8 22.85 19.2 22.1 13772 
2008/12/05 22 23.15 19.55 20.15 10747 
2008/12/12 20.55 25.05 20 23 23539 
2008/12/19 23.9 28.5 23.6 27.2 35374 
2008/12/26 27.4 27.8 23.7 25.3 13469 
2009/01/02 24.75 27.4 24.75 26.8 6095 
2009/01/09 27.6 29.4 26.5 28 19143 
2009/01/16 28.3 29.35 27 27.05 11560 
2009/01/23 27.4 27.4 23.55 24.7 3272 
2009/02/06 24.6 26.9 24.2 26.2 5126 
2009/02/13 26.9 26.9 24.3 25 8329 
2009/02/20 25.4 25.85 24.1 24.1 3850 
2009/02/27 24 24.3 22.4 24 6673 
2009/03/06 23.8 24.75 22.5 24.25 5420 
2009/03/13 24.5 28.5 24.3 28.1 15771 
2009/03/20 28.6 37.5 28.3 35.5 36404 
2009/03/27 36.1 42 34 39 29507 
2009/04/03 39 43.65 37.25 41.2 28399 
2009/04/10 41.8 43.4 39 42.9 30479 
2009/04/17 43.4 45.9 41.3 42.3 30934 
2009/04/24 42.7 45.2 40.85 44.2 26122 
2009/05/01 44.75 45.05 40.1 43.85 16896 
2009/05/08 46.9 61.3 46.9 58.5 30996 
2009/05/15 57.7 64.5 57.1 61.2 27593 
2009/05/22 62.7 75.5 62.5 75.5 33814 
2009/05/29 78 86.3 75.1 84.5 23846 
2009/06/05 88 89 69.8 74.3 27464 
2009/06/12 74.5 76 61 69.9 29432 
2009/06/19 68.9 74 63.8 72 30706 
2009/06/26 72.3 80.6 71 77.1 32788 
2009/07/03 77.9 82.8 72 80 21963 
2009/07/10 80 84.8 79.1 81 22627 
2009/07/17 80 80.4 70.2 75.2 20506 
2009/07/24 75.2 76.5 71 71.1 21493 
2009/07/31 66.2 68.8 61.6 66.5 38871 
2009/08/07 61.9 65.5 57.3 59.5 16020 
2009/08/14 59 63.6 58 62.5 12563 
2009/08/21 62.2 62.9 50.1 51.4 13146 
2009/08/28 51.5 53.2 48 48.55 7756 
2009/09/04 48.65 59.3 48.65 55.6 20391 
2009/09/11 56.2 65.3 56 62.5 32012 
2009/09/18 62.5 70.2 61 69.1 26672 
2009/09/25 70 70.9 64.1 69.2 18995 
2009/10/02 68.5 72 66.7 69.4 16264 
2009/10/09 69.8 73.7 69.4 71.3 14386 
2009/10/16 71.6 73 69.5 69.8 10270 
2009/10/23 69.8 70.8 68 69.7 5929 
2009/10/30 70 70 60 60.4 8940 
2009/11/06 59.5 65.4 57 63.5 11943 
2009/11/13 64.1 65.7 61.8 65.7 7047 
2009/11/20 65.7 66.2 63.7 63.8 6016 
2009/11/27 64 65.6 61.5 61.7 6073 
2009/12/04 62.7 66 61.5 62.7 9132 
2009/12/11 62 68.5 62 68 10013 
2009/12/18 69.5 69.5 63.4 64.6 5220 
2009/12/25 64.9 66 63.3 63.3 3886 
2010/01/01 63 65.5 62.6 64.9 6455 
2010/01/08 65.9 75 65.4 71.9 27902 
2010/01/15 70.8 72.5 68 68.9 7432 
2010/01/22 68.6 70.8 65.6 65.6 6417 
2010/01/29 65.5 66 60.1 62 7323 
2010/02/05 62 62 50.3 52.7 8513 
2010/02/12 53.5 59.1 52.7 58.5 4780 
2010/02/26 62 62 56.2 57.7 7240 
2010/03/05 58.7 60.5 57.8 58.4 7059 
2010/03/12 59.4 59.8 57.4 57.7 5032 
2010/03/19 57.7 59.8 56.7 59.2 6228 
2010/03/26 59.2 59.5 56.8 56.8 8352 
2010/04/02 57.5 59.5 56.5 58.8 12643 
2010/04/09 59.5 66.3 58.6 65 21493 
2010/04/16 65.5 72 65 71 29958 
2010/04/23 69.6 70.3 62 64.1 10618 
2010/04/30 64.5 65.8 61.8 65 6146 
2010/05/07 65 65.8 57 59.5 6656 
2010/05/14 59.5 61.8 58.5 61.2 8373 
2010/05/21 60.5 60.8 55.4 56 5061 
2010/05/28 56.1 61.5 56.1 60.2 5439 
2010/06/04 60.2 61.5 57.8 58.6 3003 
2010/06/11 57 60.2 56.5 59.5 4522 
2010/06/18 60 60.8 59 59.9 3348 
2010/06/25 60.8 64.6 58.5 58.9 9242 
2010/07/02 59 59.7 56.8 58 4669 
2010/07/09 58.2 61 58.2 59.7 4786 
2010/07/16 61.3 61.5 59.9 60.5 4768 
2010/07/23 60.5 62.2 60 62 5855 
2010/07/30 63.8 67.5 63.4 65.6 15511 
2010/08/06 66.6 69.9 62.3 63 17369 
2010/08/13 63.1 67 63.1 66.3 10362 
2010/08/20 66.1 74.3 64.8 74.3 23253 
2010/08/27 75 80.7 71.8 76.5 31081 
2010/09/03 77.4 78 69.3 71.6 24288 
2010/09/10 71.6 75 71 71.7 15835 
2010/09/17 74.8 81 74 77.6 21977 
2010/09/24 77.8 78.3 73.4 74 9604 
2010/10/01 75 78 72.8 75.6 14437 
2010/10/08 76.7 79.9 75.1 75.4 16502 
2010/10/15 76.8 77.5 73.7 74.3 11450 
2010/10/22 74.3 75.2 72.1 73.3 6748 
2010/10/29 72.8 77.3 72.8 75.5 10988 
2010/11/05 76.5 82.7 75.5 82.7 27507 
2010/11/12 85.1 88.8 84.5 84.6 36480 
2010/11/19 84.1 84.6 80 82.2 16769 
2010/11/26 84.4 85 80.5 80.5 11401 
2010/12/03 82.7 86.9 82.6 82.6 17787 
2010/12/10 82.8 84.4 79.8 80.6 11305 
2010/12/17 81 84.4 80.5 82.5 8206 
2010/12/24 83 83.6 81.7 81.9 5392 
2010/12/31 82.8 83.4 79.9 81.7 8581 
2011/01/07 82.5 85.2 80.2 81 17165 
2011/01/14 81 84.2 80 82.7 8475 
2011/01/21 82.9 82.9 80 80.5 5922 
2011/01/28 80.6 81.5 78.9 79.2 6881 
2011/02/11 80 81.5 78 78.4 4434 
2011/02/18 78.8 78.9 74.9 78.1 6882 
2011/02/25 79.1 79.1 70.3 72.3 9506 
2011/03/04 71.1 72.7 66 66.5 10957 
2011/03/11 66.1 67 63 66.1 13089 
2011/03/18 65.5 67.9 61.3 65.5 9817 
2011/03/25 65.5 66.6 64.4 65 5708 
2011/04/01 65 68.5 63.9 67.6 7539 
2011/04/08 67.6 69.8 66.5 68.7 5990 
2011/04/15 69.9 70.7 68.5 70.5 6120 
2011/04/22 71.3 71.3 68.3 69.8 5190 
2011/04/29 69.9 71.8 69 69.3 5085 
2011/05/06 69.8 76.7 69.2 74.1 10879 
2011/05/13 73.6 75.1 72 72.3 6378 
2011/05/20 72.3 73.7 70.3 70.6 3981 
2011/05/27 70.6 74.3 70.6 72.8 4946 
2011/06/03 72.8 76.1 72.6 73.9 8429 
2011/06/10 74 76 73.5 74.1 4582 
2011/06/17 74.1 76.3 73.5 75.4 5421 
2011/06/24 75.7 76.9 73.2 74.7 6545 
2011/07/01 74.5 82 74.4 81.5 17300 
2011/07/08 82.5 87.5 82 85.6 27045 
2011/07/15 85.4 92 83 89 24206 
2011/07/22 90 96 89.1 95.1 23265 
2011/07/29 96 96 90.2 91.2 13134 
2011/08/05 85.2 91 79.3 79.3 19735 
2011/08/12 75.3 85 73 83.1 19009 
2011/08/19 83.8 85 76 76.3 6909 
2011/08/26 75.6 79 64 66 14698 
2011/09/02 66 73 65.6 72.7 10439 
2011/09/09 70.5 71 66 67 6696 
2011/09/16 66.1 71.5 65 71.5 5463 
2011/09/23 71.5 72.1 65.1 66.1 5587 
2011/09/30 65.5 67 61 65.1 6670 
2011/10/07 64.2 64.5 60 62 6414 
2011/10/14 62.2 68.2 62.2 66.5 10818 
2011/10/21 67.8 69 65.6 66.2 4146 
2011/10/28 66.9 73.7 66.9 71.4 15690 
2011/11/04 71.8 72.5 69.6 71.5 4724 
2011/11/11 73.4 73.4 67.1 69.3 5380 
2011/11/18 70.5 72 64.2 64.4 5451 
2011/11/25 62.5 64.2 55.1 56.9 7295 
2011/12/02 56.9 58.3 53.8 55.9 8168 
2011/12/09 56.1 56.6 51.2 51.9 4337 
2011/12/16 52.5 52.5 47.1 48.25 9069 
2011/12/23 47 51.3 43.9 51.3 13957 
2011/12/30 51.3 53.5 49.2 50.2 9271 
2012/01/06 50 52.3 48.55 51.5 10164 
2012/01/13 52 56.2 51.3 54.3 15431 
2012/01/20 57.7 58.7 54.8 57.1 11864 
2012/02/03 59.1 62 58 61.1 14697 
2012/02/10 61.4 65.6 59.1 64.9 13876 
2012/02/17 64.3 67.2 62.4 63.3 10110 
2012/02/24 63.8 68 63.1 65.5 9079 
2012/03/02 66.5 68 66 67.2 4554 
2012/03/09 67.5 67.7 64.5 66.6 6407 
2012/03/16 66.2 67.8 65.3 66.7 4967 
2012/03/23 66.8 67.8 66.1 67.6 4954 
2012/03/30 67.9 70.5 65.6 67.3 9790 
2012/04/06 66.1 67 61 64.6 4298 
2012/04/13 63.2 65.9 63 65.9 4053 
2012/04/20 65.9 68 62.5 62.5 6216 
2012/04/27 62.5 62.9 61 61 3109 
2012/05/04 61 63.8 59.4 62 4129 
2012/05/11 62 63.5 60.8 61.1 2750 
2012/05/18 61.2 62.2 59 59 2498 
2012/05/25 58.8 60.1 56.2 56.4 1883 
2012/06/01 56 59.6 55 56 4453 
2012/06/08 55 57.4 53.8 56.5 3871 
2012/06/15 57.2 59 56.1 57.3 5343 
2012/06/22 58.9 63 58 62.3 8172 
2012/06/29 62.5 68.9 62.5 64.7 16197 
2012/07/06 65.5 67.5 65.1 66 9945 
2012/07/13 66 67.4 64 64 5595 
2012/07/20 64.3 66.9 63.9 66.2 5330 
2012/07/27 66 67 65.6 66.1 5676 
2012/08/03 66.2 66.8 60.4 62.9 20037 
2012/08/10 63.6 67 63.2 66.6 20032 
2012/08/17 67.1 72.5 66.6 71.9 27734 
2012/08/24 71.9 78.7 70.7 76.9 29058 
2012/08/31 77 79.6 73.7 76.6 24826 
2012/09/07 76.8 79 76.1 77.1 11220 
2012/09/14 77.5 81.5 76.8 78 25184 
2012/09/21 78 79.1 76.7 77.6 8246 
2012/09/28 77.7 78.4 72.1 72.5 9867 
2012/10/05 72.7 75.9 72.7 73.7 6868 
2012/10/12 73.1 75.1 71.8 72.6 5115 
2012/10/19 72.1 73.4 70.7 71.1 4576 
2012/10/26 70.5 73 66.6 67.1 4429 
2012/11/02 67.5 71.9 66.1 70.5 7951 
2012/11/09 70.5 75.3 68.6 75 10252 
2012/11/16 75.6 77 73 75.9 12223 
2012/11/23 76.4 76.4 73.5 75.5 5111 
2012/11/30 75.5 78 75.5 78 7231 
2012/12/07 78.5 80 77.1 77.1 9983 
2012/12/14 77.3 81.9 77.3 79.8 13812 
2012/12/21 80.2 83.5 78.8 81.9 16805 
2012/12/28 82.4 85.6 81.9 84.7 18704 
2013/01/04 85 92.5 84.9 92.1 23520 
2013/01/11 93 97 88.6 95.1 36574 
2013/01/18 95 96.4 91.6 95.2 17594 
2013/01/25 95 95.8 93.2 93.2 7825 
2013/02/01 93.3 99.5 92 98 20241 
2013/02/08 98.1 108 97 104 20257 
2013/02/22 108 108 97.4 98.8 12627 
2013/03/01 99.5 102.5 98.2 102 5543 
2013/03/08 102.5 103 94.2 95 10387 
2013/03/15 95 97 92.3 94.6 7965 
2013/03/22 94.6 97 93.4 96 4956 
2013/03/29 96.8 99.7 94.8 98.5 6335 
2013/04/05 99.2 99.3 97 97.3 4010 
2013/04/12 96 104 93.8 101 19771 
2013/04/19 102.5 103 99.6 102 7132 
2013/04/26 103 106 102 102 10928 
2013/05/03 102 104 101 101.5 5334 
2013/05/10 102.5 104 101.5 103.5 8746 
2013/05/17 104 118 103.5 110.5 27767 
2013/05/24 110 116.5 110 112 12551 
2013/05/31 112 116 112 112 7037 
2013/06/07 111.5 113 108 109 5815 
2013/06/14 110.5 112 105 105 4266 
2013/06/21 106 109.5 105 109 4696 
2013/06/28 109 112 107.5 108 5047 
2013/07/05 108.5 110.5 107.5 109 3155 
2013/07/12 109 114 108.5 112 5140 
2013/07/19 112 125 111.5 120 15594 
2013/07/26 120.5 127 120.5 122 8651 
2013/08/02 122 125 120.5 125 6082 
2013/08/09 125 131 113.5 113.5 17632 
2013/08/16 114 114.5 105 108 5569 
2013/08/23 107.5 109.5 98.1 101 5894 
2013/08/30 101 104 99.2 101 3627 
2013/09/06 101 102.5 99 101 4050 
2013/09/13 101 102 98.1 98.7 4026 
2013/09/20 99.1 106 99.1 105.5 4821 
2013/09/27 106 108 98.7 100.5 6437 
2013/10/04 99 103 98.5 101 3157 
2013/10/11 101 102.5 99.2 100 2662 
2013/10/18 100 102 99 100.5 5415 
2013/10/25 101 101.5 96.5 97.3 5272 
2013/11/01 98.4 98.5 95.7 95.7 2169 
2013/11/08 95 97 95 95.5 2376 
2013/11/15 96.1 98.2 93.5 97.3 4236 
2013/11/22 97.3 98.5 94.5 94.5 3605 
2013/11/29 95 97 94.7 97 3035 
2013/12/06 96.4 98.2 91.5 91.6 4024 
2013/12/13 92 92.6 88.2 89.7 6122 
2013/12/20 90.4 95 90 94.7 9318 
2013/12/27 94.9 95.8 91.2 91.6 3632 
2014/01/03 91.6 92.1 88.4 88.6 3712 
2014/01/10 88 88.5 80 82 15613 
2014/01/17 82.1 85.5 80.8 83.7 9384 
2014/01/24 84 84.9 81.5 81.6 5924 
2014/01/31 81 82.2 80.9 81.8 1241 
2014/02/07 81.1 82.7 79.8 82 4191 
2014/02/14 82.5 87.9 82.4 84.2 8152 
2014/02/21 85 85.4 84.2 84.6 4399 
2014/02/28 84.6 85 83.2 84 3425 
2014/03/07 83.5 85.3 83.5 83.9 3921 
2014/03/14 83.9 84.6 83.6 84.6 2612 
2014/03/21 85.1 85.3 83.3 84.4 4489 
2014/03/28 84 89.8 84 88.8 9589 
2014/04/04 89 93.5 89 92.3 6463 
2014/04/11 91.8 94.3 91.5 93.7 5921 
2014/04/18 93 93.7 91.3 91.7 4691 
2014/04/25 91.4 91.5 84.1 84.9 6781 
2014/05/02 82 85.5 81 84.8 3757 
2014/05/09 84.9 86.7 84.8 84.9 2596 
2014/05/16 85.5 85.5 83.1 83.7 1800 
2014/05/23 84.4 84.9 83.3 83.4 1718 
2014/05/30 83.4 84.4 82.7 84.3 2501 
2014/06/06 83 83.6 82.3 83 1480 
2014/06/13 83 83 79.8 80.5 3740 
2014/06/20 80.5 81.9 79.8 79.8 4301 
2014/06/27 80 81.3 79.7 79.7 2757 
2014/07/04 79.9 79.9 76.1 78.2 5905 
2014/07/11 78.2 79.6 76.5 78 3917 
2014/07/18 78.1 78.9 77.6 78.6 1571 
2014/07/25 78.9 82.6 78.5 80.1 1809 
2014/08/01 79.9 82.5 79.2 81.9 2946 
2014/08/08 81.9 81.9 79.1 79.4 1627 
2014/08/15 79.9 80.5 79 79.1 1546 
2014/08/22 79.3 80.7 76.8 79.9 3265 
2014/08/29 79.9 82 79.3 81.4 2754 
2014/09/05 83.5 90 82 88 18041 
2014/09/12 89.1 89.2 76.4 76.4 16312 
2014/09/19 76 76 71.1 73.3 8384 
2014/09/26 73 73.1 70.8 70.8 2316 
2014/10/03 70.8 70.8 68.1 68.5 3829 
2014/10/10 69 69.3 65.4 66.7 2226 
2014/10/17 63.6 66.3 61.1 66.1 4931 
2014/10/24 66 67.4 62.7 63.5 3402 
2014/10/31 63.3 63.3 61.8 62.5 1894 
2014/11/07 62.8 64 62.1 62.4 1673 
2014/11/14 62.5 65.8 62.5 64.9 1911 
2014/11/21 65 66.2 63.4 65.8 1429 
2014/11/28 66.5 67.4 64.6 66.7 1241 
2014/12/05 64 71.5 63.9 69.9 5879 
2014/12/12 70 72.4 68.6 69.7 5280 
2014/12/19 69.1 70.2 67.5 68 3811 
2014/12/26 68.3 69.2 67.3 68.5 3119 
2015/01/02 68.5 68.6 67.6 67.8 2296 
2015/01/09 68.5 68.6 66.8 67.7 1553 
2015/01/16 67.9 68.5 67 67.2 2723 
2015/01/23 67 67 63.3 65.2 3128 
2015/01/30 65.5 65.9 63.8 64.7 2012 
2015/02/06 64.7 64.7 62.1 62.8 2125 
2015/02/13 62.7 66.3 61.3 66.3 3467 
2015/02/27 66.7 67.3 64.1 65 2143 
2015/03/06 64.8 64.9 62.7 63 1620 
2015/03/13 63 63.9 62.2 63.8 1860 
2015/03/20 64 64.6 63.5 64.5 1642 
2015/03/27 64.5 64.8 62.9 64.3 2147 
2015/04/03 64.2 64.3 61.8 63 1613 
2015/04/10 63 65.8 62.6 64.8 2502 
2015/04/17 65 67.7 65 67.2 3384 
2015/04/24 67 67.9 66 67.9 2563 
2015/05/01 68.3 71.1 67.9 69.9 4822 
2015/05/08 70 70.1 67.5 68 2776 
2015/05/15 68 68 66.6 66.7 2484 
2015/05/22 66.7 67.8 66 66.1 2943 
2015/05/29 66.1 67.5 65.3 67.3 2502 
2015/06/05 67.3 72.9 66.4 70.9 7724 
2015/06/12 71.6 71.8 67 70 4202 
2015/06/19 70 72 68.7 71.4 4531 
2015/06/26 71.8 72.5 69 69.9 3640 
2015/07/03 69.4 71 67 67.3 3018 
2015/07/10 66.6 67 60 61 3106 
2015/07/17 62 63.5 59.4 62 2624 
2015/07/24 62.8 63.2 59.6 61.3 1950 
2015/07/31 60.1 60.6 57.7 57.8 2342 
2015/08/07 57.8 57.8 54.7 54.9 1859 
2015/08/14 55 58.4 54.9 57 1841 
2015/08/21 57.5 57.5 48 48.25 3216 
2015/08/28 46.2 46.9 40.2 45.4 4955 
2015/09/04 45.4 46.8 44.75 46.05 3042 
2015/09/11 46.15 51.6 46.05 49.65 7468 
2015/09/18 44.3 46.7 43.5 46 5823 
2015/09/25 46.4 46.4 43.75 43.75 2788 
2015/10/02 43.35 45.3 43.1 45 821 
2015/10/09 45.4 45.4 43.6 44 1865 
2015/10/16 44 46 43.65 45.7 2309 
2015/10/23 46 47.2 45.35 45.6 1749 
2015/10/30 46.2 46.5 45.8 46.05 1333 
2015/11/06 46 46 44.7 44.85 1839 
2015/11/13 44.6 44.75 40.2 40.2 3016 
2015/11/20 40 45.7 39.45 45.5 3096 
2015/11/27 45.35 46.3 44.1 44.5 2157 
2015/12/04 44.5 45.2 44 44.9 1228 
2015/12/11 44.9 45.2 43.65 43.95 1131 
2015/12/18 43.7 45.7 43 44.3 1907 
2015/12/25 45.35 45.5 44.4 45.2 1307 
2016/01/01 45.3 49 44.8 47.9 2629 
2016/01/08 47.9 47.9 42.2 43 2267 
2016/01/15 42 43.25 41.1 42.25 2333 
2016/01/22 42 43.5 40.8 41.7 1600 
2016/01/29 41.8 44 40.5 43.85 1589 
2016/02/05 43.85 44.25 42 42.15 836 
2016/02/19 41.4 44.1 41.35 42.55 1694 
2016/02/26 43.45 43.45 42.55 42.9 1023 
2016/03/04 43.1 47.95 43.1 46.5 4073 
2016/03/11 46.75 48.8 46.6 47.5 3684 
2016/03/18 47.7 47.8 40.95 43.1 9038 
2016/03/25 42.75 49.05 42.25 49.05 10431 
2016/04/01 50.7 51.5 47.8 49.1 11136 
2016/04/08 49.2 50.4 48.5 49.15 2699 
2016/04/15 49.15 54 48.15 53.4 6005 
2016/04/22 53.3 56 51.7 53.7 4965 
2016/04/29 52.8 54 51.5 51.7 2687 
2016/05/06 51.7 52.4 50.8 50.8 1880 
2016/05/13 51 53.2 48.25 49 3427 
2016/05/20 48.7 51 47.9 50.8 2303 
2016/05/27 50.8 51.1 50 50.9 2033 
2016/06/03 51.1 60.7 51 59.5 9757 
2016/06/10 59.6 60.4 55.2 56 4254 
2016/06/17 55.1 59.2 54.3 57.6 6564 
2016/06/24 58.2 58.7 55 56.1 3204 
2016/07/01 56.1 64.7 55.5 62.4 10129 
2016/07/08 62.3 63.5 61.5 62.1 3104 
2016/07/15 63 63.5 61.4 61.6 3324 
2016/07/22 61.4 61.4 57.9 58.9 5099 
2016/07/29 58.3 59.3 57.1 57.8 1972 
2016/08/05 57.5 58.1 57 57.3 1711 
2016/08/12 57.3 60.4 56.8 59.4 2912 
2016/08/19 59.9 59.9 58.2 58.4 1847 
2016/08/26 58.4 58.4 54.8 54.8 5920 
2016/09/02 54.7 54.8 52 52.4 2805 
2016/09/09 53.5 54 52.7 53 2474 
2016/09/16 52.5 53.7 51.8 52.1 1140 
2016/09/23 52.3 53.5 51.8 53 1415 
2016/09/30 53.3 54.4 52.6 53 1805 
2016/10/07 53 53.2 52 52.2 2068 
2016/10/14 52.5 52.6 50.4 50.4 3526 
2016/10/21 50.3 52 50.1 51.7 3188 
2016/10/28 51.6 52.5 50.5 52 2906 
2016/11/04 52.3 52.3 50.3 51.7 2275 
2016/11/11 51.1 56.7 51.1 55.8 4214 
2016/11/18 56.9 58.5 55.2 55.8 6929 
2016/11/25 55.8 58.9 55.2 58.4 4972 
2016/12/02 59 61.5 58.6 61.3 15973 
2016/12/09 61.5 66.1 60.8 65 12294 
2016/12/16 64 65.6 61.6 64.9 9782 
2016/12/23 64.9 66.2 62.8 63.2 4402 
2016/12/30 63.5 64.2 61.5 63.6 3095 
2017/01/06 63.7 65.1 63.2 63.9 2120 
2017/01/13 64 65 62.8 62.9 2549 
2017/01/20 62.9 64.8 62.6 63.8 2550 
2017/01/27 64 65.4 63.2 65 1664 
2017/02/03 64.7 69.8 64.7 69.6 6038 
2017/02/10 70 77.6 69.3 71.8 15630 
2017/02/17 72.1 74.7 71.3 72.2 7562 
2017/02/24 72.2 72.6 70.2 70.3 6370 
2017/03/03 70.3 70.8 68 68.5 4813 
2017/03/10 68.5 70.6 68.1 68.7 3194 
2017/03/17 69.4 71.5 69.1 71.3 5979 
2017/03/24 71.4 74.5 70.4 72.6 7329 
2017/03/31 72.9 75.8 72.3 74 7860 
2017/04/07 74 74.4 73.1 74.1 954 
2017/04/14 73.8 73.8 69.6 71.2 4964 
2017/04/21 71.2 71.2 69.6 69.7 959 
2017/04/28 69.1 69.3 69 69.1 333 
2017/05/05 70.4 70.5 70 70.2 319 
2017/05/12 69 71 68.7 70.9 4584 
2017/05/19 71.1 71.7 69.1 69.1 2982 
2017/05/26 69 69.5 68.8 69.3 2698 
2017/06/02 69.6 70 69 70 1328 
2017/06/09 69.6 69.7 69.2 69.2 939 
2017/06/16 69.4 69.8 67.5 67.8 2125 
2017/06/23 67.5 69.7 66.3 68.4 6502 
2017/06/30 68.8 69.4 68.1 68.7 3184 
2017/07/07 68.7 70.3 68.5 69.9 2002 
2017/07/14 69.7 69.9 68.9 69.3 2387 
2017/07/21 71.2 71.8 70.6 71.1 2988 
2017/07/28 70.5 70.6 70.1 70.5 732 
2017/08/04 71.2 74.8 70.9 71.2 8958 
2017/08/11 71.5 71.8 71.2 71.7 869 
2017/08/18 70.5 71.2 69.8 70.5 1758 
2017/08/25 71 71.2 70.7 71 1087 
2017/09/01 65.4 66.9 65.3 66.7 1294 
2017/09/08 67 67.1 66.6 66.6 353 
2017/09/15 69.6 70.6 69.5 70 2230 
2017/09/22 69.5 69.9 69 69.3 346 
2017/09/29 68.6 68.8 67.2 67.6 1281 
2017/10/06 69.6 70 69.5 69.9 605 
2017/10/13 70.4 71 69.6 70.5 1605 
2017/10/20 71.6 74 71.6 73 4403 
2017/10/27 73 73.9 71.7 72.7 4402 
2017/11/03 73 79.5 72 77.9 16105 
2017/11/10 78.8 79.9 76.5 77 8463 
2017/11/17 76.9 77.3 75.7 76.4 857 
2017/11/24 78.1 78.3 77.3 77.6 810 
2017/12/01 77 77.1 76 76 1132 
2017/12/08 75 75.7 73.1 73.6 1634 
2017/12/15 72.6 74.8 72.6 74.3 1743 
2017/12/22 75.1 76.1 74.1 74.3 2044 
2017/12/29 74.8 77.9 73.6 76.6 3791 
2018/01/05 77.4 82.8 76.7 82.5 16866 
2018/01/12 82.7 89.8 82.7 88.1 20404 
2018/01/19 88.9 90.7 85.1 86.1 10824 
2018/01/26 86.6 88.7 86.2 88.5 5139 
2018/02/02 88.5 90.1 85 86 6137 
2018/02/09 84.4 84.8 78 82.5 6946 
2018/02/16 81.6 81.6 80.5 81.3 1184 
2018/02/23 82 83 81.6 82.8 1993 
2018/03/02 82.8 83.4 82.3 82.8 2278 
2018/03/09 82.4 84.6 80.5 83.4 6126 
2018/03/16 82.9 86.8 82.7 86.8 9818 
2018/03/23 86 86.4 81.2 82.1 4306 
2018/03/30 82.1 85.7 81.6 85.7 3560 
2018/04/06 86 88 85.1 86.8 2524 
2018/04/13 87.1 88.7 84.6 85.6 7147 
2018/04/20 85.6 86.4 84.2 85.8 2761 
2018/04/27 86.4 86.8 84 85.5 2322 
2018/05/04 85.6 86.5 85.2 85.4 2610 
2018/05/11 85.9 86.5 85.4 86 2473 
2018/05/18 86.6 90 86.2 88.9 10471 
2018/05/25 89.3 91.5 88.9 91 10837 
2018/06/01 91.5 95.8 90.2 93 11939 
2018/06/08 93.6 99.5 92.8 94.4 11187 
2018/06/15 93.8 98.5 93.2 95 6128 
2018/06/22 94.7 96.8 94.5 95.1 3973 
2018/06/29 95.6 96 92.3 94.1 4535 
2018/07/06 93.7 93.9 91 92 5046 
2018/07/13 92.5 94.3 91.5 94 6115 
2018/07/20 93.8 93.8 90.5 90.5 3955 
2018/07/27 90.5 93.7 89.8 92.5 5451 
2018/08/03 93.1 94.5 92.5 92.9 2845 
2018/08/10 92.8 93.7 92.3 93.7 2957 
2018/08/17 93.7 93.7 85.1 85.5 10337 
2018/08/24 85.7 86.7 79.8 80.7 8991 
2018/08/31 81.4 84.3 79.9 81.4 5748 
2018/09/07 81.1 81.6 77.6 78 3393 
2018/09/14 79.5 79.5 75.3 77 4605 
2018/09/21 77.1 77.8 75.6 76.6 3681 
2018/09/28 76.9 78 76.1 77.7 4087 
2018/10/05 77.5 78 75.3 75.9 2210 
2018/10/12 75.9 77.5 71.8 74.2 3709 
2018/10/19 74.2 74.4 71.3 71.8 3087 
2018/10/26 71.6 72.5 67.3 69 2986 
2018/11/02 68.5 72.5 68.3 72.3 2777 
2018/11/09 72.2 72.3 71 71.7 1622 
2018/11/16 71.4 79 70.2 77.5 3383 
2018/11/23 77.7 80.5 76.8 78.3 2296 
2018/11/30 78.6 79.9 78.5 79.1 2291 
2018/12/07 79.9 80.4 78.2 78.6 2907 
2018/12/14 78.1 79.1 77.5 78.1 1803 
2018/12/21 78.1 78.5 74.4 76.4 2307 
2018/12/28 76.9 78.1 76 77.2 2194 
2019/01/04 78 79.5 77.1 79.3 1592 
2019/01/11 79.6 79.9 78.1 78.7 2259 
2019/01/18 78.7 79.7 78 79.5 1666 
2019/01/25 80 84.9 79.5 84.8 5805 
2019/02/01 85 85 83.9 84.5 1839 
2019/02/15 84.7 85 83.2 83.8 2719 
2019/02/22 84.6 87.9 83.8 87.5 3603 
2019/03/01 88 88 86.6 86.9 1350 
2019/03/08 87.5 87.7 86 87.4 2427 
2019/03/15 87.7 87.8 85.6 87.8 3959 
2019/03/22 88.2 88.5 87.4 88 1976 
2019/03/29 88.5 90.2 88.4 90 3007 
2019/04/05 90.7 90.7 88.5 89.5 1453 
2019/04/12 89.1 89.5 87 87.3 2529 
2019/04/19 87.5 87.9 85.2 85.6 3821 
2019/04/26 85.6 87.9 85 87.2 2385 
2019/05/03 87.5 87.7 86.5 86.7 1633 
2019/05/10 86.1 87.6 85.5 85.6 2866 
2019/05/17 85.6 86 84 84.3 1792 
2019/05/24 85 87.5 84.3 86.6 2173 
2019/05/31 87 92 86.8 90.5 12694 
2019/06/07 90.6 91.9 88.9 89.5 6183 
2019/06/14 90.2 90.2 87.3 87.8 3573 
2019/06/21 87.8 89.8 87.7 89.4 2828 
2019/06/28 89.3 90.5 88.8 89.3 3326 
2019/07/05 89.5 90.3 88.3 89.9 3601 
2019/07/12 89.9 90 89 89.5 1886 
2019/07/19 89.4 89.4 87.8 88.4 2954 
2019/07/26 88.4 89.6 87.3 89.3 2742 
2019/08/02 89.1 89.9 88.3 88.3 3217 
2019/08/09 88.3 89.1 85.1 88.7 2072 
2019/08/16 88.9 89.1 87.5 87.8 2034 
2019/08/23 87.8 89 87.6 88.3 3649 
2019/08/30 88 88.7 78.4 80 5719 
2019/09/06 80.5 81.5 80.1 80.8 1506 
2019/09/13 81.4 81.4 79.9 80.3 1407 
2019/09/20 80.1 81 79 80.6 2756 
2019/09/27 80.9 80.9 79.4 79.5 1598 
2019/10/04 79.5 80.4 79.2 79.7 888 
2019/10/11 79.7 80.4 78 78 1333 
2019/10/18 79.5 82.8 79.2 82.3 3830 
2019/10/25 82.3 82.8 80.7 81 2187 
2019/11/01 81.3 82 80.5 81.6 1254 
2019/11/08 81.6 83 81.5 82.3 3222 
2019/11/15 82.3 82.8 80.7 82.2 1955 
2019/11/22 82.5 84.1 82.3 82.7 2495 
2019/11/29 82.7 83.2 81.8 81.9 2674 
2019/12/06 82 82 80.9 81.2 1758 
2019/12/13 81.4 81.5 80.8 81.3 2247 
2019/12/20 81.4 83.1 80.6 80.6 4153 
2019/12/27 81.2 82.1 81 81.7 1767 
2020/01/03 81.8 82.7 81.3 82.6 2207 
2020/01/10 82.3 82.5 80.9 82.3 2982 
2020/01/17 82.7 85 82.6 84.9 4028 
2020/01/24 85 85.1 84.7 85 1111 
2020/01/31 81.6 84.4 81.6 84 3320 
2020/02/07 82 83.2 82 82.5 2690 
2020/02/14 82 83.1 81.8 82.6 2003 
2020/02/21 82.6 83.3 82 82.4 2093 
2020/02/28 82 82.9 81.3 81.8 2306 
2020/03/06 81 81.6 79.8 81.4 3469 
2020/03/13 81.1 81.1 70 73.5 4302 
2020/03/20 74 74.9 61.6 66.2 4450 
2020/03/27 63.7 73 63 72.2 3506 
2020/04/03 71.5 75.1 70 73.1 2228 
2020/04/10 73.4 74.6 71.7 74.5 2177 
2020/04/17 74.5 78.7 73.8 78.2 3098 
2020/04/24 78.5 79.9 77.2 78.8 3449 
2020/05/01 79 82.8 78.9 82.4 2561 
