1990/01/26 97.5 104.5 95 100 17603 
1990/02/02 103 105 96 98 17478 
1990/02/09 102 104 96 98.5 18837 
1990/02/16 100 111 98 103 46164 
1990/02/23 103 108 100 101.5 30041 
1990/03/02 100.5 102 94.5 98 15767 
1990/03/09 98 104 93 103.5 13891 
1990/03/16 103.5 112.5 102 108.5 54837 
1990/03/23 106.5 108.5 94 94 35206 
1990/03/30 94 100.5 93 100 12320 
1990/04/06 101 104 91.5 92 24279 
1990/04/13 91 98 88 90.5 27506 
1990/04/20 90.5 98 84 96 37235 
1990/04/27 97 113 96 108 113910 
1990/05/04 107 108 86 92 73318 
1990/05/11 91 93 78 83.5 35683 
1990/05/18 83.5 92 78.5 80 47332 
1990/05/25 80 83 67 73 42940 
1990/06/01 71.5 91 71 87 54557 
1990/06/08 85 92 72 75.5 86244 
1990/06/15 72 80 69.5 72 36809 
1990/06/22 72.5 74 58.5 58.5 22227 
1990/06/29 59.5 61.5 43.7 44.5 14936 
1990/07/06 44.4 46.8 40.9 46 14082 
1990/07/13 46 52.5 44.5 48.3 33741 
1990/07/20 48 53 45.6 52 23637 
1990/07/27 52 54 46.8 52 34989 
1990/08/03 53 55 44.7 45 32449 
1990/08/10 45 45 34 34.5 11424 
1990/08/17 34.5 36 30 30 10885 
1990/08/24 28 30.4 25.3 29.1 19642 
1990/08/31 29.9 34.5 29.7 33.8 28569 
1990/09/07 31.7 32.2 27.5 28.9 12950 
1990/09/14 30 31.6 29 29.6 20162 
1990/09/21 29.2 29.8 26.6 26.7 18207 
1990/09/28 25 25.3 20.5 21.8 12463 
1990/10/05 21.6 21.6 18.5 19.8 14644 
1990/10/12 19.8 21.7 18.8 19.6 18747 
1990/10/19 20.2 22.5 19.5 22.5 26492 
1990/10/26 22.5 28 22.1 24.6 43246 
1990/11/02 26.3 26.4 22.4 24.3 22861 
1990/11/09 25.9 29.7 25.6 25.7 51293 
1990/11/16 27.4 29.6 26.8 29.6 28329 
1990/11/23 29.2 32.3 27.5 29.6 40390 
1990/11/30 29.6 29.8 23 27.3 29096 
1990/12/07 28 31.6 27.6 28.1 52235 
1990/12/14 27.6 29 25 26.7 29987 
1990/12/21 26.4 26.7 23 23.8 18815 
1990/12/28 24 24.6 23 24.6 7560 
1991/01/04 24.4 24.4 22.3 23.3 10562 
1991/01/11 23 23 19.5 20.3 14296 
1991/01/18 20 24.1 18.7 23.4 22681 
1991/01/25 23.9 25.1 21.2 24.9 31284 
1991/02/01 24.9 25.3 22.5 23 18599 
1991/02/08 23 27 23 26.3 24851 
1991/02/15 26.5 27.6 26.2 27.2 5356 
1991/02/22 29 32.5 28.2 31.9 40480 
1991/03/01 32 32.9 30 30.5 39915 
1991/03/08 29.5 31.3 27.2 31.3 24887 
1991/03/15 31.8 37.9 31.5 36.7 95956 
1991/03/22 36.7 38 35.6 36.2 60876 
1991/03/29 36.4 41.5 36.4 41.5 54492 
1991/04/05 44.4 49 43.4 48.1 42929 
1991/04/12 48 53.5 47 49.9 79716 
1991/04/19 49.9 50.5 44 47.5 54887 
1991/04/26 47.7 49.3 47.1 48.3 32695 
1991/05/03 48.8 51 45 50.5 54618 
1991/05/10 53 57.5 52 57.5 91313 
1991/05/17 57.5 60 52 57.5 77510 
1991/05/24 58 61.5 56 56.5 54103 
1991/05/31 56 56.5 51 55 31726 
1991/06/07 55.5 59 53.5 57 39017 
1991/06/14 57 57 53.5 56 22465 
1991/06/21 57 58 56 57.5 19604 
1991/06/28 58 60 55 56.5 27081 
1991/07/05 58 59 53.5 54.5 21132 
1991/07/12 54.5 55 52 53 14852 
1991/07/19 53 54 49 49.5 11069 
1991/07/26 49 49 43 46.4 25535 
1991/08/02 47 48.7 42.5 44 22649 
1991/08/09 44 45.3 39.5 44.5 24267 
1991/08/16 44 45 39.8 40.3 18214 
1991/08/23 40 40.3 34.1 34.9 32779 
1991/08/30 34.9 37.8 32.5 37 28080 
1991/09/06 37.2 40.7 36.1 40.5 53898 
1991/09/13 40.7 40.7 36.5 37.1 30983 
1991/09/20 37.1 40.4 36.6 39.5 27526 
1991/09/27 39.9 40.5 39.2 39.6 17398 
1991/10/04 40.5 40.5 37.5 38.8 13554 
1991/10/11 38.8 39.9 38 38.3 10670 
1991/10/18 36.1 37 31.8 34.2 21672 
1991/10/25 34.2 34.3 31 32.6 13041 
1991/11/01 33.1 35 32.4 33.6 16225 
1991/11/08 33.6 34.5 32.8 33.6 14743 
1991/11/15 34 35 32.6 33.9 15512 
1991/11/22 33.8 34.9 33 33.7 14117 
1991/11/29 33.7 35.5 33.1 33.4 14726 
1991/12/06 33.4 34.4 32.8 34.4 7659 
1991/12/13 34.6 35.4 33.1 34 10756 
1991/12/20 34 39.4 34 38.5 43772 
1991/12/27 39.6 41.6 38.1 41.4 38924 
1992/01/03 42.2 43 42 42.3 6457 
1992/01/10 42.3 45.8 42.3 45.6 41245 
1992/01/17 45.8 46.5 44.6 45.2 29606 
1992/01/24 45.5 46.8 44.3 44.5 28333 
1992/01/31 44 45.5 43.8 44.1 14633 
1992/02/07 43.8 44.1 42.7 42.9 4590 
1992/02/14 42.9 43.9 41.5 42.4 13480 
1992/02/21 42.4 44.5 39.3 44.4 22952 
1992/02/28 45 47.4 42.2 47.4 29835 
1992/03/06 48 48.6 45.7 45.8 36954 
1992/03/13 45.8 48 44.3 47.4 20883 
1992/03/20 47.2 48.2 44.6 46 25394 
1992/03/27 45.8 48.5 45.8 48.3 29488 
1992/04/03 48.5 48.5 45.8 47.2 7892 
1992/04/10 46.8 47.5 46 46 16489 
1992/04/17 46 48.1 45.1 47.6 19187 
1992/04/24 47.5 47.7 45.5 46 9001 
1992/05/01 45.8 46.7 45 45.6 13759 
1992/05/08 45.6 46.4 44.8 44.8 6226 
1992/05/15 44.2 44.2 42.3 43.9 9958 
1992/05/22 44 45.5 43.9 45.1 9946 
1992/05/29 45 45 42.9 43 5937 
1992/06/05 42.8 45.4 42.5 44.8 6439 
1992/06/12 45.5 45.9 43 43.6 12856 
1992/06/19 43.9 44.5 42.5 42.5 11616 
1992/06/26 42.9 42.9 39.6 40.1 12454 
1992/07/03 40.2 40.4 38.2 38.5 5525 
1992/07/10 39 40.2 37.8 40.2 14768 
1992/07/17 39.9 40.4 38 38.2 12579 
1992/07/24 38.2 38.3 28.7 29.8 26584 
1992/07/31 30.4 31.5 28.4 30.5 17166 
1992/08/07 30.7 31.8 29.6 29.8 10648 
1992/08/14 29.5 30.2 29.1 29.9 7698 
1992/08/21 29.5 31.3 28.1 30.9 16984 
1992/08/28 31 31.3 29.5 30 11044 
1992/09/04 30 31.5 29.7 29.8 12116 
1992/09/11 30.1 30.1 28.4 29.1 6142 
1992/09/18 28.7 31.5 28.4 31.1 25392 
1992/09/25 30.3 33 30 30.7 35861 
1992/10/02 31 34 31 33.2 33353 
1992/10/09 33.4 34.4 32.7 33.2 22864 
1992/10/16 33.3 35.6 32.4 35.4 30131 
1992/10/23 35.8 35.8 34.2 34.9 11897 
1992/10/30 34.9 35.8 34.5 34.6 7828 
1992/11/06 34.6 34.7 33.2 33.3 8588 
1992/11/13 33.3 34.8 33.1 34.8 6890 
1992/11/20 34.9 37.8 34.9 37.8 28137 
1992/11/27 38 38.8 37.7 38.3 23436 
1992/12/04 38.1 39.5 37.3 39 18637 
1992/12/11 39.2 40.7 38.8 39.7 28871 
1992/12/18 39.8 39.8 38.4 38.6 13784 
1992/12/25 38.8 38.9 36.9 37.5 15126 
1993/01/01 37.5 38 37 38 7854 
1993/01/08 38.5 38.8 36 36.8 20214 
1993/01/15 36.8 38.8 36.2 38.1 18315 
1993/01/22 38.1 40.4 37.7 39.8 11868 
1993/01/29 39.8 40.8 38.5 40.5 15611 
1993/02/05 40.5 41.5 39.8 40 33104 
1993/02/12 40.1 40.8 37.5 38 32973 
1993/02/19 37.5 38.8 37.2 38.3 33443 
1993/02/26 38.3 40 37.6 39.1 47961 
1993/03/05 39.7 47.9 39.5 47.9 78971 
1993/03/12 47.9 47.9 44 44.1 57247 
1993/03/19 43.5 45.7 43.5 44.6 25956 
1993/03/26 44.7 49.4 44.7 47.7 43681 
1993/04/02 48.3 51.5 48 51 40678 
1993/04/09 52 52.5 47.8 47.8 24599 
1993/04/16 48 48.2 43.5 43.7 18661 
1993/04/23 46.2 48.5 45 47 34515 
1993/04/30 47 48 45.8 45.8 22216 
1993/05/07 45.8 46.4 44.3 46.3 13905 
1993/05/14 46.8 47.2 44.5 44.5 22662 
1993/05/21 44.5 44.8 43 43.2 15598 
1993/05/28 43 43.8 41.9 43.1 12443 
1993/06/04 43.5 44.2 43 43.3 11780 
1993/06/11 43.4 43.7 41.6 41.7 14404 
1993/06/18 41.8 42.5 40 42 16216 
1993/06/25 42.2 43.8 41.9 42.9 16288 
1993/07/02 42.6 42.8 41.2 42.1 12310 
1993/07/09 42.7 43.2 41.5 42.4 13469 
1993/07/16 42.4 43.2 39.6 40 14616 
1993/07/23 40.2 43.1 39.3 42.7 20093 
1993/07/30 43 44.3 42.4 42.6 27554 
1993/08/06 42.9 43.2 38.1 39.7 27992 
1993/08/13 40 41.3 40 41.3 19014 
1993/08/20 41.3 42.4 40.5 40.8 18162 
1993/08/27 40.6 41 40.2 40.6 7757 
1993/09/03 40.6 41.7 40.4 41.7 16077 
1993/09/10 42 42.6 41.6 42.1 18087 
1993/09/17 42.3 43.9 41.3 42.3 21319 
1993/09/24 42.4 42.7 41.8 42.2 11135 
1993/10/01 42.1 42.2 41.4 41.7 5541 
1993/10/08 41.5 42.9 41.5 42.7 12033 
1993/10/15 42.8 43.6 42.5 42.8 21184 
1993/10/22 42.6 42.8 41.7 42.2 14535 
1993/10/29 42.4 43.3 42 42.8 13941 
1993/11/05 43 47 43 46.1 34682 
1993/11/12 46.5 51 46.2 51 43103 
1993/11/19 52 56 50 51 88621 
1993/11/26 51 52.5 49 51 40647 
1993/12/03 54.5 62 53.5 61.5 130636 
1993/12/10 62 67 60.5 67 97677 
1993/12/17 68.5 85 68.5 74.5 156998 
1993/12/24 73.5 81 72.5 77.5 71546 
1993/12/31 78.5 93.5 78.5 93.5 63619 
1994/01/07 93.5 100 85.5 87 78014 
1994/01/14 88.5 88.5 76 84.5 91553 
1994/01/21 83.5 84 76 80 61540 
1994/01/28 80 85 78.5 82 34554 
1994/02/04 84.5 86 82 84 42525 
1994/02/18 84 84 78 82 30075 
1994/02/25 82 84 77 78 34304 
1994/03/04 76.5 83.5 75 82 34702 
1994/03/11 83 83.5 78 81 37214 
1994/03/18 81.5 85.5 81 84 39612 
1994/03/25 84 85.5 81.5 83.5 26734 
1994/04/01 83.5 84 81.5 83.5 10416 
1994/04/08 84 92.5 83.5 89.5 59614 
1994/04/15 89.5 90.5 84.5 87.5 35182 
1994/04/22 88.5 90.5 87 89 37003 
1994/04/29 89 90 84 86 34020 
1994/05/06 86 89.5 84 87 31347 
1994/05/13 87.5 93.5 86.5 91.5 50971 
1994/05/20 92 92 87.5 89 24803 
1994/05/27 89.5 96.5 88.5 96 50187 
1994/06/03 97 117.5 96.5 116 151060 
1994/06/10 117.5 127 112 125.5 150680 
1994/06/17 126 134.5 125 128 112871 
1994/06/24 128 130 117 118 154997 
1994/07/01 118 127 117 125 59282 
1994/07/08 125 137 111.5 116 117394 
1994/07/15 116 126 116 126 78711 
1994/07/22 129 132.5 117 122 100475 
1994/07/29 123 128 118 125 71011 
1994/08/05 126 152 126 148 190214 
1994/08/12 148 154 139 142 144608 
1994/08/19 143 150 142 146.5 105524 
1994/08/26 147.5 147.5 140.5 144.5 66509 
1994/09/02 145 148 141 144.5 50816 
1994/09/09 144.5 144.5 131 136.5 63359 
1994/09/16 136 139 131 131 67525 
1994/09/23 131 133 127 129 38153 
1994/09/30 129.5 133 128.5 131.5 25260 
1994/10/07 132 133.5 120 120 53898 
1994/10/14 120 132 113 131 81652 
1994/10/21 131.5 132 121 122.5 39370 
1994/10/28 122.5 123.5 119 121 23877 
1994/11/04 121 121 114 118.5 39735 
1994/11/11 119 122.5 117.5 119.5 18610 
1994/11/18 120.5 120.5 117.5 120.5 12687 
1994/11/25 120.5 122.5 116 121.5 22132 
1994/12/02 121.5 123 119 123 20491 
1994/12/09 131.5 133 122.5 123 60615 
1994/12/16 123 123 119 121.5 25084 
1994/12/23 122 126 120 123 34144 
1994/12/30 123.5 127 122.5 125 31666 
1995/01/06 125 126.5 119.5 120.5 13659 
1995/01/13 120.5 120.5 110 111 24497 
1995/01/20 111 114.5 106 109.5 36664 
1995/01/27 109.5 110 101 102.5 22466 
1995/02/03 107 107 104 104 3592 
1995/02/10 104.5 115 103.5 114 35948 
1995/02/17 114.5 118.5 112.5 116.5 37290 
1995/02/24 117 117.5 112.5 114.5 15099 
1995/03/03 110 112 104 108.5 28984 
1995/03/10 108.5 109 105 108 18985 
1995/03/17 108.5 118.5 107.5 117 46248 
1995/03/24 117 120 109 118 51603 
1995/03/31 118 132 117 129 107477 
1995/04/07 130 134 126.5 129.5 51441 
1995/04/14 129.5 132.5 123 123 61035 
1995/04/21 122.5 128 122.5 126.5 63292 
1995/04/28 127 131.5 121.5 127 95296 
1995/05/05 127 129 115.5 120.5 75148 
1995/05/12 119 130 118 130 82992 
1995/05/19 130 132.5 126.5 129 70585 
1995/05/26 128.5 134 127.5 127.5 76805 
1995/06/02 126 129 123 128.5 38890 
1995/06/09 129.5 135.5 128.5 134 70739 
1995/06/16 134 135 118 122.5 102127 
1995/06/23 122 127.5 118.5 127.5 47245 
1995/06/30 129 135 128.5 132.5 89593 
1995/07/07 132 138.5 127 135 96597 
1995/07/14 135 139 133 139 64718 
1995/07/21 139 139.5 119 124.5 98345 
1995/07/28 124.5 124.5 110 122.5 70152 
1995/08/04 122.5 122.5 72 75 111670 
1995/08/11 74.5 78 72 74.5 65713 
1995/08/18 74.5 77.5 72.5 75 59263 
1995/08/25 75 77.5 72.5 74 27509 
1995/09/01 73.5 75 73 75 23328 
1995/09/08 75 83.5 75 83.5 70691 
1995/09/15 84.5 85 82 82.5 81625 
1995/09/22 82.5 86 80 80 55495 
1995/09/29 82 82 72 74 95741 
1995/10/06 74.5 75.5 73 74.5 45729 
1995/10/13 74.5 75 70 70 52779 
1995/10/20 70.5 73 70.5 71 26314 
1995/10/27 71 72.5 68 68 22226 
1995/11/03 68 71 66 70 43280 
1995/11/10 70 71.5 66 67 46004 
1995/11/17 66.5 67.5 60.5 62 42642 
1995/11/24 62 63 60 63 34027 
1995/12/01 63 65.5 62 65.5 47899 
1995/12/08 66.5 66.5 62 66 42210 
1995/12/15 66 68 65 66.5 43520 
1995/12/22 67 68.5 65 67.5 52945 
1995/12/29 67.5 69 66.5 68 29940 
1996/01/05 69 69 60.5 62.5 24548 
1996/01/12 63 64 59 62 51283 
1996/01/19 62 62.5 60 62 31364 
1996/01/26 62 62.5 60 61 23442 
1996/02/02 61 61.5 58.5 60 23826 
1996/02/09 60 60.5 57 58.5 33695 
1996/02/16 59 63 58.5 62.5 41944 
1996/02/23 63.5 64 62.5 63 17369 
1996/03/01 63 63 60 61.5 27481 
1996/03/08 61.5 62 57 58 34030 
1996/03/15 57 59 52.5 58.5 59154 
1996/03/22 58.5 62 58.5 61 44934 
1996/03/29 62 62 60.5 61 22772 
1996/04/05 61.5 69 61 69 55342 
1996/04/12 69 74 67 72.5 156919 
1996/04/19 72.5 76.5 67 69.5 149848 
1996/04/26 69.5 74 69 72.5 64570 
1996/05/03 74 78.5 73.5 76 129121 
1996/05/10 77 82 75 76 173393 
1996/05/17 76 77.5 38.7 38.7 184050 
1996/05/24 39 40.6 37.7 39.8 206520 
1996/05/31 39.8 40.6 38.5 38.9 72267 
1996/06/07 39 39.4 38 38.8 54244 
1996/06/14 39.2 45.4 38.7 43.9 286122 
1996/06/21 44 44.2 40.5 41 127002 
1996/06/28 41 42.4 40 40.9 123178 
1996/07/05 41.2 41.9 39.2 39.3 75670 
1996/07/12 39 39.2 37.2 37.2 108612 
1996/07/19 37.3 37.8 34 35.4 139572 
1996/07/26 35.6 35.7 33.5 35.5 69853 
1996/08/02 35.8 35.8 34.5 34.5 43427 
1996/08/09 34.8 38.4 34.5 35.9 149423 
1996/08/16 35.9 36.5 35.4 35.8 47902 
1996/08/23 35.8 35.9 34.5 35.1 49233 
1996/08/30 35 36.4 34.8 35.5 41789 
1996/09/06 35.7 36.4 35 36.1 96890 
1996/09/13 36.4 36.7 35.1 35.1 79172 
1996/09/20 35.2 35.8 35 35 50415 
1996/09/27 35.2 36.9 35 36.3 78553 
1996/10/04 36.5 36.7 35.8 36.3 77055 
1996/10/11 36.5 36.7 36 36.2 59336 
1996/10/18 36.3 37.4 35.3 35.5 92238 
1996/10/25 35.5 35.7 35 35.3 26088 
1996/11/01 35.4 36.2 35 35.7 44136 
1996/11/08 36 38.3 35.8 37.4 201889 
1996/11/15 37.7 39.4 37 37 154055 
1996/11/22 37.3 43 37.2 41.6 373508 
1996/11/29 42.8 43.5 39.5 40.9 414270 
1996/12/06 41.3 43.5 39.5 39.6 253016 
1996/12/13 39.8 41 39.5 41 95318 
1996/12/20 41 41.1 39.5 39.6 67920 
1996/12/27 39.6 39.8 38.8 39.3 53000 
1997/01/03 39.5 39.5 38.2 38.3 26538 
1997/01/10 38.6 39.4 38.5 38.6 77752 
1997/01/17 38.6 40.5 38.5 38.5 102096 
1997/01/24 38.6 39.5 38.5 38.6 105404 
1997/01/31 38.6 41 38 40 146944 
1997/02/07 40.4 40.4 39.4 39.6 26884 
1997/02/14 39.9 41.5 39.8 40.2 209954 
1997/02/21 40.6 45 39.6 43.1 462382 
1997/02/28 44 45.9 42 44.4 414254 
1997/03/07 43.4 48.7 43.4 46.5 488900 
1997/03/14 46.5 51 46 50.5 454540 
1997/03/21 51 56.5 47.8 48.8 452271 
1997/03/28 49.3 54 48.5 53.5 313527 
1997/04/04 53.5 57.5 53 57.5 321350 
1997/04/11 59.5 72.5 59 67.5 895202 
1997/04/18 67 72 62 62.5 642343 
1997/04/25 63 70 62 68 391015 
1997/05/02 69 70 63 68 307296 
1997/05/09 68 76 64.5 73.5 638969 
1997/05/16 74 74.5 63 66.5 426129 
1997/05/23 66 75 65 73.5 318608 
1997/05/30 74 77 71 75.5 476209 
1997/06/06 76.5 90.5 76.5 89 542398 
1997/06/13 89 90 83.5 85 484869 
1997/06/20 85.5 108 85 106 830463 
1997/06/27 106.5 122 105.5 115 729960 
1997/07/04 117.5 122 105 120.5 462456 
1997/07/11 122 145 121 144 567696 
1997/07/18 147 175 145.5 155 494115 
1997/07/25 151 151 112 136.5 583036 
1997/08/01 138 141.5 131.5 140 509169 
1997/08/08 145 145 131 137 446421 
1997/08/15 136.5 136.5 117 127 420380 
1997/08/22 129 142 127 139 356702 
1997/08/29 140 142 125 129 394986 
1997/09/05 130 131 114 120 335566 
1997/09/12 119 119 96 96 337328 
1997/09/19 91.5 99 89.5 95.5 342640 
1997/09/26 95.5 96.5 77 86.5 439528 
1997/10/03 87 92 82 86 380131 
1997/10/10 80 83.5 77 82 476693 
1997/10/17 82.5 85 66 66 351114 
1997/10/24 63 72 61 71 472477 
1997/10/31 70.5 72.5 57.5 62 357886 
1997/11/07 62.5 75.5 62.5 65 708781 
1997/11/14 65 69 61.5 63.5 297278 
1997/11/21 64 69 62.5 66.5 340762 
1997/11/28 66.5 66.5 63 64 128931 
1997/12/05 60.5 69 60 69 360868 
1997/12/12 70.5 75.5 66.5 70 621039 
1997/12/19 70 71 62 64.5 224791 
1997/12/26 64.5 66 62 63.5 110417 
1998/01/02 63.5 65 62.5 64 47490 
1998/01/09 64 64 60 60 73935 
1998/01/16 58.5 63 56 62 190600 
1998/01/23 62.5 65 59.5 63.5 166815 
1998/02/06 66 83 65.5 83 870602 
1998/02/13 84 85.5 77 77.5 666996 
1998/02/20 72.5 85 72.5 83 638587 
1998/02/27 82 95 79 91 823967 
1998/03/06 92 93.5 75.5 79 685021 
1998/03/13 77.5 83 75.5 79 266273 
1998/03/20 80 83.5 77 77 227347 
1998/03/27 76 82 75.5 79.5 164409 
1998/04/03 79.5 80 75.5 77 118610 
1998/04/10 77 77.5 72 73.5 102211 
1998/04/17 72 72 65 69.5 207248 
1998/04/24 69.5 69.5 64 66 175902 
1998/05/01 66 66.5 61.5 63 112074 
1998/05/08 63.5 66.5 62.5 63 101830 
1998/05/15 63.5 65.5 62.5 63.5 78341 
1998/05/22 63 64 61 62.5 82333 
1998/05/29 62.5 63 57.5 58 108898 
1998/06/05 57 57.5 48 49.6 218546 
1998/06/12 49.5 49.5 35.2 39.4 358146 
1998/06/19 40 45.3 39.1 44.2 528655 
1998/06/26 44 44 39.5 40.1 255585 
1998/07/03 39.7 41.5 38.5 39.8 168074 
1998/07/10 39.8 42.4 39 40.4 159079 
1998/07/17 39.8 43.5 39.2 42.2 205479 
1998/07/24 42 42.8 39.5 40.8 135462 
1998/07/31 40.4 41.6 39.6 41.5 167733 
1998/08/07 41.7 42.6 40.4 40.8 205885 
1998/08/14 40.8 40.8 38.2 38.9 135707 
1998/08/21 38.9 39.3 37.1 37.6 99986 
1998/08/28 36 36.7 31.2 32.7 194799 
1998/09/04 33 33.2 29.7 32.9 163332 
1998/09/11 33.3 35 32.2 33.5 167821 
1998/09/18 33.5 35.1 33 34.2 103831 
1998/09/25 34.6 37.3 34.1 35.9 294914 
1998/10/02 35.9 36.4 32.4 33.7 152718 
1998/10/09 33 35.5 32.1 34.3 96268 
1998/10/16 35 35.9 34.3 35 86460 
1998/10/23 35.4 36.4 34 36.3 118211 
1998/10/30 36.3 38 34.6 38 205243 
1998/11/06 38.1 39.5 37 39 403698 
1998/11/13 39.1 39.1 36.5 37.2 98918 
1998/11/20 37.5 45.3 37.5 44.6 584344 
1998/11/27 44 49.4 43.1 46.9 704917 
1998/12/04 47 47.7 45 46.7 391958 
1998/12/11 48.5 48.5 44.1 45 333642 
1998/12/18 45.8 46.2 39 40 362148 
1998/12/25 40.1 43.2 39.8 41.6 181311 
1999/01/01 41.6 41.6 40 40.3 95918 
1999/01/08 40.2 45.6 38.2 44.4 332636 
1999/01/15 45.2 49.1 44.6 47.1 725043 
1999/01/22 46.8 47.3 45.2 45.3 255845 
1999/01/29 45 47.5 42.7 45.3 409181 
1999/02/05 45 45 41.7 44.5 309574 
1999/02/12 44.5 45.3 43.6 43.9 158898 
1999/02/19 44.9 46.4 44.3 46 75629 
1999/02/26 46 48.4 44.4 48.4 448401 
1999/03/05 48.5 49.3 46.8 48.2 524427 
1999/03/12 48.8 52 48.5 51.5 495959 
1999/03/19 52 61 51.5 61 970046 
1999/03/26 60.5 62 57.5 60.5 513427 
1999/04/02 60.5 61.5 57 59 421208 
1999/04/09 60 64.5 58.5 64.5 270072 
1999/04/16 65 66.5 59.5 61.5 629858 
1999/04/23 62 62.5 60 61 275301 
1999/04/30 61.5 62.5 49.8 51 406893 
1999/05/07 51 52.5 48.5 49.6 274503 
1999/05/14 49 55 48.6 54 303761 
1999/05/21 54.5 57.5 53.5 56 290932 
1999/05/28 55.5 60 54.5 58.5 457912 
1999/06/04 58.5 62 56.5 62 446039 
1999/06/11 62.5 67.5 62.5 64 692148 
1999/06/18 64 75.5 62.5 75.5 524865 
1999/06/25 78.5 80.5 67.5 67.5 942931 
1999/07/02 66.5 72.5 65 70.5 655570 
1999/07/09 70 73.5 67 72 558194 
1999/07/16 72.5 73 58 63 660460 
1999/07/23 63 67 61 63 323959 
1999/07/30 63 65 59 60.5 307828 
1999/08/06 60.5 61 54.5 59.5 279758 
1999/08/13 60.5 70 60 69.5 652624 
1999/08/20 71.5 79 71.5 75 949252 
1999/08/27 75 79.5 74 77.5 605862 
1999/09/03 78 85 77.5 78 939127 
1999/09/10 77 82.5 76 80.5 519332 
1999/09/17 80.5 83 77 78.5 329728 
1999/09/24 78.5 79 77.5 78.5 23917 
1999/10/01 76 76 71 73.5 372433 
1999/10/08 73.5 78 72 76.5 298462 
1999/10/15 76.5 83 76.5 80.5 372149 
1999/10/22 80.5 82.5 77 78 257591 
1999/10/29 78.5 87.5 78.5 86.5 417905 
1999/11/05 86.5 86.5 82 83.5 361457 
1999/11/12 83 87 81.5 86 208859 
1999/11/19 86.5 92 86 91.5 491997 
1999/11/26 92 94 84.5 85.5 478751 
1999/12/03 88 96.5 87 94 489603 
1999/12/10 94 98.5 92.5 93.5 367437 
1999/12/17 94.5 97.5 93 95.5 297204 
1999/12/24 96 105 93.5 105 377268 
1999/12/31 106.5 114 106 112 201784 
2000/01/07 117 119.5 109 112 429673 
2000/01/14 107 118 107 115.5 531877 
2000/01/21 116 116.5 108.5 113.5 266257 
2000/01/28 115 128 115 119.5 603986 
2000/02/04 119 124.5 118.5 123 98444 
2000/02/11 127 127 120 122.5 224226 
2000/02/18 123.5 126 117 117.5 340988 
2000/02/25 117 117 108.5 112.5 281037 
2000/03/03 114 115 110.5 112.5 149503 
2000/03/10 112.5 113 107 107 174101 
2000/03/17 102 102.5 92.5 98 425100 
2000/03/24 95 110.5 92 108.5 372163 
2000/03/31 110 124 110 122 509339 
2000/04/07 119.5 124.5 115 115.5 284311 
2000/04/14 115.5 123 95.5 95.5 503154 
2000/04/21 94 105 94 97 272760 
2000/04/28 97 108.5 91.5 106 423457 
2000/05/05 108 108.5 98 104 302412 
2000/05/12 105.5 108 84.5 90 501808 
2000/05/19 91 98 87 92.5 439075 
2000/05/26 92.5 93.5 84.5 86.5 211803 
2000/06/02 86.5 95.5 86 92 346683 
2000/06/09 92 96 91 94.5 232336 
2000/06/16 95 95.5 89 89.5 225493 
2000/06/23 89.5 90 86 87.5 172749 
2000/06/30 87 88 83.5 85.5 205910 
2000/07/07 85.5 87 80.5 80.5 215969 
2000/07/14 80.5 85.5 78 84.5 276525 
2000/07/21 85 85 75 77 183527 
2000/07/28 76 77 72 76 228280 
2000/08/04 76 79.5 72.5 77.5 232105 
2000/08/11 77.5 84.5 77 83.5 292628 
2000/08/18 83.5 87.5 81.5 86.5 260735 
2000/08/25 86.5 87 83.5 85 159449 
2000/09/01 84 84 78 81.5 210328 
2000/09/08 82 83 76.5 77.5 152069 
2000/09/15 76.5 80 75.5 78.5 169098 
2000/09/22 78 79 67 67 306911 
2000/09/29 67 73.5 64 64 320158 
2000/10/06 64 69 60 67.5 368943 
2000/10/13 67.5 68 55.5 59.5 199706 
2000/10/20 62 62.5 48.9 55.5 396469 
2000/10/27 57 65.5 55.5 61 586682 
2000/11/03 59 64 54.5 60.5 498844 
2000/11/10 60 70 59 65.5 633345 
2000/11/17 61 64.5 53.5 54 511506 
2000/11/24 51.5 56 48.9 55.5 489287 
2000/12/01 57.5 57.5 50.5 52 357539 
2000/12/08 51 53.5 50 52 257078 
2000/12/15 52.5 53.5 50 50 204779 
2000/12/22 50 50.5 42.3 44.7 244565 
2000/12/29 47.7 48.4 43.6 46.9 459324 
2001/01/05 46.8 53 45.8 52 450502 
2001/01/12 51 53.5 50.5 52 432409 
2001/01/19 52 59.5 51.5 58.5 455500 
2001/02/02 58.5 60 54 58.5 465332 
2001/02/09 57.5 58 52 54.5 393958 
2001/02/16 54 61.5 54 59.5 470219 
2001/02/23 58 61 54 54.5 305908 
2001/03/02 54 54.5 50 51 183061 
2001/03/09 51 56 50.5 53.5 211597 
2001/03/16 52 55.5 51 54 200320 
2001/03/23 53.5 55.5 51.5 54.5 189377 
2001/03/30 55.5 56.5 52.5 53 277147 
2001/04/06 53 53 48.5 49.5 172684 
2001/04/13 49 51.5 47.3 50 160035 
2001/04/20 50 54.5 49 53.5 258985 
2001/04/27 53 53.5 51 51.5 110476 
2001/05/04 52 56 51.5 51.5 222345 
2001/05/11 52.5 53.5 51.5 52.5 148379 
2001/05/18 52 52.5 50.5 52 104401 
2001/05/25 52 54.5 50 52.5 166129 
2001/06/01 52.5 53 51 51.5 93126 
2001/06/08 51.5 56.5 51 55.5 198809 
2001/06/15 55.5 55.5 51.5 52.5 127123 
2001/06/22 51.5 51.5 46.5 47.4 206093 
2001/06/29 47.6 47.6 44 45.7 125316 
2001/07/06 45.9 46.5 43.8 43.9 92353 
2001/07/13 42.8 43.1 37 37.1 277655 
2001/07/20 37.2 37.7 33.9 35.3 222185 
2001/07/27 35.8 39.6 35 37.9 234608 
2001/08/03 38.3 41 36.4 40.3 286068 
2001/08/10 39.5 40 36.8 37.6 196564 
2001/08/17 37.6 39.5 37 38.9 187586 
2001/08/24 38 39 36.2 36.5 189820 
2001/08/31 37.1 39.9 36.9 39.8 255934 
2001/09/07 40.3 40.5 39.1 39.8 199849 
2001/09/14 39.5 40.2 33.4 33.4 130000 
2001/09/21 32.3 32.3 30.2 30.2 11419 
2001/09/28 28.1 28.9 24.6 26.9 537964 
2001/10/05 26.5 26.5 23.4 25 297187 
2001/10/12 24.4 30.7 24.4 29.4 346218 
2001/10/19 29 31 28.2 29.7 316287 
2001/10/26 29.8 32.8 29.3 31.7 373500 
2001/11/02 31.3 32.2 28 31.1 321055 
2001/11/09 30.9 36.7 30.5 34.7 526143 
2001/11/16 34.2 39.8 33.7 38.6 505141 
2001/11/23 38.6 39.8 36.4 37.8 375956 
2001/11/30 38.3 41.9 37.8 39.5 561045 
2001/12/07 40.3 52 40.1 51.5 616577 
2001/12/14 51 53.5 46.3 48.8 577103 
2001/12/21 48 48.7 45 45.6 383838 
2001/12/28 45.3 49.7 45.2 49.3 377507 
2002/01/04 50 52 49 52 395667 
2002/01/11 52 52.5 46.5 46.6 362033 
2002/01/18 45.1 46.5 41.5 45.3 382716 
2002/01/25 45.6 50.5 45.6 48 475280 
2002/02/01 48 49 45 46.9 347533 
2002/02/08 46.3 46.5 45 45.2 173819 
2002/02/22 46 46.5 41 42 340855 
2002/03/01 42.4 47.8 41.8 47 383348 
2002/03/08 50 53 49.2 51.5 715406 
2002/03/15 52 55 49 49.3 477108 
2002/03/22 49.5 53 48.5 52 346123 
2002/03/29 52 54 51 52.5 309672 
2002/04/05 52.5 55 52.5 53 237825 
2002/04/12 52.5 53.5 50.5 53.5 219136 
2002/04/19 53.5 58 53 56.5 415504 
2002/04/26 56 57 53.5 54.5 234459 
2002/05/03 53.5 53.5 50.5 52.5 192791 
2002/05/10 51 52 47 49.8 331738 
2002/05/17 48.9 51.5 48.4 48.7 227283 
2002/05/24 48.7 48.7 46 47.2 269985 
2002/05/31 46.3 47.7 45 45.3 285118 
2002/06/07 45 45 40.8 40.9 313184 
2002/06/14 41.5 44 41 43.3 272589 
2002/06/21 43.6 44 40 41.1 249532 
2002/06/28 40.7 41.9 39 40.1 236665 
2002/07/05 40 41.3 36 41.3 242045 
2002/07/12 42.7 44 39.5 41.7 335287 
2002/07/19 41.7 42.5 37.5 38.4 260018 
2002/07/26 37 37.9 33.5 33.5 352304 
2002/08/02 31.2 33.5 30.5 31.5 405785 
2002/08/09 26.7 29.2 25.5 29 498795 
2002/08/16 29.2 31.2 28.7 30.4 285320 
2002/08/23 31 32 30.5 31 267767 
2002/08/30 30.8 30.8 27.3 28.1 295866 
2002/09/06 28 28.1 26.4 26.8 179466 
2002/09/13 26.8 28.4 26.7 26.9 215577 
2002/09/20 26.5 27.1 23.6 24 379989 
2002/09/27 24 25 23.2 23.8 313268 
2002/10/04 23.3 23.7 20.7 21.3 326119 
2002/10/11 20.9 21.7 19.7 20.3 330391 
2002/10/18 21 25.7 20.6 25.7 601620 
2002/10/25 25.5 26.2 23.7 25.7 486106 
2002/11/01 26.2 26.6 24 24.3 332918 
2002/11/08 25 28.5 24.7 28.5 743402 
2002/11/15 27.5 27.9 25 26.5 429244 
2002/11/22 26.4 27.1 25.3 27.1 344086 
2002/11/29 27.2 27.3 25.5 25.7 419192 
2002/12/06 25.7 27.4 25.5 26.4 311917 
2002/12/13 26.9 27 23.8 23.8 343539 
2002/12/20 23 23.6 21.5 22.7 410647 
2002/12/27 22.7 23 21.9 22.2 173916 
2003/01/03 22 22.5 20.7 22.5 201289 
2003/01/10 22.5 23.9 22.2 22.8 378167 
2003/01/17 23 24.1 22 22.2 488600 
2003/01/24 22 22.5 21.1 21.6 406721 
2003/01/31 21.3 21.7 21 21.5 135331 
2003/02/07 20.5 20.7 18.8 19.7 258348 
2003/02/14 19.5 20 19.1 19.5 318686 
2003/02/21 20.5 20.8 19.9 20.3 325920 
2003/02/28 20.6 20.6 19.3 19.7 178622 
2003/03/07 20 20.3 19.1 19.2 204667 
2003/03/14 19.3 20.9 19.2 20.3 283423 
2003/03/21 20.2 22.4 19.9 21.6 605833 
2003/03/28 21.9 21.9 20.1 20.2 321403 
2003/04/04 20 20.3 19.1 20.3 320852 
2003/04/11 20.3 21.1 20.1 20.5 257536 
2003/04/18 20.5 21.5 19.8 21.4 369621 
2003/04/25 21.3 21.7 19.9 19.9 328317 
2003/05/02 19.4 21.1 18.9 20.3 413735 
2003/05/09 20.4 20.6 19.8 20.1 243533 
2003/05/16 20.3 21.1 20.2 20.7 262671 
2003/05/23 20.5 20.5 19.5 20.1 264084 
2003/05/30 20.4 22.3 20.3 21.8 568146 
2003/06/06 22.4 24.6 22.3 23.8 852098 
2003/06/13 23.7 24.4 22.5 23.2 650317 
2003/06/20 22.8 24.7 22.8 24 755608 
2003/06/27 24.1 24.2 22.5 22.6 497927 
2003/07/04 22.4 25.5 22.1 25.5 861602 
2003/07/11 26 28.7 24.8 25.9 1200748 
2003/07/18 26 26.7 24 24.4 714667 
2003/07/25 24.6 25.7 24 24.8 527305 
2003/08/01 25.5 25.6 24 24.6 421165 
2003/08/08 24.5 24.5 22.5 22.5 391945 
2003/08/15 22.2 25.3 21.8 24.6 742471 
2003/08/22 24.8 26.3 24.3 25.8 727347 
2003/08/29 26.2 28 26 28 1217803 
2003/09/05 28.2 28.9 27.2 28 914816 
2003/09/12 28.1 31.2 28 30.3 1138277 
2003/09/19 30 30.7 28.7 29.5 715296 
2003/09/26 29.3 29.4 28.1 28.1 486451 
2003/10/03 28 29.7 27.7 29.5 475798 
2003/10/10 30 30.7 29.7 30.3 537420 
2003/10/17 30.6 31.5 30 31.2 558335 
2003/10/24 31.2 32.3 30.2 30.4 374606 
2003/10/31 30.4 32.6 30.4 31.1 389265 
2003/11/07 31.1 32.8 31.1 32.1 396267 
2003/11/14 32.1 32.2 30.6 31.3 328570 
2003/11/21 30.8 30.8 28 29.1 440644 
2003/11/28 29.2 30.4 29.1 30 253619 
2003/12/05 29.9 31 29.6 30.6 235411 
2003/12/12 30.2 30.2 28.5 29 311691 
2003/12/19 29.5 29.5 27.6 28.4 345188 
2003/12/26 28.7 29.4 28.5 29 219061 
2004/01/02 29 30.2 28.8 30 268559 
2004/01/09 30.3 32.1 29.9 31.6 516358 
2004/01/16 31.6 31.6 30.7 30.9 298410 
2004/01/30 31.5 32.1 31.3 31.6 344417 
2004/02/06 31.5 31.6 29.6 30.5 406798 
2004/02/13 31.2 31.5 30.4 30.7 355199 
2004/02/20 30.5 31.1 30 30.8 356836 
2004/02/27 30.8 30.8 29.9 30.4 387717 
2004/03/05 30.6 35.2 30.6 34 1228277 
2004/03/12 34.5 34.5 31.7 31.7 495236 
2004/03/19 32 32.5 30.5 32.1 515223 
2004/03/26 29.9 29.9 27.9 28.6 704529 
2004/04/02 29.6 30.6 29.2 29.5 427653 
2004/04/09 30.3 32.5 30.1 31.4 588803 
2004/04/16 31.5 33.6 31.4 32.2 607751 
2004/04/23 32.2 34.3 31.5 34 1003927 
2004/04/30 34.4 34.6 29.3 29.8 812725 
2004/05/07 29.8 30.5 28.3 29 468616 
2004/05/14 28.1 28.5 26.4 26.9 539027 
2004/05/21 25.5 27.9 25 27.5 582913 
2004/05/28 27 29 26.7 29 460306 
2004/06/04 28.8 28.9 25.3 25.8 329167 
2004/06/11 26.1 27.4 24 24.3 493486 
2004/06/18 24.3 24.8 22.8 22.9 449311 
2004/06/25 24 24.4 23 24.1 314735 
2004/07/02 24.2 25.4 23.2 24.4 445166 
2004/07/09 24 24.4 23.6 24.3 241487 
2004/07/16 24.6 24.6 21.1 21.6 514618 
2004/07/23 21.5 22.1 20.9 21.5 357206 
2004/07/30 21.1 22.1 20.7 21.7 361391 
2004/08/06 21.7 22.8 21.3 22 289230 
2004/08/13 21.6 22.4 21.4 21.7 252465 
2004/08/20 21.7 23.4 21.6 23 352449 
2004/08/27 23 24.1 22.9 23.8 226701 
2004/09/03 23.8 23.9 21.5 21.6 503478 
2004/09/10 21.5 22.2 21.2 21.8 362863 
2004/09/17 22.3 22.4 21.1 21.1 445392 
2004/09/24 21.2 21.4 20.9 21 375475 
2004/10/01 20.7 20.9 20.3 20.9 274727 
2004/10/08 21.3 21.6 20.6 20.7 384578 
2004/10/15 20.5 20.7 20 20 318343 
2004/10/22 20.1 20.6 19.8 20.3 213012 
2004/10/29 20 20.2 19.3 20.2 241510 
2004/11/05 20.2 21.4 19.5 21.2 523531 
2004/11/12 21.2 21.2 20.1 20.5 258740 
2004/11/19 20.6 21.9 20.4 21.5 526636 
2004/11/26 21.2 21.3 20 20 291398 
2004/12/03 20 20.6 19.8 20.4 279877 
2004/12/10 20.4 20.5 19.8 19.9 298260 
2004/12/17 20 20.4 19.7 20.1 302971 
2004/12/24 19.9 20.1 19.7 20 246012 
2004/12/31 20 20.5 19.8 20.5 242581 
2005/01/07 20.5 20.7 19.7 19.8 235240 
2005/01/14 19.9 20.1 18.6 19 392978 
2005/01/21 19.3 19.6 19 19.3 217081 
2005/01/28 19.3 19.8 18.8 19.5 238944 
2005/02/04 19.5 20.9 19.5 20.4 626564 
2005/02/18 20.9 21.3 19.4 20.4 894536 
2005/02/25 20.4 20.9 19.8 20.8 520682 
2005/03/04 20.8 20.9 20.05 20.05 273957 
2005/03/11 20.1 20.4 19.8 20.1 267916 
2005/03/18 20.1 20.1 18.75 18.9 286663 
2005/03/25 19.2 19.2 18.2 19.05 387873 
2005/04/01 19.15 19.15 18.5 19.15 180315 
2005/04/08 19 19.1 18.55 18.85 135151 
2005/04/15 18.85 18.9 18.35 18.35 214413 
2005/04/22 18.25 18.45 17.6 18.2 291626 
2005/04/29 18.2 18.6 18.05 18.4 181418 
2005/05/06 18.4 19.65 18.35 19.55 265690 
2005/05/13 19.5 19.75 19.05 19.6 280258 
2005/05/20 20 20.5 19.9 20.5 418385 
2005/05/27 20.5 21.45 20.1 21.4 528298 
2005/06/03 21.4 22.4 20.7 22.2 595833 
2005/06/10 21.95 23.45 21.95 23.4 683850 
2005/06/17 23.2 24.35 22.6 23.85 606871 
2005/06/24 24 24.6 23.85 23.9 511923 
2005/07/01 23.5 23.8 22.8 23.45 402417 
2005/07/08 23.4 23.7 23.1 23.6 200346 
2005/07/15 23.8 25.25 23.7 24.55 384837 
2005/07/22 24.4 24.8 23.8 23.8 199925 
2005/07/29 23.75 23.8 22.2 22.55 356277 
2005/08/05 22.35 22.75 20.75 22.15 386680 
2005/08/12 21.6 23 21.5 22.6 387681 
2005/08/19 22.4 22.4 20.7 20.8 257797 
2005/08/26 20.95 21.5 20.25 20.55 228461 
2005/09/02 20.3 20.55 19.5 20.5 271094 
2005/09/09 20.05 20.8 19.85 20.4 182975 
2005/09/16 20.65 20.95 20.35 20.5 211354 
2005/09/23 20.5 21.15 19.75 19.95 287438 
2005/09/30 20.1 21.3 19.6 21.3 465860 
2005/10/07 21.5 22.2 21.15 21.3 507004 
2005/10/14 21.1 21.1 19.65 20.05 393978 
2005/10/21 20.05 20.15 18.9 19.05 397071 
2005/10/28 19.1 19.2 16.35 16.75 882239 
2005/11/04 16.85 18.2 16.8 17.9 708064 
2005/11/11 17.8 19.2 17 19.2 741617 
2005/11/18 19.2 19.2 18.1 18.35 430373 
2005/11/25 18.45 19.6 18.1 19.4 561307 
2005/12/02 19.45 19.5 18.5 19.2 527179 
2005/12/09 19.5 19.95 18.9 19.05 492864 
2005/12/16 19.05 19.05 17.5 18.35 621840 
2005/12/23 18.45 19.65 18.4 19.65 535073 
2005/12/30 19.75 19.8 18.15 18.6 703759 
2006/01/06 18.4 18.7 17.8 18.25 670968 
2006/01/13 18.75 19.05 18.2 18.25 739661 
2006/01/20 18.3 18.8 17.85 18.15 448255 
2006/01/27 17.9 18.3 17.9 18.15 183300 
2006/02/03 18.3 18.5 17.6 17.8 167209 
2006/02/10 17.6 18.6 17.4 18.3 370267 
2006/02/17 18.3 19.3 17.6 19.1 657785 
2006/02/24 19 19.25 18.6 19.05 544910 
2006/03/03 18.9 19.75 18.8 19.55 475058 
2006/03/10 19.55 19.7 18.7 19.15 374394 
2006/03/17 19.4 19.5 18.85 19.25 233668 
2006/03/24 19.25 19.4 18.8 18.95 254619 
2006/03/31 19 20.75 19 20.5 508945 
2006/04/07 20.7 21.8 20.55 21.5 506806 
2006/04/14 21.5 21.75 20.2 21.1 428372 
2006/04/21 21.1 22.5 20.85 22.2 453143 
2006/04/28 22.3 22.9 21.55 22.2 463918 
2006/05/05 22 22.75 21.85 22.45 254818 
2006/05/12 22.6 22.75 20.55 20.6 345666 
2006/05/19 20.2 21.45 20 20.8 325342 
2006/05/26 20.8 20.8 19.5 19.75 369195 
2006/06/02 19.8 20.45 19.8 20.3 177427 
2006/06/09 20.3 20.35 18.35 19.2 430512 
2006/06/16 18.55 19.1 18.2 18.75 325497 
2006/06/23 18.9 19.1 18.15 18.7 226857 
2006/06/30 18.8 19.45 18.5 19.4 223758 
2006/07/07 19.4 19.5 18.85 19.2 172192 
2006/07/14 18.9 19.4 18.1 18.1 251313 
2006/07/21 18 18.5 17.55 18.25 180597 
2006/07/28 17.9 18.3 17.7 17.95 224803 
2006/08/04 18.25 18.3 17.35 17.9 248503 
2006/08/11 17.95 18.7 17.8 18.4 208715 
2006/08/18 18.4 19.35 18.3 19.05 303229 
2006/08/25 18.9 19 18.15 18.25 189462 
2006/09/01 18.25 18.55 17.95 18.1 233237 
2006/09/08 18.3 18.35 17.95 18.05 190111 
2006/09/15 18.05 18.25 17.65 17.85 222236 
2006/09/22 18 18.8 18 18.45 243578 
2006/09/29 18.35 18.95 18.35 18.55 261783 
2006/10/06 18.5 18.85 18.4 18.75 216098 
2006/10/13 18.6 18.65 18.05 18.45 204944 
2006/10/20 18.5 18.95 18.25 18.35 228013 
2006/10/27 18.4 18.4 18.05 18.25 224313 
2006/11/03 18.2 18.55 18.1 18.35 236542 
2006/11/10 18.1 18.55 18.1 18.5 170416 
2006/11/17 18.5 19.5 18.25 19.1 318026 
2006/11/24 19.1 19.9 18.8 19.9 267279 
2006/12/01 21.25 21.25 20.7 21 790119 
2006/12/08 20.8 21.15 20.1 20.25 281965 
2006/12/15 20.2 20.25 18.9 19.2 312900 
2006/12/22 19.3 19.85 19.25 19.8 142544 
2006/12/29 19.8 20.25 19.55 20.25 165830 
2007/01/05 20.45 20.65 19.85 20 186023 
2007/01/12 19.9 20.25 19.25 20.1 314160 
2007/01/19 20.3 20.35 19.55 19.6 171190 
2007/01/26 19.8 22.4 19.5 21.1 579144 
2007/02/02 21.2 21.35 20.5 20.65 215656 
2007/02/09 20.6 20.8 20.15 20.6 226777 
2007/02/16 20.45 20.5 19.95 20 163616 
2007/03/02 20.4 20.55 19.4 19.45 346669 
2007/03/09 19.4 19.4 18.5 19.05 284679 
2007/03/16 19.15 19.6 19.05 19.25 159595 
2007/03/23 19.25 19.7 19.05 19.5 199576 
2007/03/30 19.6 19.65 19 19.1 232457 
2007/04/06 19.05 19.35 19 19.3 112092 
2007/04/13 19.4 19.8 19.1 19.2 252740 
2007/04/20 19.2 19.3 19 19.05 143499 
2007/04/27 19.1 19.3 19.05 19.05 137476 
2007/05/04 19.15 19.6 19 19.6 168532 
2007/05/11 19.7 19.8 19.3 19.3 164422 
2007/05/18 19.35 19.65 19.1 19.2 334540 
2007/05/25 18.95 20.15 18.95 19.5 431006 
2007/06/01 19.55 19.7 19.2 19.5 147122 
2007/06/08 19.7 20.15 19.6 19.7 224540 
2007/06/15 19.8 20.25 19.6 19.85 261564 
2007/06/22 20.25 20.4 19.85 19.9 323651 
2007/06/29 19.9 20.2 19.8 19.85 240124 
2007/07/06 19.85 21 19.75 20.95 322918 
2007/07/13 21.15 21.25 20.2 20.35 491984 
2007/07/20 20.3 20.35 19.75 20.05 283147 
2007/07/27 19.9 20 18.3 18.35 419871 
2007/08/03 18.1 18.7 17.7 18.2 478564 
2007/08/10 17.8 18.95 17.75 18.35 327897 
2007/08/17 18.6 18.6 17 17.15 325324 
2007/08/24 18 18.4 17.6 18.3 220326 
2007/08/31 18.5 18.5 17.7 18.5 192440 
2007/09/07 18.5 18.7 18.2 18.5 156082 
2007/09/14 18.45 18.95 18.2 18.9 208551 
2007/09/21 19 19.25 18.6 19.2 324017 
2007/10/12 24.7 24.7 21.25 21.3 412466 
2007/10/19 21.35 21.5 21 21.2 201668 
2007/10/26 20.4 21 20.15 21 178729 
2007/11/02 22 22 19.65 19.75 306154 
2007/11/09 19.9 20 19.2 19.25 211109 
2007/11/16 19.1 19.55 18.7 19.2 237671 
2007/11/23 19.4 20.6 19.3 19.7 308400 
2007/11/30 20.2 20.2 18.9 19.3 196630 
2007/12/07 19.3 19.9 19 19.5 162722 
2007/12/14 19.55 19.8 18.7 19.15 161378 
2007/12/21 19.35 19.65 18.65 19.55 184640 
2007/12/28 19.85 20.25 19.4 20.1 145092 
2008/01/04 20.15 20.25 18.9 19.15 113372 
2008/01/11 18.5 18.85 17.6 18.6 171339 
2008/01/18 18.95 19.7 18 18.4 189436 
2008/01/25 18.5 18.5 17.1 17.6 207062 
2008/02/01 17.3 18 16.6 17.3 201345 
2008/02/15 17.1 18.3 16.8 17.95 129904 
2008/02/22 18 18.45 17.7 18.1 88669 
2008/02/29 18.15 18.7 17.95 18.35 113902 
2008/03/07 18 18.3 17.75 18 141426 
2008/03/14 17.65 17.95 17.2 17.25 155510 
2008/03/21 17 18.4 16.6 18.35 238324 
2008/03/28 19.6 19.6 18.65 18.85 230277 
2008/04/04 18.65 19.2 18.3 19 144296 
2008/04/11 19 19.1 18.1 18.35 138515 
2008/04/18 18.3 19.4 18.2 18.95 191615 
2008/04/25 18.95 19.15 18.7 19 101358 
2008/05/02 19.1 19.2 18.55 18.95 118362 
2008/05/09 19.05 19.1 18.4 18.7 81093 
2008/05/16 18.65 20 18.6 19.95 227489 
2008/05/23 20 20.3 18.75 18.8 215663 
2008/05/30 18.7 18.9 18.3 18.9 131520 
2008/06/06 18.75 18.9 18.05 18.6 129524 
2008/06/13 18.15 18.25 17 17 163353 
2008/06/20 17 17.2 16.7 16.75 125231 
2008/06/27 16.65 17 16.05 16.15 126564 
2008/07/04 16.3 16.35 15.55 15.55 139749 
2008/07/11 15.55 16.1 14.75 16 165314 
2008/07/18 15.8 16.05 14.8 15.3 172037 
2008/07/25 15.6 15.9 14.95 15.1 173758 
2008/08/01 14.8 14.8 13.85 14 148687 
2008/08/08 13.9 14.35 12.95 13.65 290314 
2008/08/15 13.65 13.8 13.2 13.35 183874 
2008/08/22 13.3 13.4 12.7 12.9 144859 
2008/08/29 13 13.35 12.8 13.3 195868 
2008/09/05 13 13.05 11.95 12 171126 
2008/09/12 12.5 12.8 11 11.25 197221 
2008/09/19 11.3 11.3 9.49 10.25 367746 
2008/09/26 10.4 11.35 10.15 11 321378 
2008/10/03 10.25 10.5 9.95 10 119263 
2008/10/10 9.9 10.7 9.83 10 178205 
2008/10/17 9.65 10.75 9.65 9.8 174970 
2008/10/24 9.46 9.88 8.37 8.37 183130 
2008/10/31 7.79 9.15 7.25 9.15 365532 
2008/11/07 9.4 9.52 7.71 8 284579 
2008/11/14 7.99 8.63 7.55 8.35 153860 
2008/11/21 7.99 8.25 6.6 7.28 163122 
2008/11/28 7.12 8.1 6.97 8.1 181751 
2008/12/05 7.6 8.13 6.8 6.8 189144 
2008/12/12 6.85 7.49 6.85 7.05 337229 
2008/12/19 7.21 7.88 7.21 7.62 273467 
2008/12/26 7.69 7.75 6.93 7.1 136247 
2009/01/02 7.04 7.56 7.02 7.43 71317 
2009/01/09 7.95 8.1 7.6 7.82 290759 
2009/01/16 7.76 7.9 7.26 7.35 179651 
2009/01/23 7.42 7.45 6.96 7.3 77317 
2009/02/06 7.2 7.95 7.13 7.92 261892 
2009/02/13 8.03 8.76 7.6 8.71 369239 
2009/02/20 8.69 8.86 7.61 7.61 271511 
2009/02/27 7.6 8.05 7.49 7.84 170158 
2009/03/06 8.19 8.7 7.58 8.48 374927 
2009/03/13 8.44 10.3 8.32 10.2 596881 
2009/03/20 10.3 10.4 9.2 9.22 349110 
2009/03/27 9.4 12.5 9.4 11.7 591499 
2009/04/03 11.4 11.8 10.95 11.4 533187 
2009/04/10 11.15 11.55 10.35 11.3 623913 
2009/04/17 11.5 12.75 11.1 12.4 942521 
2009/04/24 12.4 13.3 11.85 12.25 700544 
2009/05/01 12.3 12.45 11.2 12.4 368881 
2009/05/08 13.25 14.95 13.25 14 1224912 
2009/05/15 14 14.4 13.1 13.5 671492 
2009/05/22 13.5 13.9 13.1 13.3 656918 
2009/05/29 13.45 13.5 12.8 13 399250 
2009/06/05 13.5 13.85 12.9 13.85 734622 
2009/06/12 13.85 13.85 11.8 11.8 658821 
2009/06/19 11.4 11.5 10.25 10.4 509522 
2009/06/26 10.45 11.15 10.1 10.9 579944 
2009/07/03 11.05 11.4 10.8 11.1 321522 
2009/07/10 11.1 12.15 10.8 11.85 434767 
2009/07/17 12 12.65 11.35 12.35 425759 
2009/07/24 12.55 13.05 12.4 12.95 353797 
2009/07/31 13.05 14.65 12.95 14.55 838941 
2009/08/07 14.55 14.85 13.35 13.85 405701 
2009/08/14 13.85 14.3 13.55 13.9 229995 
2009/08/21 13.9 14 12.6 12.7 255434 
2009/08/28 13 13.75 13 13.5 250369 
2009/09/04 13.6 15.25 13.35 15.25 527004 
2009/09/11 15.3 16.5 15.3 16.05 660896 
2009/09/18 16 16 15.5 15.7 310405 
2009/09/25 15.6 16 15.05 15.2 357850 
2009/10/02 15.2 16.2 15.05 15.8 384198 
2009/10/09 15.8 16.25 15.4 15.5 275626 
2009/10/16 15.55 16.75 15.1 16.45 474926 
2009/10/23 16.45 17.15 16.2 16.5 370776 
2009/10/30 16.55 16.8 15.35 16.2 280911 
2009/11/06 15.75 16.15 15.5 15.85 232470 
2009/11/13 16 16.85 15.6 16.65 335456 
2009/11/20 16.65 17.1 15.9 15.95 297325 
2009/11/27 15.95 16.3 15.55 15.6 266666 
2009/12/04 15.9 16.25 15.75 15.8 179567 
2009/12/11 15.85 16.4 15.8 16 226956 
2009/12/18 16 16 15.45 15.6 209172 
2009/12/25 15.9 16.8 15.85 16.5 313423 
2010/01/01 16.65 17.2 16.65 17.2 195874 
2010/01/08 17.2 19.1 16.8 18.2 437361 
2010/01/15 18.3 19 17.8 18 289615 
2010/01/22 17.8 18.2 17.5 17.7 265409 
2010/01/29 17.3 17.6 15.5 16.05 357421 
2010/02/05 15.9 17.15 15.45 16 542756 
2010/02/12 16.1 16.5 15.9 16.25 184700 
2010/02/26 16.6 16.7 15.2 15.45 407393 
2010/03/05 15.55 16.15 15.45 16.1 262362 
2010/03/12 16.25 16.85 16 16.75 238265 
2010/03/19 16.6 17.1 16.15 16.95 224793 
2010/03/26 16.75 17 16.5 17 160466 
2010/04/02 17 17.15 16.7 16.75 194906 
2010/04/09 16.85 17.25 16.85 16.95 131879 
2010/04/16 17 17 16.35 16.7 169547 
2010/04/23 16.4 16.5 16.15 16.2 154981 
2010/04/30 16.4 17 15.95 16 278845 
2010/05/07 15.9 16 14.45 14.8 340319 
2010/05/14 15 15.4 14.85 15.2 235145 
2010/05/21 15 15.05 13.5 14 253408 
2010/05/28 14.35 14.6 13.8 14.35 193904 
2010/06/04 14.6 15.1 14.35 14.65 210783 
2010/06/11 14.1 14.5 13.75 14.3 250647 
2010/06/18 14.4 15.3 14.35 14.95 207548 
2010/06/25 15.1 15.2 14.3 14.35 178539 
2010/07/02 14.5 14.6 13.95 14.1 187546 
2010/07/09 14.15 14.7 14.05 14.35 230587 
2010/07/16 14.4 14.9 14.25 14.8 198968 
2010/07/23 14.5 14.9 14.5 14.65 123842 
2010/07/30 14.8 14.95 14.15 14.2 182130 
2010/08/06 14.4 14.65 14.15 14.35 242080 
2010/08/13 14.3 14.6 14 14.1 189786 
2010/08/20 14.15 14.15 13.8 13.85 181246 
2010/08/27 13.8 13.9 13 13.05 314675 
2010/09/03 13.2 13.35 12.75 13.35 181427 
2010/09/10 13.4 13.45 13.1 13.4 175886 
2010/09/17 13.45 14.35 13.45 13.8 306103 
2010/09/24 13.75 14 13.6 13.7 130873 
2010/10/01 13.8 13.9 13.6 13.85 142457 
2010/10/08 13.85 14.05 13.65 13.95 179554 
2010/10/15 14 14.05 13.45 13.65 174963 
2010/10/22 13.65 13.7 13.25 13.4 146586 
2010/10/29 13.5 14.75 13.45 14.55 830292 
2010/11/05 14.6 15.4 14.3 15.4 668537 
2010/11/12 15.5 15.5 14.6 14.6 298531 
2010/11/19 14.6 14.95 14.55 14.7 219849 
2010/11/26 14.9 15.15 14.6 14.9 254992 
2010/12/03 15.1 16.85 14.95 16.4 600867 
2010/12/10 16.5 16.75 16.05 16.3 373573 
2010/12/17 16.5 16.95 16 16.7 360388 
2010/12/24 16.8 16.8 16.2 16.25 197699 
2010/12/31 16.25 16.4 16 16.3 204325 
2011/01/07 16.4 16.4 15.5 15.9 263865 
2011/01/14 16 16.9 15.95 16.7 404876 
2011/01/21 16.8 18.2 16.8 17.5 703956 
2011/01/28 17.5 18.2 17.25 18.1 436953 
2011/02/11 18.2 18.3 16.1 16.2 340350 
2011/02/18 16.5 16.65 16 16.4 230329 
2011/02/25 16.45 16.45 15.3 15.4 328845 
2011/03/04 15.4 16.1 15.4 15.9 219165 
2011/03/11 15.9 15.9 14.5 14.85 350581 
2011/03/18 14.7 14.75 13.9 14.6 422000 
2011/03/25 14.6 15.2 14.55 15.1 191985 
2011/04/01 15 15.3 14.9 15.15 162135 
2011/04/08 15.5 15.6 15.35 15.6 183532 
2011/04/15 15.6 15.65 14.9 14.9 176640 
2011/04/22 14.85 15.45 14.55 15.2 171445 
2011/04/29 15.2 15.45 14.75 14.85 186467 
2011/05/06 15 15.15 14.8 15 100655 
2011/05/13 15.15 15.3 14.9 14.95 127793 
2011/05/20 15.05 15.1 14.5 14.6 232188 
2011/05/27 14.5 14.7 14.25 14.35 170949 
2011/06/03 14.5 15.15 14.45 15 220002 
2011/06/10 14.9 15.1 14.8 14.9 97149 
2011/06/17 14.8 14.85 14.3 14.3 239308 
2011/06/24 14.45 14.45 14 14.05 153808 
2011/07/01 14 14.35 13.85 14.25 220489 
2011/07/08 14.35 14.5 14.15 14.25 184753 
2011/07/15 14.2 14.3 13.6 13.9 168962 
2011/07/22 13.9 14.45 13.35 13.4 327612 
2011/07/29 13.2 13.4 12.95 12.95 134008 
2011/08/05 12.95 13.15 11.55 11.55 203748 
2011/08/12 11.3 11.3 10.15 10.9 500805 
2011/08/19 11.1 11.4 10.6 10.7 215508 
2011/08/26 10.8 11.2 10.65 10.8 133884 
2011/09/02 10.95 12.05 10.9 11.6 259937 
2011/09/09 11.3 11.6 10.9 11.3 189200 
2011/09/16 11.2 11.45 10.7 11.45 154433 
2011/09/23 11.4 11.4 10.65 10.75 149067 
2011/09/30 10.9 11.65 10.8 11.4 194458 
2011/10/07 11.4 11.95 11.05 11.9 134682 
2011/10/14 12.05 12.25 11.8 11.9 111891 
2011/10/21 12 12.2 11.85 12.05 80129 
2011/10/28 12.4 13.7 12.4 13.2 255631 
2011/11/04 13.2 13.35 12.55 13.05 171638 
2011/11/11 13.05 13.2 12.5 12.8 90385 
2011/11/18 13 13.15 12.5 12.6 94903 
2011/11/25 12.5 12.7 11.6 12.15 157834 
2011/12/02 12.3 13.6 12.2 13.15 194300 
2011/12/09 13.15 13.2 12.45 12.45 115442 
2011/12/16 12.55 12.75 11.75 12.25 116133 
2011/12/23 12.3 12.7 11.7 12.7 130410 
2011/12/30 12.7 12.85 12.45 12.7 74748 
2012/01/06 12.7 13.15 12.5 13 109644 
2012/01/13 13 14.05 12.8 13.85 294337 
2012/01/20 14 14.3 13.45 14.25 171146 
2012/02/03 14.8 15.75 14.75 15.3 448753 
2012/02/10 15.15 15.5 14.85 15 242494 
2012/02/17 14.9 15.35 14.65 14.95 217027 
2012/02/24 15.2 15.25 14.8 14.9 159724 
2012/03/02 15.1 15.7 15.1 15.25 196880 
2012/03/09 15.2 15.25 14.45 14.75 167162 
2012/03/16 14.8 15.4 14.6 14.95 216560 
2012/03/23 15.05 15.45 14.8 15.25 124268 
2012/03/30 15.2 15.2 14.2 14.45 171208 
2012/04/06 14.45 14.45 13.9 14 129166 
2012/04/13 13.75 14.5 13.55 14.45 149390 
2012/04/20 14.3 14.65 14.05 14.6 112639 
2012/04/27 14.7 15.45 14.55 15.3 255262 
2012/05/04 15.35 15.6 15.2 15.25 165116 
2012/05/11 15 15 14.35 14.7 185630 
2012/05/18 14.8 14.8 13.25 13.25 197287 
2012/05/25 13.25 13.45 12.4 12.6 211590 
2012/06/01 12.6 13.5 12.5 12.55 241694 
2012/06/08 12.2 12.2 11.7 12 245075 
2012/06/15 12.15 12.3 11.9 12.25 178193 
2012/06/22 12.5 13 12.3 12.5 154317 
2012/06/29 12.35 12.9 12.1 12.9 155865 
2012/07/06 13.05 13.55 12.95 13 277637 
2012/07/13 12.35 12.7 11.9 12 174234 
2012/07/20 12 12.6 11.95 12.55 141813 
2012/07/27 12.35 12.45 12.1 12.4 125832 
2012/08/03 12.5 12.65 12.35 12.4 98372 
2012/08/10 12.6 13 12.5 12.7 157732 
2012/08/17 12.9 12.9 12.25 12.45 169299 
2012/08/24 12.45 12.45 11.9 12.15 198767 
2012/08/31 12.25 12.3 12 12 106398 
2012/09/07 12 12.05 11.65 11.8 163112 
2012/09/14 11.95 12.35 11.95 12.25 180619 
2012/09/21 12.3 12.3 12.1 12.3 145718 
2012/09/28 12.15 12.25 12 12.2 130074 
2012/10/05 12.1 12.15 11.8 11.8 103843 
2012/10/12 11.8 11.95 11.6 11.65 88714 
2012/10/19 11.65 11.65 11.1 11.15 151128 
2012/10/26 11 11.35 10.9 10.95 99349 
2012/11/02 10.95 11.05 10.5 10.6 122307 
2012/11/09 10.55 10.85 10.4 10.85 170153 
2012/11/16 10.8 10.8 10.4 10.55 114602 
2012/11/23 10.55 10.8 10 10.8 279310 
2012/11/30 11.1 11.35 10.95 11.25 354906 
2012/12/07 11.2 11.95 10.95 11.65 422719 
2012/12/14 11.7 12 11.35 11.7 304634 
2012/12/21 11.8 11.95 11.45 11.65 450472 
2012/12/28 11.65 11.85 11.5 11.7 179776 
2013/01/04 11.8 12.55 11.65 12.4 322949 
2013/01/11 12.4 12.4 11.8 11.85 268423 
2013/01/18 11.85 11.85 11.2 11.5 228406 
2013/01/25 11.4 11.6 11.25 11.25 131335 
2013/02/01 11.3 11.65 11.3 11.6 155489 
2013/02/08 11.65 11.7 11.35 11.35 80884 
2013/02/22 11.35 11.4 11.05 11.2 252552 
2013/03/01 11.25 11.35 11 11.05 115963 
2013/03/08 11.05 11.25 10.9 11.05 189820 
2013/03/15 11.1 11.8 11.05 11.6 370581 
2013/03/22 11.45 11.45 11.1 11.1 186001 
2013/03/29 11.15 11.3 11.1 11.2 135174 
2013/04/05 11.2 11.35 11.1 11.3 78686 
2013/04/12 11.1 11.3 10.95 11.05 201648 
2013/04/19 11.05 11.45 11 11.35 205097 
2013/04/26 11.35 11.4 11.15 11.2 139331 
2013/05/03 11.2 11.5 11.1 11.4 142338 
2013/05/10 11.5 12.65 11.45 12.6 764379 
2013/05/17 12.8 13.6 12.7 13.15 782043 
2013/05/24 13.25 14.2 13.15 13.25 620395 
2013/05/31 13.3 13.95 13.2 13.2 372945 
2013/06/07 13.05 13.9 13 13.3 369459 
2013/06/14 13.55 13.75 13.1 13.1 257151 
2013/06/21 13.1 13.7 12.3 12.55 345778 
2013/06/28 12.55 14.55 12.5 14.5 755709 
2013/07/05 14.5 15.4 14.5 14.8 661181 
2013/07/12 14.6 14.9 13.85 14.25 481167 
2013/07/19 14.3 14.4 12.55 12.75 619216 
2013/07/26 12.65 13.7 12.65 13.7 374862 
2013/08/02 13.7 13.7 13.1 13.15 228063 
2013/08/09 13.15 13.4 12.3 12.3 372506 
2013/08/16 12.4 12.55 11.85 11.95 287045 
2013/08/23 11.95 12.3 11.45 12.25 325403 
2013/08/30 12.3 12.35 11.95 12.3 242496 
2013/09/06 12.3 12.35 12 12.2 165968 
2013/09/13 12.2 12.6 12.05 12.1 282537 
2013/09/20 12.2 12.3 12.05 12.1 91554 
2013/09/27 12.1 13.35 12.1 12.7 560050 
2013/10/04 12.6 13.05 12.45 12.85 287747 
2013/10/11 12.8 13.1 12.6 12.6 194639 
2013/10/18 12.6 12.95 12.25 12.95 259299 
2013/10/25 13 13.05 12.45 12.55 208389 
2013/11/01 12.55 13.1 12.4 12.45 346260 
2013/11/08 12.4 12.5 12.25 12.35 161641 
2013/11/15 12.3 12.35 11.95 12.05 176026 
2013/11/22 12.1 12.15 11.85 11.95 114370 
2013/11/29 12.05 12.5 11.95 12.3 179491 
2013/12/06 12.3 12.45 12.05 12.1 122443 
2013/12/13 12.2 12.35 12.15 12.2 93985 
2013/12/20 12.15 12.3 12 12.25 117901 
2013/12/27 12.3 12.45 12.15 12.3 138460 
2014/01/03 12.35 12.45 12.2 12.25 115071 
2014/01/10 12.35 13.05 12.35 12.8 456215 
2014/01/17 12.9 12.95 12.5 12.75 259603 
2014/01/24 12.75 13 12.7 12.85 180218 
2014/01/31 12.6 12.6 12.3 12.35 99403 
2014/02/07 12.05 12.2 11.9 12.1 185023 
2014/02/14 12.1 12.35 12.1 12.3 131106 
2014/02/21 12.35 12.4 12.1 12.3 100366 
2014/02/28 12.3 12.55 12.2 12.3 132181 
2014/03/07 12.35 12.85 12.35 12.65 320297 
2014/03/14 12.7 13.2 12.45 12.9 418244 
2014/03/21 12.95 13.1 12.5 12.5 252970 
2014/03/28 12.5 13.1 12.45 12.9 195145 
2014/04/04 12.95 13.05 12.8 13.05 168108 
2014/04/11 12.95 13.4 12.9 13.1 237081 
2014/04/18 13.05 13.05 12.85 12.95 131354 
2014/04/25 12.95 13.3 12.6 12.8 235159 
2014/05/02 12.65 13.2 12.65 13.15 259767 
2014/05/09 13.15 13.45 12.9 13.25 278481 
2014/05/16 13.3 13.35 13.05 13.25 136742 
2014/05/23 13.3 13.45 13.15 13.35 124274 
2014/05/30 13.4 14.35 13.3 14.05 437441 
2014/06/06 14.15 14.6 13.95 14.6 246614 
2014/06/13 14.6 15.1 14.25 14.9 364462 
2014/06/20 14.9 15 14.4 14.55 372290 
2014/06/27 14.65 15.35 14.45 14.85 312633 
2014/07/04 14.85 16.7 14.85 16.5 699658 
2014/07/11 16.1 16.2 15.1 15.3 439310 
2014/07/18 15.5 16.3 14.8 15.25 333930 
2014/07/25 15.7 16 15.2 15.25 271405 
2014/08/01 15.1 15.15 13.5 13.55 528943 
2014/08/08 13.4 13.6 13 13.1 441345 
2014/08/15 13 13.5 13 13.2 202973 
2014/08/22 13.2 13.7 13.1 13.5 200712 
2014/08/29 13.5 13.85 13.4 13.65 236908 
2014/09/05 13.75 13.85 13.3 13.3 196558 
2014/09/12 13.4 13.45 12.9 12.95 125636 
2014/09/19 12.9 13.05 12.6 12.95 170211 
2014/09/26 12.95 12.95 12.5 12.65 148094 
2014/10/03 12.7 13 12.35 12.9 197394 
2014/10/10 12.9 13.1 12.65 12.9 146299 
2014/10/17 12.5 12.65 12.05 12.05 277813 
2014/10/24 12.25 12.55 12.2 12.35 138452 
2014/10/31 12.5 13.4 12.35 13.4 262307 
2014/11/07 13.5 13.5 13.2 13.25 165526 
2014/11/14 13.35 13.8 13.3 13.65 252599 
2014/11/21 13.7 14.15 13.05 14.05 381394 
2014/11/28 14.1 14.25 13.75 13.75 236971 
2014/12/05 13.45 14.65 13.4 14.25 363891 
2014/12/12 14.4 14.65 13.65 13.8 235279 
2014/12/19 13.8 14.45 13.6 14.25 398969 
2014/12/26 14.4 15 14.3 14.75 326038 
2015/01/02 14.8 15 14.35 14.75 171552 
2015/01/09 14.75 15.45 14.65 15.1 396968 
2015/01/16 15.25 16.1 14.7 14.7 701051 
2015/01/23 14.95 15.7 14.9 15.6 354700 
2015/01/30 15.5 15.7 15.25 15.4 394426 
2015/02/06 15.45 15.9 15.35 15.65 360897 
2015/02/13 15.65 15.85 15.4 15.6 242672 
2015/02/27 15.8 16.05 15.6 16 227138 
2015/03/06 16.05 16.1 15.55 15.65 265704 
2015/03/13 15.6 15.9 15.5 15.7 243468 
2015/03/20 15.75 15.95 15.55 15.65 192546 
2015/03/27 15.75 15.8 15.05 15.2 225182 
2015/04/03 15.3 15.5 15.2 15.5 134961 
2015/04/10 15.7 15.8 15.2 15.25 158662 
2015/04/17 15.3 15.45 14.25 14.3 336290 
2015/04/24 14.05 14.9 13.8 14.65 363738 
2015/05/01 14.7 15.1 14.4 14.6 247883 
2015/05/08 14.65 14.7 13.85 13.85 238832 
2015/05/15 14.05 14.15 13.3 13.75 354810 
2015/05/22 13.75 14.1 13.6 13.9 191402 
2015/05/29 14 14.15 13.8 13.9 150598 
2015/06/05 13.85 13.95 13.35 13.35 245002 
2015/06/12 13.3 13.4 12.95 13.1 252796 
2015/06/19 13.1 13.2 12.95 13 133731 
2015/06/26 13 13.55 13 13.25 222533 
2015/07/03 13.05 13.3 12.8 13.3 226305 
2015/07/10 13.2 13.3 12.05 12.45 250927 
2015/07/17 12.5 12.6 11.95 12 313374 
2015/07/24 12.1 12.1 11.1 11.3 350447 
2015/07/31 11.3 11.45 10.75 11.25 306066 
2015/08/07 11.35 11.4 11 11.2 230702 
2015/08/14 11.1 11.35 11.1 11.2 180060 
2015/08/21 11.25 11.25 10.4 10.4 219646 
2015/08/28 10.2 10.85 9.92 10.8 267629 
2015/09/04 10.85 11.35 10.55 11.05 217531 
2015/09/11 10.95 11.55 10.85 11.5 190529 
2015/09/18 11.5 11.6 11.35 11.6 154261 
2015/09/25 11.45 11.5 10.75 10.95 180130 
2015/10/02 10.7 11.05 10.7 10.95 123800 
2015/10/09 11 11.4 10.95 11.25 105676 
2015/10/16 11.25 12.3 11.2 12.15 369497 
2015/10/23 12.15 12.45 12 12.35 174734 
2015/10/30 12.45 12.5 11.8 11.9 161542 
2015/11/06 12 12.7 11.95 12.4 224716 
2015/11/13 12.3 12.5 11.9 11.9 141991 
2015/11/20 11.85 12.45 11.5 12.35 232630 
2015/11/27 12.45 12.45 11.9 12.05 114788 
2015/12/04 11.95 12.35 11.85 12.05 177060 
2015/12/11 12.1 12.25 11.3 11.7 195441 
2015/12/18 11.6 12.2 11.5 12 149753 
2015/12/25 12.1 12.6 12.05 12.4 155722 
2016/01/01 12.45 12.45 12.05 12.1 53080 
2016/01/08 12.1 12.15 11.2 11.4 208511 
2016/01/15 11.2 11.3 10.8 11.25 167907 
2016/01/22 11 11.25 10.95 11.25 96436 
2016/01/29 11.35 12.9 11.3 12.75 400979 
2016/02/05 12.85 13.1 12.7 12.9 141654 
2016/02/19 12.75 13.55 12.7 13.2 224603 
2016/02/26 13.2 13.5 13.05 13.35 155393 
2016/03/04 13.35 13.55 13.3 13.4 119922 
2016/03/11 13.45 13.5 12.9 13.25 177277 
2016/03/18 13.3 13.5 13.1 13.3 150548 
2016/03/25 13.3 13.4 13.1 13.1 82055 
2016/04/01 13.1 13.3 12.9 13.15 138745 
2016/04/08 13 13.05 12.45 12.75 135638 
2016/04/15 12.65 13 12.45 12.85 172445 
2016/04/22 12.9 13.1 12.45 12.7 150277 
2016/04/29 12.7 12.75 11.85 12 206893 
2016/05/06 11.9 11.95 11.2 11.3 189663 
2016/05/13 11.3 11.6 11.15 11.3 160966 
2016/05/20 11.2 11.55 11.2 11.55 151027 
2016/05/27 11.45 12.15 11.4 12.15 168500 
2016/06/03 12.1 12.45 12.05 12.35 155297 
2016/06/10 12.35 12.5 12.3 12.4 90262 
2016/06/17 12.35 12.35 11.9 12.15 155733 
2016/06/24 12.15 12.6 11.95 12 196693 
2016/07/01 12.05 12.7 12 12.55 134538 
2016/07/08 12.55 12.7 12.35 12.4 126511 
2016/07/15 12.7 13 12.3 12.35 337200 
2016/07/22 12.45 12.5 12.25 12.3 142538 
2016/07/29 12.35 12.6 11.9 11.9 277122 
2016/08/05 11.9 12.05 11.8 11.9 107386 
2016/08/12 12 12 11.8 12 93625 
2016/08/19 11.95 12 11.55 11.55 110831 
2016/08/26 11.55 11.85 11.4 11.8 145662 
2016/09/02 11.8 11.8 11.45 11.6 126832 
2016/09/09 11.65 11.9 11.5 11.55 98590 
2016/09/16 11.5 11.6 11.4 11.4 75540 
2016/09/23 11.45 11.85 11.45 11.75 143939 
2016/09/30 11.7 11.75 11.5 11.55 69408 
2016/10/07 11.55 11.65 11.5 11.5 59484 
2016/10/14 11.6 11.7 11.45 11.65 119240 
2016/10/21 11.65 11.7 11.5 11.7 70864 
2016/10/28 11.75 11.75 11.5 11.7 109951 
2016/11/04 11.7 11.8 11.55 11.6 79357 
2016/11/11 11.65 11.75 11.3 11.35 128376 
2016/11/18 11.4 11.5 11.25 11.3 104400 
2016/11/25 11.4 11.55 11.35 11.35 60487 
2016/12/02 11.35 11.4 11.25 11.3 149054 
2016/12/09 11.3 11.45 11.2 11.35 89012 
2016/12/16 11.35 11.4 11.2 11.3 100214 
2016/12/23 11.35 11.4 11.25 11.3 77531 
2016/12/30 11.3 11.4 11.3 11.4 50199 
2017/01/06 11.4 11.65 11.3 11.6 80094 
2017/01/13 11.6 11.8 11.55 11.8 112900 
2017/01/20 11.7 11.75 11.55 11.6 63284 
2017/01/27 11.6 11.65 11.35 11.35 69324 
2017/02/03 11.5 11.55 11.3 11.4 83119 
2017/02/10 11.4 11.6 11.35 11.6 141693 
2017/02/17 11.6 11.9 11.55 11.75 137639 
2017/02/24 11.75 12.85 11.55 12.75 393576 
2017/03/03 12.75 12.85 12.15 12.15 272994 
2017/03/10 12.15 12.65 12.05 12.1 222138 
2017/03/17 12.2 12.45 12.1 12.4 135900 
2017/03/24 12.35 12.45 12.15 12.25 143145 
2017/03/31 12.25 12.4 12.05 12.2 152847 
2017/04/07 12.2 12.3 12.15 12.25 39628 
2017/04/14 12.15 12.25 12 12 103662 
2017/04/21 12 12.05 11.95 12.05 16859 
2017/04/28 11.9 11.95 11.85 11.9 18825 
2017/05/05 12.1 12.15 12.05 12.05 22698 
2017/05/12 12.2 12.3 12.1 12.3 126470 
2017/05/19 12.3 12.3 12.05 12.2 92036 
2017/05/26 12.25 12.45 12.2 12.45 104723 
2017/06/02 12.5 12.55 12.35 12.4 64110 
2017/06/09 12.35 12.45 12.3 12.45 31374 
2017/06/16 12.2 12.25 12 12.2 76707 
2017/06/23 12.2 12.95 12.15 12.8 297314 
2017/06/30 12.85 15.25 12.85 14.75 1479679 
2017/07/07 14.8 14.85 14.35 14.4 150889 
2017/07/14 14.45 14.5 13.75 14.2 305940 
2017/07/21 14.7 14.7 14.35 14.45 85622 
2017/07/28 14.8 14.85 14.65 14.8 50250 
2017/08/04 13.9 14.05 13.4 13.85 358941 
2017/08/11 13.85 14.1 13.75 14 102705 
2017/08/18 14.15 14.15 13.9 14.1 109781 
2017/08/25 14.1 14.3 14.05 14.15 39047 
2017/09/01 15 15.15 14.9 14.9 50027 
2017/09/08 16.15 16.75 16.1 16.5 220970 
2017/09/15 16.25 16.4 16.05 16.05 39683 
2017/09/22 15.65 16 15.6 15.9 49077 
2017/09/29 15.55 15.65 15.1 15.25 82390 
2017/10/06 15.1 15.25 15.05 15.15 20583 
2017/10/13 15.7 16.1 15.65 15.8 71759 
2017/10/20 16 16.05 15.9 15.95 42693 
2017/10/27 15.7 15.85 15.05 15.45 192231 
2017/11/03 15.55 15.85 15.45 15.45 179268 
2017/11/10 15.45 15.95 15.2 15.85 206682 
2017/11/17 15.8 15.8 15.6 15.65 31180 
2017/11/24 15.65 16 15.65 15.9 49301 
2017/12/01 16 16.05 15.6 15.7 83870 
2017/12/08 15.45 15.7 14.9 15 108593 
2017/12/15 14.85 15.15 14.8 14.9 105360 
2017/12/22 14.75 14.8 14.3 14.4 138029 
2017/12/29 14.45 14.5 14.05 14.2 107840 
2018/01/05 14.2 14.6 14.15 14.55 147755 
2018/01/12 14.55 14.75 13.9 14.2 236222 
2018/01/19 14.25 14.4 14.05 14.2 147817 
2018/01/26 14.15 15.1 13.95 14.6 535910 
2018/02/02 14.75 14.85 14.2 14.55 261371 
2018/02/09 14.2 14.5 13.75 14.05 320561 
2018/02/16 14.05 14.15 13.85 13.85 50924 
2018/02/23 14.05 14.15 13.9 14.15 334523 
2018/03/02 14.2 14.25 13.85 14 99910 
2018/03/09 14 15.7 13.85 15.1 445549 
2018/03/16 15.3 15.45 15 15.2 193210 
2018/03/23 15.15 15.35 15 15.2 160203 
2018/03/30 15.05 15.65 15.05 15.5 199628 
2018/04/06 15.5 15.75 15.3 15.4 56336 
2018/04/13 15.3 15.6 15.2 15.4 162248 
2018/04/20 15.4 16 15.3 15.6 184676 
2018/04/27 15.55 15.95 15.2 15.7 278535 
2018/05/04 15.7 16.85 15.7 16 269642 
2018/05/11 16.1 16.55 15.65 16.15 169771 
2018/05/18 16.2 16.55 15.95 16.05 157712 
2018/05/25 16.05 16.65 16 16.25 113979 
2018/06/01 16.45 16.7 16.25 16.45 271681 
2018/06/08 16.5 16.65 16.35 16.4 177907 
2018/06/15 16.55 18.65 16.5 18.65 904736 
2018/06/22 18.45 18.5 17.2 17.8 289205 
2018/06/29 17.75 18 16.9 16.95 183779 
2018/07/06 18.1 18.65 17.4 17.6 488678 
2018/07/13 17.6 17.7 16.7 17.4 276954 
2018/07/20 17.45 18.1 17.05 17.85 295034 
2018/07/27 18.4 18.65 17 17.3 518657 
2018/08/03 17.2 17.75 17 17.7 298905 
2018/08/10 17.8 18.05 17.7 17.95 267689 
2018/08/17 17.8 17.85 16.7 17.2 209715 
2018/08/24 17.25 18 17.2 17.3 201119 
2018/08/31 17.45 17.7 17.1 17.35 146544 
2018/09/07 17.2 17.3 16.15 16.3 157168 
2018/09/14 16.2 16.25 15.2 15.7 294138 
2018/09/21 15.7 15.85 15.2 15.85 143760 
2018/09/28 15.9 16.15 15.6 16.15 100499 
2018/10/05 16 16 14.6 14.7 152040 
2018/10/12 14.65 14.85 13.65 13.65 293616 
2018/10/19 13.55 13.65 13 13.3 325481 
2018/10/26 13.2 13.2 11.6 11.7 377819 
2018/11/02 11.5 12.05 11.45 11.9 373528 
2018/11/09 10.75 11.2 10.5 10.6 829958 
2018/11/16 10.55 11.3 10.4 11 467302 
2018/11/23 10.95 11.25 10.85 11.15 186284 
2018/11/30 11.2 11.85 11.2 11.55 320446 
2018/12/07 11.7 11.9 11.1 11.2 259860 
2018/12/14 11.1 11.55 10.9 11.35 218544 
2018/12/21 11.4 11.55 11.2 11.25 270243 
2018/12/28 11.3 11.4 11.05 11.25 88649 
2019/01/04 11.3 11.35 10.55 10.7 111093 
2019/01/11 10.9 11.2 10.8 11.2 159409 
2019/01/18 11.2 11.4 11.05 11.4 166190 
2019/01/25 11.5 11.95 11.45 11.95 147224 
2019/02/01 11.95 12 11.25 11.35 167986 
2019/02/15 11.4 11.4 10.8 11.4 282860 
2019/02/22 11.5 11.55 11.3 11.5 141219 
2019/03/01 11.55 11.75 11.35 11.45 155091 
2019/03/08 11.35 12 11.3 11.6 156161 
2019/03/15 11.55 11.65 11.4 11.65 116920 
2019/03/22 11.55 11.8 11.55 11.8 137034 
2019/03/29 11.65 11.8 11.6 11.65 129618 
2019/04/05 11.7 11.75 11.55 11.55 67906 
2019/04/12 11.6 12.45 11.6 12.2 347410 
2019/04/19 12.25 12.4 11.9 12.1 203994 
2019/04/26 12.15 13.45 11.85 13.45 506978 
2019/05/03 13.45 13.9 13.25 13.85 260874 
2019/05/10 13.5 13.7 13 13.2 298764 
2019/05/17 13.1 13.25 12.6 13 241956 
2019/05/24 13.05 13.1 12.65 12.95 176770 
2019/05/31 13 13.05 12.15 12.9 219776 
2019/06/07 12.8 13.3 12.7 13.05 142355 
2019/06/14 13.2 13.95 13.05 13.7 189289 
2019/06/21 13.7 13.85 13.25 13.7 207509 
2019/06/28 13.55 14.1 13.5 13.95 206394 
2019/07/05 14.05 14.45 13.9 14.1 120216 
2019/07/12 13.95 15 13.8 14.6 267426 
2019/07/19 14.65 14.9 13.75 13.8 213264 
2019/07/26 13.75 13.95 13.2 13.2 257882 
2019/08/02 13.3 13.9 13.05 13.35 204078 
2019/08/09 13.1 13.35 12.7 13.3 140152 
2019/08/16 13.25 13.45 12.85 13.35 112274 
2019/08/23 13.35 13.55 13.2 13.35 108414 
2019/08/30 13.1 13.45 13 13.45 151236 
2019/09/06 13.35 13.7 13.2 13.55 105703 
2019/09/13 13.6 13.85 13.55 13.7 80878 
2019/09/20 13.8 13.85 13.35 13.8 130954 
2019/09/27 13.7 14 13.4 13.4 161280 
2019/10/04 13.4 13.65 13.2 13.45 67386 
2019/10/11 13.45 13.5 13.15 13.15 77625 
2019/10/18 13.45 14 13.35 13.95 187891 
2019/10/25 13.95 14.8 13.9 14.4 225697 
2019/11/01 14.45 14.7 13.9 14.5 339319 
2019/11/08 14.5 14.8 14.2 14.25 268560 
2019/11/15 14.3 14.6 14.15 14.3 196354 
2019/11/22 14.6 14.8 14.35 14.6 224676 
2019/11/29 14.65 15.5 14.65 14.95 452890 
2019/12/06 15 16.7 15 16.2 644286 
2019/12/13 16.4 16.8 16.15 16.6 424988 
2019/12/20 16.55 17.05 16.4 16.7 346866 
2019/12/27 16.7 16.75 16.4 16.7 133783 
2020/01/03 16.65 16.7 16.15 16.3 158459 
2020/01/10 16.05 16.25 15.65 16.15 221206 
2020/01/17 16.15 16.4 15.95 16 178498 
2020/01/24 15.85 16.15 15.85 16.05 31118 
2020/01/31 15.5 15.55 14.8 14.9 206405 
2020/02/07 14.45 16.5 14.15 16.35 461296 
2020/02/14 16.15 17.15 16 16.5 325243 
2020/02/21 16.5 16.55 16 16.05 183983 
2020/02/28 15.9 16.1 15.25 15.3 216538 
2020/03/06 14.95 16.05 14.95 15.45 405658 
2020/03/13 15.15 15.25 13.65 14.05 571590 
2020/03/20 14 14.4 13.1 13.85 653937 
2020/03/27 13.55 14.35 13.5 14 495861 
2020/04/03 13.85 14.35 13.65 13.8 166721 
2020/04/10 13.95 14.4 13.8 14.3 322063 
2020/04/17 14.45 15.45 14.4 15.05 400606 
2020/04/24 15.1 16.1 14.75 15.9 434874 
2020/05/01 16.15 16.3 14.75 15.55 502158 
2020/05/08 15.1 15.85 15.05 15.65 242310 
2020/05/15 15.8 15.85 15.15 15.4 177004 
2020/05/22 15.4 15.4 14.85 15.1 232788 
2020/05/29 15.1 15.45 14.85 15.45 162517 
2020/06/05 15.6 16.6 15.5 16.5 312624 
2020/06/12 17.5 17.5 15.4 15.7 480377 
2020/06/19 15.45 15.7 15.15 15.4 334932 
2020/06/26 15.45 15.95 15.35 15.75 158457 
2020/07/03 15.55 16.5 15.5 16.45 231774 
2020/07/10 16.6 17 16.4 16.45 253319 
2020/07/17 16.7 17.1 16 16.4 506520 
2020/07/24 16.55 20.3 16.3 19.75 1381948 
2020/07/31 20.5 23.85 20.05 22.35 1784764 
2020/08/07 22.5 27.4 22.4 25.6 1662378 
2020/08/14 25.25 26.2 23.1 23.55 813327 
2020/08/21 23.7 24.6 21.25 21.8 754829 
2020/08/28 21.95 22.8 21.6 21.9 450728 
2020/09/04 22.1 22.15 20.8 21.45 427036 
2020/09/11 23.15 24.6 22.3 23 843674 
2020/09/18 23.5 27.2 23.5 25.8 1103658 
2020/09/25 25.95 26.5 24.2 25 932630 
2020/10/02 26.6 29.3 26.1 28.55 1381424 
2020/10/09 29.1 32.45 28.15 32.2 1503161 
2020/10/16 32.45 32.8 30.6 30.65 1294056 
2020/10/23 30.75 34 30.65 32.75 1425997 
2020/10/30 32.85 33.65 30.7 30.7 1321747 
2020/11/06 30.6 31.95 29.4 30.5 1135024 
2020/11/13 31.2 32.2 30.75 31.3 657840 
2020/11/20 31.8 33.2 31.75 33.05 727695 
2020/11/27 34.85 39.8 34.8 39.15 1518493 
2020/12/04 40.45 47.6 39.95 47.6 1697540 
2020/12/11 49.8 51.7 45.2 46.1 2090483 
2020/12/18 46.1 47.4 44 45.85 1179439 
2020/12/25 46 48.25 45 46.75 804950 
2021/01/01 47.1 49.45 45.9 47.15 928384 
2021/01/08 46.15 48.35 44 47.85 1414174 
2021/01/15 48.2 51.9 47.55 48.75 1733264 
2021/01/22 48.3 57.2 46.5 56.5 2033461 
2021/01/29 57.6 58.6 50 50 1597405 
2021/02/05 49.7 53.6 48.85 52.9 900889 
2021/02/19 57.6 59.4 56.1 57.2 834645 
2021/02/26 58 58.3 54.2 54.2 858811 
2021/03/05 55.3 55.6 46.35 47.05 1183446 
2021/03/12 47.95 49.1 44.9 48.65 910139 
