2013/03/12 55 63.5 55 63.1 9719 0 0 0 0 0 0 0 0 0 
2013/03/13 65 67.6 63.5 65 7201 0 0 0 0 0 0 0 0 0 
2013/03/14 63.5 64 59.1 60 3950 0 0 0 0 0 0 0 0 0 
2013/03/15 60.6 61.5 58 58.6 2939 0 0 0 0 0 0 0 0 0 
2013/03/18 58.1 60.5 58 58.5 2047 0 0 0 0 0 0 0 0 0 
2013/03/19 59.5 60.1 57 57 2091 0 0 0 0 0 0 0 0 0 
2013/03/20 56.6 60.6 55.3 59 3632 0 0 0 0 0 0 0 0 0 
2013/03/21 59 59.8 57.3 57.5 2450 0 0 0 0 0 0 0 0 0 
2013/03/22 56.5 58.8 56.5 57.5 1432 0 0 0 0 0 0 0 0 0 
2013/03/25 58 58.5 57.2 57.3 1037 0 0 0 0 0 0 0 0 0 
2013/03/26 57.3 58.2 56 56.6 1278 0 0 0 0 0 0 0 0 0 
2013/03/27 57 59.8 56.7 59 2557 0 0 0 0 0 0 0 0 0 
2013/03/28 59.1 60.7 58.5 58.5 2058 0 0 0 0 0 0 0 0 0 
2013/03/29 59.2 59.2 58.1 58.2 1085 0 0 0 0 0 0 0 0 0 
2013/04/01 58.6 58.6 56.3 56.4 1526 0 0 0 0 0 0 0 0 0 
2013/04/02 56.3 57.5 56.3 56.7 679 0 0 0 0 0 0 0 0 0 
2013/04/03 57.3 58.8 56.6 58.5 1508 0 0 0 0 0 0 0 0 0 
2013/04/08 57.2 57.9 56.1 56.2 1529 0 0 0 0 0 0 0 0 0 
2013/04/09 56.7 57.6 56.3 56.3 920 0 0 0 0 0 0 0 0 0 
2013/04/10 56.5 56.8 52.6 52.6 2129 0 0 0 0 0 0 0 0 0 
2013/04/11 53.6 54.1 52.7 52.7 848 0 0 0 0 0 0 0 0 0 
2013/04/12 52.7 53.4 50.6 51 860 0 0 0 0 0 0 0 0 0 
2013/04/15 51 52.1 49.5 49.8 773 0 0 0 0 0 0 0 0 0 
2013/04/16 48.65 50 48 50 758 0 0 0 0 0 0 0 0 0 
2013/04/17 50 50.5 49.55 49.6 391 0 0 0 0 0 0 0 0 0 
2013/04/18 49.2 53 48.8 53 1383 0 0 0 0 0 0 0 0 0 
2013/04/19 54.8 56.7 54 56 3098 0 0 0 0 0 0 0 0 0 
2013/04/22 56.1 57.2 55 55.3 1516 0 0 0 0 0 0 0 0 0 
2013/04/23 55.3 57.8 55.3 56 1417 0 0 0 0 0 0 0 0 0 
2013/04/24 56.8 57.9 56.3 57.3 1587 0 0 0 0 0 0 0 0 0 
2013/04/25 57.3 58.3 56.7 57.6 1431 0 0 0 0 0 0 0 0 0 
2013/04/26 57.9 59.1 56.5 56.6 1436 0 0 0 0 0 0 0 0 0 
2013/04/29 56.6 56.8 55.2 55.2 704 0 0 0 0 0 0 0 0 0 
2013/04/30 55.3 56.3 54.9 55.7 785 0 0 0 0 0 0 0 0 0 
2013/05/02 55.7 55.7 54.7 55 577 0 0 0 0 0 0 0 0 0 
2013/05/03 55.3 58.2 55.3 57.2 1601 0 0 0 0 0 0 0 0 0 
2013/05/06 58.3 59.7 57.5 58.8 1951 0 0 0 0 0 0 0 0 0 
2013/05/07 59 59.1 57.7 58 715 0 0 0 0 0 0 0 0 0 
2013/05/08 58.5 58.7 57.1 57.7 727 0 0 0 0 0 0 0 0 0 
2013/05/09 58.4 58.4 56.8 56.9 909 0 0 0 0 0 0 0 0 0 
2013/05/10 57.9 57.9 57 57.3 392 0 0 0 0 0 0 0 0 0 
2013/05/13 56.5 56.5 53.3 53.5 2168 0 0 0 0 0 0 0 0 0 
2013/05/14 53.6 53.8 50.9 51.7 1380 0 0 0 0 0 0 0 0 0 
2013/05/15 51.8 52.9 51.8 52.3 466 0 0 0 0 0 0 0 0 0 
2013/05/16 53.3 53.3 52.1 52.2 596 0 0 0 0 0 0 0 0 0 
2013/05/17 52 52.9 52 52 364 0 0 0 0 0 0 0 0 0 
2013/05/20 52.1 52.1 51.2 51.5 336 0 0 0 0 0 0 0 0 0 
2013/05/21 51.5 53.5 51.2 52.6 568 0 0 0 0 0 0 0 0 0 
2013/05/22 52.7 53 52 52.1 300 0 0 0 0 0 0 0 0 0 
2013/05/23 52.1 52.1 51.2 51.2 422 0 0 0 0 0 0 0 0 0 
2013/05/24 51.2 52 51.2 51.2 256 0 0 0 0 0 0 0 0 0 
2013/05/27 51.8 51.9 51.2 51.3 170 0 0 0 0 0 0 0 0 0 
2013/05/28 51.3 51.9 51.1 51.5 237 0 0 0 0 0 0 0 0 0 
2013/05/29 51.6 52.9 51.6 52.1 379 0 0 0 0 0 0 0 0 0 
2013/05/30 52.1 52.2 51.4 51.5 287 0 0 0 0 0 0 0 0 0 
2013/05/31 52 52 50.6 50.7 484 0 0 0 0 0 0 0 0 0 
2013/06/03 50.7 50.7 49.8 49.8 444 0 0 0 0 0 0 0 0 0 
2013/06/04 50.5 50.6 49.8 49.9 254 0 0 0 0 0 0 0 0 0 
2013/06/05 50 50.6 49.4 49.4 246 0 0 0 0 0 0 0 0 0 
2013/06/06 50 52.8 49.8 52.8 598 0 0 0 0 0 0 0 0 0 
2013/06/07 54 54.4 52 52 1418 0 0 0 0 0 0 0 0 0 
2013/06/10 52.5 53.3 52.2 52.8 509 0 0 0 0 0 0 0 0 0 
2013/06/11 53.5 54.8 53.5 54.1 1133 0 0 0 0 0 0 0 0 0 
2013/06/13 53.3 53.9 51.2 51.5 666 0 0 0 0 0 0 0 0 0 
2013/06/14 51.5 52.3 50 50.5 616 0 0 0 0 0 0 0 0 0 
2013/06/17 50.5 50.8 50.1 50.4 313 0 0 0 0 0 0 0 0 0 
2013/06/18 50.5 51 50 50.4 355 0 0 0 0 0 0 0 0 0 
2013/06/19 50.6 51.3 50.4 51.1 333 0 0 0 0 0 0 0 0 0 
2013/06/20 50.5 50.7 49.9 50 319 0 0 0 0 0 0 0 0 0 
2013/06/21 48.1 49 47.15 47.5 650 0 0 0 0 0 0 0 0 0 
2013/06/24 47.6 48.2 47.3 47.3 299 0 0 0 0 0 0 0 0 0 
2013/06/25 47.3 47.5 44 44 689 0 0 0 0 0 0 0 0 0 
2013/06/26 44.8 45.55 44.4 45 331 0 0 0 0 0 0 0 0 0 
2013/06/27 45.3 48.1 45.3 47.9 708 0 0 0 0 0 0 0 0 0 
2013/06/28 46.4 46.75 45.05 45.4 464 0 0 0 0 0 0 0 0 0 
2013/07/01 44 45.6 44 45.1 245 0 0 0 0 0 0 0 0 0 
2013/07/02 45.1 45.9 45.1 45.1 169 0 0 0 0 0 0 0 0 0 
2013/07/03 45.2 45.8 44.1 44.2 245 0 0 0 0 0 0 0 0 0 
2013/07/04 44.2 44.6 42.8 42.8 366 0 0 0 0 0 0 0 0 0 
2013/07/05 43.1 43.8 43.05 43.2 179 0 0 0 0 0 0 0 0 0 
2013/07/08 43.1 43.2 40.2 40.55 481 0 0 0 0 0 0 0 0 0 
2013/07/09 40.55 40.8 39.9 40.2 365 0 0 0 0 0 0 0 0 0 
2013/07/10 43 43 43 43 150 0 0 0 0 0 0 0 0 0 
2013/07/11 46 46 46 46 307 0 0 0 0 0 0 0 0 0 
2013/07/12 49 49 46 46.7 1325 0 0 0 0 0 0 0 0 0 
2013/07/15 47 48.1 46.7 47.05 507 0 0 0 0 0 0 0 0 0 
2013/07/16 47.05 47.3 46.5 46.6 321 0 0 0 0 0 0 0 0 0 
2013/07/17 46.7 48.5 46.35 48 659 0 0 0 0 0 0 0 0 0 
2013/07/18 48.15 48.15 46.4 46.8 351 0 0 0 0 0 0 0 0 0 
2013/07/19 46 46.4 43.7 44.2 565 0 0 0 0 0 0 0 0 0 
2013/07/22 43.8 44.95 43.8 43.9 245 0 0 0 0 0 0 0 0 0 
2013/07/23 44.1 44.95 44.1 44.3 264 0 0 0 0 0 0 0 0 0 
2013/07/24 44.3 44.85 44.1 44.1 188 0 0 0 0 0 0 0 0 0 
2013/07/25 44.1 44.3 43.5 43.5 224 0 0 0 0 0 0 0 0 0 
2013/07/26 43.85 44.2 43.6 44 154 0 0 0 0 0 0 0 0 0 
2013/07/29 43.8 45.8 43.7 45 596 0 0 0 0 0 0 0 0 0 
2013/07/30 45.9 45.9 45 45 200 0 0 0 0 0 0 0 0 0 
2013/07/31 45.3 45.3 44.3 44.3 184 0 0 0 0 0 0 0 0 0 
2013/08/01 44.3 47.4 44.15 46.5 690 0 0 0 0 0 0 0 0 0 
2013/08/02 46 47.1 45.65 46.9 439 0 0 0 0 0 0 0 0 0 
2013/08/05 46.9 47.85 46.9 47.4 463 0 0 0 0 0 0 0 0 0 
2013/08/06 47 47.4 45.8 46.15 350 0 0 0 0 0 0 0 0 0 
2013/08/07 46.4 47.8 46.05 46.35 395 0 0 0 0 0 0 0 0 0 
2013/08/08 46.35 47.4 46.35 46.85 231 0 0 0 0 0 0 0 0 0 
2013/08/09 47.2 47.4 45.8 45.8 296 0 0 0 0 0 0 0 0 0 
2013/08/12 45.5 46.1 44.6 44.8 277 0 0 0 0 0 0 0 0 0 
2013/08/13 45.5 45.8 44.65 45.55 286 0 0 0 0 0 0 0 0 0 
2013/08/14 46.2 47.5 46.2 47.2 688 0 0 0 0 0 0 0 0 0 
2013/08/15 46.3 46.75 46.1 46.1 140 0 0 0 0 0 0 0 0 0 
2013/08/16 45.8 46.7 45.5 46.1 410 0 0 0 0 0 0 0 0 0 
2013/08/19 46.1 46.55 45.2 45.85 256 0 0 0 0 0 0 0 0 0 
2013/08/20 45.8 46.2 45 45.1 338 0 0 0 0 0 0 0 0 0 
2013/08/22 45 46 44.5 45.7 347 0 0 0 0 0 0 0 0 0 
2013/08/23 45.7 46.2 45.7 45.75 143 0 0 0 0 0 0 0 0 0 
2013/08/26 46.2 46.2 45.5 45.7 102 0 0 0 0 0 0 0 0 0 
2013/08/27 45.7 48.2 45.3 46.8 1256 0 0 0 0 0 0 0 0 0 
2013/08/28 46.75 47.6 45.7 46.1 551 0 0 0 0 0 0 0 0 0 
2013/08/29 46.4 46.5 45.6 45.7 303 0 0 0 0 0 0 0 0 0 
2013/08/30 45.9 47.35 45.3 47 414 0 0 0 0 0 0 0 0 0 
2013/09/02 47.7 50.2 47.3 50.2 1322 0 0 0 0 0 0 0 0 0 
2013/09/03 51.5 52.1 50.1 51.1 2416 0 0 0 0 0 0 0 0 0 
2013/09/04 51.8 54 51.6 54 2473 0 0 0 0 0 0 0 0 0 
2013/09/05 56 57.7 55.3 56.1 3383 0 0 0 0 0 0 0 0 0 
2013/09/06 56 56 54.8 55.5 1746 0 0 0 0 0 0 0 0 0 
2013/09/09 55 55 52.5 52.8 1423 0 0 0 0 0 0 0 0 0 
2013/09/10 52.9 54.3 52 52.7 1009 0 0 0 0 0 0 0 0 0 
2013/09/11 52.7 54.3 52.3 53.8 776 0 0 0 0 0 0 0 0 0 
2013/09/12 54 54.2 52.5 52.5 842 0 0 0 0 0 0 0 0 0 
2013/09/13 53.8 54.8 53.3 54.7 1425 0 0 0 0 0 0 0 0 0 
2013/09/14 55.5 56.8 54.1 55.6 1793 0 0 0 0 0 0 0 0 0 
2013/09/16 55.6 55.7 54.1 54.7 903 0 0 0 0 0 0 0 0 0 
2013/09/17 56 56.4 53.4 53.4 1386 0 0 0 0 0 0 0 0 0 
2013/09/18 53.4 53.5 51.9 52.8 1126 0 0 0 0 0 0 0 0 0 
2013/09/23 52.8 53.6 52.5 52.6 525 0 0 0 0 0 0 0 0 0 
2013/09/24 52.6 53.1 52 52.4 714 0 0 0 0 0 0 0 0 0 
2013/09/25 52.4 52.5 51.1 51.1 825 0 0 0 0 0 0 0 0 0 
2013/09/26 51.1 51.8 50.2 50.2 637 0 0 0 0 0 0 0 0 0 
2013/09/27 50.4 51 50.2 50.7 382 0 0 0 0 0 0 0 0 0 
2013/09/30 50.6 50.7 48.6 49.9 532 0 0 0 0 0 0 0 0 0 
2013/10/01 50.1 52 49.5 51.8 968 0 0 0 0 0 0 0 0 0 
2013/10/02 52 52.2 50.8 51 361 0 0 0 0 0 0 0 0 0 
2013/10/03 51.2 51.9 50.8 50.8 472 0 0 0 0 0 0 0 0 0 
2013/10/04 50.8 51.4 50.7 50.8 397 0 0 0 0 0 0 0 0 0 
2013/10/07 50.8 51.1 49 49.6 557 0 0 0 0 0 0 0 0 0 
2013/10/08 49.5 49.5 48.5 48.75 720 0 0 0 0 0 0 0 0 0 
2013/10/09 49.55 51 49.3 49.55 1004 0 0 0 0 0 0 0 0 0 
2013/10/11 50 50.7 49.6 49.6 390 0 0 0 0 0 0 0 0 0 
2013/10/14 50.1 50.3 48.5 48.75 328 0 0 0 0 0 0 0 0 0 
2013/10/15 49.1 52.1 49.1 52.1 2661 0 0 0 0 0 0 0 0 0 
2013/10/16 52.1 52.9 51 52.7 2728 0 0 0 0 0 0 0 0 0 
2013/10/17 53.7 53.9 52.4 52.9 2668 0 0 0 0 0 0 0 0 0 
2013/10/18 53.1 53.7 52.2 52.5 1236 0 0 0 0 0 0 0 0 0 
2013/10/21 53.1 53.1 51.6 51.6 604 0 0 0 0 0 0 0 0 0 
2013/10/22 51.7 53.3 51.2 52.5 943 0 0 0 0 0 0 0 0 0 
2013/10/23 53.2 55 53.2 53.6 2897 0 0 0 0 0 0 0 0 0 
2013/10/24 53.6 53.6 52.6 52.7 1002 0 0 0 0 0 0 0 0 0 
2013/10/25 52.7 53.3 52.2 52.3 537 0 0 0 0 0 0 0 0 0 
2013/10/28 52.2 52.6 51.6 51.7 492 0 0 0 0 0 0 0 0 0 
2013/10/29 51.9 54 51.9 54 1628 0 0 0 0 0 0 0 0 0 
2013/10/30 54.9 57.4 54.6 55.3 6234 0 0 0 0 0 0 0 0 0 
2013/10/31 55.1 55.1 53.5 53.5 1681 0 0 0 0 0 0 0 0 0 
2013/11/01 53.8 54.4 53 54.2 978 0 0 0 0 0 0 0 0 0 
2013/11/04 54.2 54.2 52.5 52.8 940 0 0 0 0 0 0 0 0 0 
2013/11/05 53 53.1 51.7 52.5 714 0 0 0 0 0 0 0 0 0 
2013/11/06 52.1 52.5 50.3 50.9 1044 0 0 0 0 0 0 0 0 0 
2013/11/07 50.9 52.4 50.9 51.4 759 0 0 0 0 0 0 0 0 0 
2013/11/08 51.2 51.8 48.3 49.6 885 0 0 0 0 0 0 0 0 0 
2013/11/11 50.5 51.4 50 51 615 0 0 0 0 0 0 0 0 0 
2013/11/12 51.9 51.9 48.6 50 795 0 0 0 0 0 0 0 0 0 
2013/11/13 50.5 50.5 49.5 50 335 0 0 0 0 0 0 0 0 0 
2013/11/14 51.1 53 51 53 1841 0 0 0 0 0 0 0 0 0 
2013/11/15 54 55.5 53.5 53.6 4047 0 0 0 0 0 0 0 0 0 
2013/11/18 54.5 55.8 54.5 55.7 3035 0 0 0 0 0 0 0 0 0 
2013/11/19 56.7 59.3 55.3 55.3 8647 0 0 0 0 0 0 0 0 0 
2013/11/20 55.3 56.5 54.9 55.4 2819 0 0 0 0 0 0 0 0 0 
2013/11/21 56.2 56.9 55.6 55.7 2446 0 0 0 0 0 0 0 0 0 
2013/11/22 56 58 55.8 56.3 2897 0 0 0 0 0 0 0 0 0 
2013/11/25 57 57.1 55.6 56 1464 0 0 0 0 0 0 0 0 0 
2013/11/26 56.6 59.1 56.5 58.5 3742 0 0 0 0 0 0 0 0 0 
2013/11/27 59.5 60.7 58.1 58.3 3882 0 0 0 0 0 0 0 0 0 
2013/11/28 58.7 59.4 58.3 59.1 1814 0 0 0 0 0 0 0 0 0 
2013/11/29 59.4 61 59 59.2 2199 0 0 0 0 0 0 0 0 0 
2013/12/02 60.2 60.3 59.3 59.3 1687 0 0 0 0 0 0 0 0 0 
2013/12/03 60 60 59.2 59.4 1490 0 0 0 0 0 0 0 0 0 
2013/12/04 59.5 62.4 59.4 61.5 3649 0 0 0 0 0 0 0 0 0 
2013/12/05 61.9 62.9 60.3 60.3 2513 0 0 0 0 0 0 0 0 0 
2013/12/06 60.4 61.3 60.3 60.6 1412 0 0 0 0 0 0 0 0 0 
2013/12/09 61.5 61.5 58 58.4 2190 0 0 0 0 0 0 0 0 0 
2013/12/10 58.7 59.6 58.3 59.2 1387 0 0 0 0 0 0 0 0 0 
2013/12/11 59 59.1 57.5 57.6 1172 0 0 0 0 0 0 0 0 0 
2013/12/12 56.9 56.9 55.6 56.3 1614 0 0 0 0 0 0 0 0 0 
2013/12/13 56 57.5 55 56 1295 0 0 0 0 0 0 0 0 0 
2013/12/16 55.9 56.4 55.4 56 631 0 0 0 0 0 0 0 0 0 
2013/12/17 56.4 56.7 56 56.3 411 0 0 0 0 0 0 0 0 0 
2013/12/18 56.5 56.5 54 54.8 2216 0 0 0 0 0 0 0 0 0 
2013/12/19 55 55.5 54.5 54.6 1080 0 0 0 0 0 0 0 0 0 
2013/12/20 54.6 56.1 54.6 55.5 891 0 0 0 0 0 0 0 0 0 
2013/12/23 56.2 57.4 55.8 56.5 1480 0 0 0 0 0 0 0 0 0 
2013/12/24 57.1 57.6 56.5 56.5 976 0 0 0 0 0 0 0 0 0 
2013/12/25 56.5 56.9 56 56 842 0 0 0 0 0 0 0 0 0 
2013/12/26 56.5 56.8 55.8 55.8 681 0 0 0 0 0 0 0 0 0 
2013/12/27 55.8 56.3 55.4 55.7 558 0 0 0 0 0 0 0 0 0 
2013/12/30 56 57.3 55.8 57 1019 0 0 0 0 0 0 0 0 0 
2013/12/31 57.3 58.3 56.6 57.4 1906 0 0 0 0 0 0 0 0 0 
2014/01/02 57.5 58.6 57.5 57.5 1013 0 0 0 0 0 0 0 0 0 
2014/01/03 57 57.9 56.5 56.5 977 0 0 0 0 0 0 0 0 0 
2014/01/06 56.5 56.5 55.1 55.2 902 0 0 0 0 0 0 0 0 0 
2014/01/07 55 55.8 55 55.7 442 0 0 0 0 0 0 0 0 0 
2014/01/08 55.8 57.1 55.8 56.3 802 0 0 0 0 0 0 0 0 0 
2014/01/09 59.9 59.9 57.2 57.8 2377 0 0 0 0 0 0 0 0 0 
2014/01/10 58.3 58.9 57.9 58 1590 0 0 0 0 0 0 0 0 0 
2014/01/13 59 59.3 58 58 643 0 0 0 0 0 0 0 0 0 
2014/01/14 58.2 58.5 57.3 57.9 503 0 0 0 0 0 0 0 0 0 
2014/01/15 58.4 59.8 58.2 58.9 1922 0 0 0 0 0 0 0 0 0 
2014/01/16 60.4 61.2 59.5 60.6 3618 0 0 0 0 0 0 0 0 0 
2014/01/17 60.6 60.6 58.4 58.6 1542 0 0 0 0 0 0 0 0 0 
2014/01/20 58.6 58.6 57.9 58.1 858 0 0 0 0 0 0 0 0 0 
2014/01/21 58.3 58.4 57.3 57.5 714 0 0 0 0 0 0 0 0 0 
2014/01/22 57.6 58.2 57.1 57.1 545 0 0 0 0 0 0 0 0 0 
2014/01/23 57.1 57.6 56.2 56.4 879 0 0 0 0 0 0 0 0 0 
2014/01/24 56 56.6 56 56.1 306 0 0 0 0 0 0 0 0 0 
2014/01/27 55.5 55.8 54.8 54.8 793 0 0 0 0 0 0 0 0 0 
2014/02/05 54.1 55 53.5 55 399 0 0 0 0 0 0 0 0 0 
2014/02/06 55.6 55.8 55.1 55.5 265 0 0 0 0 0 0 0 0 0 
2014/02/07 56.1 56.1 55.5 55.5 353 0 0 0 0 0 0 0 0 0 
2014/02/10 51.7 52.8 51.7 52 2212 0 0 0 0 0 0 0 0 0 
2014/02/11 51.7 52.6 51.1 52.3 503 0 0 0 0 0 0 0 0 0 
2014/02/12 52.8 53 52 52.3 488 0 0 0 0 0 0 0 0 0 
2014/02/13 52.5 52.5 51.7 51.7 459 0 0 0 0 0 0 0 0 0 
2014/02/14 51.9 52.6 51.8 51.8 399 0 0 0 0 0 0 0 0 0 
2014/02/17 52.5 53 52.3 52.8 459 0 0 0 0 0 0 0 0 0 
2014/02/18 53.4 55.5 53 55.4 2025 0 0 0 0 0 0 0 0 0 
2014/02/19 56.5 57 55.7 56.1 3495 0 0 0 0 0 0 0 0 0 
2014/02/20 56.3 57.4 55.3 55.3 2155 0 0 0 0 0 0 0 0 0 
2014/02/21 55.5 56.4 55.5 55.5 766 0 0 0 0 0 0 0 0 0 
2014/02/24 56.5 56.5 55.3 55.3 492 0 0 0 0 0 0 0 0 0 
2014/02/25 55.6 56 54.6 54.6 706 0 0 0 0 0 0 0 0 0 
2014/02/26 54.6 55.6 54.6 55 476 0 0 0 0 0 0 0 0 0 
2014/02/27 55 57.2 55 55.7 1519 0 0 0 0 0 0 0 0 0 
2014/03/03 56 56.1 54.9 55.1 509 0 0 0 0 0 0 0 0 0 
2014/03/04 55 55.6 54.6 54.8 523 0 0 0 0 0 0 0 0 0 
2014/03/05 55.4 57.3 55.3 57 1505 0 0 0 0 0 0 0 0 0 
2014/03/06 57.9 59.5 57.1 58 3119 0 0 0 0 0 0 0 0 0 
2014/03/07 58.5 59.2 56.7 57.1 1676 0 0 0 0 0 0 0 0 0 
2014/03/10 57.4 59.5 57.4 59 2683 0 0 0 0 0 0 0 0 0 
2014/03/11 60 60 58.9 59.3 2507 0 0 0 0 0 0 0 0 0 
2014/03/12 59.1 60.2 58.7 59.3 1930 0 0 0 0 0 0 0 0 0 
2014/03/13 60 62.5 60 60.8 5493 0 0 0 0 0 0 0 0 0 
2014/03/14 61 63 61 61.7 4050 0 0 0 0 0 0 0 0 0 
2014/03/17 62 62.2 60 60.4 2086 0 0 0 0 0 0 0 0 0 
2014/03/18 60.8 61 59.2 59.8 1425 0 0 0 0 0 0 0 0 0 
2014/03/19 60 60.4 59.2 59.4 824 0 0 0 0 0 0 0 0 0 
2014/03/20 59.5 59.9 58 59.5 1101 0 0 0 0 0 0 0 0 0 
2014/03/21 60.4 60.4 58.1 58.9 773 0 0 0 0 0 0 0 0 0 
2014/03/24 58.9 58.9 56.5 58.9 787 0 0 0 0 0 0 0 0 0 
2014/03/25 58.6 60.8 58.2 60.8 1246 0 0 0 0 0 0 0 0 0 
2014/03/26 61 62 60.1 62 3052 0 0 0 0 0 0 0 0 0 
2014/03/27 62.4 63.4 62 62 3654 0 0 0 0 0 0 0 0 0 
2014/03/28 61.9 61.9 60.5 61 1623 0 0 0 0 0 0 0 0 0 
2014/03/31 61 61 59.8 60.5 556 0 0 0 0 0 0 0 0 0 
2014/04/01 60.3 62.3 60 60.6 854 0 0 0 0 0 0 0 0 0 
2014/04/02 61.5 62.9 61 62.5 1848 0 0 0 0 0 0 0 0 0 
2014/04/03 63 63.8 62 62.7 2153 0 0 0 0 0 0 0 0 0 
2014/04/07 62.7 63.8 62.7 63 1525 0 0 0 0 0 0 0 0 0 
2014/04/08 63.2 63.5 62 62.2 930 0 0 0 0 0 0 0 0 0 
2014/04/09 62.2 62.7 61.6 62.3 771 0 0 0 0 0 0 0 0 0 
2014/04/10 62.5 62.9 61 61.8 1142 0 0 0 0 0 0 0 0 0 
2014/04/11 60.8 61 59.5 59.9 1445 0 0 0 0 0 0 0 0 0 
2014/04/14 60 60 58.6 59 887 0 0 0 0 0 0 0 0 0 
2014/04/15 59.5 60.4 59.3 59.5 897 0 0 0 0 0 0 0 0 0 
2014/04/16 59.6 60.1 58.9 59.6 898 0 0 0 0 0 0 0 0 0 
2014/04/17 59.5 59.6 58.4 58.8 702 0 0 0 0 0 0 0 0 0 
2014/04/18 59.2 60.3 59.2 59.3 1627 0 0 0 0 0 0 0 0 0 
2014/04/21 59.5 59.5 58.4 58.7 594 0 0 0 0 0 0 0 0 0 
2014/04/22 59.2 59.5 58.7 59.1 523 0 0 0 0 0 0 0 0 0 
2014/04/23 59.1 61.6 59.1 60.5 1955 0 0 0 0 0 0 0 0 0 
2014/04/24 61.2 61.2 59.5 59.6 848 0 0 0 0 0 0 0 0 0 
2014/04/25 59.5 60 57.4 57.9 1022 0 0 0 0 0 0 0 0 0 
2014/04/28 54.5 56.6 54.3 56 1721 0 0 0 0 0 0 0 0 0 
2014/04/29 56.3 57.6 56.3 56.9 710 0 0 0 0 0 0 0 0 0 
2014/04/30 57.1 57.2 56.1 56.2 313 0 0 0 0 0 0 0 0 0 
2014/05/02 56.2 57.5 56.2 57.2 394 0 0 0 0 0 0 0 0 0 
2014/05/05 57.8 57.8 56.4 57 245 0 0 0 0 0 0 0 0 0 
2014/05/06 57 58.1 56.6 57.2 350 0 0 0 0 0 0 0 0 0 
2014/05/07 57 58 56.7 57 487 0 0 0 0 0 0 0 0 0 
2014/05/08 57 57.5 56.5 56.5 405 0 0 0 0 0 0 0 0 0 
2014/05/09 56.5 56.9 56.2 56.9 182 0 0 0 0 0 0 0 0 0 
2014/05/12 56.9 56.9 55.1 55.5 202 0 0 0 0 0 0 0 0 0 
2014/05/13 56 56 54.6 54.6 284 0 0 0 0 0 0 0 0 0 
2014/05/14 55 55.5 54.2 55.3 244 0 0 0 0 0 0 0 0 0 
2014/05/15 55.2 55.5 54.7 55.5 80 0 0 0 0 0 0 0 0 0 
2014/05/16 55.5 56.1 54.7 55.5 277 0 0 0 0 0 0 0 0 0 
2014/05/19 55.6 56 55.2 55.3 132 0 0 0 0 0 0 0 0 0 
2014/05/20 56 56 55.2 55.5 107 0 0 0 0 0 0 0 0 0 
2014/05/21 55.6 56 54.8 55 145 0 0 0 0 0 0 0 0 0 
2014/05/22 55.3 55.6 55.1 55.2 108 0 0 0 0 0 0 0 0 0 
2014/05/23 55.8 55.8 55.1 55.2 195 0 0 0 0 0 0 0 0 0 
2014/05/26 55.4 57.4 55.4 56.5 363 0 0 0 0 0 0 0 0 0 
2014/05/27 56.5 56.5 55.6 56 168 0 0 0 0 0 0 0 0 0 
2014/05/28 56.4 57.7 56 56.6 602 0 0 0 0 0 0 0 0 0 
2014/05/29 57 57.5 56 56.2 219 0 0 0 0 0 0 0 0 0 
2014/05/30 56.9 56.9 55.8 55.9 324 0 0 0 0 0 0 0 0 0 
2014/06/03 56 56.5 55.8 55.9 118 0 0 0 0 0 0 0 0 0 
2014/06/04 56.4 56.6 55.7 55.8 198 0 0 0 0 0 0 0 0 0 
2014/06/05 55.8 56.4 55.5 55.7 283 0 0 0 0 0 0 0 0 0 
2014/06/06 56 58.4 56 58.3 2229 0 0 0 0 0 0 0 0 0 
2014/06/09 59 59.3 58 58.3 694 0 0 0 0 0 0 0 0 0 
2014/06/10 58.3 58.9 57.5 57.7 208 0 0 0 0 0 0 0 0 0 
2014/06/11 58.3 58.4 57.2 57.2 428 0 0 0 0 0 0 0 0 0 
2014/06/12 57.3 57.7 56.3 56.6 335 0 0 0 0 0 0 0 0 0 
2014/06/13 56.4 57.2 56.3 56.7 137 0 0 0 0 0 0 0 0 0 
2014/06/16 57 57.2 56.4 56.5 193 0 0 0 0 0 0 0 0 0 
2014/06/17 56.5 56.9 56.3 56.3 175 0 0 0 0 0 0 0 0 0 
2014/06/18 57 57 56.1 56.6 240 0 0 0 0 0 0 0 0 0 
2014/06/19 56.6 56.6 56.3 56.3 130 0 0 0 0 0 0 0 0 0 
2014/06/20 56.3 56.7 55.8 56 199 0 0 0 0 0 0 0 0 0 
2014/06/23 56 56.2 54.7 55.1 295 0 0 0 0 0 0 0 0 0 
2014/06/24 55.1 55.1 54.5 54.8 223 0 0 0 0 0 0 0 0 0 
2014/06/25 54.8 55.6 54.6 55.1 140 0 0 0 0 0 0 0 0 0 
2014/06/26 55.1 55.7 55.1 55.4 190 0 0 0 0 0 0 0 0 0 
2014/06/27 55.8 55.8 55.2 55.6 95 0 0 0 0 0 0 0 0 0 
2014/06/30 55.6 56 55.5 55.6 101 0 0 0 0 0 0 0 0 0 
2014/07/01 55.6 55.6 55 55.1 209 0 0 0 0 0 0 0 0 0 
2014/07/02 55.4 56.8 55.3 55.6 415 0 0 0 0 0 0 0 0 0 
2014/07/03 55.6 56.5 55.4 55.7 183 0 0 0 0 0 0 0 0 0 
2014/07/04 55.9 56.3 55.5 55.7 73 0 0 0 0 0 0 0 0 0 
2014/07/07 55.7 55.7 55.2 55.2 97 0 0 0 0 0 0 0 0 0 
2014/07/08 55.3 55.8 55 55.2 133 0 0 0 0 0 0 0 0 0 
2014/07/09 55.2 55.7 55.2 55.2 70 0 0 0 0 0 0 0 0 0 
2014/07/10 55.4 55.9 54.4 54.8 364 0 0 0 0 0 0 0 0 0 
2014/07/11 55 55.5 54.3 55 190 0 0 0 0 0 0 0 0 0 
2014/07/14 55.6 55.8 55.1 55.6 212 0 0 0 0 0 0 0 0 0 
2014/07/15 56.2 57.1 56.2 56.4 420 0 0 0 0 0 0 0 0 0 
2014/07/16 56.6 56.6 55.9 56.1 122 0 0 0 0 0 0 0 0 0 
2014/07/17 56.1 58.2 55.9 57.7 1035 0 0 0 0 0 0 0 0 0 
2014/07/18 57.5 58.8 57.1 58.1 818 0 0 0 0 0 0 0 0 0 
2014/07/21 58.5 58.8 58 58.8 520 0 0 0 0 0 0 0 0 0 
2014/07/22 59 59 58.1 58.1 381 0 0 0 0 0 0 0 0 0 
2014/07/24 58 58.7 58 58.2 419 0 0 0 0 0 0 0 0 0 
2014/07/25 58.2 58.4 57.6 58 167 0 0 0 0 0 0 0 0 0 
2014/07/28 58 58.2 57.7 57.8 128 0 0 0 0 0 0 0 0 0 
2014/07/29 58 58.7 57.6 57.7 401 0 0 0 0 0 0 0 0 0 
2014/07/30 57.7 58 57.6 57.8 126 0 0 0 0 0 0 0 0 0 
2014/07/31 57.8 58.5 57.5 57.8 176 0 0 0 0 0 0 0 0 0 
2014/08/01 57.8 58.4 57.7 58 200 0 0 0 0 0 0 0 0 0 
2014/08/04 58.5 58.5 58 58.5 156 0 0 0 0 0 0 0 0 0 
2014/08/05 58.8 59.2 58.7 58.8 415 0 0 0 0 0 0 0 0 0 
2014/08/06 59 59.2 58.1 58.5 308 0 0 0 0 0 0 0 0 0 
2014/08/07 58.5 59.8 58.5 58.5 471 0 0 0 0 0 0 0 0 0 
2014/08/08 58.5 58.5 57 57.5 385 0 0 0 0 0 0 0 0 0 
2014/08/11 54.5 56.4 54 55.7 888 0 0 0 0 0 0 0 0 0 
2014/08/12 55.7 56.2 55.6 55.6 251 0 0 0 0 0 0 0 0 0 
2014/08/13 55.6 56 55.2 55.5 186 0 0 0 0 0 0 0 0 0 
2014/08/14 56.4 58.4 56 56.7 647 0 0 0 0 0 0 0 0 0 
2014/08/15 56.7 57.8 56.7 57 213 0 0 0 0 0 0 0 0 0 
2014/08/18 57.5 57.6 56.3 56.5 290 0 0 0 0 0 0 0 0 0 
2014/08/19 57 57.3 56.5 57.3 364 0 0 0 0 0 0 0 0 0 
2014/08/20 57.5 58.1 56.6 56.9 321 0 0 0 0 0 0 0 0 0 
2014/08/21 57 57.4 56.7 56.8 156 0 0 0 0 0 0 0 0 0 
2014/08/22 56.8 57.4 56.8 56.9 126 0 0 0 0 0 0 0 0 0 
2014/08/25 56.9 57.2 56.1 56.4 144 0 0 0 0 0 0 0 0 0 
2014/08/26 56.1 57 56 57 254 0 0 0 0 0 0 0 0 0 
2014/08/27 57.2 59.5 57.2 59.5 1762 0 0 0 0 0 0 0 0 0 
2014/08/28 59.6 59.9 58.3 58.6 658 0 0 0 0 0 0 0 0 0 
2014/08/29 59.4 61.5 58.7 60.2 1353 0 0 0 0 0 0 0 0 0 
2014/09/01 62.4 62.4 61 62 1618 0 0 0 0 0 0 0 0 0 
2014/09/02 62.6 62.9 61.4 62.1 1139 0 0 0 0 0 0 0 0 0 
2014/09/03 62.9 63.4 62.2 62.4 1165 0 0 0 0 0 0 0 0 0 
2014/09/04 62.4 63.8 61.4 62.8 1709 0 0 0 0 0 0 0 0 0 
2014/09/05 63 65.5 62 64.7 1916 0 0 0 0 0 0 0 0 0 
2014/09/09 65 66.3 64.7 65.2 1314 0 0 0 0 0 0 0 0 0 
2014/09/10 65 65.7 63 64.5 1666 0 0 0 0 0 0 0 0 0 
2014/09/11 65 65.7 63.6 64.2 1350 0 0 0 0 0 0 0 0 0 
2014/09/12 64.4 65.2 63.6 64.8 1466 0 0 0 0 0 0 0 0 0 
2014/09/15 64.7 67.2 64 66.5 1244 0 0 0 0 0 0 0 0 0 
2014/09/16 66.9 67.6 65.4 67.4 1406 0 0 0 0 0 0 0 0 0 
2014/09/17 67.4 68.6 66.8 67.7 1266 0 0 0 0 0 0 0 0 0 
2014/09/18 67.8 68.4 67.1 67.9 930 0 0 0 0 0 0 0 0 0 
2014/09/19 68.5 69.5 68.2 69.3 1890 0 0 0 0 0 0 0 0 0 
2014/09/22 70.4 70.4 68.8 69.7 1218 0 0 0 0 0 0 0 0 0 
2014/09/23 69.7 69.9 67.1 67.8 1294 0 0 0 0 0 0 0 0 0 
2014/09/24 67.8 69.3 67.2 69 691 0 0 0 0 0 0 0 0 0 
2014/09/25 69.4 69.4 67 67 797 0 0 0 0 0 0 0 0 0 
2014/09/26 66.5 66.5 64.8 66.1 709 0 0 0 0 0 0 0 0 0 
2014/09/29 66.7 66.8 65.5 66.4 440 0 0 0 0 0 0 0 0 0 
2014/09/30 66.7 66.7 65.6 66.2 298 0 0 0 0 0 0 0 0 0 
2014/10/01 66 66.7 65.8 66.5 438 0 0 0 0 0 0 0 0 0 
2014/10/02 66.5 67.9 65.7 67.9 569 0 0 0 0 0 0 0 0 0 
2014/10/03 68.1 68.1 66 66 928 0 0 0 0 0 0 0 0 0 
2014/10/06 66 66.2 64 65.4 816 0 0 0 0 0 0 0 0 0 
2014/10/07 65.4 65.4 64.4 64.4 507 0 0 0 0 0 0 0 0 0 
2014/10/08 64.1 65.8 64.1 64.6 588 0 0 0 0 0 0 0 0 0 
2014/10/09 64.6 65.8 64.1 64.5 338 0 0 0 0 0 0 0 0 0 
2014/10/13 63.4 66.7 62.4 65.5 1535 0 0 0 0 0 0 0 0 0 
2014/10/14 66.2 68.2 65.3 67.8 1624 0 0 0 0 0 0 0 0 0 
2014/10/15 67.9 68.3 66.5 66.8 717 0 0 0 0 0 0 0 0 0 
2014/10/16 66.3 68.8 65.3 68.5 1469 0 0 0 0 0 0 0 0 0 
2014/10/17 68.8 72 65.7 65.7 4075 0 0 0 0 0 0 0 0 0 
2014/10/20 67 67.8 65.5 66.5 911 0 0 0 0 0 0 0 0 0 
2014/10/21 66.5 67.9 66 67.6 922 0 0 0 0 0 0 0 0 0 
2014/10/22 68.5 69.8 68 68.1 1388 0 0 0 0 0 0 0 0 0 
2014/10/23 67 67.5 65 67.4 1489 0 0 0 0 0 0 0 0 0 
2014/10/24 68 68.4 66.5 66.5 758 0 0 0 0 0 0 0 0 0 
2014/10/27 66.4 66.4 63.1 63.5 1294 0 0 0 0 0 0 0 0 0 
2014/10/28 65 66 64.3 65.3 635 0 0 0 0 0 0 0 0 0 
2014/10/29 66.3 66.3 64.8 65.4 466 0 0 0 0 0 0 0 0 0 
2014/10/30 66.2 67.2 64.8 65.6 890 0 0 0 0 0 0 0 0 0 
2014/10/31 67 67.1 63.3 64.5 1416 0 0 0 0 0 0 0 0 0 
2014/11/03 65 66.3 64.6 64.8 617 0 0 0 0 0 0 0 0 0 
2014/11/04 64.8 64.8 63.8 64.1 516 0 0 0 0 0 0 0 0 0 
2014/11/05 64.1 64.3 62.6 62.8 602 0 0 0 0 0 0 0 0 0 
2014/11/06 62.8 62.8 60.3 61.5 1073 0 0 0 0 0 0 0 0 0 
2014/11/07 61.5 62 59.5 61 980 0 0 0 0 0 0 0 0 0 
2014/11/10 61 62.5 59.6 61.8 781 0 0 0 0 0 0 0 0 0 
2014/11/11 61.8 61.8 60.2 60.3 636 0 0 0 0 0 0 0 0 0 
2014/11/12 60.1 61.3 60.1 61 626 0 0 0 0 0 0 0 0 0 
2014/11/13 61.5 61.5 60.3 60.9 460 0 0 0 0 0 0 0 0 0 
2014/11/14 60.7 61.4 59.8 61.2 638 0 0 0 0 0 0 0 0 0 
2014/11/17 61.5 62 60.2 60.4 642 0 0 0 0 0 0 0 0 0 
2014/11/18 60.5 60.7 59.3 60 430 0 0 0 0 0 0 0 0 0 
2014/11/19 60.1 61.1 59.8 60.2 358 0 0 0 0 0 0 0 0 0 
2014/11/20 60.4 61.3 60 60.2 316 0 0 0 0 0 0 0 0 0 
2014/11/21 60.5 61 60.1 60.9 201 0 0 0 0 0 0 0 0 0 
2014/11/24 61 61.8 60.8 61 288 0 0 0 0 0 0 0 0 0 
2014/11/25 61.2 61.6 60.4 60.4 240 0 0 0 0 0 0 0 0 0 
2014/11/26 60.6 61.5 60.5 61 217 0 0 0 0 0 0 0 0 0 
2014/11/27 61.4 61.4 60.6 60.6 132 0 0 0 0 0 0 0 0 0 
2014/11/28 61 61 60 60.2 206 0 0 0 0 0 0 0 0 0 
2014/12/01 59.8 64.4 59.8 63.2 1866 0 0 0 0 0 0 0 0 0 
2014/12/02 63 64.1 62.5 63 1148 0 0 0 0 0 0 0 0 0 
2014/12/03 63.2 64.5 62.2 62.5 734 0 0 0 0 0 0 0 0 0 
2014/12/04 63.5 64.5 62.8 64 860 0 0 0 0 0 0 0 0 0 
2014/12/05 64.5 64.7 63.6 63.9 596 0 0 0 0 0 0 0 0 0 
2014/12/08 64.4 64.5 63.6 63.9 426 0 0 0 0 0 0 0 0 0 
2014/12/09 64.4 64.6 63.2 63.2 248 0 0 0 0 0 0 0 0 0 
2014/12/10 64.4 64.7 61.6 61.6 1018 0 0 0 0 0 0 0 0 0 
2014/12/11 60.9 61.8 60.3 60.7 509 0 0 0 0 0 0 0 0 0 
2014/12/12 61.6 63 61.5 61.8 406 0 0 0 0 0 0 0 0 0 
2014/12/15 60.5 62.5 60.5 62.5 177 0 0 0 0 0 0 0 0 0 
2014/12/16 62.6 62.6 61.2 61.3 141 0 0 0 0 0 0 0 0 0 
2014/12/17 62.6 62.6 61.3 61.6 418 0 0 0 0 0 0 0 0 0 
2014/12/18 62.1 63.9 61.3 61.3 552 0 0 0 0 0 0 0 0 0 
2014/12/19 63 63 60.8 60.9 353 0 0 0 0 0 0 0 0 0 
2014/12/22 61.9 61.9 60.9 61.1 120 0 0 0 0 0 0 0 0 0 
2014/12/23 61.4 61.4 60.5 61 187 0 0 0 0 0 0 0 0 0 
2014/12/24 61 61.9 61 61.9 355 0 0 0 0 0 0 0 0 0 
2014/12/25 62.3 62.3 61.8 62 119 0 0 0 0 0 0 0 0 0 
2014/12/26 62.5 63 61.9 62.3 241 0 0 0 0 0 0 0 0 0 
2014/12/27 62.3 62.3 61.8 61.9 87 0 0 0 0 0 0 0 0 0 
2014/12/29 62.1 62.5 61.5 61.5 140 0 0 0 0 0 0 0 0 0 
2014/12/30 61.8 62 61.3 62 108 0 0 0 0 0 0 0 0 0 
2014/12/31 62.2 64.2 61.8 62 644 0 0 0 0 0 0 0 0 0 
2015/01/05 62 62.1 61.4 61.8 101 0 0 0 0 0 0 0 0 0 
2015/01/06 61.6 61.9 60.6 61.5 224 0 0 0 0 0 0 0 0 0 
2015/01/07 61 61.4 61 61.4 100 0 0 0 0 0 0 0 0 0 
2015/01/08 61.6 61.9 60.7 60.7 148 0 0 0 0 0 0 0 0 0 
2015/01/09 61 61.4 60.9 61.1 89 0 0 0 0 0 0 0 0 0 
2015/01/12 61.3 61.6 60 60.3 472 0 0 0 0 0 0 0 0 0 
2015/01/13 60.8 60.8 60.1 60.1 175 0 0 0 0 0 0 0 0 0 
2015/01/14 60.1 60.3 59.5 59.6 215 0 0 0 0 0 0 0 0 0 
2015/01/15 59.7 60 59.4 59.9 173 0 0 0 0 0 0 0 0 0 
2015/01/16 62 64 62 63 3577 0 0 0 0 0 0 0 0 0 
2015/01/19 63 63.6 62.2 63.5 783 0 0 0 0 0 0 0 0 0 
2015/01/20 63.5 63.5 62.9 63.3 275 0 0 0 0 0 0 0 0 0 
2015/01/21 64 65.1 63.2 63.5 1300 0 0 0 0 0 0 0 0 0 
2015/01/22 63.5 64.8 63.3 64.7 590 0 0 0 0 0 0 0 0 0 
2015/01/23 65.5 65.5 64.1 64.1 530 0 0 0 0 0 0 0 0 0 
2015/01/26 64.3 64.8 63.5 63.5 227 0 0 0 0 0 0 0 0 0 
2015/01/27 63.6 64 62.7 63 298 0 0 0 0 0 0 0 0 0 
2015/01/28 63 64.2 62.6 63 298 0 0 0 0 0 0 0 0 0 
2015/01/29 63.5 64.6 63.1 64 627 0 0 0 0 0 0 0 0 0 
2015/01/30 64.9 65 63.1 63.1 428 0 0 0 0 0 0 0 0 0 
2015/02/02 63.1 63.4 62.5 62.6 213 0 0 0 0 0 0 0 0 0 
2015/02/03 63.8 63.9 63 63.4 131 0 0 0 0 0 0 0 0 0 
2015/02/04 63 63.4 62.8 62.8 137 0 0 0 0 0 0 0 0 0 
2015/02/05 63.7 63.7 62.8 63.1 58 0 0 0 0 0 0 0 0 0 
2015/02/06 63.3 63.3 62.8 63 68 0 0 0 0 0 0 0 0 0 
2015/02/09 63.5 63.5 62.8 62.9 92 0 0 0 0 0 0 0 0 0 
2015/02/10 63.5 63.5 62.8 63 128 0 0 0 0 0 0 0 0 0 
2015/02/11 63.5 64.9 61.1 62.8 877 0 0 0 0 0 0 0 0 0 
2015/02/12 63.5 63.7 62.7 62.9 224 0 0 0 0 0 0 0 0 0 
2015/02/13 63 63 62.3 62.5 242 0 0 0 0 0 0 0 0 0 
2015/02/24 63 63 62.7 62.8 152 0 0 0 0 0 0 0 0 0 
2015/02/25 62.9 63 62.6 62.6 107 0 0 0 0 0 0 0 0 0 
2015/02/26 62.7 63 62.7 62.9 103 0 0 0 0 0 0 0 0 0 
2015/03/02 63.4 63.4 61.3 62.5 262 0 0 0 0 0 0 0 0 0 
2015/03/03 62.7 62.8 61.4 61.6 282 0 0 0 0 0 0 0 0 0 
2015/03/04 61.6 61.6 59.9 60.7 772 0 0 0 0 0 0 0 0 0 
2015/03/05 61.3 61.3 60.3 60.3 244 0 0 0 0 0 0 0 0 0 
2015/03/06 60.3 60.7 59.9 60.3 432 0 0 0 0 0 0 0 0 0 
2015/03/09 60.4 60.8 60 60.2 372 0 0 0 0 0 0 0 0 0 
2015/03/10 60.3 60.8 59.5 59.5 431 0 0 0 0 0 0 0 0 0 
2015/03/11 59.6 59.9 58.3 58.5 684 0 0 0 0 0 0 0 0 0 
2015/03/12 58.6 59.5 57 59.1 692 0 0 0 0 0 0 0 0 0 
2015/03/13 59.5 59.9 58.1 58.2 314 0 0 0 0 0 0 0 0 0 
2015/03/16 58.2 59.9 58.1 59.8 413 0 0 0 0 0 0 0 0 0 
2015/03/17 60 60.3 59.6 60 209 0 0 0 0 0 0 0 0 0 
2015/03/18 60.5 60.5 59.5 60.5 280 0 0 0 0 0 0 0 0 0 
2015/03/19 60.7 60.7 60 60.3 193 0 0 0 0 0 0 0 0 0 
2015/03/20 60.5 60.5 59.8 60.3 216 0 0 0 0 0 0 0 0 0 
2015/03/23 60.4 60.4 59.6 60.3 213 0 0 0 0 0 0 0 0 0 
2015/03/24 60.3 60.3 59.5 60 47 0 0 0 0 0 0 0 0 0 
2015/03/25 59.5 59.6 59 59.2 118 0 0 0 0 0 0 0 0 0 
2015/03/26 58.9 59.8 58.3 58.4 122 0 0 0 0 0 0 0 0 0 
2015/03/27 58.8 59.4 58 58.3 147 0 0 0 0 0 0 0 0 0 
2015/03/30 58.3 58.6 57.3 57.5 298 0 0 0 0 0 0 0 0 0 
2015/03/31 57.5 57.6 56.9 57.2 124 0 0 0 0 0 0 0 0 0 
2015/04/01 57.1 57.2 56 56.9 187 0 0 0 0 0 0 0 0 0 
2015/04/02 56.9 58.3 56.9 57.4 101 0 0 0 0 0 0 0 0 0 
2015/04/07 58.2 58.2 57.1 57.8 98 0 0 0 0 0 0 0 0 0 
2015/04/08 59.1 59.8 58.1 58.1 135 0 0 0 0 0 0 0 0 0 
2015/04/09 58.3 58.6 57.5 57.9 91 0 0 0 0 0 0 0 0 0 
2015/04/10 58 58.7 57.5 58.2 173 0 0 0 0 0 0 0 0 0 
2015/04/13 59.7 59.8 58.9 59.1 275 0 0 0 0 0 0 0 0 0 
2015/04/14 60 60.1 59.2 59.2 119 0 0 0 0 0 0 0 0 0 
2015/04/15 59.5 60.1 58.9 59.6 355 0 0 0 0 0 0 0 0 0 
2015/04/16 59.1 60.3 59.1 60.1 300 0 0 0 0 0 0 0 0 0 
2015/04/17 59.8 60.3 59.3 60 201 0 0 0 0 0 0 0 0 0 
2015/04/20 60 60.7 59.5 60.1 640 0 0 0 0 0 0 0 0 0 
2015/04/21 60.1 60.1 58.6 59.4 239 0 0 0 0 0 0 0 0 0 
2015/04/22 59.4 59.7 59.3 59.7 53 0 0 0 0 0 0 0 0 0 
2015/04/23 59.6 60 59.3 59.8 150 0 0 0 0 0 0 0 0 0 
2015/04/24 60.8 61.2 60 60 663 0 0 0 0 0 0 0 0 0 
2015/04/27 60.4 60.7 59.9 59.9 117 0 0 0 0 0 0 0 0 0 
2015/04/28 60.1 60.3 59.6 59.9 109 0 0 0 0 0 0 0 0 0 
2015/04/29 59.8 60.5 58.7 58.7 357 0 0 0 0 0 0 0 0 0 
2015/04/30 59 59.2 58.2 58.9 178 0 0 0 0 0 0 0 0 0 
2015/05/04 59.7 59.7 58.7 59.1 91 0 0 0 0 0 0 0 0 0 
2015/05/05 59.1 59.5 58.8 59.3 75 0 0 0 0 0 0 0 0 0 
2015/05/06 59.1 59.5 58.9 59.4 104 0 0 0 0 0 0 0 0 0 
2015/05/07 59.2 59.5 58.9 59.2 132 0 0 0 0 0 0 0 0 0 
2015/05/08 59.4 59.8 57.3 58.4 187 0 0 0 0 0 0 0 0 0 
2015/05/11 58.6 58.6 56.1 56.2 225 0 0 0 0 0 0 0 0 0 
2015/05/12 55.8 56.3 55.5 55.9 60 0 0 0 0 0 0 0 0 0 
2015/05/13 55.9 57 55.9 56.6 45 0 0 0 0 0 0 0 0 0 
2015/05/14 56.7 56.7 56 56.7 47 0 0 0 0 0 0 0 0 0 
2015/05/15 56.7 56.7 55.5 56.4 97 0 0 0 0 0 0 0 0 0 
2015/05/18 56.2 56.4 55.2 56.2 125 0 0 0 0 0 0 0 0 0 
2015/05/19 56 56.1 54.6 55.1 178 0 0 0 0 0 0 0 0 0 
2015/05/20 55.4 55.8 54.3 55.3 263 0 0 0 0 0 0 0 0 0 
2015/05/21 55.9 55.9 54.8 55.2 96 0 0 0 0 0 0 0 0 0 
2015/05/22 55.2 59 55.2 56 538 0 0 0 0 0 0 0 0 0 
2015/05/25 56 56.5 55.5 56.5 91 0 0 0 0 0 0 0 0 0 
2015/05/26 56.4 56.4 55.4 55.5 108 0 0 0 0 0 0 0 0 0 
2015/05/27 55.2 57 54.9 55.1 186 0 0 0 0 0 0 0 0 0 
2015/05/28 55.3 55.6 53.7 55 294 0 0 0 0 0 0 0 0 0 
2015/05/29 54.5 54.5 53.7 54.1 88 0 0 0 0 0 0 0 0 0 
2015/06/01 54.2 56.4 53.6 55 346 0 0 0 0 0 0 0 0 0 
2015/06/02 55 56.7 55 56.3 464 0 0 0 0 0 0 0 0 0 
2015/06/03 57 57.5 56.6 57 256 0 0 0 0 0 0 0 0 0 
2015/06/04 57 58.2 56.7 57.6 349 0 0 0 0 0 0 0 0 0 
2015/06/05 57.6 58.1 55.8 57 189 0 0 0 0 0 0 0 0 0 
2015/06/08 57.2 57.4 56.4 57.3 289 0 0 0 0 0 0 0 0 0 
2015/06/09 57.6 57.6 52.5 53.1 520 0 0 0 0 0 0 0 0 0 
2015/06/10 53.1 57.1 53.1 56.2 361 0 0 0 0 0 0 0 0 0 
2015/06/11 57 57.3 55.9 57 309 0 0 0 0 0 0 0 0 0 
2015/06/12 57 58 56.8 57.8 298 0 0 0 0 0 0 0 0 0 
2015/06/15 58.2 59.5 58.1 58.9 221 0 0 0 0 0 0 0 0 0 
2015/06/16 58.5 60 58.4 58.4 382 0 0 0 0 0 0 0 0 0 
2015/06/17 59 59.5 58.5 58.8 215 0 0 0 0 0 0 0 0 0 
2015/06/18 58.6 59.5 58.3 58.9 217 0 0 0 0 0 0 0 0 0 
2015/06/22 59.5 59.5 58.7 58.9 60 0 0 0 0 0 0 0 0 0 
2015/06/23 59 59.1 58.5 58.5 123 0 0 0 0 0 0 0 0 0 
2015/06/24 58.5 58.5 57.8 58.5 61 0 0 0 0 0 0 0 0 0 
2015/06/25 58.4 59.1 58.3 58.4 68 0 0 0 0 0 0 0 0 0 
2015/06/26 58.4 58.7 57.9 58.5 86 0 0 0 0 0 0 0 0 0 
2015/06/29 58 59 57.1 58 152 0 0 0 0 0 0 0 0 0 
2015/06/30 58 58.8 57.5 58.8 91 0 0 0 0 0 0 0 0 0 
2015/07/01 59 59.3 58.6 58.6 68 0 0 0 0 0 0 0 0 0 
2015/07/02 58.6 59 58.2 58.8 57 0 0 0 0 0 0 0 0 0 
2015/07/03 58.9 60.4 58.8 59.4 358 0 0 0 0 0 0 0 0 0 
2015/07/06 59.8 60 59.4 59.6 234 0 0 0 0 0 0 0 0 0 
2015/07/07 60 61.6 60 60.7 535 0 0 0 0 0 0 0 0 0 
2015/07/08 60.9 60.9 59.3 60.1 235 0 0 0 0 0 0 0 0 0 
2015/07/09 60.1 60.4 59.3 59.3 260 0 0 0 0 0 0 0 0 0 
2015/07/13 61.5 62 60.1 60.6 409 0 0 0 0 0 0 0 0 0 
2015/07/14 61.3 61.6 60.3 60.4 146 0 0 0 0 0 0 0 0 0 
2015/07/15 61 61.2 60.3 60.5 166 0 0 0 0 0 0 0 0 0 
2015/07/16 61.2 61.2 60 60.6 181 0 0 0 0 0 0 0 0 0 
2015/07/17 60.6 61 59.6 59.6 113 0 0 0 0 0 0 0 0 0 
2015/07/20 57 61 57 60.4 746 0 0 0 0 0 0 0 0 0 
2015/07/21 61.5 61.8 60.7 61.8 708 0 0 0 0 0 0 0 0 0 
2015/07/22 62.3 62.8 62 62.1 816 0 0 0 0 0 0 0 0 0 
2015/07/23 62.4 62.6 60.5 61.8 418 0 0 0 0 0 0 0 0 0 
2015/07/24 61.8 62 61.1 61.6 177 0 0 0 0 0 0 0 0 0 
2015/07/27 61.1 62 59.2 60 262 0 0 0 0 0 0 0 0 0 
2015/07/28 60.5 61.3 59.5 60.4 120 0 0 0 0 0 0 0 0 0 
2015/07/29 60.5 60.8 59.5 60.6 97 0 0 0 0 0 0 0 0 0 
2015/07/30 61.2 61.2 59.6 59.6 184 0 0 0 0 0 0 0 0 0 
2015/07/31 59.6 60.2 59 59.1 87 0 0 0 0 0 0 0 0 0 
2015/08/03 59 60.1 57.9 59 127 0 0 0 0 0 0 0 0 0 
2015/08/04 58.2 59.5 55.6 58 320 0 0 0 0 0 0 0 0 0 
2015/08/05 56.4 57.7 54.3 56.2 437 0 0 0 0 0 0 0 0 0 
2015/08/06 56.2 57.8 56.2 56.8 503 0 0 0 0 0 0 0 0 0 
2015/08/07 58.8 59 57.6 57.6 150 0 0 0 0 0 0 0 0 0 
2015/08/10 58.5 59 57.5 57.7 61 0 0 0 0 0 0 0 0 0 
2015/08/11 58.2 58.5 57.5 58.1 51 0 0 0 0 0 0 0 0 0 
2015/08/12 58.1 58.6 57.9 58 59 0 0 0 0 0 0 0 0 0 
2015/08/13 57 57.5 56.9 57.3 107 0 0 0 0 0 0 0 0 0 
2015/08/14 57.9 57.9 57 57.5 33 0 0 0 0 0 0 0 0 0 
2015/08/17 57 57.7 56.1 56.6 111 0 0 0 0 0 0 0 0 0 
2015/08/18 56.9 58.3 56.7 57.3 89 0 0 0 0 0 0 0 0 0 
2015/08/19 57.2 57.4 56.1 56.9 188 0 0 0 0 0 0 0 0 0 
2015/08/20 56.7 56.8 56.1 56.6 118 0 0 0 0 0 0 0 0 0 
2015/08/21 56 57.2 55.4 56.8 257 0 0 0 0 0 0 0 0 0 
2015/08/24 56.5 57.6 54.9 55.8 316 0 0 0 0 0 0 0 0 0 
2015/08/25 55.3 55.9 55.1 55.8 127 0 0 0 0 0 0 0 0 0 
2015/08/26 55.7 56.2 54.7 55.7 139 0 0 0 0 0 0 0 0 0 
2015/08/27 55.2 55.7 55.2 55.6 82 0 0 0 0 0 0 0 0 0 
2015/08/28 55.6 59.3 55.6 58 443 0 0 0 0 0 0 0 0 0 
2015/08/31 58.7 58.8 57.2 57.9 42 0 0 0 0 0 0 0 0 0 
2015/09/01 58.5 58.6 57.2 57.5 147 0 0 0 0 0 0 0 0 0 
2015/09/02 58.1 58.1 57.1 57.9 81 0 0 0 0 0 0 0 0 0 
2015/09/03 58 58.5 57.5 58.2 221 0 0 0 0 0 0 0 0 0 
2015/09/04 58.8 58.8 57.2 58 141 0 0 0 0 0 0 0 0 0 
2015/09/07 57.9 58.1 56.8 56.9 186 0 0 0 0 0 0 0 0 0 
2015/09/08 57.5 57.5 56.8 57.4 101 0 0 0 0 0 0 0 0 0 
2015/09/09 58.4 58.4 57.6 58 102 0 0 0 0 0 0 0 0 0 
2015/09/10 57.9 58 57.4 57.9 110 0 0 0 0 0 0 0 0 0 
2015/09/11 58 58.3 57.3 57.8 178 0 0 0 0 0 0 0 0 0 
2015/09/14 57.6 58.8 57.2 58.3 425 0 0 0 0 0 0 0 0 0 
2015/09/15 58.3 61 58.3 60.8 928 0 0 0 0 0 0 0 0 0 
2015/09/16 62 63.8 62 62.9 1644 0 0 0 0 0 0 0 0 0 
2015/09/17 62.9 63.6 62.2 62.5 781 0 0 0 0 0 0 0 0 0 
2015/09/18 63 63.7 62.5 62.7 333 0 0 0 0 0 0 0 0 0 
2015/09/21 62.4 63.3 62 63 220 0 0 0 0 0 0 0 0 0 
2015/09/22 63 63.3 62.5 62.5 257 0 0 0 0 0 0 0 0 0 
2015/09/23 62.9 63 62 62.6 288 0 0 0 0 0 0 0 0 0 
2015/09/24 63 64.7 62.6 63.5 1329 0 0 0 0 0 0 0 0 0 
2015/09/25 63.6 65 63.5 64.3 1768 0 0 0 0 0 0 0 0 0 
2015/09/30 63.1 65.4 63.1 64 1706 0 0 0 0 0 0 0 0 0 
2015/10/01 64.4 64.5 63 63 1175 0 0 0 0 0 0 0 0 0 
2015/10/02 63.1 63.9 62.3 62.7 552 0 0 0 0 0 0 0 0 0 
2015/10/05 63 63.2 62.2 62.5 311 0 0 0 0 0 0 0 0 0 
2015/10/06 63 63.1 61 61.5 419 0 0 0 0 0 0 0 0 0 
2015/10/07 62.1 62.3 61 61.5 338 0 0 0 0 0 0 0 0 0 
2015/10/08 61.7 62 60.7 60.9 221 0 0 0 0 0 0 0 0 0 
2015/10/12 62.3 65.4 62.2 63.2 1090 0 0 0 0 0 0 0 0 0 
2015/10/13 63.8 65 62.4 62.4 2652 0 0 0 0 0 0 0 0 0 
2015/10/14 62.4 62.7 60.7 61.7 727 0 0 0 0 0 0 0 0 0 
2015/10/15 61.8 63.4 61.4 61.7 717 0 0 0 0 0 0 0 0 0 
2015/10/16 61.6 62.6 60.9 61.2 484 0 0 0 0 0 0 0 0 0 
2015/10/19 61.7 62 60.4 61.3 463 0 0 0 0 0 0 0 0 0 
2015/10/20 61.5 63.2 61.2 62.9 869 0 0 0 0 0 0 0 0 0 
2015/10/21 63.5 63.7 61.8 62.1 994 0 0 0 0 0 0 0 0 0 
2015/10/22 62.1 62.9 61.5 62.5 755 0 0 0 0 0 0 0 0 0 
2015/10/23 62.2 64 62.1 63.2 772 0 0 0 0 0 0 0 0 0 
2015/10/26 63.3 66 63.3 65.2 1490 0 0 0 0 0 0 0 0 0 
2015/10/27 65.4 68.2 65.3 67.7 1847 0 0 0 0 0 0 0 0 0 
2015/10/28 68 68 66.2 67.7 938 0 0 0 0 0 0 0 0 0 
2015/10/29 68.5 71.6 68.3 68.5 3943 0 0 0 0 0 0 0 0 0 
2015/10/30 68.2 72.5 68.2 70.5 2336 0 0 0 0 0 0 0 0 0 
2015/11/02 71 71.8 69.2 71.4 1622 0 0 0 0 0 0 0 0 0 
2015/11/03 73.5 75.2 71.8 75.2 2565 0 0 0 0 0 0 0 0 0 
2015/11/04 76.3 76.3 73.9 74 2155 0 0 0 0 0 0 0 0 0 
2015/11/05 74.1 75.9 73.7 74.1 772 0 0 0 0 0 0 0 0 0 
2015/11/06 74.5 75.3 72.8 75.2 1156 0 0 0 0 0 0 0 0 0 
2015/11/09 75.7 76.9 74.4 74.5 1485 0 0 0 0 0 0 0 0 0 
2015/11/10 74.7 75 73.9 73.9 602 0 0 0 0 0 0 0 0 0 
2015/11/11 73.9 74.5 72.3 73.6 764 0 0 0 0 0 0 0 0 0 
2015/11/12 74 77.7 73.4 77.5 1108 0 0 0 0 0 0 0 0 0 
2015/11/13 76.8 78.4 75.5 76.2 996 0 0 0 0 0 0 0 0 0 
2015/11/16 75.7 75.7 74.2 75 493 0 0 0 0 0 0 0 0 0 
2015/11/17 75.2 76.6 75 75 407 0 0 0 0 0 0 0 0 0 
2015/11/18 76.2 76.6 74.8 75.5 395 0 0 0 0 0 0 0 0 0 
2015/11/19 76.5 77.9 75.5 75.6 427 0 0 0 0 0 0 0 0 0 
2015/11/20 76 82 74.9 79.7 1405 0 0 0 0 0 0 0 0 0 
2015/11/23 79.4 80.1 78.5 79 835 0 0 0 0 0 0 0 0 0 
2015/11/24 79.5 79.5 78 78.3 663 0 0 0 0 0 0 0 0 0 
2015/11/25 78.7 79.5 77.3 78.7 470 0 0 0 0 0 0 0 0 0 
2015/11/26 79.9 80.4 78.4 78.9 492 0 0 0 0 0 0 0 0 0 
2015/11/27 79.5 80.4 78.8 80.2 416 0 0 0 0 0 0 0 0 0 
2015/11/30 81 81 79.4 80.4 430 0 0 0 0 0 0 0 0 0 
2015/12/01 80.5 84.5 80.5 82.3 1267 0 0 0 0 0 0 0 0 0 
2015/12/02 82 82.2 78.2 78.2 1527 0 0 0 0 0 0 0 0 0 
2015/12/03 78.5 79.4 77.4 79.4 769 0 0 0 0 0 0 0 0 0 
2015/12/04 79.3 79.6 78.4 79.2 488 0 0 0 0 0 0 0 0 0 
2015/12/07 81 84 80.1 82.1 1170 0 0 0 0 0 0 0 0 0 
2015/12/08 83 84.7 82.1 82.7 1001 0 0 0 0 0 0 0 0 0 
2015/12/09 82.7 84 81.5 82.2 769 0 0 0 0 0 0 0 0 0 
2015/12/10 83 83 81.4 82.3 414 0 0 0 0 0 0 0 0 0 
2015/12/11 82.7 82.7 79.2 79.4 743 0 0 0 0 0 0 0 0 0 
2015/12/14 79.2 79.3 77.3 77.6 455 0 0 0 0 0 0 0 0 0 
2015/12/15 78.1 80.5 77.3 77.3 413 0 0 0 0 0 0 0 0 0 
2015/12/16 79.9 80.8 78.7 79.2 531 0 0 0 0 0 0 0 0 0 
2015/12/17 80.2 80.2 78.9 79.6 421 0 0 0 0 0 0 0 0 0 
2015/12/18 79.7 80.4 79 79.7 151 0 0 0 0 0 0 0 0 0 
2015/12/21 79.7 82.8 78.5 80.9 539 0 0 0 0 0 0 0 0 0 
2015/12/22 82.2 82.9 80.1 80.6 420 0 0 0 0 0 0 0 0 0 
2015/12/23 82 82.6 80.9 81.2 810 0 0 0 0 0 0 0 0 0 
2015/12/24 81.2 81.2 77.5 77.8 563 0 0 0 0 0 0 0 0 0 
2015/12/25 77.5 78.5 74.5 74.5 867 0 0 0 0 0 0 0 0 0 
2015/12/28 74.5 74.5 70.2 71.2 1316 0 0 0 0 0 0 0 0 0 
2015/12/29 71.1 74.7 71.1 74 998 0 0 0 0 0 0 0 0 0 
2015/12/30 76.9 76.9 73.3 73.5 1159 0 0 0 0 0 0 0 0 0 
2015/12/31 73.6 74.4 72.7 73.8 276 0 0 0 0 0 0 0 0 0 
2016/01/04 73.8 74.6 72.3 74 382 0 0 0 0 0 0 0 0 0 
2016/01/05 73.5 75.4 71 73.7 860 0 0 0 0 0 0 0 0 0 
2016/01/06 73.7 76.5 73.7 75.1 1220 0 0 0 0 0 0 0 0 0 
2016/01/07 75.6 76.4 73.4 74.3 663 0 0 0 0 0 0 0 0 0 
2016/01/08 74.3 75.1 73.6 74.9 248 0 0 0 0 0 0 0 0 0 
2016/01/11 74.6 75.5 74.1 74.3 306 0 0 0 0 0 0 0 0 0 
2016/01/12 74.3 74.4 71.2 71.5 445 0 0 0 0 0 0 0 0 0 
2016/01/13 71.6 72 69.4 70 537 0 0 0 0 0 0 0 0 0 
2016/01/14 69.5 71.4 68.1 70.1 359 0 0 0 0 0 0 0 0 0 
2016/01/15 71.5 74.7 69 69.5 1337 0 0 0 0 0 0 0 0 0 
2016/01/18 68.5 71.5 68.5 71.3 386 0 0 0 0 0 0 0 0 0 
2016/01/19 71.2 72 70.8 70.8 250 0 0 0 0 0 0 0 0 0 
2016/01/20 70.6 71.4 68.1 68.6 307 0 0 0 0 0 0 0 0 0 
2016/01/21 67.6 69.3 63.1 65.5 1323 0 0 0 0 0 0 0 0 0 
2016/01/22 65.5 66.3 64.2 64.9 589 0 0 0 0 0 0 0 0 0 
2016/01/25 65.5 68.3 65.5 67.2 577 0 0 0 0 0 0 0 0 0 
2016/01/26 66.8 67.8 66.4 67.2 182 0 0 0 0 0 0 0 0 0 
2016/01/27 68 68.8 66.8 67.8 174 0 0 0 0 0 0 0 0 0 
2016/01/28 67.8 70 66.8 67.8 449 0 0 0 0 0 0 0 0 0 
2016/01/29 68.7 69.3 67.6 68.3 330 0 0 0 0 0 0 0 0 0 
2016/01/30 69 69.7 68.6 68.8 186 0 0 0 0 0 0 0 0 0 
2016/02/01 69 69.5 68.8 69.2 88 0 0 0 0 0 0 0 0 0 
2016/02/02 68.9 70 68.9 69.1 101 0 0 0 0 0 0 0 0 0 
2016/02/03 68.9 69.7 68.1 68.5 121 0 0 0 0 0 0 0 0 0 
2016/02/15 68.5 68.8 66.5 66.6 191 0 0 0 0 0 0 0 0 0 
2016/02/16 66.6 68.8 66.3 68.7 230 0 0 0 0 0 0 0 0 0 
2016/02/17 69 71.4 68.7 70.3 340 0 0 0 0 0 0 0 0 0 
2016/02/18 71.5 73.8 71.2 72.4 636 0 0 0 0 0 0 0 0 0 
2016/02/19 72.2 73.9 71.4 72.3 356 0 0 0 0 0 0 0 0 0 
2016/02/22 72.3 72.6 71.5 72.3 187 7006 380 6815 4647 134 11596 1 34.54 5.42 
2016/02/23 72.3 72.4 71.6 72 178 6966 386 6760 4647 142 11549 0 34.34 5.54 
2016/02/24 71.3 71.9 71.3 71.3 99 6901 374 6742 4647 141 11530 0 34.02 5.42 
2016/02/25 71.3 71.8 70.6 70.6 137 6876 373 6740 4647 140 11527 2 33.9 5.42 
2016/02/26 70.6 72.5 70.6 72 154 6858 355 6742 4647 139 11528 1 33.81 5.18 
2016/03/01 71.6 72.2 70.9 71.5 176 6853 371 6759 4647 140 11546 6 33.79 5.41 
2016/03/02 71.4 74.3 70.9 73.2 821 6671 346 6928 4647 154 11729 110 32.89 5.19 
2016/03/03 73.5 73.9 72.2 73 593 6558 331 6985 4731 164 11880 9 32.33 5.05 
2016/03/04 74 77 73.9 75.8 1008 6608 339 7076 4778 176 12030 46 32.58 5.13 
2016/03/07 76 79 75.1 76 1021 6637 340 7072 4828 227 12127 30 32.72 5.12 
2016/03/08 76 76 75.1 75.2 156 6607 332 7085 4828 225 12138 0 32.57 5.02 
2016/03/09 76 76.5 74 74 279 6581 321 7116 4828 225 12169 3 32.44 4.88 
2016/03/10 74 75.7 73.7 75 376 6666 323 7121 4848 225 12194 15 32.86 4.85 
2016/03/11 75.3 77.5 75.1 75.4 980 6786 311 6874 4928 305 12107 32 33.45 4.58 
2016/03/14 76 77.9 73.8 74.4 491 6885 361 6780 4928 314 12022 39 33.94 5.24 
2016/03/15 74.4 75.5 73.8 74.2 194 6911 341 6764 4928 319 12011 0 34.07 4.93 
2016/03/16 74.3 77.9 74.3 76.7 1220 7018 356 7030 4930 249 12209 34 34.6 5.07 
2016/03/17 78.3 79.5 75.6 76 740 7010 359 6939 4965 238 12142 9 34.56 5.12 
2016/03/18 76.1 77.4 76.1 76.5 481 7093 316 6914 4965 238 12117 3 34.97 4.46 
2016/03/21 76.9 77.5 75.6 76.1 256 7081 313 6864 4965 247 12076 5 34.91 4.42 
2016/03/22 76.4 76.5 75.2 75.5 379 7077 288 6694 4960 247 11901 2 34.89 4.07 
2016/03/23 75.5 75.5 74.2 74.5 246 7048 258 6707 4940 217 11864 0 34.75 3.66 
2016/03/24 74.5 74.8 74 74.4 143 7059 231 6756 4940 206 11902 1 34.8 3.27 
2016/03/25 74.6 74.9 74.2 74.5 151 7051 208 6782 4940 206 11928 1 34.76 2.95 
2016/03/28 74.5 77.3 74.5 74.5 445 7133 170 6536 4940 207 11683 3 35.17 2.38 
2016/03/29 76 76 73.2 73.5 256 7143 74 6412 4940 207 11559 2 35.21 1.04 
2016/03/30 74.2 74.2 72.8 72.9 189 7118 0 6361 4940 209 11510 0 35.09 0 
2016/03/31 72.9 73.5 72.7 73.5 98 7097 0 6334 4672 212 11218 0 34.99 0 
2016/04/01 73.2 73.5 72.9 73.4 114 7130 0 6314 4672 212 11198 0 35.15 0 
2016/04/06 73 74.4 72.8 73.8 313 7301 0 6235 4672 215 11122 0 35.99 0 
2016/04/07 75 75 72 74.8 600 7437 37 6004 4560 325 10889 2 36.66 0.5 
2016/04/08 74.6 78.6 74.6 77.2 1605 7662 82 5831 4560 373 10764 43 37.77 1.07 
2016/04/11 78.8 79.9 78 78.6 1302 7547 112 5832 4700 530 11062 37 37.21 1.48 
2016/04/12 79.9 79.9 76.5 77.3 988 7479 98 5809 4700 491 11000 34 36.87 1.31 
2016/04/13 77.8 79.9 77.2 79.2 1333 7666 133 6079 4700 432 11211 60 37.79 1.73 
2016/04/14 79.6 80.3 78.9 80 990 7685 139 5943 4800 437 11180 48 37.89 1.81 
2016/04/15 79.5 79.7 78.3 79 376 7793 149 5969 4810 399 11178 9 38.42 1.91 
2016/04/18 80 80.4 78.7 78.8 798 7366 149 5975 4810 379 11164 5 36.31 2.02 
2016/04/19 79.8 79.8 78.1 78.7 218 7425 144 5984 4810 332 11126 5 36.61 1.94 
2016/04/20 78.7 79.2 75.8 76.6 514 7399 119 6014 4810 307 11131 6 36.48 1.61 
2016/04/21 77 77.3 75.9 77.1 227 7440 110 6026 4845 306 11177 3 36.68 1.48 
2016/04/22 76.6 77.1 75.1 76 398 7496 115 6022 4745 276 11043 0 36.96 1.53 
2016/04/25 76.4 76.4 74.8 76.2 281 7444 116 6016 4806 274 11096 1 36.7 1.56 
2016/04/26 76.2 76.8 75.4 76.2 91 7462 117 6043 4778 274 11095 0 36.79 1.57 
2016/04/27 76.4 76.5 75.3 75.8 215 7498 107 6066 4744 274 11084 0 36.97 1.43 
2016/04/28 75.8 75.8 74.3 74.6 173 7491 111 6059 4692 259 11010 1 36.93 1.48 
2016/04/29 74.2 74.2 72.5 73 242 7499 110 6052 4615 219 10886 3 36.97 1.47 
2016/05/03 73 73 71.4 71.9 215 7507 71 6047 4554 219 10820 3 37.01 0.95 
2016/05/04 71.9 71.9 69.8 70.9 245 7537 103 6051 4475 219 10745 10 37.16 1.37 
2016/05/05 70.9 71 69.1 70.3 146 7518 74 6057 4428 219 10704 2 37.06 0.98 
2016/05/06 70.3 71.7 69.1 70.5 165 7517 61 6072 4378 219 10669 2 37.06 0.81 
2016/05/09 70.5 71.4 68.1 68.3 401 7622 51 6061 4278 223 10562 3 37.58 0.67 
2016/05/10 68.5 70 66.5 70 377 7637 68 6121 4187 225 10533 8 37.65 0.89 
2016/05/11 69.6 69.6 66.5 68.4 637 7745 70 5813 4262 236 10311 23 38.18 0.9 
2016/05/12 68.8 70 67.5 67.5 167 7753 62 5770 4240 235 10245 5 38.22 0.8 
2016/05/13 67.6 68.5 66.5 68 199 7756 57 5787 4230 235 10252 0 38.24 0.73 
2016/05/16 68.2 68.3 67.1 68.2 196 7671 54 5822 4302 235 10359 0 37.82 0.7 
2016/05/17 69.7 69.7 67.6 68.5 255 7713 50 5838 4324 237 10399 2 38.03 0.65 
2016/05/18 68.3 69.3 67.7 68.7 131 7753 56 5833 4324 236 10393 3 38.22 0.72 
2016/05/19 69 69 68 68.6 72 7772 56 5790 4331 236 10357 0 38.32 0.72 
2016/05/20 68.6 68.6 68 68.1 41 7783 56 5790 4331 236 10357 1 38.37 0.72 
2016/05/23 68.8 69.9 68.3 69.5 290 7743 58 5784 4392 264 10440 1 38.17 0.75 
2016/05/24 70.9 70.9 69.5 69.5 117 7758 58 5777 4392 252 10421 0 38.25 0.75 
2016/05/25 69.8 70.4 69.4 69.6 135 7790 56 5763 4392 252 10407 0 38.4 0.72 
2016/05/26 70.3 70.3 69.5 69.8 45 7806 54 5753 4392 252 10397 0 38.48 0.69 
2016/05/27 70 70 69.5 70 59 7820 55 5748 4392 252 10392 0 38.55 0.7 
2016/05/30 70 70.2 69.3 69.8 56 7832 51 5755 4392 252 10399 0 38.61 0.65 
2016/05/31 69.8 70.3 69.4 69.9 50 7831 50 5725 4392 252 10369 0 38.61 0.64 
2016/06/01 70 70.2 69.5 70 95 7848 49 5714 4392 252 10358 1 38.69 0.62 
2016/06/02 70 72 69.9 70 211 7855 31 5727 4392 259 10378 8 38.73 0.39 
2016/06/03 70.3 71.8 70.3 70.6 121 7859 31 5738 4392 259 10389 1 38.74 0.39 
2016/06/04 70.6 71.3 70.5 70.8 47 7857 28 5738 4392 259 10389 0 38.73 0.36 
2016/06/06 70.9 71.5 70.6 70.9 105 7855 24 5733 4392 261 10386 0 38.73 0.31 
2016/06/07 71.2 71.9 70.8 71.4 131 7880 24 5783 4392 263 10438 0 38.85 0.3 
2016/06/08 71 71 67.6 68 460 7895 31 5685 4317 220 10222 4 38.92 0.39 
2016/06/13 67.3 68.8 66.1 67.4 359 7974 46 5665 4239 191 10095 7 39.31 0.58 
2016/06/14 68 68.7 67.1 68 305 8078 59 5665 4171 193 10029 11 39.82 0.73 
2016/06/15 68 69.3 67.5 68.9 289 8137 53 5651 4141 191 9983 16 40.12 0.65 
2016/06/16 68.7 69.9 67.4 68.1 186 8169 55 5631 4111 171 9913 3 40.27 0.67 
2016/06/17 68.5 68.9 67.6 67.9 130 8193 54 5626 4081 172 9879 3 40.39 0.66 
2016/06/20 68 68.7 66.8 68.3 213 8252 54 5624 4051 167 9842 12 40.68 0.65 
2016/06/21 68.8 68.8 67.8 68.1 151 8299 53 5622 4051 168 9841 0 40.91 0.64 
2016/06/22 68.2 70.4 67.4 70 278 8384 56 5595 4051 165 9811 2 41.33 0.67 
2016/06/23 70 70 69.2 69.2 63 8399 52 5597 4051 165 9813 1 41.41 0.62 
2016/06/24 70 70 66 67.3 181 8427 29 5541 4073 163 9777 1 41.55 0.34 
2016/06/27 67.3 69.7 67 67.9 127 8449 28 5512 4094 160 9766 1 41.65 0.33 
2016/06/28 67.5 68.5 67.1 68.5 98 8482 22 5492 4094 162 9748 2 41.82 0.26 
2016/06/29 70 70.8 68.8 69.5 230 8558 29 5468 4094 162 9724 10 42.19 0.34 
2016/06/30 69.8 70 69 69.9 111 8589 31 5481 4537 161 10179 0 42.34 0.36 
2016/07/01 70.4 71.8 69.5 70.7 409 8675 31 5493 4537 160 10190 53 42.77 0.36 
2016/07/04 71.4 71.9 70.8 71.5 195 8722 32 5450 4537 160 10147 10 43 0.37 
2016/07/05 71.6 72.4 71.5 72 321 8822 30 5471 4537 160 10168 1 43.49 0.34 
2016/07/06 71.8 72.9 71.4 72.1 302 8918 29 5445 4537 160 10142 5 43.97 0.33 
2016/07/07 72.8 73.7 70 72.1 712 9044 21 5251 4537 162 9950 78 44.59 0.23 
2016/07/11 72.1 73.2 71.5 71.7 189 9082 20 5255 4495 168 9918 1 44.77 0.22 
2016/07/12 71.7 71.8 70.3 70.3 200 9092 16 5268 4479 168 9915 1 44.82 0.18 
2016/07/13 70.2 70.4 69.7 70 131 9090 12 5300 4475 168 9943 1 44.81 0.13 
2016/07/14 70 71.5 69 70.3 267 9058 5 5253 4475 168 9896 5 44.66 0.06 
2016/07/15 71.5 72.4 69.5 69.9 286 9148 0 5248 4472 168 9888 0 45.1 0 
2016/07/18 69.9 69.9 68.8 69 132 9182 0 5251 4472 168 9891 0 45.27 0 
2016/07/19 69 69.5 69 69.5 82 9212 0 5248 4472 168 9888 0 45.42 0 
2016/07/20 69.5 69.9 69.4 69.7 84 9208 0 5253 4471 169 9893 0 45.4 0 
2016/07/21 69.9 70.7 69.2 69.3 162 9206 2 5286 4470 168 9924 2 45.39 0.02 
2016/07/22 69.5 70 69.4 69.7 69 9212 2 5278 4468 168 9914 0 45.42 0.02 
2016/07/25 69.7 70.8 69.6 70.4 164 9217 4 5282 4468 166 9916 0 45.44 0.04 
2016/07/26 70.5 72 70.3 70.3 477 9263 7 5279 4414 166 9859 17 45.67 0.08 
2016/07/27 70.6 70.6 69.5 69.8 167 9328 9 5280 4345 167 9792 0 45.99 0.1 
2016/07/28 69.5 69.8 68.4 68.4 191 9384 31 5260 4299 167 9726 0 46.26 0.33 
2016/07/29 68.1 68.9 68 68.2 59 9391 43 5239 4298 167 9704 0 46.3 0.46 
2016/08/01 68.6 69.3 68.6 68.7 45 9397 44 5256 4298 167 9721 2 46.33 0.47 
2016/08/02 68.6 69.3 68.3 68.7 77 9415 39 5246 4298 167 9711 0 46.42 0.41 
2016/08/03 69 69 67.8 67.8 77 9414 45 5253 4297 167 9717 1 46.41 0.48 
2016/08/04 67.9 68 67.3 67.3 170 9448 46 5212 4245 168 9625 0 46.58 0.49 
2016/08/05 67.5 67.7 66.9 67.3 81 9454 48 5230 4245 166 9641 0 46.61 0.51 
2016/08/08 68.5 68.6 67.1 67.3 90 9451 21 5222 4244 166 9632 7 46.59 0.22 
2016/08/09 67.5 67.5 67 67 71 9480 28 5274 4244 167 9685 2 46.74 0.3 
2016/08/10 67 67.4 66.6 67 106 9487 28 5275 4244 167 9686 2 46.77 0.3 
2016/08/11 67 67.3 66.5 67.1 116 9482 29 5310 4244 166 9720 1 46.75 0.31 
2016/08/12 68.5 69 67.2 67.5 56 9504 30 5311 4243 166 9720 1 46.85 0.32 
2016/08/15 67.7 67.7 66.9 67 40 9509 31 5314 4243 165 9722 0 46.88 0.33 
2016/08/16 67 67.7 67 67.2 50 9502 33 5308 4242 164 9714 2 46.84 0.35 
2016/08/17 67.4 68 66.9 67.5 76 9513 33 5316 4242 163 9721 0 46.9 0.35 
2016/08/18 67.5 67.6 66.8 67.5 109 9539 34 5313 4210 162 9685 1 47.03 0.36 
2016/08/19 67.5 68.1 66.9 67.5 120 9552 30 5315 4180 159 9654 5 47.09 0.31 
2016/08/22 68 68 66.7 67.3 80 9597 31 5290 4180 158 9628 1 47.31 0.32 
2016/08/23 67.2 67.2 66.7 66.7 45 9630 33 5284 4157 158 9599 0 47.48 0.34 
2016/08/24 67 67.4 66.6 67.2 99 9641 36 5293 4156 158 9607 3 47.53 0.37 
2016/08/25 67.4 67.8 67.3 67.3 30 9653 34 5293 4156 158 9607 0 47.59 0.35 
2016/08/26 67.7 68 66.8 67.2 147 9688 26 5270 4156 158 9584 6 47.76 0.27 
2016/08/29 67 67.2 66.7 66.9 133 9717 24 5289 4156 158 9603 0 47.9 0.25 
2016/08/30 67 67.8 66.8 67.5 112 9745 28 5335 4156 139 9630 1 48.04 0.29 
2016/08/31 67.6 67.7 67.1 67.1 46 9771 28 5324 4156 135 9615 0 48.17 0.29 
2016/09/01 67.5 67.5 66.7 66.9 44 9781 27 5338 4156 133 9627 0 48.22 0.28 
2016/09/02 67.1 67.1 66.7 66.8 35 9796 27 5322 4156 133 9611 0 48.29 0.28 
2016/09/05 67 67.8 66.8 67.2 68 9826 27 5314 4139 133 9586 0 48.44 0.27 
2016/09/06 68 68 66.9 66.9 70 9811 27 5328 4130 128 9586 0 48.37 0.28 
2016/09/07 67 67.6 66.9 67.1 108 9858 27 5324 4130 119 9573 0 48.6 0.27 
2016/09/08 67.1 67.2 66.3 66.6 185 9882 45 5319 4107 119 9545 1 48.72 0.46 
2016/09/09 67.4 67.4 66.6 66.6 57 9886 48 5345 4083 119 9547 0 48.74 0.49 
2016/09/10 66.6 66.6 66.5 66.5 25 9886 50 5345 4083 116 9544 0 48.74 0.51 
2016/09/12 66.8 66.8 65.6 65.6 175 9897 45 5327 4066 116 9509 0 48.79 0.45 
2016/09/13 66.1 66.1 64.5 65.6 213 9934 51 5307 4022 100 9429 2 48.97 0.51 
2016/09/14 65.7 65.7 64 64.4 161 9967 68 5296 3973 90 9359 4 49.14 0.68 
2016/09/19 64.9 66.7 64.4 65 208 10030 67 5306 3922 94 9322 9 49.45 0.67 
2016/09/20 65.4 65.5 64.9 65.2 28 10048 69 5297 3922 94 9313 0 49.54 0.69 
2016/09/21 65.5 65.5 64.5 65 92 10055 63 5317 3872 93 9282 0 49.57 0.63 
2016/09/22 65.3 65.3 64.8 64.8 38 9996 61 5331 3861 93 9285 0 49.28 0.61 
2016/09/23 65 65 64.4 64.5 66 10000 50 5339 3825 93 9257 0 49.3 0.5 
2016/09/26 64.9 64.9 63.5 63.5 59 9994 57 5329 3812 94 9235 0 49.27 0.57 
2016/09/29 63.9 64 62.7 63 156 10034 59 5328 3728 94 9150 0 49.47 0.59 
2016/09/30 63.2 65.4 61.8 63.2 241 10031 55 5308 2797 94 8199 5 49.45 0.55 
2016/10/03 63.7 63.9 62.7 62.8 83 10042 52 5305 2768 94 8167 2 49.51 0.52 
2016/10/04 64.4 64.4 62.4 62.8 49 10056 46 5295 2738 94 8127 1 49.58 0.46 
2016/10/05 63.3 63.3 62.4 62.5 59 10058 42 5293 2711 94 8098 0 49.59 0.42 
2016/10/06 63 63 62.1 62.5 55 10083 56 5283 2691 94 8068 1 49.71 0.56 
2016/10/07 62.5 63 62.5 62.8 11 9734 56 5277 2691 94 8062 0 47.99 0.58 
2016/10/11 63.3 63.3 61.4 62 92 9736 55 5258 2663 94 8015 0 48 0.56 
2016/10/12 62.5 62.5 61.5 62.2 70 9732 53 5259 2636 92 7987 0 47.98 0.54 
2016/10/13 62.7 62.7 61.8 61.9 35 9738 50 5257 2616 92 7965 0 48.01 0.51 
2016/10/14 62.5 62.5 60.5 61.5 52 9712 48 5254 2616 93 7963 0 47.88 0.49 
2016/10/17 61 61.3 60.1 61.3 30 9677 48 5254 2616 93 7963 0 47.71 0.5 
2016/10/18 61.3 61.3 61.2 61.3 33 9677 27 5257 2616 93 7966 0 47.71 0.28 
2016/10/19 61.7 61.7 61 61 30 9685 27 5258 2616 92 7966 1 47.75 0.28 
2016/10/20 61.2 62.4 61.1 61.1 51 9681 25 5329 2616 92 8037 0 47.73 0.26 
2016/10/21 61.5 61.9 61 61.3 40 9680 25 5332 2616 91 8039 0 47.72 0.26 
2016/10/24 61.5 61.8 61.1 61.2 48 9672 24 5334 2613 91 8038 0 47.68 0.25 
2016/10/25 60.8 61.5 60.6 61.5 56 9665 14 5336 2596 90 8022 0 47.65 0.14 
2016/10/26 61.5 61.9 61 61.2 67 9663 14 5338 2578 90 8006 1 47.64 0.14 
2016/10/27 61.9 62.4 61 61.3 137 9668 14 5338 2560 90 7988 2 47.66 0.14 
2016/10/28 61.2 61.3 60.7 60.7 50 9675 16 5335 2553 90 7978 0 47.7 0.17 
2016/10/31 60.5 60.5 60.1 60.2 44 9675 20 5333 2533 85 7951 0 47.7 0.21 
2016/11/01 61 61.3 60.1 60.1 47 9674 18 5334 2518 86 7938 0 47.69 0.19 
2016/11/02 60.1 61 59.5 59.6 56 9673 18 5333 2514 89 7936 2 47.69 0.19 
2016/11/03 60.1 60.1 58.9 58.9 72 9666 20 5331 2498 90 7919 0 47.65 0.21 
2016/11/04 59 59.2 58 58.1 74 9652 20 5334 2498 90 7922 2 47.58 0.21 
2016/11/07 58.4 58.4 52.9 56 281 9610 20 5333 2468 48 7849 0 47.38 0.21 
2016/11/08 57.8 57.8 55 56.6 240 9589 22 5389 2452 2 7843 9 47.27 0.23 
2016/11/09 57 57 53.5 55 220 9474 19 5388 2452 0 7840 6 46.71 0.2 
2016/11/10 56 56.3 54.5 55 118 9363 20 5394 2452 0 7846 3 46.16 0.21 
2016/11/11 55.5 56 54.3 55.3 108 9382 19 5393 2436 0 7829 1 46.25 0.2 
2016/11/14 55.4 56.8 54.3 55.7 121 9379 20 5389 2424 1 7814 12 46.24 0.21 
2016/11/15 55.5 56.2 54.8 55 64 9400 21 5376 2411 1 7788 2 46.34 0.22 
2016/11/16 55 55.6 54.6 55.4 58 9413 36 5368 2411 1 7780 5 46.41 0.38 
2016/11/17 55.5 55.7 54.9 55.6 20 9412 36 5370 2411 1 7782 1 46.4 0.38 
2016/11/18 55.5 56.7 55 56.5 94 9429 36 5382 2392 2 7776 12 46.48 0.38 
2016/11/21 56 60.5 56 60 359 9396 29 5392 2392 0 7784 15 46.32 0.31 
2016/11/22 59.4 61.9 59.4 61.1 416 9420 35 5384 2372 5 7761 23 46.44 0.37 
2016/11/23 61.5 61.7 60 60.7 69 9422 30 5383 2372 3 7758 1 46.45 0.32 
2016/11/24 61 61.6 59.9 60.6 129 9428 29 5382 2352 4 7738 5 46.48 0.31 
2016/11/25 61.3 61.3 60.2 60.6 28 9431 29 5386 2352 5 7743 1 46.49 0.31 
2016/11/28 60.7 61.1 59.4 59.6 110 9411 32 5386 2352 6 7744 7 46.4 0.34 
2016/11/29 59.6 59.6 59.1 59.4 61 9412 30 5382 2352 6 7740 0 46.4 0.32 
2016/11/30 59.8 59.8 58.3 58.3 51 9418 30 5379 2339 6 7724 3 46.43 0.32 
2016/12/01 58.7 60 58.6 58.9 118 9422 30 5375 2329 8 7712 11 46.45 0.32 
2016/12/02 58.9 58.9 57.2 57.9 70 9422 32 5377 2304 8 7689 1 46.45 0.34 
2016/12/05 58 58.7 57.6 57.8 33 9423 32 5385 2304 8 7697 0 46.46 0.34 
2016/12/06 58.5 59.3 57.9 58.4 49 9432 29 5383 2281 9 7673 4 46.5 0.31 
2016/12/07 58.4 59.4 57.5 58.4 186 9428 29 5379 2261 5 7645 11 46.48 0.31 
2016/12/08 59.1 59.2 58.1 58.2 67 9444 29 5376 2252 7 7635 3 46.56 0.31 
2016/12/09 58.8 58.8 58 58.2 38 9437 28 5376 2252 7 7635 1 46.52 0.3 
2016/12/12 58.4 58.4 56.8 57.4 71 9418 39 5376 2252 10 7638 2 46.43 0.41 
2016/12/13 58.1 58.1 57 57.2 44 9426 46 5380 2252 10 7642 1 46.47 0.49 
2016/12/14 57.6 57.6 56.6 57.2 74 9411 73 5379 2252 10 7641 0 46.4 0.78 
2016/12/15 57.4 57.5 56.9 57.2 44 9407 73 5387 2252 10 7649 0 46.38 0.78 
2016/12/16 57.2 59 57 57.8 118 9421 74 5377 2252 12 7641 4 46.45 0.79 
2016/12/19 58.3 58.5 57.4 57.5 29 9159 74 5376 2252 13 7641 0 45.15 0.81 
2016/12/20 57.5 58 57.3 57.7 58 9168 82 5372 2252 13 7637 0 45.2 0.89 
2016/12/21 57.8 57.8 57.5 57.6 12 9165 82 5362 2252 16 7630 0 45.18 0.89 
2016/12/22 57.6 57.6 56.9 57.4 72 8968 84 5361 2252 17 7630 0 44.21 0.94 
2016/12/23 57.4 58.3 56.9 57.5 99 8971 84 5363 2252 16 7631 9 44.23 0.94 
2016/12/26 57.6 58.2 57 57.1 49 8973 82 5363 2252 16 7631 3 44.24 0.91 
2016/12/27 57.5 57.5 56.1 56.8 32 8973 82 5362 2252 16 7630 1 44.24 0.91 
2016/12/28 57 57.9 56.5 57.9 105 8982 82 5363 2252 16 7631 1 44.28 0.91 
2016/12/29 58 61.5 58 59.8 699 9015 83 5368 2252 16 7636 111 44.44 0.92 
2016/12/30 60 61 59.2 59.9 223 8961 83 5365 2252 16 7633 16 44.18 0.93 
2017/01/03 60.5 60.6 58.7 58.7 114 8966 82 5366 2227 17 7610 12 44.2 0.91 
2017/01/04 59.3 59.5 58.2 59.1 170 8982 81 5366 2227 17 7610 11 44.28 0.9 
2017/01/05 59.7 59.7 58.7 59 131 8967 81 5367 2229 18 7614 13 44.21 0.9 
2017/01/06 59.2 59.7 58.8 59 50 8968 81 5367 2232 18 7617 0 44.21 0.9 
2017/01/09 59 59 58.3 58.8 59 8982 81 5368 2232 18 7618 0 44.28 0.9 
2017/01/10 58.8 59.2 58.2 58.7 45 8983 81 5369 2232 18 7619 0 44.29 0.9 
2017/01/11 60 61.3 58.3 58.4 566 8969 81 5366 2232 15 7613 77 44.22 0.9 
2017/01/12 58.8 59.2 58.2 58.6 115 8991 71 5365 2232 16 7613 7 44.33 0.79 
2017/01/13 58.9 58.9 58.1 58.7 36 8992 71 5365 2232 16 7613 0 44.33 0.79 
2017/01/16 58.8 58.8 57.8 58.3 27 9003 71 5365 2232 16 7613 1 44.38 0.79 
2017/01/17 58.8 59 57.8 58.1 30 9011 70 5365 2232 15 7612 0 44.42 0.78 
2017/01/18 58.4 58.8 57.6 58.7 133 8984 70 5427 2232 11 7670 2 44.29 0.78 
2017/01/19 58.8 59.4 58.3 58.3 169 8953 70 5491 2232 12 7735 2 44.14 0.78 
2017/01/20 58.8 59.2 58.5 58.9 82 8905 26 5492 2232 11 7735 3 43.9 0.29 
2017/01/23 59.4 59.4 58 58.3 73 8905 11 5493 2232 11 7736 10 43.9 0.12 
2017/01/24 58.3 58.5 57.8 58.4 57 8903 7 5498 2232 12 7742 0 43.89 0.08 
2017/02/02 59.1 59.5 58 59 99 8890 7 5497 2232 14 7743 5 43.83 0.08 
2017/02/03 59 59.5 58.2 58.7 69 8900 7 5501 2236 14 7751 1 43.88 0.08 
2017/02/06 59 59 58.5 58.6 81 8898 7 5511 2236 13 7760 1 43.87 0.08 
2017/02/07 58.8 58.8 58.3 58.7 36 8876 7 5511 2236 13 7760 0 43.76 0.08 
2017/02/08 59.2 59.6 58.8 59.4 178 8891 8 5501 2236 12 7749 1 43.83 0.09 
2017/02/09 59.6 60 59.4 59.5 283 8918 7 5503 2236 11 7750 19 43.97 0.08 
2017/02/10 59.3 59.7 58.5 58.6 147 8906 7 5504 2236 11 7751 1 43.91 0.08 
2017/02/13 58.5 59.6 58 58.7 184 8874 7 5503 2201 12 7716 7 43.75 0.08 
2017/02/14 60 60 58.9 58.9 241 8906 7 5499 2201 11 7711 10 43.91 0.08 
2017/02/15 58.9 59 58.1 58.1 156 8891 7 5509 2188 11 7708 0 43.83 0.08 
2017/02/16 58.7 58.8 57.8 57.8 79 8860 7 5508 2186 11 7705 0 43.68 0.08 
2017/02/17 58.4 58.4 57.6 58 57 8855 6 5506 2186 11 7703 0 43.66 0.07 
2017/02/18 58.5 58.6 57.8 58.5 47 8842 6 5506 2186 11 7703 1 43.59 0.07 
2017/02/20 58.5 58.5 58.2 58.4 35 8836 10 5508 2186 11 7705 0 43.56 0.11 
2017/02/21 58.6 58.9 58.3 58.6 48 8667 9 5509 2186 10 7705 0 42.73 0.1 
2017/02/22 58.9 60.5 58.8 59 399 8689 9 5506 2186 11 7703 11 42.84 0.1 
2017/02/23 59.5 59.6 59 59.1 73 8688 9 5505 2186 11 7702 0 42.83 0.1 
2017/02/24 59 59.2 58.6 59 67 8697 9 5504 2186 11 7701 0 42.88 0.1 
2017/03/01 59 59 58.2 58.5 92 8692 5 5512 2186 12 7710 1 42.85 0.06 
2017/03/02 59 59.8 58.8 58.8 158 8656 5 5516 2186 12 7714 0 42.67 0.06 
2017/03/03 59.4 59.4 58.5 58.5 78 8660 6 5520 2186 12 7718 3 42.69 0.07 
2017/03/06 58.5 58.5 57.9 57.9 75 8649 5 5511 2186 12 7709 0 42.64 0.06 
2017/03/07 58.2 58.2 57.2 57.2 129 8629 6 5508 2186 13 7707 0 42.54 0.07 
2017/03/08 57.4 57.5 56.8 57 100 8629 6 5502 2186 13 7701 0 42.54 0.07 
2017/03/09 57.2 57.6 56.7 57.2 89 8578 6 5488 2186 14 7688 2 42.29 0.07 
2017/03/10 57.2 57.2 56.3 56.7 74 8515 6 5484 2186 14 7684 1 41.98 0.07 
2017/03/13 57.3 57.7 56.8 57.3 152 8508 15 5489 2186 14 7689 4 41.94 0.18 
2017/03/14 57.5 58 56.6 57.5 134 8511 73 5487 2186 13 7686 1 41.96 0.86 
2017/03/15 57.4 57.6 57 57.5 123 8507 72 5497 2186 15 7698 1 41.94 0.85 
2017/03/16 57.6 58 57.2 57.7 182 8486 68 5585 2186 15 7786 1 41.84 0.8 
2017/03/17 57.9 58.2 57.5 58.1 162 8493 76 5634 2186 15 7835 0 41.87 0.89 
2017/03/20 58.3 58.7 57.6 58 142 8483 76 5659 2169 15 7843 5 41.82 0.9 
2017/03/21 58.2 58.3 57.4 57.6 92 8504 76 5687 2152 16 7855 1 41.92 0.89 
2017/03/22 57.6 57.9 57.2 57.7 62 8504 76 5691 2152 16 7859 0 41.92 0.89 
2017/03/23 57.9 57.9 57.3 57.8 62 8503 76 5716 2152 16 7884 2 41.92 0.89 
2017/03/24 57.9 57.9 57.2 57.6 53 8490 76 5733 2152 16 7901 5 41.86 0.9 
2017/03/27 57.6 58.2 57 57.6 63 8489 76 5738 2152 16 7906 3 41.85 0.9 
2017/03/28 57.8 58.2 57.2 57.2 121 8479 76 5749 2152 16 7917 5 41.8 0.9 
2017/03/29 57.6 57.6 56.9 57 28 8470 74 5749 2152 16 7917 3 41.76 0.87 
2017/03/30 57.2 57.2 57 57.2 40 8468 74 5749 2152 16 7917 0 41.75 0.87 
2017/03/31 57.5 57.6 57 57.4 31 8465 74 5749 2608 16 8373 0 41.73 0.87 
2017/04/05 57.3 57.3 56.3 56.6 101 8467 74 5755 2608 18 8381 1 41.74 0.87 
2017/04/06 56.9 56.9 55.6 56.5 146 8444 75 5761 2608 18 8387 0 41.63 0.89 
2017/04/07 56.6 56.6 55.7 56.4 55 8430 75 5761 2608 18 8387 0 41.56 0.89 
2017/04/10 56 56.3 55 56.3 169 8394 78 5803 2608 19 8430 4 41.38 0.93 
2017/04/11 56.5 56.5 55.7 56 66 8374 65 5810 2608 34 8452 2 41.28 0.78 
2017/04/12 56.4 56.5 55.2 55.2 51 8373 57 5788 2608 29 8425 3 41.28 0.68 
2017/04/13 55.5 56 55.1 55.7 70 8353 18 5795 2608 29 8432 9 41.18 0.22 
2017/04/14 55.9 55.9 54 54.1 122 8320 0 5764 2607 29 8400 0 41.02 0 
2017/04/17 54.6 56 54 54.4 77 8327 0 5764 2607 29 8400 0 41.05 0 
2017/04/18 55.2 55.2 54.2 54.9 24 8325 0 5766 2607 29 8402 0 41.04 0 
2017/04/19 54.8 54.8 54 54.6 58 8328 0 5770 2607 29 8406 0 41.06 0 
2017/04/20 54.8 54.8 53 53.5 62 8321 0 5784 2607 29 8420 4 41.02 0 
2017/04/21 54 54.3 53.3 54 73 8173 0 5795 2607 29 8431 4 40.29 0 
2017/04/24 54.3 54.3 53 53.8 56 8158 0 5800 2607 19 8426 1 40.22 0 
2017/04/25 54.1 54.9 53.9 54.4 115 7993 0 5813 2607 19 8439 0 39.41 0 
2017/04/26 54.7 54.7 53.7 54.2 18 7997 0 5815 2607 19 8441 3 39.43 0 
2017/04/27 54.4 54.4 53.8 53.9 23 7991 0 5814 2607 19 8440 0 39.4 0 
2017/04/28 54.2 54.2 53.5 53.9 46 7990 0 5835 2607 19 8461 0 39.39 0 
2017/05/02 54.1 54.1 53.6 54 68 7986 0 5857 2607 19 8483 0 39.37 0 
2017/05/03 54.4 54.4 53.6 53.9 50 7998 0 5861 2607 19 8487 0 39.43 0 
2017/05/04 54 54.2 53.9 54.1 102 7991 0 5850 2607 19 8476 0 39.4 0 
2017/05/05 53.9 54.1 53.8 53.9 87 7979 0 5854 2607 19 8480 0 39.34 0 
2017/05/08 54.1 54.1 54 54.1 108 7982 0 5863 2607 19 8489 0 39.35 0 
2017/05/09 54.5 54.8 54.2 54.8 187 8009 0 5871 2607 16 8494 0 39.48 0 
2017/05/10 55.7 56.4 55 55.6 263 7967 0 5908 2607 16 8531 0 39.28 0 
2017/05/11 56.7 57 55 55.6 163 7988 1 5908 2607 16 8531 0 39.38 0.01 
2017/05/12 56 56.1 55.3 55.6 61 7972 1 5898 2607 16 8521 0 39.3 0.01 
2017/05/15 56.3 56.5 55.9 56.3 97 7978 0 5902 2607 16 8525 0 39.33 0 
2017/05/16 56.5 56.9 56 56 183 7963 0 5899 2607 16 8522 0 39.26 0 
2017/05/17 56 56.3 56 56.2 122 7945 0 5912 2607 16 8535 0 39.17 0 
2017/05/18 56.2 56.7 56 56 83 7943 0 5915 2607 16 8538 0 39.16 0 
2017/05/19 56.2 56.2 56 56 34 7910 0 5915 2607 16 8538 0 39 0 
2017/05/22 56.4 56.4 55.9 56 94 7712 0 5959 2607 16 8582 0 38.02 0 
2017/05/23 56.1 56.3 56 56 41 7704 0 5969 2607 16 8592 0 37.98 0 
2017/05/24 56 56.2 56 56.2 46 7696 0 6002 2607 16 8625 0 37.94 0 
2017/05/25 56 56.2 56 56.1 55 7673 0 5988 2607 16 8611 0 37.83 0 
2017/05/26 56.3 56.3 56 56.2 70 7650 0 5997 2607 16 8620 0 37.71 0 
2017/05/31 56.3 56.5 56.1 56.3 49 7653 0 5996 2607 16 8619 0 37.73 0 
2017/06/01 56.3 56.4 55.9 56.3 158 7619 0 5981 2607 16 8604 0 37.56 0 
2017/06/02 56.2 57.8 55.9 56.4 294 7589 0 5979 2607 15 8601 0 37.41 0 
2017/06/03 56.4 58.6 56.2 58.4 649 7579 0 5979 2607 15 8601 0 37.36 0 
2017/06/05 59.1 59.2 58.3 58.3 181 7558 0 6009 2600 15 8624 0 37.26 0 
2017/06/06 58.9 58.9 57.9 58 171 7563 0 6014 2590 15 8619 0 37.29 0 
2017/06/07 58.1 58.1 57.3 57.4 163 7535 0 6020 2590 15 8625 0 37.15 0 
2017/06/08 57.4 58.7 57 58.4 333 7449 0 6034 2590 15 8639 0 36.72 0 
2017/06/09 58.7 59 58.3 58.3 146 7443 0 6038 2590 15 8643 0 36.69 0 
2017/06/12 58 58.1 57.7 57.9 74 7435 0 6054 2590 15 8659 0 36.65 0 
2017/06/13 58.1 58.2 57.5 57.5 40 7429 0 6061 2590 15 8666 0 36.62 0 
2017/06/14 57.7 57.7 55.1 56.3 126 7428 0 6070 2590 15 8675 0 36.62 0 
2017/06/15 56.8 57 55.6 56.1 160 7439 16 6084 2560 15 8659 0 36.67 0.22 
2017/06/16 56.2 56.2 55.5 55.5 136 7460 14 6102 2520 14 8636 0 36.78 0.19 
2017/06/19 55.7 55.7 55.5 55.5 34 7455 14 6097 2520 14 8631 0 36.75 0.19 
2017/06/20 55 55 53.8 53.9 337 7337 0 6083 2480 14 8577 0 36.17 0 
2017/06/21 54.5 54.9 54 54.8 245 7211 2 6097 2480 18 8595 0 35.55 0.03 
2017/06/22 54.8 54.9 54 54 164 7198 0 6050 2480 19 8549 0 35.49 0 
2017/06/23 54.5 55.1 53.8 54.4 279 7199 0 6046 2440 19 8505 0 35.49 0 
2017/06/26 55.8 59.8 55.1 59.8 1296 7045 10 6041 2440 19 8500 1 34.73 0.14 
2017/06/27 63.8 63.8 61.6 62.9 2911 6992 48 6046 2440 22 8508 33 34.47 0.69 
2017/06/28 62.9 65.4 62.2 63.5 1750 7007 66 6014 2440 21 8475 25 34.54 0.94 
2017/06/29 64 64.5 62.5 62.7 686 6999 63 5971 2440 21 8432 8 34.51 0.9 
2017/06/30 63.2 64 62.5 63.2 397 7032 67 5973 2576 21 8570 1 34.67 0.95 
2017/07/03 63.5 63.9 63 63.3 466 6991 52 5964 2576 21 8561 2 34.47 0.74 
2017/07/04 64 65 63 63 568 6938 30 5911 2576 23 8510 12 34.2 0.43 
2017/07/05 63.8 63.8 62.2 63.3 295 6994 30 5904 2576 23 8503 0 34.48 0.43 
2017/07/06 63.4 64.1 63 63.3 454 6861 29 5936 2576 23 8535 0 33.82 0.42 
2017/07/07 63.9 64 63.3 63.5 292 6827 16 5938 2576 21 8535 0 33.66 0.23 
2017/07/10 63.7 64.7 63.3 63.5 335 6737 0 5944 2576 21 8541 0 33.21 0 
2017/07/11 63.8 64.4 63 63.5 614 6663 0 5944 2576 22 8542 0 32.85 0 
2017/07/12 63.5 64 63.1 63.6 420 6802 0 5975 2576 20 8571 0 33.53 0 
2017/07/13 64.4 64.8 63.4 63.6 485 6828 0 5977 2576 19 8572 0 33.66 0 
2017/07/14 63.2 63.9 62.5 63.7 854 6970 18 6010 2576 19 8605 8 34.36 0.26 
2017/07/17 65 65.9 63.5 63.6 1014 6733 20 5971 2576 19 8566 16 33.19 0.3 
2017/07/18 64 64.4 63.3 64.2 237 6792 20 5939 2576 19 8534 0 33.48 0.29 
2017/07/19 64.4 64.8 63.5 63.5 297 6681 19 5947 2576 19 8542 0 32.94 0.28 
2017/07/20 64 64.4 63.8 64 242 6692 19 5954 2576 19 8549 0 32.99 0.28 
2017/07/21 64.4 65 64 64.4 437 6710 20 5953 2576 19 8548 0 33.08 0.3 
2017/07/24 64.8 66.2 64.4 66.1 1309 6750 45 5936 2576 19 8531 0 33.28 0.67 
2017/07/25 66.8 67.4 64.9 65.6 827 6674 41 5928 2576 19 8523 11 32.9 0.61 
2017/07/26 65.8 66.1 64.5 64.5 302 6597 31 5946 2576 21 8543 0 32.52 0.47 
2017/07/27 64.9 65.5 63.8 63.8 256 6194 31 5932 2576 21 8529 0 30.54 0.5 
2017/07/28 63.6 64 60.8 62.1 466 6136 18 5943 2576 21 8540 0 30.25 0.29 
2017/07/31 62.2 63.2 61.6 62.5 128 6135 17 5935 2576 21 8532 0 30.25 0.28 
2017/08/01 63 63 62.5 62.6 120 6151 17 5931 2576 21 8528 0 30.32 0.28 
2017/08/02 63 63.3 62.6 63 181 6233 14 5923 2576 19 8518 0 30.73 0.22 
2017/08/03 63.2 63.4 62.7 62.9 152 6266 13 5926 2576 19 8521 0 30.89 0.21 
2017/08/04 63.8 64 63 63.7 215 6330 11 5934 2576 19 8529 0 31.21 0.17 
2017/08/07 63.9 64 63.1 63.2 63 6352 10 5939 2576 19 8534 0 31.32 0.16 
2017/08/08 63.5 63.8 62.9 63.2 230 6370 10 5957 2576 19 8552 1 31.4 0.16 
2017/08/09 63.6 63.6 62 62 241 6370 10 5995 2576 19 8590 0 31.4 0.16 
2017/08/10 62.5 63.3 61.2 61.9 343 6424 12 6065 2576 19 8660 0 31.67 0.19 
2017/08/11 61.3 62.7 61.3 62.1 205 6432 4 6073 2576 19 8668 0 31.71 0.06 
2017/08/14 62.6 62.8 60.8 61.8 123 6457 7 6059 2576 18 8653 0 31.83 0.11 
2017/08/15 62.4 62.5 61.4 62 54 6471 6 6059 2576 18 8653 0 31.9 0.09 
2017/08/16 62.5 62.5 61.6 61.8 26 6476 6 6054 2576 18 8648 0 31.93 0.09 
2017/08/17 62 62.3 61.5 61.7 70 6489 6 6056 2576 14 8646 0 31.99 0.09 
2017/08/18 61.9 62.1 61.3 62 127 6514 6 6042 2576 14 8632 0 32.11 0.09 
2017/08/21 62 62.5 61.6 61.6 103 6528 6 6036 2576 14 8626 0 32.18 0.09 
2017/08/22 62 62.6 61.5 62.5 157 6534 11 6032 2586 14 8632 0 32.21 0.17 
2017/08/23 63 63.4 62.4 62.9 129 6522 7 6042 2590 14 8646 0 32.15 0.11 
2017/08/24 63.5 65 62.4 64.5 750 6482 10 6061 2593 15 8669 0 31.96 0.15 
2017/08/25 65.1 65.6 64 64 395 6406 10 6054 2593 14 8661 2 31.58 0.16 
2017/08/28 65 65.2 61.8 62.5 258 6261 7 6061 2593 14 8668 0 30.87 0.11 
2017/08/29 62.7 63.1 62.3 62.8 117 6281 7 6060 2593 14 8667 0 30.97 0.11 
2017/08/30 62.8 63.3 61.8 62.2 213 6279 7 6063 2593 14 8670 0 30.96 0.11 
2017/08/31 62.4 62.4 61.9 62.2 56 6261 7 6071 2593 15 8679 0 30.87 0.11 
2017/09/01 62.3 63.2 62 63 171 6149 7 6071 2593 15 8679 0 30.31 0.11 
2017/09/04 62.9 62.9 61.9 62.1 50 6141 7 6074 2593 15 8682 0 30.28 0.11 
2017/09/05 62.3 62.3 61.5 61.9 73 6123 7 6073 2593 15 8681 0 30.19 0.11 
2017/09/06 62 62 61.2 62 96 5762 7 6066 2593 15 8674 0 28.41 0.12 
2017/09/07 62 62 61 61.8 86 5816 7 6079 2593 11 8683 0 28.67 0.12 
2017/09/08 62.2 63.8 62.2 62.4 387 5911 9 6084 2593 10 8687 0 29.14 0.15 
2017/09/11 63.1 63.3 62.6 62.8 143 5923 9 6093 2593 10 8696 0 29.2 0.15 
2017/09/12 63.2 63.2 62.7 62.9 83 5938 9 6099 2593 10 8702 0 29.27 0.15 
2017/09/13 63 63.1 62.6 62.6 73 5917 5 6109 2593 13 8715 0 29.17 0.08 
2017/09/14 63 64.8 62.7 64 528 5863 9 6152 2593 13 8758 0 28.9 0.15 
2017/09/15 64.4 64.8 63 63.9 252 5903 9 6140 2593 13 8746 0 29.1 0.15 
2017/09/18 62.8 63.9 62.7 63 253 5794 9 6155 2593 13 8761 0 28.56 0.16 
2017/09/19 63.3 63.7 63 63.1 122 5777 9 6183 2593 13 8789 0 28.48 0.16 
2017/09/20 63.3 69 63.3 67 3343 5654 17 6312 2593 44 8949 23 27.87 0.3 
2017/09/21 67.7 68.4 66 66.2 1558 5454 16 6287 2593 44 8924 12 26.89 0.29 
2017/09/22 66.8 68 66.1 66.8 713 5405 18 6303 2716 43 9062 1 26.65 0.33 
2017/09/25 67.5 70.4 66.6 68.4 3751 5650 26 6356 2880 12 9248 51 27.85 0.46 
2017/09/26 69.4 69.6 64.1 64.3 2146 5854 28 6295 2955 21 9271 10 28.86 0.48 
2017/09/27 64.7 67 64.7 66 1663 6052 36 6318 3408 29 9755 2 29.84 0.59 
2017/09/28 66.4 68 65.3 65.3 2475 6132 38 6359 3634 143 10136 67 30.23 0.62 
2017/09/29 66.7 66.7 64.4 64.6 1531 6074 42 6369 3645 145 10159 22 29.94 0.69 
2017/09/30 65.8 69.8 65.5 68.9 4590 6511 113 6369 3165 231 9765 128 32.1 1.74 
2017/10/02 70.1 73.7 70.1 73.1 6647 6864 125 6568 3263 360 10191 92 33.84 1.82 
2017/10/03 73 73.9 71.6 73.3 2815 6754 139 6474 3343 374 10191 6 33.3 2.06 
2017/10/05 73.3 74.9 72.7 72.7 2260 6382 139 6472 3503 374 10349 15 31.46 2.18 
2017/10/06 73.5 77.5 73.2 76 5232 6619 170 6497 3778 565 10840 25 32.63 2.57 
2017/10/11 76.4 82 76.4 79 7645 6375 248 6557 4822 644 12023 42 31.43 3.89 
2017/10/12 80 80.1 78.3 79.6 2009 6229 273 6616 5049 666 12331 12 30.71 4.38 
2017/10/13 79.5 80 77.3 78.8 2168 5920 219 6738 5185 682 12605 17 29.19 3.7 
2017/10/16 80 80 78.5 78.7 1479 5994 205 6668 5195 573 12436 1 29.55 3.42 
2017/10/17 78.5 78.5 75.3 76.2 2767 6184 202 6822 5255 350 12427 11 30.49 3.27 
2017/10/18 77.3 79.7 77.3 79.7 2198 6288 239 7055 5255 363 12673 3 31 3.8 
2017/10/19 81 83.5 78.8 78.9 7006 6197 240 6761 5441 566 12768 69 30.55 3.87 
2017/10/20 77 82.5 76.8 82.1 3107 5834 299 7200 5586 572 13358 21 28.76 5.13 
2017/10/23 83.1 85 82.6 83.5 3679 5262 352 7230 5758 551 13539 8 25.94 6.69 
2017/10/24 82.8 86.5 82.6 84.8 3281 4786 337 7395 5894 557 13846 11 23.59 7.04 
2017/10/25 85 85.9 82 82 1705 4676 300 7353 5924 500 13777 22 23.05 6.42 
2017/10/26 82 83.8 81.2 81.8 908 4625 286 7509 6048 501 14058 3 22.8 6.18 
2017/10/27 83.4 83.4 79 79 1312 4555 240 7510 6016 455 13981 3 22.46 5.27 
2017/10/30 79 80.5 71.5 76.2 3129 3996 182 8320 6016 335 14671 7 19.7 4.55 
2017/10/31 75.8 78.8 75.3 77 1030 4017 166 8152 6188 334 14674 5 19.8 4.13 
2017/11/01 78.2 78.3 76 77.2 628 3907 170 8104 6308 334 14746 2 19.26 4.35 
2017/11/02 77.1 83.5 76.8 80.6 2689 4183 185 7582 6887 428 14897 26 20.62 4.42 
2017/11/03 81.6 82.5 79 80 889 4103 176 7509 6887 442 14838 10 20.23 4.29 
2017/11/06 81 81 78.5 78.8 420 4086 175 7504 6887 433 14824 1 20.14 4.28 
2017/11/07 79.6 79.6 76.1 76.3 957 4127 167 7409 6827 382 14618 0 20.35 4.05 
2017/11/08 76.6 78.3 76.2 76.7 532 4163 176 7440 6867 337 14644 2 20.52 4.23 
2017/11/09 77.5 77.5 72.6 73 1022 4144 137 7410 6893 288 14591 1 20.43 3.31 
2017/11/10 74.4 76 73.5 75 958 3978 172 7458 6897 268 14623 3 19.61 4.32 
2017/11/13 75 76.5 73 75.6 598 3994 192 7375 6963 271 14609 2 19.69 4.81 
2017/11/14 76.6 76.6 73.8 76 755 3973 173 7239 6903 254 14396 4 19.59 4.35 
2017/11/15 75.2 75.4 74.4 74.4 265 3979 156 7170 6903 254 14327 1 19.62 3.92 
2017/11/16 74.4 76.9 74.4 76.8 751 3882 149 7246 6918 160 14324 1 19.14 3.84 
2017/11/17 77.5 77.5 75.2 77 671 3853 147 7105 6918 160 14183 6 19 3.82 
2017/11/20 76.9 76.9 73.6 75.6 673 3863 151 7063 6795 165 14023 4 19.04 3.91 
2017/11/21 75.7 76.7 74.5 75.2 359 3910 150 7051 6795 141 13987 2 19.28 3.84 
2017/11/22 76 76.7 74 74 473 3881 141 7053 6795 141 13989 0 19.13 3.63 
2017/11/23 74.3 78.9 74.3 77.8 1021 4070 153 7203 6808 141 14152 0 20.07 3.76 
2017/11/24 78.9 80.7 77.6 79.5 1442 4044 155 7082 6828 141 14051 2 19.94 3.83 
2017/11/27 79.9 85.8 79.9 81.4 4024 4303 183 7208 6819 141 14168 37 21.21 4.25 
2017/11/28 82.7 87.1 82.2 84.5 4527 4116 249 7593 6819 151 14563 18 20.29 6.05 
2017/11/29 85.2 85.8 83.8 85 1917 4225 257 7644 6822 158 14624 5 20.83 6.08 
2017/11/30 84.2 86.3 81.5 83.1 2345 3746 203 7987 6942 159 15088 7 18.47 5.42 
2017/12/01 84.3 84.8 79.2 81.3 1493 3570 174 8128 6987 172 15287 8 17.6 4.87 
2017/12/04 82.4 85.7 82.2 83.8 1877 3426 207 8202 7432 184 15818 11 16.89 6.04 
2017/12/05 83.9 88.5 81.2 81.2 5705 3523 200 7699 7664 177 15540 109 17.37 5.68 
2017/12/06 81.2 83.2 80 83.2 1256 3356 218 7750 7618 168 15536 14 16.55 6.5 
2017/12/07 83.5 83.8 80.5 80.9 791 3300 207 7675 7638 170 15483 19 16.27 6.27 
2017/12/08 83 88.9 82 88.9 4307 3752 369 8167 8464 187 16818 23 18.5 9.83 
2017/12/11 93.5 96.8 89.3 92 5569 3970 427 7490 8530 228 16248 49 19.57 10.76 
2017/12/12 90 95.2 89.2 91.4 2546 3901 450 7613 8530 270 16413 29 19.23 11.54 
2017/12/13 93 95.4 88.2 90 3658 3541 440 7301 8495 286 16082 28 17.46 12.43 
2017/12/14 88 88.1 83.1 83.1 4983 3979 287 7134 7061 259 14454 22 19.62 7.21 
2017/12/15 83.1 83.6 81.4 82.7 1702 4097 227 7201 7067 199 14467 5 20.2 5.54 
2017/12/18 83 83.9 81.5 81.5 901 4040 172 7124 7077 199 14400 1 19.92 4.26 
2017/12/19 81.7 82.5 80.1 81.3 962 3899 161 7154 7129 199 14482 1 19.22 4.13 
2017/12/20 82 84.9 81.6 84.1 1495 3789 170 7124 7364 216 14704 2 18.68 4.49 
2017/12/21 84.3 85.5 83 83.2 1186 3688 168 6915 7649 216 14780 8 18.18 4.56 
2017/12/22 84 86.2 83.9 85.4 1304 3568 200 7451 7665 217 15333 7 17.59 5.61 
2017/12/25 86.2 86.2 83.2 83.3 765 3673 182 7240 7665 217 15122 2 18.11 4.96 
2017/12/26 82.9 82.9 77.5 77.8 1602 3596 163 6895 7751 210 14856 3 17.73 4.53 
2017/12/27 78.1 79.9 75.1 77.7 1162 3489 128 6888 7809 168 14865 14 17.2 3.67 
2017/12/28 78.8 79.7 77.4 79.5 704 3427 122 6897 7942 168 15007 7 16.9 3.56 
2017/12/29 81.2 84.7 80.3 84.7 1571 3328 136 7025 7742 167 14934 12 16.41 4.09 
2018/01/02 84 84.4 81.8 83 714 3402 136 6737 7748 167 14652 1 16.77 4 
2018/01/03 83.6 84.7 82.3 82.3 1020 3508 131 6596 7631 167 14394 5 17.29 3.73 
2018/01/04 83.2 85 82.5 84 1139 3484 134 6692 7486 167 14345 1 17.18 3.85 
2018/01/05 83.6 85.3 83.3 84.4 1120 3457 134 6694 7459 167 14320 4 17.04 3.88 
2018/01/08 87.5 88.6 85.5 86.6 2428 3900 141 6609 7370 167 14146 6 19.23 3.62 
2018/01/09 86 87.4 85.1 86.9 1075 3884 146 6646 7362 167 14175 0 19.15 3.76 
2018/01/10 86.1 86.9 84.6 85 850 3838 154 6608 7362 167 14137 0 18.92 4.01 
2018/01/11 85.1 86.3 81.1 81.4 1483 3910 165 6473 7067 178 13718 9 19.28 4.22 
2018/01/12 81.4 83.5 81.4 82.8 975 3871 157 6599 6967 159 13725 16 19.08 4.06 
2018/01/15 83.3 84.9 82.5 83.5 705 3820 158 6768 6992 159 13919 2 18.83 4.14 
2018/01/16 84.2 86.5 84.2 84.6 1018 3741 165 7273 6992 176 14441 1 18.44 4.41 
2018/01/17 84.9 88.6 84.7 86.8 1864 3701 177 7679 6862 206 14747 1 18.25 4.78 
2018/01/18 88.2 90.6 87 89.2 2529 3436 197 7717 6856 211 14784 25 16.94 5.73 
2018/01/19 88.5 90.4 87.4 88.7 1972 3555 221 7659 6272 213 14144 11 17.53 6.22 
2018/01/22 88.7 88.7 86 87.1 1090 3480 220 7847 5986 197 14030 1 17.16 6.32 
2018/01/23 87.9 88.3 86.3 88 647 3438 235 7905 5920 197 14022 10 16.95 6.84 
2018/01/24 89.4 92.9 86.2 86.2 2953 3571 200 7585 5920 196 13701 27 17.61 5.6 
2018/01/25 86.2 87.1 85.5 85.5 676 3497 196 7714 5824 200 13738 1 17.24 5.6 
2018/01/26 88 88 84 84.5 490 3436 180 7737 5696 200 13633 1 16.94 5.24 
2018/01/29 86.5 86.5 83.1 83.5 485 3396 169 7755 5556 200 13511 0 16.74 4.98 
2018/01/30 83.8 83.8 82.4 82.6 563 3357 152 7727 5356 186 13269 0 16.55 4.53 
2018/01/31 83 85.3 81.1 85.3 627 3300 141 7833 5374 174 13381 0 16.27 4.27 
2018/02/01 85 85.9 84.5 85.5 492 3264 151 7833 5374 148 13355 1 16.09 4.63 
2018/02/02 84.8 85.5 82.5 82.9 452 3220 149 7805 5264 148 13217 1 15.87 4.63 
2018/02/05 80 81.2 79.5 80.9 521 3198 136 7855 5229 112 13196 0 15.77 4.25 
2018/02/06 77.5 78.7 73 75.2 843 2979 98 7760 5229 110 13099 1 14.69 3.29 
2018/02/07 77.9 78 74.5 74.5 768 2962 83 7816 5229 110 13155 1 14.6 2.8 
2018/02/08 74.5 75.9 73.2 75.7 602 2903 84 7891 5053 88 13032 0 14.31 2.89 
2018/02/09 71 76.3 70.5 74.9 547 2795 67 7874 5240 88 13202 7 13.78 2.4 
2018/02/12 75.7 75.7 70 71 1076 2856 63 7442 5063 13 12518 3 14.08 2.21 
2018/02/21 72.5 74.3 71.4 74.3 621 2756 32 7743 5053 12 12808 0 13.59 1.16 
2018/02/22 73.5 78.8 73.5 78.8 611 2850 40 7618 5052 11 12681 2 14.05 1.4 
2018/02/23 81.9 82 76 76.1 1586 2951 39 7272 4972 11 12255 8 14.55 1.32 
2018/02/26 77.9 77.9 76 76.2 217 2926 33 7306 4947 12 12265 0 14.43 1.13 
2018/02/27 76.8 76.8 74.7 74.7 315 2914 38 7307 4934 12 12253 0 14.37 1.3 
2018/03/01 73.4 75.9 73.4 74.8 221 2936 40 7304 4903 12 12219 0 14.47 1.36 
2018/03/02 74.1 75.5 74.1 74.7 208 2925 43 7307 4903 31 12241 0 14.42 1.47 
2018/03/05 75 75.3 73.7 73.7 108 2937 39 7294 4903 45 12242 0 14.48 1.33 
2018/03/06 74.2 74.5 72.8 72.8 247 2971 38 7252 4877 48 12177 0 14.65 1.28 
2018/03/07 72.6 74.7 72.6 74 357 2981 33 7275 4866 49 12190 0 14.7 1.11 
2018/03/08 74 74.8 72.8 73.5 316 2997 32 7225 4845 65 12135 0 14.78 1.07 
2018/03/09 73.6 73.9 71.8 71.9 457 2983 32 7194 4835 73 12102 0 14.71 1.07 
2018/03/12 72.5 73.9 71.8 72.3 502 3052 29 7211 4797 66 12074 1 15.05 0.95 
2018/03/13 72.1 72.6 71.9 72.5 324 2995 28 7201 4795 66 12062 0 14.77 0.93 
2018/03/14 72.6 73 72.2 72.7 217 2938 28 7200 4771 66 12037 0 14.48 0.95 
2018/03/15 72.9 74.4 72.8 74.2 490 2870 28 7252 4864 66 12182 0 14.15 0.98 
2018/03/16 75.4 76.6 74 74 731 2817 26 7126 4889 70 12085 0 13.89 0.92 
2018/03/19 74.5 74.5 73.4 73.6 283 2808 27 7116 4989 70 12175 0 13.84 0.96 
2018/03/20 73.7 74 72.2 72.2 446 2824 31 7063 4837 72 11972 0 13.92 1.1 
2018/03/21 72.2 72.6 71.5 72 435 2817 29 7005 4828 76 11909 0 13.89 1.03 
2018/03/22 71.7 72.6 71.1 71.1 284 2845 29 6974 4813 15 11802 0 14.03 1.02 
2018/03/23 70.7 70.7 67.1 67.1 810 2726 102 6927 4713 19 11659 0 13.44 3.74 
2018/03/26 67.5 67.5 64.7 65.3 860 2686 68 6992 4510 19 11521 1 13.24 2.53 
2018/03/27 66.8 66.8 64.8 65 605 2686 53 7121 4446 19 11586 0 13.24 1.97 
2018/03/28 65 66.2 64.1 64.5 418 2728 35 7182 4396 19 11597 3 13.45 1.28 
2018/03/29 65 65.4 64.1 64.2 372 2752 4 7221 4428 19 11668 0 13.57 0.15 
2018/03/30 64.9 66.5 64.4 65.4 537 2745 1 7246 4427 19 11692 1 13.53 0.04 
2018/03/31 66.9 69.3 66.6 67.9 1059 2764 0 7246 4420 142 11808 6 13.63 0 
2018/04/02 68 68.4 67 67 341 2760 0 7251 4420 152 11823 0 13.61 0 
2018/04/03 67 68 66.4 66.7 408 2800 0 7199 4420 152 11771 0 13.8 0 
2018/04/09 66.7 68.5 66.5 68.3 343 2866 0 7144 4376 152 11672 0 14.13 0 
2018/04/10 68.5 69.9 67.5 67.5 521 2898 0 7030 4374 152 11556 0 14.29 0 
2018/04/11 68.3 69.1 67.3 67.5 428 2988 6 7031 4374 152 11557 0 14.73 0.2 
2018/04/12 67.6 67.7 66.6 66.6 368 2987 9 6991 4374 153 11518 0 14.73 0.3 
2018/04/13 67 67.2 65.9 66 695 2859 9 7042 4374 154 11570 3 14.09 0.31 
2018/04/16 66.9 67 65.6 65.6 275 2869 8 7061 4356 154 11571 0 14.14 0.28 
2018/04/17 65.6 66 64.1 64.2 328 2850 8 7093 4287 155 11535 0 14.05 0.28 
2018/04/18 64.5 65.2 60.6 61.4 955 2822 46 6995 4156 158 11309 3 13.91 1.63 
2018/04/19 61 61.7 58.7 59.2 1609 3038 47 7318 4037 166 11521 0 14.98 1.55 
2018/04/20 59.5 61.2 59.5 59.8 803 3002 41 7406 3999 169 11574 2 14.8 1.37 
2018/04/23 59.8 60.4 58.7 58.8 434 2919 34 7399 4006 170 11575 0 14.39 1.16 
2018/04/24 58.9 59 57 57.6 633 2752 20 7404 3995 173 11572 1 13.57 0.73 
2018/04/25 56.6 58.3 56.3 58.3 448 2659 6 7577 3922 170 11669 1 13.11 0.23 
2018/04/26 58.6 60.3 57.6 58 393 2689 6 7541 3922 170 11633 1 13.26 0.22 
2018/04/27 58.9 58.9 57.1 57.5 337 2707 6 7568 3837 170 11575 0 13.35 0.22 
2018/04/30 57.4 57.4 55.9 56.4 417 2725 4 7495 3678 172 11345 0 13.43 0.15 
2018/05/02 56.5 56.9 55.6 56.4 425 2757 6 7563 3678 172 11413 0 13.59 0.22 
2018/05/03 56.9 62 56.7 61.4 2135 2823 13 7949 3627 167 11743 10 13.92 0.46 
2018/05/04 59.6 60.7 58.2 59.1 1586 2961 14 7575 3622 170 11367 8 14.6 0.47 
2018/05/07 59.1 59.2 57.7 59.2 797 3013 11 7448 3602 170 11220 0 14.85 0.37 
2018/05/08 59.2 59.9 59 59 568 3041 13 7476 3602 170 11248 0 14.99 0.43 
2018/05/09 59 59.3 58.4 58.9 364 3128 11 7496 3582 169 11247 1 15.42 0.35 
2018/05/10 59.5 60.5 59 60.2 436 3141 8 7563 3582 168 11313 0 15.49 0.25 
2018/05/11 60.5 60.9 58.5 58.8 548 3227 5 7522 3582 168 11272 0 15.91 0.15 
2018/05/14 58.8 60.1 58.6 58.8 433 3225 8 7602 3582 164 11348 0 15.9 0.25 
2018/05/15 59.1 59.9 58.9 59.3 397 3209 9 7758 3531 59 11348 0 15.82 0.28 
2018/05/16 59.4 61.8 59.4 61.4 517 3298 10 7825 3530 59 11414 0 16.26 0.3 
2018/05/17 61.8 61.9 61.4 61.4 404 3335 17 7746 3530 55 11331 0 16.44 0.51 
2018/05/18 61.5 62.2 61.4 61.4 434 3343 23 7739 3554 43 11336 0 16.48 0.69 
2018/05/21 61.8 63.3 61.8 63.3 394 3378 30 7863 3554 43 11460 1 16.65 0.89 
2018/05/22 63.9 64 62.2 62.6 486 3258 29 7754 3554 45 11353 1 16.06 0.89 
2018/05/23 62.9 62.9 61.8 61.9 167 3264 29 7720 3554 47 11321 0 16.09 0.89 
2018/05/24 61.9 62.8 61.9 62.8 205 3301 29 7779 3553 47 11379 0 16.27 0.88 
2018/05/25 62.3 62.6 61.8 62.2 210 3378 27 7725 3553 47 11325 0 16.65 0.8 
2018/05/28 62.1 63.6 61.9 63 328 3425 25 7767 3553 47 11367 4 16.89 0.73 
2018/05/29 62.5 63.3 62.5 63 205 3502 25 7735 3553 47 11335 0 17.26 0.71 
2018/05/30 63 63 62.3 62.7 184 3573 19 7703 3552 33 11288 0 17.61 0.53 
2018/05/31 62.9 64 62.9 63.5 467 3560 19 7604 3552 93 11249 0 17.55 0.53 
2018/06/01 63.5 63.8 63 63.3 134 3569 20 7568 3552 96 11216 0 17.6 0.56 
2018/06/04 63.6 63.8 61.6 61.6 596 3637 15 7545 3285 106 10936 0 17.93 0.41 
2018/06/05 61.6 61.7 59.8 59.9 751 3684 18 7527 3133 37 10697 0 18.16 0.49 
2018/06/06 60.3 61.1 60 61.1 393 3787 16 7685 2895 37 10617 0 18.67 0.42 
2018/06/07 62.5 62.5 60.8 61.1 316 3849 16 7634 2798 36 10468 0 18.98 0.42 
2018/06/08 61.6 61.6 60.6 60.9 308 4028 14 7642 2647 36 10325 0 19.86 0.35 
2018/06/11 61.2 61.9 61.2 61.8 368 4130 14 7633 2611 36 10280 0 20.36 0.34 
2018/06/12 61.8 62.5 61.5 61.7 340 4212 14 7654 2521 35 10210 0 20.77 0.33 
2018/06/13 61.8 63.5 61.6 63.1 401 4281 13 7734 2409 34 10177 0 21.11 0.3 
2018/06/14 63.1 63.9 62.6 62.8 491 4371 13 7543 2409 34 9986 0 21.55 0.3 
2018/06/15 63.4 63.5 62.8 62.9 275 4483 14 7521 2360 34 9915 0 22.1 0.31 
2018/06/19 62.7 62.7 61.6 61.6 228 4597 14 7479 2272 35 9786 0 22.66 0.3 
2018/06/20 61.5 62.4 61 61.3 367 4668 13 7408 2272 37 9717 0 23.01 0.28 
2018/06/21 61.5 62.7 61.5 62 331 4679 13 7482 2177 37 9696 0 23.07 0.28 
2018/06/22 62.1 65.9 62 65 975 4796 13 7545 2177 97 9819 0 23.64 0.27 
2018/06/25 68 70.8 67.3 69.8 2499 4634 36 7973 2177 101 10251 9 22.85 0.78 
2018/06/26 68.5 73 66.2 72.5 1806 4796 41 7846 2277 159 10282 5 23.64 0.85 
2018/06/27 72.5 76 68.9 68.9 2597 4920 33 7589 2077 174 9840 2 24.26 0.67 
2018/06/28 69 73.7 69 72.2 2161 5009 67 7525 2204 174 9903 11 24.69 1.34 
2018/06/29 71.3 75.9 71.2 75.7 2135 5124 68 7237 2311 204 9752 22 25.26 1.33 
2018/07/02 75.7 79 75.7 76.7 1633 5444 68 6989 2298 257 9544 20 26.84 1.25 
2018/07/03 77 77.4 74.5 74.5 816 5501 67 6932 2296 277 9505 0 27.12 1.22 
2018/07/04 74.5 75.4 73.9 74.3 321 5524 70 6933 2296 305 9534 0 27.23 1.27 
2018/07/05 74.3 74.3 71.5 72 789 5620 62 6818 2296 318 9432 0 27.71 1.1 
2018/07/06 71.8 73.5 71.5 72.5 697 5532 49 6888 2204 319 9411 3 27.27 0.89 
2018/07/09 73 78 73 77.4 1084 5544 46 6926 2240 338 9504 2 27.33 0.83 
2018/07/10 75.4 78.5 75.4 78 850 5555 57 6809 2259 338 9406 3 27.39 1.03 
2018/07/11 76.9 80.5 76.9 77.4 878 5735 56 6805 2259 341 9405 2 28.27 0.98 
2018/07/12 77.5 83.6 77.5 81.8 1788 5513 63 6999 2678 383 10060 8 27.18 1.14 
2018/07/13 85 86.5 81.9 84 2112 5756 69 6962 2900 665 10527 17 28.38 1.2 
2018/07/16 84.7 88 84.1 86 1236 5622 69 7023 2951 833 10807 6 27.72 1.23 
2018/07/17 86.5 88.5 84.2 86 966 5558 68 7017 3008 859 10884 2 27.4 1.22 
2018/07/18 86.6 87.6 83.1 84.7 694 5624 69 7031 2932 856 10819 4 27.73 1.23 
2018/07/19 86.2 92.5 86 89.3 4259 4981 60 7269 3624 877 11770 17 24.56 1.2 
2018/07/20 92.2 95.7 89.2 95.5 5611 4625 0 7204 3945 615 11764 0 22.8 0 
2018/07/23 95.5 95.5 86 87.1 3394 4275 0 6817 4162 624 11603 0 21.08 0 
2018/07/24 87.6 88.5 81 82.9 2067 4171 0 6707 4328 695 11730 0 20.56 0 
2018/07/25 84 85.9 83.5 84 1295 4326 0 6526 4300 771 11597 0 21.33 0 
2018/07/26 82.5 83.4 81.5 81.7 798 4333 6 6500 4280 724 11504 9 21.36 0.14 
2018/07/27 82.5 86 82.3 84.7 1531 4152 71 6334 4757 771 11862 34 20.47 1.71 
2018/07/30 84 85 82.8 83.2 788 3906 88 6251 4952 771 11974 3 19.26 2.25 
