1990/02/09 166 181 160 174 72162 
1990/02/16 177 177 158 163 49094 
1990/02/23 163 175 160 166 49064 
1990/03/02 170 179 163 167 71164 
1990/03/09 166 175 161 172 31980 
1990/03/16 173 175 163 166 32218 
1990/03/23 164 167 148 148 24534 
1990/03/30 147 157 146 157 18455 
1990/04/06 158 159 138 139 15813 
1990/04/13 137 144 132 137 16640 
1990/04/20 137 146 128 142.5 35356 
1990/04/27 143 149.5 141 147.5 27661 
1990/05/04 147 148 124 135.5 32613 
1990/05/11 136 139 124.5 132 27608 
1990/05/18 132.5 138 126 126.5 36273 
1990/05/25 134 134 107.5 115 43189 
1990/06/01 115 141.5 102.5 102.5 33054 
1990/06/08 102.5 102.5 70.5 70.5 43192 
1990/06/15 66 76 63.5 63.5 40760 
1990/06/22 64 65.5 53 54 19672 
1990/06/29 55 58 49.5 53 25310 
1990/07/06 53 58 49.6 56.5 28758 
1990/07/13 56 62.5 51 54 45122 
1990/07/20 52 61 51 60 33883 
1990/07/27 61.5 64 53 63.5 56673 
1990/08/03 63 67 53 56 75248 
1990/08/10 54.5 55 41.4 43 26553 
1990/08/17 42 45.5 38.6 38.6 26679 
1990/08/24 36.5 40 29 31.4 27601 
1990/08/31 32.4 38.5 31.6 38.5 36206 
1990/09/07 36.5 37.3 32.8 33.9 24750 
1990/09/14 35.1 37.8 34 36.3 40577 
1990/09/21 36.3 36.8 31.7 32.9 33587 
1990/09/28 31.5 32.4 29.4 31.5 23371 
1990/10/05 31.5 35 30 33.5 33212 
1990/10/12 33.5 36 29.9 31.6 34585 
1990/10/19 32.2 36.2 32 35.9 45302 
1990/10/26 35 41.5 34.8 34.8 75622 
1990/11/02 37 38.8 33.8 37.2 41398 
1990/11/09 38 41.8 35.4 36.2 60696 
1990/11/16 38.7 40.1 37.5 39.9 45896 
1990/11/23 41 47 40.5 43.3 99939 
1990/11/30 42.3 43.2 34.9 40.1 55020 
1990/12/07 40.2 42.5 37 37 51229 
1990/12/14 37 39 35.8 36.5 36324 
1990/12/21 36.4 36.7 33.7 35.2 21192 
1990/12/28 35.2 36.8 34.5 36.7 11497 
1991/01/04 36.5 39.8 34.5 39.8 23432 
1991/01/11 38.5 38.5 31.2 31.5 24884 
1991/01/18 31 35.9 28.6 34.8 28389 
1991/01/25 34.8 37.5 33.3 34.1 53703 
1991/02/01 34 36.4 33.9 34.9 32777 
1991/02/08 34.5 38.6 34.5 37.7 37964 
1991/02/15 38 40.2 38 39.6 12325 
1991/02/22 42.3 46 40 42 47858 
1991/03/01 42 43.3 38.9 39.5 35063 
1991/03/08 38.2 41.9 38.2 41.8 31101 
1991/03/15 42.2 43.8 40.4 43.1 44975 
1991/03/22 42.5 43.5 41.1 42.4 28866 
1991/03/29 42.5 49.3 42.5 49.3 53118 
1991/04/05 51 56 49.5 55 51731 
1991/04/12 55 58 53 55 68065 
1991/04/19 55 56 49.5 54.5 44065 
1991/04/26 55 56 52.5 55 32404 
1991/05/03 56 57 51.5 54 32780 
1991/05/10 55 58 54.5 54.5 47521 
1991/05/17 54 55 50 53 21668 
1991/05/24 53 55 52 52 14722 
1991/05/31 52 53 49 50.5 9471 
1991/06/07 50.5 52.5 49.5 52 8217 
1991/06/14 52 53.5 50 53.5 10404 
1991/06/21 54.5 56.5 54 56 23361 
1991/06/28 56 56.5 52 52 14693 
1991/07/05 53.5 53.5 50.5 51 7550 
1991/07/12 51 52.5 50 51.5 8128 
1991/07/19 52 52.5 49 50 7367 
1991/07/26 50 51 47.5 51 12299 
1991/08/02 51 52.5 41.5 42.7 24739 
1991/08/09 42.7 44.2 39.7 43.7 14873 
1991/08/16 43.4 44.5 40.1 40.2 13146 
1991/08/23 40 40.2 35.7 36.8 18143 
1991/08/30 36.7 37.7 34.5 37.1 10247 
1991/09/06 37.6 39.4 36.5 39.2 14256 
1991/09/13 39.5 40.2 36.9 37.2 14892 
1991/09/20 37.5 39.5 37 39.2 8322 
1991/09/27 39.4 40.3 39 39.5 10144 
1991/10/04 40 40.2 38 39 7251 
1991/10/11 39 39.7 38.1 38.6 7357 
1991/10/18 37 37.5 33 34.9 10906 
1991/10/25 34.9 34.9 31.3 33.2 7620 
1991/11/01 33.8 35.4 33 33.7 8190 
1991/11/08 33.6 35.7 33.1 35.6 13485 
1991/11/15 36 36.9 35.2 35.5 16962 
1991/11/22 35.4 37.4 35 35.8 16669 
1991/11/29 36 36.6 35.2 35.5 8282 
1991/12/06 35.5 37 34.6 36.8 22508 
1991/12/13 37 37.5 35.4 36.3 20985 
1991/12/20 36.3 39.5 36.1 38.7 31026 
1991/12/27 39.7 41 39 40.8 26268 
1992/01/03 41 42 40.9 41.4 4818 
1992/01/10 41.7 44 41.2 43.4 23741 
1992/01/17 43.3 45.4 42.2 44.6 30580 
1992/01/24 45 48.3 44.8 45.7 35410 
1992/01/31 45.8 46.2 45.2 45.2 12532 
1992/02/07 45 45.5 44.5 45 4045 
1992/02/14 45 46 43.7 44.4 13241 
1992/02/21 44.4 46.6 41.8 46.6 19549 
1992/02/28 48 48.6 44.8 48.3 36958 
1992/03/06 48.5 48.5 45.2 45.6 22979 
1992/03/13 45.3 46 44.3 45.2 9153 
1992/03/20 45.2 45.9 43.3 43.4 9127 
1992/03/27 43.2 43.9 42.6 43.3 6666 
1992/04/03 43.3 43.7 42.2 42.7 3799 
1992/04/10 42.4 42.4 40.1 40.4 6320 
1992/04/17 40.4 40.8 39.5 40.4 4380 
1992/04/24 40.4 40.8 39 39.2 2882 
1992/05/01 39.5 40.5 39.1 39.8 3383 
1992/05/08 39.8 40 38.5 38.5 2937 
1992/05/15 38.3 38.3 36.4 37.1 4349 
1992/05/22 37 39 37 38.4 4688 
1992/05/29 38.5 38.7 36.8 37.1 3393 
1992/06/05 37 37.9 36.5 37.4 2486 
1992/06/12 37.5 37.9 36.5 37.2 4099 
1992/06/19 37.5 37.6 35.8 35.8 3642 
1992/06/26 36 36.5 34.4 34.6 5620 
1992/07/03 34.6 34.8 34 34.3 2239 
1992/07/10 34.8 34.8 32.5 33.7 3394 
1992/07/17 32.7 34.5 32.7 33.1 4149 
1992/07/24 33.1 34.2 32.2 33 7241 
1992/07/31 33.3 34.8 32.5 34 6964 
1992/08/07 34 34.4 32.8 32.8 3755 
1992/08/14 32.5 32.9 31.7 32.4 3743 
1992/08/21 32 32.1 29.8 30.5 4568 
1992/08/28 30.6 32.3 30.3 32.3 4412 
1992/09/04 32.6 33.6 31.9 32 8122 
1992/09/11 32.6 32.7 29.5 30.3 8761 
1992/09/18 29.2 30.5 27 29.5 8804 
1992/09/25 28.6 30.5 27.6 28.8 9374 
1992/10/02 26.5 30.4 26 29.8 13617 
1992/10/09 29.8 31.4 29.5 29.9 13090 
1992/10/16 30.5 31.4 29.5 30.8 6582 
1992/10/23 31 31.1 30.4 30.8 4165 
1992/10/30 30.6 30.9 30 30.3 1640 
1992/11/06 30 30.3 28.8 29.2 3313 
1992/11/13 29.2 29.7 28.8 29.7 1580 
1992/11/20 29.6 30.4 29.4 29.8 3428 
1992/11/27 30 30 29 29.5 4033 
1992/12/04 29.5 29.5 28.6 29.2 2978 
1992/12/11 29.3 29.6 28.9 29.3 6809 
1992/12/18 29.4 29.5 28.7 28.8 3008 
1992/12/25 29 29 26.8 27.1 4232 
1993/01/01 27 27 25.7 26 2502 
1993/01/08 26.2 26.5 24.5 26 5133 
1993/01/15 25.7 28.3 25 28 9696 
1993/01/22 28.2 28.3 27.5 28.3 3229 
1993/01/29 27.9 28 26.2 28 3312 
1993/02/05 28.3 29.8 28 29 15229 
1993/02/12 28.9 29.4 27.7 29.2 12875 
1993/02/19 29.3 30 28.8 29.6 23908 
1993/02/26 29.8 33 29.6 33 41163 
1993/03/05 34 36.1 31.8 33.8 57261 
1993/03/12 34 34.5 31.9 33.3 34767 
1993/03/19 33.3 33.7 31.2 31.5 25205 
1993/03/26 31.5 32 30.8 31 10784 
1993/04/02 31.2 34 31 33.6 25878 
1993/04/09 34.5 35.1 31.4 31.5 22478 
1993/04/16 31.6 32.4 30.3 30.6 13196 
1993/04/23 30.8 31.7 30 31.1 10539 
1993/04/30 31.3 31.4 30.3 30.7 5908 
1993/05/07 30.3 31.8 29.6 31.4 8743 
1993/05/14 31.4 32.8 31.2 31.6 16756 
1993/05/21 31.5 31.6 30.4 31.3 11438 
1993/05/28 31.5 32.8 31 32 26941 
1993/06/04 32 32.3 31.3 31.6 10567 
1993/06/11 31.4 31.6 30.1 30.4 7097 
1993/06/18 30.5 30.6 29.5 29.6 5064 
1993/06/25 29.5 29.6 29 29.2 4349 
1993/07/02 29.2 29.2 26.7 27 5794 
1993/07/09 27 28.4 26.7 28.1 9916 
1993/07/16 28 28.1 26.3 26.3 5732 
1993/07/23 26.4 27.2 26.1 27 5230 
1993/07/30 27.2 27.5 26.3 26.3 6677 
1993/08/06 26.3 26.4 23.1 23.1 14420 
1993/08/13 23.4 24.4 23.2 23.8 9400 
1993/08/20 24 24.4 22.8 22.9 9792 
1993/08/27 23 23.1 22.4 22.5 4746 
1993/09/03 22.5 22.7 21.5 21.9 5490 
1993/09/10 21.9 22.3 21.5 21.9 5917 
1993/09/17 22 22.5 20.8 22.3 8684 
1993/09/24 22.3 22.5 21.7 22.2 5944 
1993/10/01 22 22.1 21.5 21.5 2678 
1993/10/08 21.5 22.2 21.2 22.2 6458 
1993/10/15 22.1 23.4 22.1 22.9 10412 
1993/10/22 22.8 22.9 21.9 22.9 7755 
1993/10/29 23 23.7 22.6 23.5 13220 
1993/11/05 23.7 24.2 23 23 14932 
1993/11/12 23 23.2 22.6 23 5750 
1993/11/19 23.3 24.7 23.3 23.6 38462 
1993/11/26 23.8 23.9 22.3 22.3 10889 
1993/12/03 22.9 25.5 22.9 25.2 40564 
1993/12/10 25.6 27.3 25.5 26.5 64598 
1993/12/17 26.9 29.8 26.9 27.6 99016 
1993/12/24 27.5 29.4 27.4 27.9 30308 
1993/12/31 28.5 31.7 28.2 31.6 59106 
1994/01/07 31.6 36.1 31.4 33.8 70196 
1994/01/14 34.8 35.8 29 31.2 58543 
1994/01/21 30.8 31.4 29.1 30.5 28148 
1994/01/28 30.7 32.7 29.5 31.7 37130 
1994/02/04 32.2 33.2 31 31.3 52961 
1994/02/18 31.5 31.5 29.2 29.5 11381 
1994/02/25 29.5 29.8 28.1 28.5 11943 
1994/03/04 28.3 29.2 27.2 28.8 12307 
1994/03/11 29 29.3 27 27 10862 
1994/03/18 27 27.5 26.4 26.5 8741 
1994/03/25 26.5 29.7 26 28.9 37102 
1994/04/01 29 29.5 28 29 19225 
1994/04/08 29.2 31.3 29 30.7 38860 
1994/04/15 30.7 31.4 30 30.5 53038 
1994/04/22 31 31.9 30.8 31 52160 
1994/04/29 31 31.5 29.5 29.6 23598 
1994/05/06 29.8 32.4 29.8 32 46981 
1994/05/13 32.2 34.3 31.3 34 96657 
1994/05/20 33.9 33.9 31.8 31.9 45399 
1994/05/27 32.2 33.9 32 33.8 46096 
1994/06/03 34 34.6 33 33.8 47591 
1994/06/10 34.3 35 32.9 33.9 54741 
1994/06/17 34 34.3 33.1 34.3 28508 
1994/06/24 34.2 34.3 32.9 33.9 49347 
1994/07/01 34 35.4 33.7 34.4 46861 
1994/07/08 34.4 35 32.5 33 56218 
1994/07/15 33.1 33.9 32.5 32.6 31217 
1994/07/22 32.8 34.1 32.4 33.2 44114 
1994/07/29 33.4 34.5 31.7 31.7 49312 
1994/08/05 31.7 33.1 31.5 31.8 40981 
1994/08/12 32 32.6 30.5 30.5 19761 
1994/08/19 30.3 32.8 29.5 32.8 33588 
1994/08/26 33.5 33.7 31.5 32 55352 
1994/09/02 32.6 35.4 32.6 34 97470 
1994/09/09 34.2 34.8 33 33.7 40009 
1994/09/16 34.2 35.1 32.9 35.1 67779 
1994/09/23 35.4 35.7 33.8 35.5 54269 
1994/09/30 35.4 38.3 35.1 37.3 143373 
1994/10/07 37.5 38.5 32.2 32.2 110234 
1994/10/14 32.5 35.6 30.1 35.6 75691 
1994/10/21 35.8 38.9 35.3 36.7 130631 
1994/10/28 37 37.4 34.4 34.7 34840 
1994/11/04 34.4 34.5 32.6 34 31453 
1994/11/11 34 34.3 33.5 34 16482 
1994/11/18 34.2 34.2 32.5 33.2 13510 
1994/11/25 33.1 33.2 31 31.7 25626 
1994/12/02 31.7 32.5 31.1 32.5 18525 
1994/12/09 33.9 34 32.7 33.8 43752 
1994/12/16 34 34.5 32.8 34.4 55770 
1994/12/23 34.7 35.7 33.5 34.1 70112 
1994/12/30 34.7 38.2 34.2 37.4 97507 
1995/01/06 37.8 38.8 35.8 37.2 80389 
1995/01/13 37.8 38.5 34.3 35.6 181020 
1995/01/20 35.8 37.8 34.5 35.5 131925 
1995/01/27 35.4 35.7 32.8 32.8 45030 
1995/02/03 33.2 33.5 32.4 32.4 6347 
1995/02/10 32.3 34.9 32.2 34.9 30796 
1995/02/17 34.8 34.8 33.5 34 30669 
1995/02/24 34.1 34.2 33 33.7 14988 
1995/03/03 32.9 33.2 31.6 32.6 19375 
1995/03/10 32.6 32.8 31.5 32.5 10434 
1995/03/17 32.9 33.9 32.2 33.2 20893 
1995/03/24 33.8 33.8 31.8 32 12842 
1995/03/31 32 32.5 31.9 32.2 10202 
1995/04/07 32.4 32.9 32.2 32.6 9485 
1995/04/14 33 33.4 31.5 31.5 16192 
1995/04/21 31.5 31.8 30.1 30.5 12217 
1995/04/28 30.6 30.6 28.5 28.6 13281 
1995/05/05 28.3 28.6 26.1 26.3 14192 
1995/05/12 26.5 27.9 26.5 27.6 8409 
1995/05/19 27.7 27.8 27 27 3788 
1995/05/26 27.1 27.2 25.4 25.4 7699 
1995/06/02 25.4 26.8 24.9 26.8 13312 
1995/06/09 23.8 23.8 22.6 22.6 11128 
1995/06/16 22.7 22.8 21.2 21.5 12432 
1995/06/23 21.3 23 21 22.6 14640 
1995/06/30 22.9 23.8 21.8 21.8 23217 
1995/07/07 21.9 23 21 22.4 16196 
1995/07/14 22.7 23.4 21.8 22.8 37709 
1995/07/21 22.8 22.8 20.1 21.1 27997 
1995/07/28 21.3 21.5 20 20.6 19396 
1995/08/04 20.5 20.8 18.8 19 15970 
1995/08/11 18.9 19.8 17.2 17.4 22128 
1995/08/18 17.2 18.8 16.1 17.8 40876 
1995/08/25 17.6 18.9 17.2 17.5 17327 
1995/09/01 17.7 18.6 17.5 18.5 16180 
1995/09/08 18.6 21.3 18.6 20.2 55442 
1995/09/15 20.3 20.3 18 18.3 27108 
1995/09/22 18.3 19.2 18.3 18.6 13927 
1995/09/29 19 19.6 18.8 19.2 34755 
1995/10/06 19.3 20.3 19 19.8 57622 
1995/10/13 20.2 20.5 19 19.4 34106 
1995/10/20 19.8 21 19.4 19.7 99462 
1995/10/27 19.6 20.4 19.4 19.5 25748 
1995/11/03 19.3 19.3 17.8 18.2 24894 
1995/11/10 18.3 18.8 17.8 18.5 19530 
1995/11/17 18.3 18.7 17.8 18.5 21400 
1995/11/24 18.5 18.7 18 18.3 12547 
1995/12/01 18.4 19.2 18.2 18.8 27119 
1995/12/08 19.2 19.8 18.8 19.4 49639 
1995/12/15 19.7 21.8 19.5 20.3 109559 
1995/12/22 20.3 20.9 18.8 20 45717 
1995/12/29 19.8 20.8 19.5 20.2 24550 
1996/01/05 20.4 20.5 18.5 19.1 22697 
1996/01/12 19.3 20.7 19 20.7 50055 
1996/01/19 21.2 21.5 20.1 20.2 80610 
1996/01/26 20.4 20.7 19.4 19.6 23211 
1996/02/02 19.4 19.5 18.2 18.7 22580 
1996/02/09 18.7 18.9 18.1 18.9 19502 
1996/02/16 19.1 20.2 19.1 19.2 39804 
1996/02/23 19.6 19.6 19.2 19.3 5618 
1996/03/01 19.2 19.8 18.6 19.5 18817 
1996/03/08 19.5 19.7 18.8 19.3 19326 
1996/03/15 19.1 20 18.8 19.7 22052 
1996/03/22 19.7 20.4 19.6 20.2 34000 
1996/03/29 20.7 21.1 20.3 20.5 47573 
1996/04/05 20.6 22.6 20.6 22.6 45579 
1996/04/12 22.7 25.4 22.1 25.4 171784 
1996/04/19 26 27.1 22.9 23.6 177261 
1996/04/26 23.6 24.8 22.5 24.3 100654 
1996/05/03 24.7 25.3 23 23.7 69974 
1996/05/10 23.9 25.7 23.1 25.6 80745 
1996/05/17 26 26 23.3 23.6 65495 
1996/05/24 23.7 24.4 21.8 23.5 52271 
1996/05/31 23.6 24.1 22.8 23.8 28239 
1996/06/07 23.9 24.2 23.1 23.6 26784 
1996/06/14 23.7 25.5 23.6 24.4 84057 
1996/06/21 24.6 24.8 23.8 24.2 25356 
1996/06/28 24.5 25 23.7 24.7 55109 
1996/07/05 24.9 25.3 23 23.1 45560 
1996/07/12 22.2 22.5 21.8 21.9 22623 
1996/07/19 21.8 22.5 21.2 21.9 21877 
1996/07/26 22 22.4 21.5 21.8 16350 
1996/08/02 21.9 22.3 21.7 21.8 13525 
1996/08/09 21.6 23.5 21.6 22.6 61123 
1996/08/16 22.6 22.9 22.1 22.3 15104 
1996/08/23 22.5 22.8 21.4 22.2 38056 
1996/08/30 22.2 22.9 21.9 22.5 25046 
1996/09/06 22.9 23.4 22.3 22.8 47999 
1996/09/13 22.9 23.8 22.8 23.4 47641 
1996/09/20 23.4 23.9 22.7 22.7 42421 
1996/09/27 22.6 22.9 22.3 22.8 10383 
1996/10/04 22.8 22.9 22.4 22.5 16384 
1996/10/11 22.6 23.1 22.4 23 20222 
1996/10/18 23.1 23.2 21.8 22 24987 
1996/10/25 22 22.2 21.7 21.8 8823 
1996/11/01 21.9 21.9 20.8 21 14975 
1996/11/08 21.2 21.4 20.9 21.2 19772 
1996/11/15 21.3 21.3 20.3 20.3 21855 
1996/11/22 20.3 21.1 20.2 20.3 22508 
1996/11/29 20.5 20.8 20.2 20.5 21182 
1996/12/06 20.5 20.9 20.4 20.6 21766 
1996/12/13 20.7 21.1 20.4 20.5 16649 
1996/12/20 20.5 21.4 20.5 21 29249 
1996/12/27 21.2 21.6 20.6 20.7 21863 
1997/01/03 20.9 20.9 20.3 20.3 7182 
1997/01/10 20.3 20.8 20.3 20.8 18591 
1997/01/17 20.9 22.1 20.9 21.5 54822 
1997/01/24 21.9 22.8 21.4 21.4 72362 
1997/01/31 21.4 21.6 21.1 21.3 18703 
1997/02/07 22 22.4 22 22.3 18360 
1997/02/14 22.5 23.8 22.3 22.9 83674 
1997/02/21 23.2 24.4 22.8 23.5 120389 
1997/02/28 24.1 25.5 23.8 24 109102 
1997/03/07 23.9 25.7 23.5 24.7 86113 
1997/03/14 24.7 27.2 24.5 26.1 176140 
1997/03/21 26.2 27.1 24.4 25.2 123909 
1997/03/28 25 25.3 23.1 23.8 41188 
1997/04/04 24 25 23.5 24.7 31255 
1997/04/11 24.9 26.1 24 25.7 98923 
1997/04/18 26.2 26.7 23.8 23.9 79289 
1997/04/25 24.2 24.9 23.9 24 25599 
1997/05/02 24.1 24.5 22.1 23 20499 
1997/05/09 23 24.2 22 22.1 27452 
1997/05/16 22.1 22.3 20.6 21.7 19649 
1997/05/23 21.8 21.8 21.2 21.4 8942 
1997/05/30 21.5 21.7 20.2 21.3 13337 
1997/06/06 21.5 21.7 20.2 20.2 15592 
1997/06/13 20.2 20.8 20.2 20.6 14074 
1997/06/20 21 21.8 20.2 20.5 34155 
1997/06/27 20.6 22.6 20.3 22 53472 
1997/07/04 22.1 23.2 21.2 21.2 46689 
1997/07/11 21.3 21.8 20 20.3 31489 
1997/07/18 21 21.7 19 21.5 65555 
1997/07/25 21.5 24.3 21.3 23.1 136059 
1997/08/01 23.3 26 22.7 24.1 118754 
1997/08/08 24.1 25.3 23.4 23.9 76542 
1997/08/15 24 25.1 23.2 25 80798 
1997/08/22 25 26.2 23.6 23.6 87041 
1997/08/29 23.6 24.5 23.1 23.3 34623 
1997/09/05 23.4 24.4 21.4 24.1 61815 
1997/09/12 24.3 25.5 23.7 24.8 62203 
1997/09/19 24.8 27.2 24.8 27 108193 
1997/09/26 27.2 28 25 25.3 125229 
1997/10/03 25.5 26.2 25 25.2 35977 
1997/10/10 25.4 26.2 25.1 25.1 35932 
1997/10/17 25.2 25.3 20.5 21.1 46709 
1997/10/24 21 22.3 19.7 21.5 35031 
1997/10/31 21.5 21.7 19.7 20.5 19231 
1997/11/07 20.4 22.1 20.3 21 37228 
1997/11/14 21 21.3 19.9 19.9 9664 
1997/11/21 20.1 21 20 20.8 14960 
1997/11/28 21.1 21.6 20.7 21 24002 
1997/12/05 20.5 23.6 19.9 23 49362 
1997/12/12 23.4 26.5 23.1 24.9 98633 
1997/12/19 25.5 25.5 23.2 23.6 50670 
1997/12/26 24 24.7 23.5 24 18974 
1998/01/02 24.3 24.5 23.7 23.7 13168 
1998/01/09 23.9 24 22.2 22.2 11558 
1998/01/16 21.7 22.7 20.8 22.1 13931 
1998/01/23 22 22.3 21.8 22 6974 
1998/02/06 22.7 24.1 22.3 22.5 23567 
1998/02/13 22.5 23 21.8 22.1 14274 
1998/02/20 22.1 23 21.6 22.9 20835 
1998/02/27 23.4 24.6 23 23 32712 
1998/03/06 23.2 24.7 23.2 24.4 43663 
1998/03/13 24.9 25.7 23.9 24 45666 
1998/03/20 24.1 24.1 22.6 23.1 16051 
1998/03/27 23.1 24.2 23.1 23.7 30105 
1998/04/03 24 24.5 22.7 23.6 29612 
1998/04/10 23.8 25 23.5 24 37830 
1998/04/17 24.3 24.8 23.5 24 34157 
1998/04/24 24.1 24.2 23.2 23.9 14090 
1998/05/01 24 24 20.8 21.1 15709 
1998/05/08 21.1 21.4 20 20 8221 
1998/05/15 20.2 20.6 20 20.2 8306 
1998/05/22 20 20.8 20 20.5 6925 
1998/05/29 20.6 20.7 19.8 19.8 6491 
1998/06/05 19.8 19.8 18.6 19.5 8497 
1998/06/12 19.2 19.5 17.6 17.7 9682 
1998/06/19 17.7 19.7 17.4 19.7 15779 
1998/06/26 19.9 20.3 19.1 19.8 18757 
1998/07/03 19.6 20.5 19.4 19.7 13260 
1998/07/10 19.9 20.5 19 19.1 13254 
1998/07/17 19 19.1 18.5 18.6 6502 
1998/07/24 18.8 19.1 18.3 18.5 5115 
1998/07/31 18.5 18.5 16.6 16.7 6488 
1998/08/07 16.9 16.9 14.5 15.1 7926 
1998/08/14 15.2 16.4 14.65 16 35496 
1998/08/21 16.1 16.2 15.4 15.9 7562 
1998/08/28 15.8 15.8 13.4 13.65 23033 
1998/09/04 13.65 13.9 12 13.9 22895 
1998/09/11 13.7 14.15 13.1 14.15 19695 
1998/09/18 14.5 14.8 13.75 14.3 26919 
1998/09/25 14.35 15.1 13.2 13.6 14663 
1998/10/02 13.6 14.1 13.1 13.5 10035 
1998/10/09 13.6 14.9 13.25 14.5 17694 
1998/10/16 14.7 14.8 13.8 13.9 13144 
1998/10/23 13.9 14.8 13.7 14.45 18947 
1998/10/30 14.5 14.6 13.7 13.8 8831 
1998/11/06 13.8 13.9 13 13.1 7128 
1998/11/13 13.15 13.4 12.85 13.15 5855 
1998/11/20 13.3 15.3 13.2 14.6 34759 
1998/11/27 14.45 14.95 13.55 14.65 22527 
1998/12/04 14.5 14.55 13.5 13.7 11344 
1998/12/11 14 14.2 13.1 13.25 8995 
1998/12/18 13.3 13.4 12 12.25 10811 
1998/12/25 12.4 13 12.2 12.75 9088 
1999/01/01 12.8 12.8 11.5 11.85 7982 
1999/01/08 11.8 11.85 10.65 11.5 9299 
1999/01/15 11.4 11.5 10.5 11 7185 
1999/01/22 10.9 10.95 10.4 10.45 4183 
1999/01/29 10.35 10.35 9.75 10.15 6922 
1999/02/05 10.15 10.15 8 8.55 16582 
1999/02/12 9.1 9.35 8.7 9.3 18208 
1999/02/19 9.9 9.9 9.4 9.9 5128 
1999/02/26 9.9 10.4 9.4 9.7 15742 
1999/03/05 9.75 10.3 9.6 10 16490 
1999/03/12 10.1 10.2 9.6 9.6 6715 
1999/03/19 9.75 10.65 9.5 10.5 39841 
1999/03/26 10.65 11.4 10.4 10.85 45798 
1999/04/02 11 12.15 10.95 12.1 110331 
1999/04/09 12.5 12.65 11.75 12.1 49273 
1999/04/16 12.2 12.35 11.3 12.15 35972 
1999/04/23 12.35 14.6 12.35 13.6 124870 
1999/04/30 13.95 13.95 12.6 13.1 28179 
1999/05/07 13.3 13.6 12.75 12.8 22237 
1999/05/14 12.8 12.95 12.15 12.5 21414 
1999/05/21 12.8 13.35 11.8 11.8 32444 
1999/05/28 11.8 12.2 11 11.4 13118 
1999/06/04 11.2 11.6 10.7 11 10658 
1999/06/11 11.05 11.2 10.05 10.6 13279 
1999/06/18 10.7 10.95 10 10 8682 
1999/06/25 10.2 10.8 10.1 10.15 18994 
1999/07/02 10.35 10.4 9.8 9.95 10368 
1999/07/09 9.95 10.9 9.95 10.45 22741 
1999/07/16 10.4 10.6 8.7 8.7 15544 
1999/07/23 8.5 9.65 8.5 9.65 14686 
1999/07/30 9.65 10.3 9.1 9.7 19085 
1999/08/06 9.7 9.8 8.75 9.25 7481 
1999/08/13 9.25 9.95 8.9 9.8 8084 
1999/08/20 10 11 9.75 10.6 91374 
1999/08/27 10.75 10.8 9.8 9.9 18610 
1999/09/03 10 10.1 9.3 9.3 21352 
1999/09/10 9.4 9.5 8.9 9.45 8440 
1999/09/17 9.45 9.6 9 9.1 8475 
1999/09/24 9.15 9.15 9 9.05 518 
1999/10/01 8.9 11.7 8.9 11.7 83281 
1999/10/08 12.5 12.65 11.35 12.3 93678 
1999/10/15 12.3 12.7 11.3 11.5 57457 
1999/10/22 11.4 12 11 12 25454 
1999/10/29 12 12 9.75 9.9 28115 
1999/11/05 9.9 9.95 7.95 8.1 21625 
1999/11/12 8.1 8.65 7.8 8.65 18332 
1999/11/19 8.85 8.95 8.15 8.3 10923 
1999/11/26 8.2 8.9 7.9 8.15 12078 
1999/12/03 8.35 9.4 8.2 9.4 25838 
1999/12/10 9.65 9.8 8.5 8.65 25366 
1999/12/17 8.7 9.95 8.7 8.95 37739 
1999/12/24 8.85 8.95 8.3 8.4 13456 
1999/12/31 8.6 8.9 8.5 8.55 9486 
2000/01/07 8.6 9.6 8.25 9.15 30040 
2000/01/14 8.85 9.3 8.7 9 31523 
2000/01/21 9.15 10.1 9.05 9.3 46914 
2000/01/28 9.3 10.45 9.3 10.15 55839 
2000/02/04 10.15 10.45 9.9 10.3 16752 
2000/02/11 10.5 11.75 10.5 11 40424 
2000/02/18 11.1 13.55 10.3 13.55 127184 
2000/02/25 14.45 14.45 11.55 11.55 117607 
2000/03/03 11.6 12.1 10.75 10.9 60172 
2000/03/10 11.1 11.5 10.7 10.75 44461 
2000/03/17 10.5 10.5 9 9.4 22824 
2000/03/24 9.1 10.7 8.8 10.25 26119 
2000/03/31 9.9 11.45 9.7 10.65 60280 
2000/04/07 10.4 11 10.1 10.25 21795 
2000/04/14 10.15 10.5 9.25 9.25 21172 
2000/04/21 9.1 9.5 8.9 9.3 13294 
2000/04/28 9.4 9.4 8 8.65 16149 
2000/05/05 8.4 8.9 8 8.7 12134 
2000/05/12 8.7 8.8 8.2 8.5 7179 
2000/05/19 8.55 9.25 8.4 8.65 17987 
2000/05/26 8.6 8.9 8.3 8.5 7939 
2000/06/02 8.6 8.75 8.4 8.65 8632 
2000/06/09 8.7 9 8.55 8.65 8967 
2000/06/16 8.65 8.75 7.9 8.05 7102 
2000/06/23 8.1 8.3 8 8.15 5114 
2000/06/30 8.1 8.1 7.15 7.5 6261 
2000/07/07 7.75 7.95 7.45 7.8 10488 
2000/07/14 7.7 7.75 7.05 7.4 9374 
2000/07/21 7.55 7.75 7.3 7.5 7309 
2000/07/28 7.45 7.45 6.75 7.35 8102 
2000/08/04 7.4 8.05 7.4 7.7 21903 
2000/08/11 7.8 7.85 7.3 7.4 7331 
2000/08/18 7.4 7.6 7 7.1 6078 
2000/08/25 7 7.1 6.1 6.35 6906 
2000/09/01 5.95 6.1 4.94 5.45 26690 
2000/09/08 5.45 5.6 4.91 4.99 9089 
2000/09/15 5 5.1 4.65 4.73 8081 
2000/09/22 4.4 4.72 3.82 4.72 23866 
2000/09/29 5.05 5.4 4.7 5.35 23892 
2000/10/06 5.35 5.6 5.05 5.55 24619 
2000/10/13 5.55 5.55 4.62 5.15 8383 
2000/10/20 5.5 5.7 4.95 5.6 19474 
2000/10/27 5.5 5.9 5.4 5.65 13493 
2000/11/03 5.5 5.55 5.3 5.4 13074 
2000/11/10 5.25 5.3 4.64 4.94 11080 
2000/11/17 4.87 5.5 4.45 4.65 17847 
2000/11/24 4.5 4.5 3.97 3.97 23398 
2000/12/01 3.84 4.01 3.81 3.86 28335 
2000/12/08 3.85 3.85 3.38 3.38 10040 
2000/12/15 3.27 3.63 3.18 3.22 15965 
2000/12/22 3.11 3.25 3 3.13 13222 
2000/12/29 3.23 3.23 2.91 3.13 7370 
2001/01/05 3.34 4.07 3.25 3.99 9651 
2001/01/12 3.97 4.38 3.82 4.14 16186 
2001/01/19 4 4.36 4 4.3 10888 
2001/02/02 4 4.58 4 4.54 23568 
2001/02/09 4.54 4.95 4.2 4.46 16355 
2001/02/16 4.54 5.55 4.54 5.55 21447 
2001/02/23 5.5 6.3 5.15 5.85 41766 
2001/03/02 5.7 6.15 5.45 5.75 26266 
2001/03/09 5.8 6.1 5.75 5.9 18545 
2001/03/16 5.9 6.55 5.5 6.45 27187 
2001/03/23 6.4 6.4 6 6.3 16853 
2001/03/30 6.25 7.05 6.15 6.5 34431 
2001/04/06 6.6 6.6 5.85 6.5 14826 
2001/04/13 6.5 6.7 6.1 6.55 17520 
2001/04/20 6.6 6.6 5.85 5.85 15973 
2001/04/27 5.8 6.15 5.5 5.95 7801 
2001/05/04 5.95 6.05 5.35 5.4 5015 
2001/05/11 5.4 5.7 5.2 5.5 13037 
2001/05/18 5.5 5.5 5 5.25 7150 
2001/05/25 5.1 5.1 4.6 4.72 6844 
2001/06/01 4.66 4.68 3.48 3.5 14780 
2001/06/08 3.27 3.8 3.22 3.63 18966 
2001/06/15 3.5 3.67 3.45 3.53 4400 
2001/06/22 3.5 3.5 3.3 3.32 5220 
2001/06/29 3.3 3.31 3.09 3.18 4702 
2001/07/06 3 3.15 2.81 3.07 4721 
2001/07/13 3.13 3.72 3.08 3.56 16243 
2001/07/20 3.6 3.6 3 3.29 5566 
2001/07/27 3.23 3.72 3.06 3.66 10430 
2001/08/03 3.63 3.63 3.22 3.32 5668 
2001/08/10 3.33 3.45 3.19 3.34 8494 
2001/08/17 3.35 4.08 3.26 3.97 30113 
2001/08/24 3.7 3.87 3.42 3.45 30003 
2001/08/31 3.5 4.14 3.4 3.76 30991 
2001/09/07 3.8 3.9 3.3 3.33 10729 
2001/09/14 3.25 3.38 2.9 3.03 12427 
2001/09/21 2.93 3.14 2.93 2.99 5411 
2001/09/28 2.85 3.1 2.79 3.1 11858 
2001/10/05 3.01 3.08 2.9 2.97 6376 
2001/10/12 2.84 2.95 2.67 2.87 11269 
2001/10/19 2.85 2.93 2.77 2.81 3465 
2001/10/26 2.84 2.96 2.78 2.85 6007 
2001/11/02 2.83 2.86 2.7 2.85 6086 
2001/11/09 2.86 2.9 2.71 2.74 6190 
2001/11/16 2.84 2.86 2.72 2.76 3318 
2001/11/23 2.76 2.94 2.75 2.75 7849 
2001/11/30 2.76 2.79 2.3 2.36 7625 
2001/12/07 2.31 2.66 2.25 2.66 15646 
2001/12/14 2.83 3.05 2.66 3 33544 
2001/12/21 3.09 3.43 2.66 2.71 22559 
2001/12/28 2.71 3 2.69 2.8 41880 
2002/01/04 2.9 3.17 2.87 3.03 20656 
2002/01/11 3.07 3.39 3.07 3.21 36530 
2002/01/18 3.18 3.2 2.86 3 26719 
2002/01/25 3.04 3.05 2.78 2.83 31304 
2002/02/01 2.85 3.04 2.8 2.94 48316 
2002/02/08 3.04 3.06 2.86 2.93 17039 
2002/02/22 3.03 3.06 2.81 2.83 22498 
2002/03/01 2.83 2.84 2.57 2.74 21045 
2002/03/08 2.8 2.92 2.74 2.9 31428 
2002/03/15 2.99 3.36 2.88 3.01 85631 
2002/03/22 3.03 3.54 3.03 3.47 83810 
2002/03/29 3.5 4.23 3.5 3.76 85498 
2002/04/05 3.55 4.51 3.55 4.51 72611 
2002/04/12 4.57 5.1 4.05 4.22 128181 
2002/04/19 4.3 4.85 4.26 4.8 121290 
2002/04/26 4.9 6 4.78 5.6 280419 
2002/05/03 5.3 5.8 4.38 4.6 154166 
2002/05/10 4.5 4.67 4 4.26 102583 
2002/05/17 4.11 4.46 3.95 3.98 57603 
2002/05/24 3.98 3.98 3.29 3.95 59094 
2002/05/31 3.91 4.1 3.68 3.88 67577 
2002/06/07 3.82 3.94 3.51 3.85 38383 
2002/06/14 3.91 4.29 3.88 4.1 80538 
2002/06/21 4.16 4.34 4.01 4.15 104099 
2002/06/28 4.12 4.21 3.51 3.6 52632 
2002/07/05 3.61 3.81 3.22 3.72 35082 
2002/07/12 3.76 4.14 3.58 4.02 106239 
2002/07/19 4.05 4.29 3.94 4 82548 
2002/07/26 3.92 4.12 3.71 3.81 60926 
2002/08/02 3.88 4.06 3.8 3.91 39535 
2002/08/09 3.65 3.8 3.43 3.8 39654 
2002/08/16 3.85 3.91 3.62 3.76 32576 
2002/08/23 3.76 3.83 3.65 3.8 20123 
2002/08/30 3.84 3.84 3.46 3.82 30753 
2002/09/06 3.82 3.84 3.35 3.35 21122 
2002/09/13 3.36 3.62 3.3 3.54 22958 
2002/09/20 3.54 3.54 3.33 3.45 19881 
2002/09/27 3.39 3.48 2.8 2.91 26655 
2002/10/04 2.83 2.85 2.52 2.57 16749 
2002/10/11 2.57 2.58 2.34 2.47 19830 
2002/10/18 2.48 2.85 2.46 2.82 45750 
2002/10/25 2.85 3.05 2.73 2.9 40960 
2002/11/01 2.92 2.99 2.8 2.85 21628 
2002/11/08 2.9 3.11 2.84 3.11 30803 
2002/11/15 3.19 3.37 3.07 3.22 52515 
2002/11/22 3.23 3.42 3.1 3.14 36815 
2002/11/29 3.15 3.35 3.1 3.22 26251 
2002/12/06 3.18 3.64 3.17 3.53 54908 
2002/12/13 3.59 3.97 3.59 3.83 103479 
2002/12/20 3.85 4.52 3.85 4.01 143439 
2002/12/27 3.75 4.09 3.48 3.7 59420 
2003/01/03 3.7 4.24 3.61 4.05 44617 
2003/01/10 4.05 4.85 4.05 4.79 163528 
2003/01/17 4.95 5.6 4.91 5.25 278069 
2003/01/24 5.2 5.6 5 5.5 224595 
2003/01/31 5.7 5.85 5.4 5.55 133280 
2003/02/07 5.5 5.7 4.9 4.9 43561 
2003/02/14 4.9 5.1 4.13 4.16 85420 
2003/02/21 4.28 4.55 3.97 4.18 73146 
2003/02/28 4.3 4.34 4.03 4.08 38923 
2003/03/07 4.14 4.26 3.91 3.92 32743 
2003/03/14 3.9 4.09 3.54 4.05 38921 
2003/03/21 4 4.03 3.78 3.89 30168 
2003/03/28 3.95 4.07 3.85 3.93 40543 
2003/04/04 3.9 3.9 3.62 3.79 34983 
2003/04/11 3.84 4.38 3.79 4.16 89302 
2003/04/18 4.13 4.14 3.95 4 23895 
2003/04/25 4 4.09 3.48 3.48 42541 
2003/05/02 3.28 3.41 2.88 3.14 41858 
2003/05/09 3.14 3.29 3.08 3.22 24084 
2003/05/16 3.2 3.33 3.2 3.25 14380 
2003/05/23 3.2 3.26 3.1 3.25 12297 
2003/05/30 3.34 3.74 3.3 3.58 38342 
2003/06/06 3.6 3.76 3.6 3.69 28697 
2003/06/13 3.66 3.96 3.66 3.8 47451 
2003/06/20 3.85 4.02 3.8 3.84 73075 
2003/06/27 3.85 3.92 3.68 3.72 47525 
2003/07/04 3.78 4.02 3.75 3.97 77151 
2003/07/11 4.04 4.21 3.85 3.91 166508 
2003/07/18 3.91 4.47 3.91 4.06 178431 
2003/07/25 4.1 4.3 4.02 4.09 79501 
2003/08/01 4.17 4.36 3.99 4.08 77201 
2003/08/08 4.1 4.19 3.85 3.88 37818 
2003/08/15 3.96 4.09 3.86 4.01 31670 
2003/08/22 4.08 4.35 4.03 4.35 89960 
2003/08/29 4.59 4.85 4.33 4.42 246598 
2003/09/05 4.48 4.6 4.2 4.23 55901 
2003/09/12 4.23 4.3 3.95 4.09 30590 
2003/09/19 4.1 4.43 4.09 4.29 62520 
2003/09/26 4.3 4.52 4.2 4.3 69209 
2003/10/03 4.3 4.43 4.12 4.31 50283 
2003/10/10 4.35 4.59 4.27 4.48 61483 
2003/10/17 4.54 5.45 4.45 5.15 299148 
2003/10/24 5.15 5.85 4.98 5.5 203192 
2003/10/31 5.55 5.65 5.15 5.35 125388 
2003/11/07 5.45 6.25 5.35 5.85 333927 
2003/11/14 5.85 5.9 5.25 5.3 94961 
2003/11/21 5.25 5.4 4.91 5 46181 
2003/11/28 5.05 5.5 5 5.35 93972 
2003/12/05 5.35 5.8 5.15 5.6 101037 
2003/12/12 5.55 5.85 5.45 5.7 63327 
2003/12/19 5.75 5.8 5.55 5.7 87064 
2003/12/26 5.8 6.7 5.75 6.7 296392 
2004/01/02 6.7 7 6.4 6.8 196287 
2004/01/09 6.85 7.55 6.85 6.95 220770 
2004/01/16 6.9 7.3 6.8 7.15 135561 
2004/01/30 7.4 8.5 7.35 8.5 238782 
2004/02/06 8.5 9.05 8.05 8.75 226866 
2004/02/13 8.95 9.45 8.25 8.75 245516 
2004/02/20 8.75 9.25 8.5 8.7 195699 
2004/02/27 8.8 9 8.4 8.65 127219 
2004/03/05 8.6 10 8.6 9 377275 
2004/03/12 9.05 10.9 9.05 10.6 383958 
2004/03/19 11.2 11.6 9.9 11 370957 
2004/03/26 10.25 10.25 8.2 8.2 169874 
2004/04/02 8.75 9.9 8.6 9.6 145101 
2004/04/09 9.8 11.1 9.55 10.85 317500 
2004/04/16 11.15 11.4 10.5 10.75 204198 
2004/04/23 10.8 10.85 9.3 9.45 93083 
2004/04/30 9.4 9.9 8.1 8.2 91956 
2004/05/07 8 8.55 7.6 8.2 148187 
2004/05/14 8 8 7.15 7.4 113799 
2004/05/21 7.2 7.8 6.55 7.8 88414 
2004/05/28 8 8.65 7.85 8.35 171865 
2004/06/04 8.85 8.85 7.4 7.9 120461 
2004/06/11 8.1 8.3 7.9 7.95 90337 
2004/06/18 8.05 8.1 7 7.05 60395 
2004/06/25 7.2 7.6 6.9 7.6 52545 
2004/07/02 7.6 7.7 7.3 7.65 52477 
2004/07/09 7.8 8.1 7.75 7.8 120822 
2004/07/16 7.9 8.2 7.3 7.4 57977 
2004/07/23 7.4 7.5 6.85 7.25 38320 
2004/07/30 7 7.3 7 7.25 28195 
2004/08/06 7.2 7.4 6.7 6.85 38309 
2004/08/13 6.8 6.95 6.55 6.65 18035 
2004/08/20 6.65 6.75 6 6.35 54199 
2004/08/27 6.45 6.85 6.4 6.75 28885 
2004/09/03 6.75 7.9 6.75 7.5 101653 
2004/09/10 7.5 8.1 7.3 7.65 84759 
2004/09/17 7.8 8.4 7.6 7.85 108185 
2004/09/24 7.85 8.15 7.65 7.7 63887 
2004/10/01 7.7 8 7.6 7.8 39023 
2004/10/08 7.9 8.3 7.8 7.9 88676 
2004/10/15 7.95 8.2 7.5 7.65 54499 
2004/10/22 7.7 7.85 7.55 7.7 27306 
2004/10/29 7.6 7.95 7.5 7.6 28325 
2004/11/05 7.6 7.9 7.4 7.8 23398 
2004/11/12 7.85 8.2 7.8 8.05 62475 
2004/11/19 8.15 8.4 7.95 8.2 81082 
2004/11/26 8.2 8.85 8.05 8.4 143302 
2004/12/03 8.5 8.85 8.4 8.8 84593 
2004/12/10 8.8 9.35 8.65 9 91383 
2004/12/17 9.15 9.55 9 9.2 114370 
2004/12/24 9 9.8 8.95 9.7 145173 
2004/12/31 9.75 9.8 9.35 9.5 90117 
2005/01/07 9.55 10.1 9.55 9.9 109521 
2005/01/14 10 10.05 9.1 9.5 63245 
2005/01/21 9.65 9.7 9.15 9.15 28640 
2005/01/28 9.2 9.3 8.8 9.05 25759 
2005/02/04 9.15 9.35 8.95 9 45723 
2005/02/18 9.3 9.4 8.95 8.95 41770 
2005/02/25 8.95 9.4 8.85 9.35 49749 
2005/03/04 9.4 9.78 9.3 9.3 46399 
2005/03/11 9.35 9.48 8.9 9 32323 
2005/03/18 8.95 9.06 8.57 8.8 22646 
2005/03/25 8.8 8.95 8.61 8.75 18534 
2005/04/01 8.7 8.95 8.18 8.5 26009 
2005/04/08 8.4 8.4 7.85 7.94 15716 
2005/04/15 7.99 8.02 7.6 7.6 18080 
2005/04/22 7.36 7.5 6.9 7.31 24034 
2005/04/29 7.32 7.47 7.32 7.39 8399 
2005/05/06 7.4 7.62 7.4 7.57 8974 
2005/05/13 7.75 8 7.65 7.8 19339 
2005/05/20 7.82 7.88 7.57 7.67 11748 
2005/05/27 7.74 7.74 7.55 7.58 7318 
2005/06/03 7.58 8.41 7.33 8.39 30429 
2005/06/10 8.39 8.97 8.36 8.55 60611 
2005/06/17 8.6 8.78 8.45 8.63 47707 
2005/06/24 8.63 8.65 8.3 8.4 19940 
2005/07/01 8.4 8.49 8.1 8.15 17547 
2005/07/08 8.1 8.19 7.9 7.94 16544 
2005/07/15 7.96 8.44 7.96 8.27 22314 
2005/07/22 8.36 8.66 8.12 8.51 37341 
2005/07/29 8.53 8.6 8.05 8.05 28891 
2005/08/05 8.25 8.35 8.05 8.12 21737 
2005/08/12 7.87 8.25 7.59 8.11 24589 
2005/08/19 8.2 8.23 7.86 7.9 15469 
2005/08/26 7.95 8.3 7.88 8.1 28453 
2005/09/02 8.12 8.3 8 8.21 22042 
2005/09/09 8.3 8.4 8.09 8.18 24668 
2005/09/16 8.24 8.3 8.07 8.08 18153 
2005/09/23 8.2 8.37 8.12 8.22 21161 
2005/09/30 8.31 8.58 8.25 8.45 34019 
2005/10/07 8.45 8.49 8.31 8.32 18204 
2005/10/14 8.32 8.39 8.14 8.24 9705 
2005/10/21 8.24 8.3 7.59 7.71 16505 
2005/10/28 7.79 7.85 7.67 7.71 8469 
2005/11/04 7.73 8.05 7.73 7.9 8964 
2005/11/11 7.92 8.17 7.8 8.13 16278 
2005/11/18 8.15 8.22 7.96 8.05 9170 
2005/11/25 8.05 8.28 7.95 8.17 15807 
2005/12/02 8.2 8.42 8.13 8.22 21048 
2005/12/09 8.35 8.55 8.22 8.26 30205 
2005/12/16 8.29 8.56 8.19 8.51 38648 
2005/12/23 8.34 8.78 8.34 8.65 58481 
2005/12/30 8.66 9.3 8.62 9.14 149285 
2006/01/06 8.85 9.04 8.66 8.83 41028 
2006/01/13 8.91 9.1 8.8 8.8 38335 
2006/01/20 8.89 8.89 8.35 8.35 21904 
2006/01/27 8.3 8.48 8.22 8.36 12011 
2006/02/03 8.36 8.49 8.36 8.44 3614 
2006/02/10 8.47 8.96 8.43 8.61 38554 
2006/02/17 8.58 8.67 8.47 8.57 14917 
2006/02/24 8.57 8.68 8.22 8.37 13380 
2006/03/03 8.37 8.6 8.3 8.3 14376 
2006/03/10 8.4 8.68 8.31 8.44 24827 
2006/03/17 8.45 8.49 8.07 8.17 12726 
2006/03/24 8.23 8.28 8.12 8.2 5885 
2006/03/31 8.2 8.55 8.18 8.55 13293 
2006/04/07 8.55 8.68 8.45 8.63 12981 
2006/04/14 8.68 9.06 8.58 8.81 36374 
2006/04/21 8.92 9.25 8.87 9.14 51169 
2006/04/28 9.3 11.95 9.3 11.45 300907 
2006/05/05 11.45 13.95 11.45 13.15 315288 
2006/05/12 13.95 15.65 13.9 15.6 332839 
2006/05/19 15.55 16.35 14.05 14.4 241671 
2006/05/26 14.4 15.7 13.05 15 163987 
2006/06/02 15.2 15.3 13.35 14 92220 
2006/06/09 14 14.35 12.15 12.65 143958 
2006/06/16 12.25 14.3 11.85 14.3 131857 
2006/06/23 14.3 14.6 12.6 14 101315 
2006/06/30 14.25 15.5 13.85 14.65 181930 
2006/07/07 14.65 15.2 14 14.1 135992 
2006/07/14 13.9 14.4 13.5 13.65 56334 
2006/07/21 13.65 13.8 11.9 12.65 106247 
2006/07/28 12.5 13.85 12.45 13.75 71140 
2006/08/04 13.65 13.75 13.2 13.25 38785 
2006/08/11 13.2 13.65 12.9 12.9 39383 
2006/08/18 12.9 14.35 12.75 13.85 67950 
2006/08/25 13.85 13.95 12.75 13.05 48982 
2006/09/01 12.9 13.5 12.5 13 38462 
2006/09/08 13.1 13.7 12.85 13.1 33699 
2006/09/15 13.1 13.2 11.2 11.7 39478 
2006/09/22 12 13 11.7 12.6 97968 
2006/09/29 12.65 13.5 12.55 13.3 88374 
2006/10/06 13.4 13.6 13.05 13.15 31900 
2006/10/13 13.2 14.55 13.15 14.3 139680 
2006/10/20 14.7 14.8 13.85 14.15 146430 
2006/10/27 14.25 15.45 14.15 14.3 171859 
2006/11/03 14.25 15.1 14.05 14.9 66977 
2006/11/10 14.6 17.2 14.5 16.8 239540 
2006/11/17 17.2 18.05 16.2 16.65 162882 
2006/11/24 16.65 17.45 15.75 17 115835 
2006/12/01 16.65 17.9 16.65 17.65 112735 
2006/12/08 17.7 19.5 17.7 19.2 161276 
2006/12/15 19 19.15 16.2 17.3 134250 
2006/12/22 17.35 17.85 16.55 17.1 56317 
2006/12/29 17.3 18.2 17.1 17.6 47977 
2007/01/05 17.8 19 17.35 17.55 77814 
2007/01/12 17.5 17.9 15.5 16.6 82243 
2007/01/19 16.8 17.5 16.5 17 50302 
2007/01/26 17.2 17.8 16.85 17.35 41744 
2007/02/02 17.35 17.8 16.5 16.9 34226 
2007/02/09 16.9 18.55 16.9 18 84353 
2007/02/16 18 19.6 17.85 19.3 62695 
2007/03/02 20 20.65 18.3 18.6 103119 
2007/03/09 18 18.5 17.3 18 56956 
2007/03/16 18.25 19.3 18.1 19 76105 
2007/03/23 19.1 19.45 18.15 18.2 38173 
2007/03/30 18.4 18.5 17.15 17.2 48831 
2007/04/06 17.3 17.7 17.1 17.5 31922 
2007/04/13 17.6 18.8 17.6 18.5 67459 
2007/04/20 18.7 19.45 18.3 18.9 100488 
2007/04/27 19.2 19.2 18.25 18.4 28688 
2007/05/04 18.1 18.4 17.3 18.4 16674 
2007/05/11 18.4 18.6 17.7 17.7 11185 
2007/05/18 18.3 18.3 17.2 17.55 31763 
2007/05/25 17.6 18.3 17.55 17.6 35472 
2007/06/01 17.65 17.75 17.2 17.2 36010 
2007/06/08 17.25 17.85 17.15 17.4 31205 
2007/06/15 17.5 18.25 17.45 17.75 62626 
2007/06/22 17.8 19.15 17.7 18.85 88852 
2007/06/29 18.9 19.2 18.3 19 73914 
2007/07/06 19.2 21.25 18.95 20.95 141110 
2007/07/13 21.2 21.8 19.9 20.2 104696 
2007/07/20 21 22.65 20.7 21.4 99723 
2007/07/27 21.8 22.15 18.95 19.1 80891 
2007/08/03 18.6 20 18.25 18.45 81640 
2007/08/10 18 19.4 17.9 18.3 41533 
2007/08/17 18.4 18.75 16 17 29239 
2007/08/24 17.5 18 17.2 17.5 30074 
2007/08/31 17.7 18.7 16.8 18.7 43988 
2007/09/07 19 19.3 18 19 51914 
2007/09/14 17.9 18.55 17.65 18.25 18913 
2007/09/21 18.4 20.15 18.25 20 71191 
2007/09/28 20.4 21.2 20.1 20.55 76885 
2007/10/05 21.15 22.7 19.85 20.7 156369 
2007/10/12 21.1 22.15 20.3 21.45 74057 
2007/10/19 21.8 22.1 19.8 20.15 57896 
2007/10/26 19.5 19.75 19.05 19.65 33809 
2007/11/02 19.65 20 17.85 18.1 76647 
2007/11/09 18.1 18.8 16.75 17.35 51085 
2007/11/16 16.8 18.65 16.15 18 40160 
2007/11/23 18.2 18.25 16 16.1 32892 
2007/11/30 16.35 16.6 15.45 16 35450 
2007/12/07 16.1 16.8 16 16.2 23159 
2007/12/14 16.5 16.6 14.25 14.7 23282 
2007/12/21 14.6 14.6 12.55 13.2 45914 
2007/12/28 13.4 14.4 13 14.3 33353 
2008/01/04 14.3 14.95 13.95 14.95 82027 
2008/01/11 14.65 15.7 14.5 15 89347 
2008/01/18 15.95 18 15.8 17.7 202048 
2008/01/25 18.3 18.9 16.35 17.35 134541 
2008/02/01 17.45 17.8 15.5 17.05 57857 
2008/02/15 17.15 19.25 17.15 19.05 90736 
2008/02/22 19.45 19.7 18.2 18.9 71093 
2008/02/29 19.4 20.3 19.2 20.1 92507 
2008/03/07 19.55 21.25 18.9 19.4 141602 
2008/03/14 19.4 20.25 18.05 19.6 112520 
2008/03/21 19.6 22 19.2 21.45 149101 
2008/03/28 22.95 24.55 21.6 22.5 118333 
2008/04/04 22.5 23.15 20.6 21 70858 
2008/04/11 21.1 23.8 20.85 23.2 65049 
2008/04/18 23.35 26.3 23.35 26.2 170349 
2008/04/25 26.25 26.25 22.4 22.65 88962 
2008/05/02 22.75 23.85 22 23.6 59752 
2008/05/09 23.8 24.25 22.2 23.25 48074 
2008/05/16 23.5 23.75 22.55 23.3 79036 
2008/05/23 23.5 24.9 23.1 23.4 70867 
2008/05/30 23.95 24.15 18.6 19.1 100040 
2008/06/06 19.1 19.6 18.3 19.15 68094 
2008/06/13 18.5 18.55 15.85 16.35 87045 
2008/06/20 16.8 18.6 16.6 16.95 62328 
2008/06/27 16.5 17.85 16 16 46596 
2008/07/04 16.05 16.25 13.35 14.4 104506 
2008/07/11 14.3 14.75 12.5 13.2 58622 
2008/07/18 13.4 14.5 12.8 13.45 111037 
2008/07/25 13.65 16.1 13.1 15.95 177316 
2008/08/01 15.65 15.7 14.05 14.8 76367 
2008/08/08 14.8 14.95 13.4 14.65 95384 
2008/08/15 14.85 15.2 13.3 13.9 90195 
2008/08/22 13.8 14 13 13.05 50137 
2008/08/29 13.2 14.1 13.1 13.4 49489 
2008/09/05 13.35 13.6 10 10 87316 
2008/09/12 10.25 11.35 9.97 10.6 93370 
2008/09/19 10.2 10.4 7.95 8.5 52034 
2008/09/26 8.8 10.25 8.69 9.15 53304 
2008/10/03 8.51 8.99 8.14 8.59 24691 
2008/10/10 8.24 8.33 6.76 6.76 39142 
2008/10/17 6.53 7.25 6.53 6.96 33572 
2008/10/24 6.75 7.2 6.39 6.39 20672 
2008/10/31 5.95 6.3 5.5 6.3 45723 
2008/11/07 6.64 7.7 6.52 7.65 86494 
2008/11/14 8.04 8.75 7.55 8.04 105783 
2008/11/21 8.04 9.14 7.59 8.42 119919 
2008/11/28 8.4 9.48 8.21 8.95 91978 
2008/12/05 9 9.4 8.1 8.27 54107 
2008/12/12 8.46 9.51 8.32 8.8 79480 
2008/12/19 9.2 10.5 8.85 9.98 153223 
2008/12/26 10.25 10.35 8.82 9.25 65862 
2009/01/02 9.25 9.69 9.03 9.31 32394 
2009/01/09 9.53 10.3 9.42 9.6 86444 
2009/01/16 9.7 9.89 9.1 9.14 43946 
2009/01/23 9.14 9.21 8.35 8.72 15228 
2009/02/06 8.92 9.5 8.85 9.2 38875 
2009/02/13 9.49 9.49 9.01 9.32 32034 
2009/02/20 9.35 10.15 9.3 9.3 104376 
2009/02/27 9.3 9.79 9.06 9.47 46687 
2009/03/06 9.3 9.57 8.31 9.25 87322 
2009/03/13 9.4 10.15 9.21 10 95682 
2009/03/20 10.2 11.3 10.1 10.4 185620 
2009/03/27 10.45 12 10.25 11.85 169333 
2009/04/03 11.8 12.95 10.9 12.8 150599 
2009/04/10 13.1 13.8 12.3 13.75 141513 
2009/04/17 14 14.7 12.95 12.95 134292 
2009/04/24 12.8 14 12.05 13.9 96700 
2009/05/01 14.15 14.15 11.9 12.85 88874 
2009/05/08 13.7 15.4 13.7 14.75 150416 
2009/05/15 15 15.5 14 15.15 110380 
2009/05/22 15.85 17.3 15.5 17.3 177821 
2009/05/29 17.7 19.25 16.95 18 127992 
2009/06/05 18.5 18.5 16.45 17.35 120845 
2009/06/12 17.5 17.55 14.2 15.4 107533 
2009/06/19 15.2 15.4 14.05 15.05 72707 
2009/06/26 15.1 16.6 14.45 15.9 115008 
2009/07/03 16.2 17.05 15.8 16.85 115046 
2009/07/10 16.9 17.35 15.7 16 65362 
2009/07/17 15.85 17.1 14.6 16.7 92846 
2009/07/24 16.9 17.4 16.7 17.05 73575 
2009/07/31 17.2 18.3 16.45 17.9 100283 
2009/08/07 18.1 18.25 16.3 16.85 55216 
2009/08/14 18 18.65 17.4 18.6 74958 
2009/08/21 18.9 19.15 15.7 15.85 96510 
2009/08/28 16 16.8 15.25 15.65 61264 
2009/09/04 15.7 16.8 15.55 16.3 50932 
2009/09/11 16.5 17.95 16.45 16.9 85256 
2009/09/18 16.9 17.65 16.4 17.6 69240 
2009/09/25 17.65 17.7 15.95 16.65 62344 
2009/10/02 16.6 17.15 16.15 16.65 48174 
2009/10/09 16.8 18 16.65 17 94122 
2009/10/16 17 17.45 16.5 16.7 68988 
2009/10/23 16.9 17.15 16.6 16.95 55255 
2009/10/30 17 17.3 14.8 15 83766 
2009/11/06 14.7 15.05 14.4 14.8 56303 
2009/11/13 15.05 15.6 14.8 15 42098 
2009/11/20 15.05 15.35 14.8 14.9 46222 
2009/11/27 14.95 15.15 14.1 14.15 42073 
2009/12/04 14.55 14.85 14.15 14.4 34641 
2009/12/11 14.5 15.3 14.4 14.95 73927 
2009/12/18 15.1 15.3 14.55 14.65 34552 
2009/12/25 14.7 14.85 14.4 14.5 33224 
2010/01/01 14.5 15.05 14.5 14.75 39711 
2010/01/08 14.85 15.85 14.8 15.5 144835 
2010/01/15 15.5 16.55 15.5 15.7 187107 
2010/01/22 15.5 16.05 14.5 14.5 70712 
2010/01/29 14.2 14.6 13.2 13.45 41541 
2010/02/05 13.65 13.7 11.25 11.7 65315 
2010/02/12 11.8 12.65 11.75 12.4 20500 
2010/02/26 12.65 12.7 12.05 12.2 31457 
2010/03/05 12.3 13.65 12.25 13.15 79394 
2010/03/12 13.7 13.85 13 13.1 47951 
2010/03/19 13.15 13.5 12.85 13.45 29845 
2010/03/26 13.3 13.45 13 13.35 26809 
2010/04/02 13.4 14.3 13.3 13.9 64785 
2010/04/09 14.1 14.65 13.8 14.3 68851 
2010/04/16 14.5 14.65 13.8 14.4 43451 
2010/04/23 14.25 14.45 13.3 13.35 36893 
2010/04/30 13.5 13.85 13.05 13.35 33531 
2010/05/07 13.45 13.6 11.65 12.3 35279 
2010/05/14 12.3 12.65 12.05 12.4 47440 
2010/05/21 12.25 13.05 11.8 12 84629 
2010/05/28 12.3 13.6 12.2 13.3 137444 
2010/06/04 13.35 13.75 12.8 12.8 62436 
2010/06/11 12.4 12.95 12.3 12.65 42101 
2010/06/18 12.8 13.6 12.75 13.15 85545 
2010/06/25 13.4 14.5 13.4 13.85 152330 
2010/07/02 14 14.7 13.55 14.25 144915 
2010/07/09 14.3 14.9 14.15 14.2 124048 
2010/07/16 14.2 14.35 13.85 13.95 48056 
2010/07/23 13.8 14.1 13.65 13.7 57959 
2010/07/30 13.85 14.25 13.75 13.9 58393 
2010/08/06 14 14.9 13.95 14.75 132043 
2010/08/13 14.9 15.4 14.6 15 145185 
2010/08/20 15 16.15 14.9 15.45 187519 
2010/08/27 15.6 16.2 14.45 14.65 126731 
2010/09/03 14.8 15.2 14 14.8 48156 
2010/09/10 14.95 14.95 14 14.05 62681 
2010/09/17 14.25 15.05 14.2 15.05 82923 
2010/09/24 15.15 15.6 14.75 14.8 82149 
2010/10/01 14.9 15.1 14.6 14.85 56682 
2010/10/08 14.95 16.75 14.9 16.15 287002 
2010/10/15 16.25 16.3 15.55 15.8 85213 
2010/10/22 15.9 16.25 15.45 15.95 68663 
2010/10/29 16.1 16.5 15.8 15.8 88385 
2010/11/05 15.9 16.7 15.65 16.45 125713 
2010/11/12 16.75 17.45 16.55 16.6 168533 
2010/11/19 16.5 16.6 15.6 15.85 49061 
2010/11/26 16.05 16.35 15.75 15.85 44967 
2010/12/03 16.2 16.7 15.9 16.1 96620 
2010/12/10 16.1 16.5 15.7 15.8 64724 
2010/12/17 15.9 16.85 15.85 16.4 83850 
2010/12/24 16.35 16.45 16 16.1 65132 
2010/12/31 16.2 16.9 16.05 16.4 99391 
2011/01/07 16.5 17.3 16.2 16.3 154169 
2011/01/14 16.4 16.55 15.95 16.05 49409 
2011/01/21 16.1 16.15 15.2 15.2 53948 
2011/01/28 15.25 15.35 14.9 14.95 39867 
2011/02/11 15.05 15.05 13.9 14 31776 
2011/02/18 14.1 14.55 13.9 14.45 34692 
2011/02/25 14.45 14.45 13 13.3 34097 
2011/03/04 13.4 13.5 13.1 13.2 17548 
2011/03/11 13.1 13.2 12.75 13.05 37700 
2011/03/18 13.05 13.2 11.65 12.3 45216 
2011/03/25 12.3 13.2 12.2 12.85 32791 
2011/04/01 12.85 13.2 12.65 13.1 18515 
2011/04/08 13.05 13.95 13 13.8 25866 
2011/04/15 14 14.65 13.95 14.6 79249 
2011/04/22 14.6 14.95 14 14.45 54256 
2011/04/29 14.55 15.25 14.3 14.5 51820 
2011/05/06 14.5 14.85 14.2 14.6 19170 
2011/05/13 14.7 14.9 14.5 14.75 21800 
2011/05/20 14.8 14.85 13.95 14.1 19794 
2011/05/27 14.1 14.15 13.7 14 14961 
2011/06/03 14 14.7 14 14.35 25403 
2011/06/10 14.3 14.3 14 14 9424 
2011/06/17 14 14.5 13.8 14.2 18862 
2011/06/24 14.2 14.4 13.8 14.35 14440 
2011/07/01 14.25 15.4 14.15 15.4 48943 
2011/07/08 15.6 15.9 15.15 15.4 73097 
2011/07/15 15.45 15.55 14.65 15.05 39874 
2011/07/22 14.6 15.6 14.55 15.35 35500 
2011/07/29 15.35 16.45 14.95 15.95 88736 
2011/08/05 16 16.25 14.05 14.05 64157 
2011/08/12 13.95 14.5 12.2 14.05 50077 
2011/08/19 14.35 14.75 13.5 13.5 30692 
2011/08/26 13.45 13.75 12.85 13.25 25948 
2011/09/02 13.35 13.95 13.3 13.8 12130 
2011/09/09 13.55 13.6 12.8 13.2 10630 
2011/09/16 13.05 13.1 12 12.95 15750 
2011/09/23 12.95 13.3 11.75 11.95 27008 
2011/09/30 12 12.2 11.15 12.1 39069 
2011/10/07 11.9 12.35 11.55 12.1 19907 
2011/10/14 12.35 13.05 12.3 12.6 17330 
2011/10/21 12.85 13 12.4 12.6 10572 
2011/10/28 12.8 14.4 12.75 13.9 46520 
2011/11/04 14.05 14.05 12.9 13.2 27371 
2011/11/11 13.35 13.5 12.2 12.5 17178 
2011/11/18 12.75 12.85 11.9 11.95 10458 
2011/11/25 11.9 11.95 10.9 11.25 18738 
2011/12/02 11.4 12.15 11.4 11.9 13458 
2011/12/09 11.95 11.95 11.4 11.45 7927 
2011/12/16 11.6 11.7 10.5 10.7 13166 
2011/12/23 10.5 11.1 9.75 11.1 24609 
2011/12/30 11.15 11.4 10.45 10.45 29171 
2012/01/06 10.45 10.75 10.2 10.55 20524 
2012/01/13 10.4 10.6 10.3 10.4 12514 
2012/01/20 10.75 11.2 10.55 10.9 13712 
2012/02/03 11.25 12.2 11.1 12.15 32525 
2012/02/10 12.2 13.05 12.05 12.8 36212 
2012/02/17 12.7 13 12.35 12.4 22477 
2012/02/24 12.7 12.95 12.55 12.55 18114 
2012/03/02 12.65 12.9 12.65 12.8 9231 
2012/03/09 12.8 12.95 12.4 12.6 15517 
2012/03/16 12.6 12.7 12.2 12.45 13462 
2012/03/23 12.45 12.55 12.1 12.25 11038 
2012/03/30 12.25 12.5 11.3 12.05 25744 
2012/04/06 12 12.05 11.1 11.6 7906 
2012/04/13 11.2 12.1 11.2 12.1 15152 
2012/04/20 12 12.25 11.25 11.25 21592 
2012/04/27 11.1 11.35 11.05 11.1 6445 
2012/05/04 11.2 11.8 11.1 11.55 10009 
2012/05/11 11.45 11.45 10.85 10.9 9493 
2012/05/18 10.8 10.95 10.1 10.1 7923 
2012/05/25 10 10.2 9.91 9.98 6404 
2012/06/01 9.98 10.55 9.94 10.05 9595 
2012/06/08 9.85 10.4 9.51 10.05 9794 
2012/06/15 10.15 10.5 10 10 10636 
2012/06/22 10.3 10.6 10.2 10.55 9703 
2012/06/29 10.55 10.6 10.35 10.55 7939 
2012/07/06 10.5 10.65 10.4 10.45 8459 
2012/07/13 10.4 10.65 10.1 10.15 15874 
2012/07/20 10.2 10.6 10.2 10.45 10409 
2012/07/27 10.35 10.35 10.05 10.15 6677 
2012/08/03 10.25 10.35 10.2 10.25 4271 
2012/08/10 10.3 10.55 10.25 10.45 9608 
2012/08/17 10.5 11.3 10.35 10.95 22373 
2012/08/24 10.95 11 10.7 10.85 10319 
2012/08/31 10.95 11 10.55 10.6 7274 
2012/09/07 10.6 10.95 10.55 10.85 10025 
2012/09/14 10.9 11.5 10.85 11.1 27044 
2012/09/21 11.5 12.15 11.4 11.7 49337 
2012/09/28 11.75 12.7 11.65 11.75 76122 
2012/10/05 11.9 12.2 11.55 11.9 28417 
2012/10/12 12 12.05 10.95 11.1 18987 
2012/10/19 11.15 11.25 10.9 11.05 13770 
2012/10/26 10.9 11.15 10.15 10.2 21856 
2012/11/02 10.3 11 10.15 10.75 14099 
2012/11/09 10.7 10.85 10.5 10.75 11887 
2012/11/16 10.75 11.15 10.55 10.55 14888 
2012/11/23 10.7 10.75 10.3 10.7 9495 
2012/11/30 10.8 11.15 10.7 10.95 20168 
2012/12/07 11 11.55 11 11.3 35536 
2012/12/14 11.35 11.45 11.05 11.25 18315 
2012/12/21 11.3 11.65 11.05 11.2 25003 
2012/12/28 11.2 11.6 11.1 11.2 21750 
2013/01/04 11.3 11.55 11.25 11.3 13329 
2013/01/11 11.45 12.2 11.4 11.85 61907 
2013/01/18 11.85 12.2 11.25 11.45 34020 
2013/01/25 11.35 11.65 11.3 11.45 13293 
2013/02/01 11.55 11.75 11.4 11.55 14942 
2013/02/08 11.7 11.9 11.65 11.65 14004 
2013/02/22 11.9 12.05 11.65 11.7 21385 
2013/03/01 11.7 11.95 11.5 11.7 14648 
2013/03/08 11.75 12.25 11.6 12 34307 
2013/03/15 12.1 12.1 11.7 11.75 21731 
2013/03/22 11.75 11.95 11.6 11.85 17643 
2013/03/29 11.95 12.15 11.85 11.95 18107 
2013/04/05 12 12.35 11.9 12 21344 
2013/04/12 11.85 11.9 11.6 11.8 12401 
2013/04/19 11.85 11.9 11.6 11.9 8474 
2013/04/26 12 12.15 11.8 11.8 14767 
2013/05/03 11.85 12.1 11.75 11.9 11746 
2013/05/10 12.2 12.4 12.1 12.3 31500 
2013/05/17 12.3 12.4 12.1 12.2 16490 
2013/05/24 12.2 12.6 12.15 12.25 27866 
2013/05/31 12.3 12.75 12.25 12.55 25940 
2013/06/07 12.45 12.75 12.3 12.3 21204 
2013/06/14 12.4 12.45 12 12 10204 
2013/06/21 12.05 12.15 11.65 11.7 9594 
2013/06/28 11.7 11.95 11.5 11.9 9566 
2013/07/05 11.9 12.05 11.7 11.85 6304 
2013/07/12 11.85 12.25 11.75 12 16970 
2013/07/19 12.1 12.35 11.95 12.15 21674 
2013/07/26 12.15 12.2 11.85 11.9 13337 
2013/08/02 11.9 12 11.7 11.8 8064 
2013/08/09 11.8 12.45 11.75 11.8 33994 
2013/08/16 11.8 11.95 11.7 11.8 7339 
2013/08/23 11.85 11.85 11.45 11.45 14509 
2013/08/30 11.45 11.55 11.15 11.25 10801 
2013/09/06 11.3 11.55 11.15 11.35 11922 
2013/09/13 11.4 11.65 11.15 11.4 15285 
2013/09/20 11.55 11.95 11.55 11.75 14585 
2013/09/27 11.8 11.9 11.6 11.6 12349 
2013/10/04 11.7 12.1 11.65 11.95 18511 
2013/10/11 12.05 12.3 11.9 11.95 21306 
2013/10/18 12.05 12.25 11.85 12.2 14689 
2013/10/25 12.25 12.35 12 12 15780 
2013/11/01 12 12.4 12 12 19863 
2013/11/08 12.2 12.3 11.8 11.8 17280 
2013/11/15 11.9 12.05 11.75 11.9 17189 
2013/11/22 12 12.15 11.9 12.1 11175 
2013/11/29 12.15 12.25 12.1 12.15 12639 
2013/12/06 12.15 12.45 12.15 12.35 16557 
2013/12/13 12.5 12.7 12.35 12.5 18491 
2013/12/20 12.5 12.6 12.3 12.35 9669 
2013/12/27 12.35 12.5 12.3 12.4 7609 
2014/01/03 12.4 12.5 12.25 12.3 7383 
2014/01/10 12.3 12.4 12.1 12.35 15830 
2014/01/17 12.4 12.55 12.2 12.25 15192 
2014/01/24 12.25 12.4 12.15 12.2 9628 
2014/01/31 12.1 12.15 12.05 12.15 1717 
2014/02/07 12 12.35 11.95 12.2 5248 
2014/02/14 12.25 12.45 12.2 12.2 8795 
2014/02/21 12.25 12.35 12.1 12.3 10341 
2014/02/28 12.3 12.35 12.2 12.25 6518 
2014/03/07 12.2 12.35 12.1 12.15 7346 
2014/03/14 12.2 12.3 12 12.05 9148 
2014/03/21 12 12.1 11.7 11.75 8342 
2014/03/28 11.75 11.8 11.5 11.5 9207 
2014/04/04 11.55 11.85 11.55 11.75 6622 
2014/04/11 11.7 11.75 11.45 11.55 8424 
2014/04/18 11.55 11.55 11.3 11.4 10330 
2014/04/25 11.5 11.55 10.8 10.8 13425 
2014/05/02 10.7 10.75 10.5 10.65 8906 
2014/05/09 10.65 10.75 10.55 10.7 7345 
2014/05/16 10.7 10.7 10.55 10.65 8059 
2014/05/23 10.65 10.65 10.35 10.5 15994 
2014/05/30 10.55 10.55 10.4 10.55 13452 
2014/06/06 10.55 10.6 10.45 10.55 6488 
2014/06/13 10.55 10.65 10.45 10.45 9987 
2014/06/20 10.45 10.7 10.45 10.5 8680 
2014/06/27 10.5 10.55 10.35 10.4 12880 
2014/07/04 10.4 10.5 10.35 10.45 7439 
2014/07/11 10.45 10.7 10.35 10.6 9977 
2014/07/18 10.7 10.8 10.6 10.7 8866 
2014/07/25 10.75 10.95 10.35 10.55 15749 
2014/08/01 10.55 10.65 10.5 10.65 9686 
2014/08/08 10.7 11 10.45 10.5 10416 
2014/08/15 10.55 10.65 10.5 10.5 6371 
2014/08/22 10.5 10.6 10.4 10.6 6512 
2014/08/29 10.6 10.65 10.5 10.6 5826 
2014/09/05 10.6 10.65 10.55 10.65 4809 
2014/09/12 11.35 11.45 10.9 10.95 32357 
2014/09/19 10.9 11.05 10.75 10.85 8234 
2014/09/26 10.85 10.85 10.6 10.75 6050 
2014/10/03 10.75 10.85 10.6 10.8 4664 
2014/10/10 10.75 10.9 10.7 10.75 4079 
2014/10/17 10.7 10.7 10.15 10.3 10409 
2014/10/24 10.3 10.4 10.2 10.25 4992 
2014/10/31 10.25 10.8 10.2 10.75 6631 
2014/11/07 10.75 10.95 10.5 10.6 8001 
2014/11/14 10.65 10.8 10.55 10.6 5234 
2014/11/21 10.65 10.65 10.4 10.6 6807 
2014/11/28 10.6 10.75 10.5 10.7 6522 
2014/12/05 10.5 11.25 10.5 10.85 21524 
2014/12/12 10.85 10.95 10.7 10.8 6706 
2014/12/19 10.75 10.85 10.6 10.6 7016 
2014/12/26 10.65 11.05 10.65 10.85 8722 
2015/01/02 10.9 11.1 10.85 11.05 10818 
2015/01/09 11.05 11.1 10.9 10.95 6864 
2015/01/16 10.9 11.1 10.85 10.85 5841 
2015/01/23 10.9 10.95 10.8 10.85 4981 
2015/01/30 10.85 10.9 10.75 10.75 3768 
2015/02/06 10.75 10.85 10.35 10.45 12528 
2015/02/13 10.4 10.45 10.3 10.4 5106 
2015/02/27 10.4 10.5 10.35 10.4 2772 
2015/03/06 10.4 10.55 10.35 10.5 3982 
2015/03/13 10.5 10.6 10.45 10.45 4510 
2015/03/20 10.45 10.55 10.4 10.4 5120 
2015/03/27 10.5 10.6 10.45 10.55 4483 
2015/04/03 10.55 10.6 10.45 10.5 4770 
2015/04/10 10.5 10.6 10.45 10.5 3806 
2015/04/17 10.5 10.5 10.4 10.45 4041 
2015/04/24 10.45 10.55 10.3 10.45 9285 
2015/05/01 10.5 10.55 10.25 10.45 16503 
2015/05/08 10.45 10.45 10.35 10.45 4231 
2015/05/15 10.45 10.45 10.2 10.2 5590 
2015/05/22 10.2 10.3 9.93 10 8997 
2015/05/29 9.99 10.1 9.91 10 9605 
2015/06/05 10 10.05 9.89 10 11237 
2015/06/12 10 10.05 9.88 9.9 7870 
2015/06/19 9.94 9.95 9.87 9.94 4195 
2015/06/26 9.94 9.98 9.9 9.95 5981 
2015/07/03 9.88 9.95 9.85 9.85 6291 
2015/07/10 9.89 9.89 9.14 9.23 14925 
2015/07/17 9.28 9.46 9.21 9.33 6607 
2015/07/24 9.35 9.35 9.19 9.23 2853 
2015/07/31 9.26 9.26 8.9 9 5204 
2015/08/07 9 9 8.83 8.9 3902 
2015/08/14 8.92 8.95 8.68 8.72 3900 
2015/08/21 8.7 8.72 7.31 7.37 9594 
2015/08/28 7.12 8.2 6.4 8.2 16260 
2015/09/04 8.2 8.74 8.19 8.69 10371 
2015/09/11 8.66 9 8.58 8.92 5753 
2015/09/18 8.97 8.97 8.29 8.29 8239 
2015/09/25 8.31 8.95 8.31 8.65 4641 
2015/10/02 8.6 8.69 8.5 8.64 2214 
2015/10/09 8.7 8.8 8.64 8.78 3719 
2015/10/16 8.84 9.18 8.82 9.09 8755 
2015/10/23 9.1 9.47 9.06 9.38 8035 
2015/10/30 9.56 9.85 9.43 9.5 7360 
2015/11/06 9.45 9.75 9.43 9.68 4243 
2015/11/13 9.72 9.72 9.38 9.44 3915 
2015/11/20 9.33 9.57 9.3 9.5 4988 
2015/11/27 9.53 9.55 9.4 9.47 5378 
2015/12/04 9.4 9.51 9.4 9.48 5373 
2015/12/11 9.47 9.52 9.05 9.1 6769 
2015/12/18 8.9 9 8.8 8.92 6855 
2015/12/25 8.92 9.18 8.87 9.1 6324 
2016/01/01 9.09 9.09 8.9 8.94 1687 
2016/01/08 8.98 8.98 8.06 8.1 3210 
2016/01/15 8.04 8.04 7.6 7.6 3742 
2016/01/22 7.58 7.77 7.45 7.47 2993 
2016/01/29 7.58 7.77 7.46 7.69 2875 
2016/02/05 7.66 7.72 7.6 7.61 1860 
2016/02/19 7.54 7.88 7.53 7.84 2958 
2016/02/26 7.84 8.58 7.84 8.5 5699 
2016/03/04 8.52 9.2 8.5 9.2 6531 
2016/03/11 9.18 9.25 9.12 9.24 7308 
2016/03/18 9.24 9.55 9.2 9.43 11361 
2016/03/25 9.45 9.61 9.41 9.51 8729 
2016/04/01 9.5 9.51 9.3 9.44 5000 
2016/04/08 9.32 9.35 9.08 9.21 4207 
2016/04/15 9.17 9.25 9.07 9.19 6806 
2016/04/22 9.15 9.23 9.12 9.14 5911 
2016/04/29 9.09 9.09 8.23 8.32 3463 
2016/05/06 8.28 8.28 8.02 8.02 2288 
2016/05/13 8.04 8.1 7.8 8.07 2730 
2016/05/20 8.28 8.68 8.26 8.45 3575 
2016/05/27 8.44 8.65 8.41 8.62 2720 
2016/06/03 8.55 8.64 8.31 8.58 6082 
2016/06/10 8.58 8.63 8.49 8.63 3128 
2016/06/17 8.59 8.62 8.32 8.42 2120 
2016/06/24 8.42 8.62 8.31 8.39 2014 
2016/07/01 8.39 8.45 8.2 8.23 2600 
2016/07/08 8.22 8.27 8.09 8.2 1527 
2016/07/15 8.2 8.26 8 8.2 2436 
2016/07/22 8.22 8.29 8.18 8.26 1993 
2016/07/29 8.26 8.28 8.11 8.12 1434 
2016/08/05 8.1 8.17 8.01 8.07 1696 
2016/08/12 8.07 8.14 8.03 8.1 3039 
2016/08/19 8.05 8.11 7.96 8 4338 
2016/08/26 7.96 7.98 7.82 7.95 2717 
2016/09/02 7.95 8.04 7.59 7.61 5277 
2016/09/09 7.61 7.76 7.55 7.71 2092 
2016/09/16 7.66 7.66 7.52 7.52 1085 
2016/09/23 7.52 7.72 7.49 7.72 2907 
2016/09/30 7.65 7.74 7.6 7.63 830 
2016/10/07 7.63 7.64 7.5 7.54 2997 
2016/10/14 7.51 7.56 7.29 7.3 2781 
2016/10/21 7.3 7.41 7.26 7.27 5456 
2016/10/28 7.31 7.41 7.31 7.31 3294 
2016/11/04 7.3 7.3 6.91 6.94 2953 
2016/11/11 6.92 7 6.62 6.62 3782 
2016/11/18 6.65 6.99 6.51 6.91 3774 
2016/11/25 6.92 6.94 5.92 6.26 45257 
2016/12/02 6.25 6.95 6.21 6.71 47912 
2016/12/09 6.71 6.82 6.54 6.8 10765 
2016/12/16 6.84 7.1 6.77 6.95 9523 
2016/12/23 7.02 7.3 6.69 6.75 13341 
2016/12/30 6.75 6.78 6.53 6.63 8129 
2017/01/06 6.65 6.8 6.65 6.72 4736 
2017/01/13 7.09 7.2 6.89 6.97 11935 
2017/01/20 7 7.19 6.95 7 8340 
2017/01/27 7.03 7.43 7.02 7.42 9603 
2017/02/03 7.52 7.97 7.5 7.79 13878 
2017/02/10 7.8 8.55 7.77 8.22 27290 
2017/02/17 8.24 8.86 8.12 8.7 20461 
2017/02/24 8.85 9.42 8.76 8.91 24756 
2017/03/03 8.9 8.99 8.68 8.9 7198 
2017/03/10 8.86 8.9 8.4 8.42 8438 
2017/03/17 8.42 9 8.16 9 12636 
2017/03/24 8.9 8.93 8.5 8.65 11053 
2017/03/31 8.61 8.61 8.18 8.44 6856 
2017/04/07 8.36 8.5 8.26 8.44 2567 
2017/04/14 8.28 8.28 7.75 7.84 8666 
2017/04/21 7.86 8.14 7.85 8.11 3199 
2017/04/28 8.06 8.21 7.99 8.01 1133 
2017/05/05 8.23 8.28 8.17 8.23 1296 
2017/05/12 8.14 8.88 8.13 8.74 17219 
2017/05/19 8.93 9.25 8.85 9.13 24893 
2017/05/26 9.17 9.34 9.1 9.32 16137 
2017/06/02 9.35 9.57 9.3 9.53 14009 
2017/06/09 9.73 10.05 9.66 10 14899 
2017/06/16 9.93 9.95 9.52 9.52 21453 
2017/06/23 9.5 9.55 9.1 9.14 16421 
2017/06/30 9.14 9.32 8.99 9.11 14191 
2017/07/07 9.16 9.2 9.13 9.16 1081 
2017/07/14 9.18 9.18 9.02 9.03 3072 
2017/07/21 9.06 9.21 9.05 9.07 2433 
2017/07/28 9.08 9.09 9 9.05 1092 
2017/08/04 9.29 9.46 9.2 9.22 7326 
2017/08/11 9.23 9.28 9.19 9.23 1512 
2017/08/18 9.02 9.09 8.77 8.79 3190 
2017/08/25 8.9 8.98 8.88 8.94 607 
2017/09/01 8.99 9.02 8.97 9.02 823 
2017/09/08 9.14 9.2 9.14 9.15 730 
2017/09/15 9.27 9.34 9.25 9.29 1962 
2017/09/22 9.39 9.64 9.38 9.61 4685 
2017/09/29 9.23 9.24 9.06 9.06 2456 
2017/10/06 9.08 9.14 9.07 9.09 262 
2017/10/13 9.09 9.13 9.08 9.12 716 
2017/10/20 9.05 9.14 9.02 9.13 1136 
2017/10/27 9.03 9.09 8.98 9.03 5331 
2017/11/03 9.05 9.11 9 9.11 4369 
2017/11/10 9.12 9.15 9.02 9.05 5213 
2017/11/17 9.08 9.17 9.07 9.12 1369 
2017/11/24 9.02 9.05 9.01 9.03 791 
2017/12/01 9.28 9.34 9.16 9.19 4819 
2017/12/08 9.24 9.3 9.08 9.09 2850 
2017/12/15 9.1 9.19 9.1 9.14 1916 
2017/12/22 9.28 9.37 9.14 9.34 4673 
2017/12/29 9.4 10 9.24 9.77 21448 
2018/01/05 9.77 9.79 9.43 9.64 11965 
2018/01/12 9.79 10.25 9.63 10.25 35089 
2018/01/19 10.35 10.35 9.91 9.96 21336 
2018/01/26 9.99 10 9.85 9.94 7649 
2018/02/02 9.94 9.99 9.46 9.48 8582 
2018/02/09 9.31 9.37 8.8 9 10352 
2018/02/16 9.01 9.18 9.01 9.15 1228 
2018/02/23 9.25 9.45 9.2 9.39 3676 
2018/03/02 9.44 9.48 9.29 9.34 3598 
2018/03/09 9.33 9.38 9.22 9.3 3522 
2018/03/16 9.4 9.6 9.4 9.42 6298 
2018/03/23 9.4 9.54 9.22 9.32 8241 
2018/03/30 9.31 9.46 9.27 9.41 7524 
2018/04/06 9.42 9.45 9.38 9.43 1957 
2018/04/13 9.43 9.85 9.43 9.6 19733 
2018/04/20 9.66 9.71 9.52 9.69 13833 
2018/04/27 9.7 9.8 9.54 9.6 9468 
2018/05/04 9.6 9.82 9.6 9.75 6796 
2018/05/11 9.77 9.93 9.75 9.79 10841 
2018/05/18 9.79 9.81 9.53 9.58 7480 
2018/05/25 9.59 9.65 9.51 9.53 4963 
2018/06/01 9.53 9.57 9.43 9.55 5960 
2018/06/08 9.58 9.66 9.52 9.59 8593 
2018/06/15 9.55 9.65 9.51 9.65 6041 
2018/06/22 9.65 9.65 9.45 9.45 3968 
2018/06/29 9.49 9.49 9.3 9.38 4338 
2018/07/06 9.38 9.39 9.12 9.12 3817 
2018/07/13 9.15 9.34 9.13 9.32 2599 
2018/07/20 9.32 9.42 9.31 9.36 3283 
2018/07/27 9.36 10.25 9.35 10 52546 
2018/08/03 10.05 10.1 9.34 9.44 24419 
2018/08/10 9.5 9.52 9.36 9.37 7912 
2018/08/17 9.36 9.43 9.16 9.23 9972 
2018/08/24 9.27 9.41 9.25 9.37 4217 
2018/08/31 9.35 9.4 9.32 9.38 3463 
2018/09/07 9.34 9.5 9.26 9.28 6657 
2018/09/14 9.22 9.36 9.1 9.27 7217 
2018/09/21 9.23 9.34 9.22 9.3 3286 
2018/09/28 9.32 9.4 9.27 9.31 4330 
2018/10/05 9.32 9.33 9.11 9.12 3233 
2018/10/12 9.12 9.24 8.44 8.7 6581 
2018/10/19 8.77 8.84 8.38 8.38 6816 
2018/10/26 8.4 8.46 8 8.1 6329 
2018/11/02 8.1 8.29 8.01 8.22 3065 
2018/11/09 8.22 8.5 8.2 8.34 3482 
2018/11/16 8.33 8.48 8.19 8.47 2634 
2018/11/23 8.52 8.56 8.34 8.37 3296 
2018/11/30 8.47 8.67 8.44 8.58 3059 
