2016/11/01 138 141.5 131 131.5 3684 0 0 39403 0 45 39448 0 0 0 
2016/11/02 120 124.5 117.5 120 1684 0 0 39464 0 56 39520 0 0 0 
2016/11/03 120.5 123.5 117 121 997 0 0 39522 0 60 39582 0 0 0 
2016/11/04 119.5 121.5 117.5 119 469 0 0 39558 0 60 39618 0 0 0 
2016/11/07 119.5 120 116 117.5 664 0 0 39545 0 80 39625 0 0 0 
2016/11/08 118.5 129 118 129 1750 0 0 39622 0 85 39707 0 0 0 
2016/11/09 130 134.5 124 129 1640 0 0 39527 10 60 39597 0 0 0 
2016/11/10 134.5 136 130 133 1044 0 0 39512 23 60 39595 0 0 0 
2016/11/11 128 131 126 127 636 0 0 39518 23 60 39601 0 0 0 
2016/11/14 130 130 127.5 129.5 533 0 0 39514 23 60 39597 0 0 0 
2016/11/15 129.5 129.5 128 128.5 232 0 0 39513 23 90 39626 0 0 0 
2016/11/16 129 129.5 126.5 127 250 0 0 39511 23 115 39649 0 0 0 
2016/11/17 128 128 124.5 125.5 277 0 0 39512 23 115 39650 0 0 0 
2016/11/18 125 131 124.5 129.5 347 0 0 39520 23 122 39665 0 0 0 
2016/11/21 128.5 129 126.5 126.5 219 0 0 39518 26 120 39664 0 0 0 
2016/11/22 127 129.5 125.5 129 436 0 0 39519 26 120 39665 0 0 0 
2016/11/23 132 133 128.5 129 662 0 0 39501 126 135 39762 0 0 0 
2016/11/24 129.5 131.5 129.5 131 299 0 0 39501 221 135 39857 0 0 0 
2016/11/25 131 132.5 129 131.5 298 0 0 39501 286 135 39922 0 0 0 
2016/11/28 131.5 131.5 129 130.5 211 0 0 39503 286 135 39924 0 0 0 
2016/11/29 129.5 130 127 127.5 226 0 0 39503 286 135 39924 0 0 0 
2016/11/30 127.5 131.5 127.5 129.5 206 0 0 39500 286 135 39921 0 0 0 
2016/12/01 129 129 126.5 126.5 186 0 0 39500 286 135 39921 0 0 0 
2016/12/02 126.5 127.5 126 126.5 65 0 0 39499 286 135 39920 0 0 0 
2016/12/05 126 127 125 125.5 107 0 0 39500 286 135 39921 0 0 0 
2016/12/06 126.5 130 120 129 408 0 0 39474 286 135 39895 0 0 0 
2016/12/07 127 128.5 126 127.5 247 0 0 39494 286 135 39915 0 0 0 
2016/12/08 128 128 123.5 125 289 0 0 39516 286 135 39937 0 0 0 
2016/12/09 124.5 125.5 124 124.5 112 0 0 39537 286 135 39958 0 0 0 
2016/12/12 124.5 125.5 122 124 83 0 0 39557 286 135 39978 0 0 0 
2016/12/13 125 125 123 123.5 71 0 0 39577 286 135 39998 0 0 0 
2016/12/14 123.5 125 123.5 123.5 73 0 0 39597 286 135 40018 0 0 0 
2016/12/15 123.5 127 123 125.5 186 0 0 39633 286 135 40054 0 0 0 
2016/12/16 125.5 128 125.5 126 120 0 0 39651 286 135 40072 0 0 0 
2016/12/19 126 126 123.5 123.5 63 0 0 39662 286 135 40083 0 0 0 
2016/12/20 123.5 124.5 123 123.5 57 0 0 39675 286 135 40096 0 0 0 
2016/12/21 124.5 125 123.5 123.5 60 0 0 39690 304 135 40129 0 0 0 
2016/12/22 124 126 123.5 125.5 105 0 0 39710 304 135 40149 0 0 0 
2016/12/23 126 126 123.5 123.5 56 0 0 39719 304 135 40158 0 0 0 
2016/12/26 123.5 123.5 121 122.5 100 0 0 39719 304 135 40158 0 0 0 
2016/12/27 121.5 121.5 119.5 119.5 175 0 0 39719 304 135 40158 0 0 0 
2016/12/28 118.5 121.5 118 120 173 0 0 39792 304 135 40231 0 0 0 
2016/12/29 121 121.5 120 121 115 0 0 39876 311 135 40322 0 0 0 
2016/12/30 122.5 122.5 121 121 64 0 0 39877 329 135 40341 0 0 0 
2017/01/03 122 122 119.5 120 43 0 0 39877 329 135 40341 0 0 0 
2017/01/04 119.5 121 118.5 118.5 80 0 0 39877 329 130 40336 0 0 0 
2017/01/05 118.5 119 117 117 209 0 0 39880 336 75 40291 0 0 0 
2017/01/06 118 118 116 117 119 0 0 39882 336 75 40293 0 0 0 
2017/01/09 117 118.5 115.5 116 113 0 0 39882 336 75 40293 0 0 0 
2017/01/10 117.5 118 116 116 59 0 0 39881 336 75 40292 0 0 0 
2017/01/11 117.5 118 116.5 117.5 44 0 0 39881 336 75 40292 0 0 0 
2017/01/12 116.5 121 116.5 119 86 0 0 39882 336 75 40293 0 0 0 
2017/01/13 118 122 118 121 79 0 0 39881 336 75 40292 0 0 0 
2017/01/16 120.5 120.5 118.5 118.5 37 0 0 39881 336 75 40292 0 0 0 
2017/01/17 118 120.5 118 119 68 0 0 39881 336 75 40292 0 0 0 
2017/01/18 118.5 120.5 118 120 108 0 0 39889 336 75 40300 0 0 0 
2017/01/19 119 119.5 118.5 119.5 45 0 0 39890 336 75 40301 0 0 0 
2017/01/20 119.5 121 118 120 104 0 0 39891 336 75 40302 0 0 0 
2017/01/23 120 120 118.5 118.5 47 0 0 39892 336 75 40303 0 0 0 
2017/01/24 119.5 120.5 118.5 120.5 83 0 0 39908 336 75 40319 0 0 0 
2017/02/02 120.5 120.5 118.5 118.5 70 0 0 39911 336 75 40322 0 0 0 
2017/02/03 119 119.5 118 118.5 107 0 0 39911 336 75 40322 0 0 0 
2017/02/06 119 120 119 119.5 65 0 0 39911 336 75 40322 0 0 0 
2017/02/07 119.5 120.5 119.5 120.5 87 0 0 39910 336 75 40321 0 0 0 
2017/02/08 121.5 126 120.5 124.5 220 0 0 39913 336 88 40337 0 0 0 
2017/02/09 124.5 126.5 124.5 124.5 150 0 0 39920 336 88 40344 0 0 0 
2017/02/10 124.5 124.5 121 121 138 0 0 39922 336 88 40346 0 0 0 
2017/02/13 121 122.5 120.5 120.5 43 0 0 39927 336 88 40351 0 0 0 
2017/02/14 121 121.5 120.5 120.5 52 0 0 39928 336 88 40352 0 0 0 
2017/02/15 121 121.5 120.5 121 65 0 0 39936 336 88 40360 0 0 0 
2017/02/16 121 121.5 120.5 120.5 32 0 0 39939 336 88 40363 0 0 0 
2017/02/17 121.5 122 120.5 121 33 0 0 39939 336 88 40363 0 0 0 
2017/02/18 120.5 121.5 120.5 121 35 0 0 39939 336 88 40363 0 0 0 
2017/02/20 122 122 120.5 120.5 37 0 0 39939 336 88 40363 0 0 0 
2017/02/21 120.5 121 120 120.5 47 0 0 39941 336 88 40365 0 0 0 
2017/02/22 120.5 122 120 122 59 0 0 39943 336 88 40367 0 0 0 
2017/02/23 121 121.5 120 120 54 0 0 39945 336 88 40369 0 0 0 
2017/02/24 120 120.5 120 120 40 0 0 39946 336 88 40370 0 0 0 
2017/03/01 121 121 120 120 35 0 0 39946 336 88 40370 0 0 0 
2017/03/02 120.5 121 120 120 71 0 0 39895 336 88 40319 0 0 0 
2017/03/03 120 120.5 119 119 58 0 0 39885 336 88 40309 0 0 0 
2017/03/06 119 120.5 119 120 33 0 0 39871 336 88 40295 0 0 0 
2017/03/07 119.5 123 119.5 122 64 0 0 39872 336 88 40296 0 0 0 
2017/03/08 121 121 120.5 120.5 14 0 0 39868 336 88 40292 0 0 0 
2017/03/09 121 121 120 120.5 53 0 0 39858 336 88 40282 0 0 0 
2017/03/10 121.5 124 120 121 181 0 0 39847 336 88 40271 0 0 0 
2017/03/13 122 122 120 120 83 0 0 39837 336 88 40261 0 0 0 
2017/03/14 121 121 119.5 120.5 78 0 0 39827 336 88 40251 0 0 0 
2017/03/15 120 120.5 120 120 103 0 0 39817 336 88 40241 0 0 0 
2017/03/16 120.5 122 120 122 97 0 0 39807 336 88 40231 0 0 0 
2017/03/17 122 123 120.5 123 147 0 0 39803 323 88 40214 0 0 0 
2017/03/20 123 123 121 122 88 0 0 39793 323 88 40204 0 0 0 
2017/03/21 122.5 122.5 121 121.5 68 0 0 39783 323 88 40194 0 0 0 
2017/03/22 122.5 127.5 121.5 125 342 0 0 39779 323 88 40190 0 0 0 
2017/03/23 124 125 123 123.5 89 0 0 39776 323 88 40187 0 0 0 
2017/03/24 124 124 121.5 121.5 80 0 0 39769 323 88 40180 0 0 0 
2017/03/27 122.5 123 121 121 66 0 0 39762 323 75 40160 0 0 0 
2017/03/28 121 122 120.5 121 84 0 0 39758 323 75 40156 0 0 0 
2017/03/29 121.5 122 121.5 121.5 47 0 0 39756 323 75 40154 0 0 0 
2017/03/30 122 122 121.5 121.5 21 0 0 39756 323 75 40154 0 0 0 
2017/03/31 122 123 120 121 125 0 0 39762 365 75 40202 0 0 0 
2017/04/05 120.5 122 120.5 120.5 40 0 0 39762 365 75 40202 0 0 0 
2017/04/06 121.5 122.5 121 122 50 0 0 39764 365 75 40204 0 0 0 
2017/04/07 122.5 122.5 121.5 122 52 0 0 39764 365 75 40204 0 0 0 
2017/04/10 122 122.5 121 121.5 58 0 0 39755 365 75 40195 0 0 0 
2017/04/11 121.5 121.5 121 121 34 0 0 39754 365 75 40194 0 0 0 
2017/04/12 120.5 121 120.5 120.5 44 0 0 39752 339 75 40166 0 0 0 
2017/04/13 121.5 122 120.5 121.5 60 0 0 39752 338 75 40165 0 0 0 
2017/04/14 121.5 122 120 120.5 78 0 0 39750 338 75 40163 0 0 0 
2017/04/17 120 121.5 120 120.5 57 0 0 39755 338 75 40168 0 0 0 
2017/04/18 121 121 120 120.5 28 0 0 39763 338 75 40176 0 0 0 
2017/04/19 120.5 121 120 121 34 0 0 39762 338 75 40175 0 0 0 
2017/04/20 120 120.5 118 118 84 0 0 39757 338 75 40170 0 0 0 
2017/04/21 118.5 119.5 118.5 119.5 44 0 0 39757 338 75 40170 0 0 0 
2017/04/24 120.5 120.5 118.5 118.5 16 0 0 39754 338 75 40167 0 0 0 
2017/04/25 118.5 119 118.5 118.5 17 0 0 39751 338 75 40164 0 0 0 
2017/04/26 118.5 120 118 118.5 39 0 0 39750 338 75 40163 0 0 0 
2017/04/27 118 119.5 117.5 119 24 0 0 39753 338 85 40176 0 0 0 
2017/04/28 119.5 119.5 119 119 37 0 0 39775 338 90 40203 0 0 0 
2017/05/02 119 120 119 119 11 0 0 39780 338 90 40208 0 0 0 
2017/05/03 118.5 118.5 117.5 118 106 0 0 39795 338 90 40223 0 0 0 
2017/05/04 117.5 118 117 117 50 0 0 39805 338 90 40233 0 0 0 
2017/05/05 118 119.5 118 119 47 0 0 39805 338 90 40233 0 0 0 
2017/05/08 120 120 118 118 43 0 0 39828 338 90 40256 0 0 0 
2017/05/09 118.5 119 117.5 119 28 0 0 39846 338 90 40274 0 0 0 
2017/05/10 119 119.5 119 119.5 20 0 0 39846 338 90 40274 0 0 0 
2017/05/11 121 121 118 118 37 14 0 39844 338 90 40272 1 0.08 0 
2017/05/12 119 119.5 118.5 118.5 21 13 0 39843 338 90 40271 0 0.08 0 
2017/05/15 119.5 119.5 118 118 32 7 0 39842 338 90 40270 0 0.04 0 
2017/05/16 118 119 118 118.5 27 7 0 39841 338 90 40269 0 0.04 0 
2017/05/17 118.5 119 118 118.5 21 6 0 39841 338 90 40269 0 0.04 0 
2017/05/18 118 118 117.5 117.5 16 7 0 39840 338 90 40268 0 0.04 0 
2017/05/19 118 119.5 118 118.5 33 7 0 39838 338 90 40266 0 0.04 0 
2017/05/22 118.5 118.5 118 118 11 6 0 39878 338 90 40306 0 0.04 0 
2017/05/23 119 119 118 118 12 6 0 39878 338 90 40306 0 0.04 0 
2017/05/24 118 118 117.5 117.5 13 6 0 39877 338 90 40305 0 0.04 0 
2017/05/25 118 118.5 117 118 34 8 0 39873 338 90 40301 0 0.05 0 
2017/05/26 118 118 117.5 117.5 17 8 0 39871 338 90 40299 0 0.05 0 
2017/05/31 117.5 118 117 117 17 6 0 39871 338 90 40299 0 0.04 0 
2017/06/01 117 117.5 117 117 17 7 0 39868 338 90 40296 0 0.04 0 
2017/06/02 118 118 117.5 117.5 32 8 0 39865 328 90 40283 0 0.05 0 
2017/06/03 118 118 117.5 118 14 8 0 39865 324 90 40279 0 0.05 0 
2017/06/05 118 118 117 117 18 8 0 39861 324 90 40275 0 0.05 0 
2017/06/06 117 118 117 118 44 18 0 39858 324 90 40272 0 0.11 0 
2017/06/07 118 118 117 117 19 21 0 39856 324 90 40270 0 0.13 0 
2017/06/08 117 117.5 117 117 26 31 0 39854 324 90 40268 0 0.19 0 
2017/06/09 117.5 120 117.5 119.5 51 31 0 39851 324 90 40265 0 0.19 0 
2017/06/12 120 120 118 118 13 36 0 39849 324 90 40263 0 0.22 0 
2017/06/13 118.5 118.5 118.5 118.5 8 38 0 39849 324 90 40263 0 0.23 0 
2017/06/14 118 118 117 117 43 40 0 39846 324 90 40260 0 0.24 0 
2017/06/15 117.5 118 117.5 118 21 40 0 39846 324 90 40260 0 0.24 0 
2017/06/16 118.5 118.5 118 118 4 39 0 39848 324 90 40262 0 0.24 0 
2017/06/19 118 118 118 118 2 39 0 39848 324 90 40262 0 0.24 0 
2017/06/20 118 118.5 117.5 118 53 60 0 39848 324 90 40262 0 0.36 0 
2017/06/21 118 119 117.5 119 17 61 0 39853 324 90 40267 0 0.37 0 
2017/06/22 118.5 120 118.5 119 60 75 0 39854 324 90 40268 0 0.45 0 
2017/06/23 119 119.5 118.5 119.5 22 78 0 39855 324 90 40269 0 0.47 0 
2017/06/26 120 124.5 120 121 136 113 0 39868 324 95 40287 0 0.68 0 
2017/06/27 121.5 122 120.5 121 32 112 0 39874 324 95 40293 0 0.68 0 
2017/06/28 121.5 122 121 121 24 111 0 39875 324 95 40294 0 0.67 0 
2017/06/29 122.5 125 122 124 183 158 0 39871 324 95 40290 0 0.96 0 
2017/06/30 129 134 124 124 764 316 0 39873 351 95 40319 3 1.91 0 
2017/07/03 124.5 127.5 123.5 125 281 323 0 39878 351 95 40324 1 1.96 0 
2017/07/04 126 127 125 125.5 104 327 0 39876 351 95 40322 0 1.98 0 
2017/07/05 126 128 125.5 126 113 328 6 39874 397 95 40366 0 1.99 1.83 
2017/07/06 126 127 126 126 107 336 12 39877 422 95 40394 0 2.03 3.57 
2017/07/07 126.5 127.5 124.5 124.5 131 342 12 39880 447 95 40422 0 2.07 3.51 
2017/07/10 126 126 122.5 123 80 335 0 39886 447 95 40428 0 2.03 0 
2017/07/11 123 123 121.5 122.5 82 326 0 39896 447 96 40439 0 1.97 0 
2017/07/12 122 122.5 121 121 53 320 0 39900 447 95 40442 0 1.94 0 
2017/07/13 121.5 122 120.5 120.5 56 296 0 39908 447 95 40450 0 1.79 0 
2017/07/14 120 121.5 120 120.5 38 293 0 39915 447 95 40457 0 1.77 0 
2017/07/17 121 121.5 120.5 120.5 32 290 0 39916 447 94 40457 0 1.76 0 
2017/07/18 120.5 121.5 119 120.5 99 296 0 39922 447 93 40462 1 1.79 0 
2017/07/19 120.5 121 119.5 121 179 298 10 39924 447 93 40464 1 1.8 3.36 
2017/07/20 120.5 120.5 119 119 112 280 10 39923 447 93 40463 0 1.7 3.57 
2017/07/21 119 119.5 118.5 119 70 257 0 39932 447 93 40472 0 1.56 0 
2017/07/24 119 119.5 118 118 79 252 0 39931 447 93 40471 0 1.53 0 
2017/07/25 118 118.5 117 117.5 186 258 0 39928 447 93 40468 0 1.56 0 
2017/07/26 118.5 118.5 116.5 117.5 151 264 0 39929 401 93 40423 0 1.6 0 
2017/07/27 117.5 119 116 118.5 241 278 0 39933 401 93 40427 0 1.68 0 
2017/07/28 119 119 118.5 119 147 277 0 39932 401 95 40428 0 1.68 0 
2017/07/31 113 114.5 111 111 136 262 0 39926 401 93 40420 0 1.59 0 
2017/08/01 111 111 109.5 111 81 265 0 39918 401 93 40412 0 1.6 0 
2017/08/02 111 111 109 109 79 270 0 39910 401 93 40404 0 1.63 0 
2017/08/03 109 109 106.5 107 116 286 0 39901 401 93 40395 0 1.73 0 
2017/08/04 107 107 103 103.5 268 286 20 39899 401 91 40391 0 1.73 6.99 
2017/08/07 105 111.5 105 106 171 295 20 39901 401 91 40393 0 1.79 6.78 
2017/08/08 109 109 104 104.5 179 314 20 39902 401 90 40393 0 1.9 6.37 
2017/08/09 104.5 105.5 103.5 103.5 71 314 20 39902 406 90 40398 0 1.9 6.37 
2017/08/10 104.5 105 103 103 91 306 20 39906 414 92 40412 0 1.85 6.54 
2017/08/11 104.5 105 103.5 104.5 42 302 22 39906 417 92 40415 0 1.83 7.28 
2017/08/14 105.5 105.5 99.8 102.5 165 320 4 39906 419 90 40415 0 1.94 1.25 
2017/08/15 103 103 102 103 82 336 4 39906 419 90 40415 0 2.03 1.19 
2017/08/16 103.5 103.5 102 102 49 337 5 39897 419 90 40406 0 2.04 1.48 
2017/08/17 102 102.5 100 101 120 335 5 39854 419 90 40363 0 2.03 1.49 
2017/08/18 101 101 99.9 100 103 335 4 39827 419 90 40336 0 2.03 1.19 
2017/08/21 102 102 100 100 35 340 4 39813 419 90 40322 0 2.06 1.18 
2017/08/22 100 100 97.6 98.6 104 320 13 39799 419 90 40308 0 1.94 4.06 
2017/08/23 98 98.6 96.8 97.1 132 324 16 39779 419 89 40287 0 1.96 4.94 
2017/08/24 97 98.8 97 97.1 61 332 16 39765 419 89 40273 0 2.01 4.82 
2017/08/25 97.1 97.1 94.4 95.2 277 346 19 39710 419 77 40206 0 2.1 5.49 
2017/08/28 96 96.9 95.5 96.3 146 365 28 39683 419 72 40174 0 2.21 7.67 
2017/08/29 96.8 97.5 96.2 96.9 112 353 29 39686 419 67 40172 0 2.14 8.22 
2017/08/30 97.2 98.2 97.2 97.7 58 351 31 39692 419 65 40176 0 2.13 8.83 
2017/08/31 99 99 98.4 98.9 51 333 33 39694 421 65 40180 0 2.02 9.91 
2017/09/01 99.1 100 99.1 99.8 38 332 36 39689 421 65 40175 0 2.01 10.84 
2017/09/04 99.8 99.8 98.9 99 25 334 36 39684 421 65 40170 0 2.02 10.78 
2017/09/05 99 99.9 98.5 98.6 19 334 36 39677 421 76 40174 0 2.02 10.78 
2017/09/06 99.8 99.8 98.5 98.5 41 332 37 39677 421 76 40174 0 2.01 11.14 
2017/09/07 98.6 99.2 98.3 98.3 32 333 37 39674 421 66 40161 0 2.02 11.11 
2017/09/08 98.2 98.3 97.8 98.2 22 336 37 39674 421 66 40161 0 2.03 11.01 
2017/09/11 99.3 99.4 96 96.1 892 346 46 39672 421 64 40157 0 2.1 13.29 
2017/09/12 96.2 97.5 96 97.4 132 347 54 39745 421 55 40221 0 2.1 15.56 
2017/09/13 97.6 99.3 97.6 98.1 174 369 56 39814 421 106 40341 0 2.23 15.18 
2017/09/14 98.4 98.4 96.7 98.2 161 376 40 39872 421 116 40409 2 2.28 10.64 
2017/09/15 98.1 98.1 96.5 98 137 397 41 39916 421 116 40453 0 2.4 10.33 
2017/09/18 97.9 97.9 96.8 97.4 74 408 41 39944 421 116 40481 0 2.47 10.05 
2017/09/19 97 97.5 96.5 96.5 39 414 37 39944 421 116 40481 0 2.51 8.94 
2017/09/20 96.3 96.3 95.4 95.5 97 428 35 39944 421 116 40481 0 2.59 8.18 
2017/09/21 96 96 95.2 95.2 24 429 35 39937 421 115 40473 0 2.6 8.16 
2017/09/22 95.3 95.3 94.1 94.3 75 438 32 39921 421 109 40451 0 2.65 7.31 
2017/09/25 94.3 94.3 90 90.3 282 437 32 39904 421 103 40428 0 2.65 7.32 
2017/09/26 90.4 90.4 89.1 90 292 495 32 39896 421 53 40370 0 3 6.46 
2017/09/27 90.5 91.3 90.2 90.8 159 493 35 39875 421 53 40349 0 2.99 7.1 
2017/09/28 91.4 91.5 90.7 91.4 18 489 35 39876 419 51 40346 0 2.96 7.16 
2017/09/29 91.2 91.2 89.7 90.2 53 492 35 39874 419 51 40344 0 2.98 7.11 
2017/09/30 90.2 90.6 89.9 90.4 83 500 35 39877 327 51 40255 0 3.03 7 
2017/10/02 91 91.5 90 91.2 178 606 37 39859 327 50 40236 0 3.67 6.11 
2017/10/03 92 98.2 91.7 94.6 394 680 40 39869 335 54 40258 8 4.12 5.88 
2017/10/05 95.1 96 95.1 95.3 145 695 44 39876 335 53 40264 1 4.21 6.33 
2017/10/06 95.3 95.6 94.7 95.6 64 687 44 39877 335 53 40265 0 4.16 6.4 
2017/10/11 95.6 95.6 94.5 95.6 58 693 44 39886 335 53 40274 0 4.2 6.35 
2017/10/12 94.3 95.1 93.8 94.1 62 696 44 39902 335 53 40290 0 4.21 6.32 
2017/10/13 93.5 93.5 92.6 93.1 554 669 44 39899 335 53 40287 0 4.05 6.58 
2017/10/16 93 93.2 92.4 92.7 98 656 37 39899 335 39 40273 0 3.97 5.64 
2017/10/17 93 93 91 92.1 106 676 37 39899 315 39 40253 0 4.09 5.47 
2017/10/18 92 92 91.3 91.7 80 675 32 39907 315 39 40261 0 4.09 4.74 
2017/10/19 92 92 91 91.1 35 675 31 39909 304 40 40253 0 4.09 4.59 
2017/10/20 90.5 91.5 90.5 91.1 132 658 30 39938 284 40 40262 0 3.98 4.56 
2017/10/23 91 91 90.7 90.7 50 662 30 39934 283 40 40257 0 4.01 4.53 
2017/10/24 90.8 91 90.5 90.8 72 654 30 39936 283 40 40259 0 3.96 4.59 
2017/10/25 90.8 90.9 90.5 90.5 572 655 30 40444 263 41 40748 0 3.97 4.58 
2017/10/26 91.2 91.5 90.6 91 91 667 30 40451 243 4 40698 0 4.04 4.5 
2017/10/27 90.8 91 90.6 90.7 49 665 30 40453 243 5 40701 0 4.03 4.51 
2017/10/30 90.3 90.7 90.2 90.3 47 655 30 40444 228 5 40677 0 3.97 4.58 
2017/10/31 90 91 90 90.7 65 660 29 40442 208 5 40655 0 4 4.39 
2017/11/01 91 92.3 90.8 91.9 128 676 10 40445 188 5 40638 0 4.09 1.48 
2017/11/02 92 93.3 91.9 92.5 101 681 4 40452 168 5 40625 0 4.12 0.59 
2017/11/03 92.8 92.9 92 92.5 78 695 4 40452 148 5 40605 0 4.21 0.58 
2017/11/06 92.5 92.5 91 91 147 698 3 40438 148 6 40592 0 4.23 0.43 
2017/11/07 91 91 90.5 90.8 84 688 3 40432 128 6 40566 0 4.17 0.44 
2017/11/08 91 91 90.6 90.6 37 693 0 40432 116 6 40554 0 4.2 0 
2017/11/09 90.6 90.9 90.2 90.3 72 712 0 40430 92 6 40528 0 4.31 0 
2017/11/10 90.9 90.9 90.3 90.5 22 711 0 40431 87 6 40524 0 4.31 0 
2017/11/13 90.5 90.5 89.6 90.4 93 714 0 40425 75 6 40506 0 4.32 0 
2017/11/14 90.3 90.3 89.9 90 24 712 0 40426 75 6 40507 0 4.31 0 
2017/11/15 90.4 90.8 90 90.8 82 707 0 40478 75 3 40556 0 4.28 0 
2017/11/16 90.8 92 90.8 92 112 704 3 40523 75 3 40601 0 4.26 0.43 
2017/11/17 92 92.4 92 92.2 64 703 3 40571 75 3 40649 0 4.26 0.43 
2017/11/20 92.2 93.1 92.1 93.1 145 740 5 40627 75 3 40705 0 4.48 0.68 
2017/11/21 93.1 93.1 92.5 92.8 95 751 8 40658 75 3 40736 0 4.55 1.07 
2017/11/22 92.8 93.1 92.6 93 90 768 9 40712 75 3 40790 0 4.65 1.17 
2017/11/23 93 93 92 92.7 653 731 38 40823 75 3 40901 0 4.43 5.2 
2017/11/24 92.8 93.2 92.5 92.9 322 750 9 40917 75 3 40995 0 4.54 1.2 
2017/11/27 92.9 96.1 92.9 96.1 413 830 11 41057 75 3 41135 1 5.03 1.33 
2017/11/28 97.5 97.8 96.2 96.6 206 817 11 41077 75 3 41155 0 4.95 1.35 
2017/11/29 96.7 96.8 94.6 95.7 178 825 11 41148 75 3 41226 1 5 1.33 
2017/11/30 95.7 95.7 94.3 94.3 85 822 11 41149 75 3 41227 0 4.98 1.34 
2017/12/01 94.4 94.4 90.5 93.4 127 823 11 41147 75 3 41225 0 4.98 1.34 
2017/12/04 92.6 92.7 91.2 91.8 97 784 0 41147 75 3 41225 0 4.75 0 
2017/12/05 91.8 93.4 91.8 93 50 775 3 41143 75 3 41221 0 4.69 0.39 
2017/12/06 93 93 91 91 743 736 1 41810 75 4 41889 0 4.46 0.14 
2017/12/07 92.3 93.2 92 93.2 48 729 3 41829 75 4 41908 0 4.41 0.41 
2017/12/08 93.4 93.4 92.1 92.8 540 725 3 41841 75 4 41920 0 4.39 0.41 
2017/12/11 92.1 92.1 91.7 91.7 49 727 3 41849 68 4 41921 0 4.4 0.41 
2017/12/12 91.7 91.8 91.3 91.3 31 724 3 41850 55 4 41909 0 4.38 0.41 
2017/12/13 91.3 91.5 91.1 91.4 36 722 3 41850 55 4 41909 0 4.37 0.42 
2017/12/14 91.4 91.7 91.1 91.4 22 720 3 41850 55 4 41909 0 4.36 0.42 
2017/12/15 91.8 91.8 91 91.2 42 706 3 41844 55 4 41903 0 4.28 0.42 
2017/12/18 91.3 91.5 91.1 91.2 35 711 3 41846 55 3 41904 0 4.31 0.42 
2017/12/19 90.6 91.6 90.6 91.5 17 716 3 41849 55 3 41907 0 4.34 0.42 
2017/12/20 91 91.7 91 91.5 46 699 3 41858 55 3 41916 0 4.23 0.43 
2017/12/21 91.8 91.9 91.8 91.9 22 698 3 41866 55 3 41924 0 4.23 0.43 
2017/12/22 91.3 92.4 91.3 91.9 88 749 3 41870 55 3 41928 0 4.54 0.4 
2017/12/25 91.9 91.9 91.2 91.2 18 744 3 41872 55 3 41930 0 4.51 0.4 
2017/12/26 91.2 93 91.2 91.3 15 741 3 41873 55 3 41931 0 4.49 0.4 
2017/12/27 91.8 91.8 91.4 91.4 9 741 3 41874 55 3 41932 0 4.49 0.4 
2017/12/28 91.5 91.5 90.9 91.5 46 734 0 41877 55 3 41935 0 4.44 0 
2017/12/29 91.7 92.3 91.2 92.2 65 731 0 41913 55 1 41969 0 4.43 0 
2018/01/02 92.2 92.2 91.5 91.5 41 731 0 41911 55 1 41967 0 4.43 0 
2018/01/03 91.4 91.4 91.2 91.4 28 730 0 41911 55 1 41967 0 4.42 0 
2018/01/04 91.1 91.6 91 91.6 37 717 0 41911 55 1 41967 0 4.34 0 
2018/01/05 91.6 91.9 91.5 91.5 191 643 0 41911 55 1 41967 0 3.89 0 
2018/01/08 91.6 91.6 91 91 112 615 0 41912 55 1 41968 0 3.72 0 
2018/01/09 91.5 91.7 90.9 91 168 607 0 41911 55 1 41967 0 3.68 0 
2018/01/10 91.5 91.7 91.1 91.4 40 595 0 41935 55 1 41991 0 3.6 0 
2018/01/11 91.6 91.6 90.9 91 66 595 0 41938 55 1 41994 0 3.6 0 
2018/01/12 91.4 91.6 91 91.1 31 595 0 41941 55 1 41997 0 3.6 0 
2018/01/15 91.6 91.6 91.1 91.1 41 598 0 41961 55 1 42017 0 3.62 0 
2018/01/16 91.5 91.6 91.1 91.3 83 609 0 41964 55 1 42020 0 3.69 0 
2018/01/17 90.6 91.5 90.6 91.4 42 614 0 41968 55 1 42024 0 3.72 0 
2018/01/18 91.4 91.8 91.3 91.5 68 631 0 41980 55 1 42036 0 3.82 0 
2018/01/19 91.5 91.5 91.1 91.2 25 635 0 41980 55 1 42036 0 3.85 0 
2018/01/22 90.9 91.7 90.8 91.4 52 624 0 41975 55 1 42031 0 3.78 0 
2018/01/23 91 91.4 91 91.1 44 622 0 41975 68 1 42044 0 3.77 0 
2018/01/24 91.2 91.2 90.8 90.8 24 621 0 41975 68 1 42044 0 3.76 0 
2018/01/25 91.1 91.2 90 90.2 115 621 0 41923 68 1 41992 0 3.76 0 
2018/01/26 90.3 90.3 89.6 90 150 629 0 41925 68 1 41994 0 3.81 0 
2018/01/29 90 90.3 88.9 88.9 116 641 0 41876 68 1 41945 0 3.88 0 
2018/01/30 86.2 88.3 86.2 86.5 181 674 0 41888 46 1 41935 0 4.08 0 
2018/01/31 87.8 88.5 86.1 88.3 122 683 0 41908 22 1 41931 0 4.14 0 
2018/02/01 88.1 88.7 88 88 28 688 0 41908 18 1 41927 0 4.17 0 
2018/02/02 88.6 89.4 88.6 89 46 682 0 41908 18 1 41927 0 4.13 0 
2018/02/05 88 88 86.2 86.3 141 727 0 41808 18 1 41827 0 4.4 0 
2018/02/06 85.4 86.3 77.7 77.7 404 728 0 41705 18 2 41725 0 4.41 0 
2018/02/07 80 81.3 78.1 78.1 150 712 0 41652 18 0 41670 0 4.31 0 
2018/02/08 78.6 79.9 78.4 78.7 32 717 0 41653 18 0 41671 0 4.34 0 
2018/02/09 76.9 77.4 75 77.4 88 731 0 41652 18 1 41671 0 4.43 0 
2018/02/12 76.5 78 76.5 77.8 39 735 0 41654 18 0 41672 0 4.45 0 
2018/02/21 79 79.7 78.5 79.5 70 724 0 41656 18 0 41674 0 4.38 0 
2018/02/22 79.5 79.7 79.4 79.7 30 724 0 41657 18 0 41675 0 4.38 0 
2018/02/23 80 81 80 80.4 56 715 0 41656 18 0 41674 0 4.33 0 
2018/02/26 84.3 84.3 82.2 82.9 53 713 0 41648 18 0 41666 0 4.32 0 
2018/02/27 83.4 83.4 82 82.1 27 710 0 41643 18 1 41662 0 4.3 0 
2018/03/01 81.1 82 81.1 81.5 31 711 0 41642 18 3 41663 0 4.31 0 
2018/03/02 81.5 81.8 81.5 81.5 22 703 0 41639 18 3 41660 0 4.26 0 
2018/03/05 82 82 80.5 80.5 39 702 0 41636 18 7 41661 0 4.25 0 
2018/03/06 81.5 81.5 80.8 80.8 17 699 0 41636 18 7 41661 0 4.23 0 
2018/03/07 81 81 79.9 79.9 45 702 0 41635 18 7 41660 0 4.25 0 
2018/03/08 79.5 80.3 79.5 79.8 28 698 0 41634 18 7 41659 0 4.23 0 
2018/03/09 80 81 80 81 29 691 0 41636 18 7 41661 0 4.18 0 
2018/03/12 80.9 80.9 79.9 80 128 732 0 41640 18 8 41666 0 4.43 0 
2018/03/13 82.5 83.5 81.9 82.4 252 762 1 41650 18 7 41675 0 4.61 0.13 
2018/03/14 82.5 83.4 82.5 83.2 106 755 1 41649 18 7 41674 0 4.57 0.13 
2018/03/15 83.2 83.5 82.7 83.3 55 726 1 41648 18 7 41673 0 4.4 0.14 
2018/03/16 83.3 83.3 82.7 83 57 730 1 41647 18 7 41672 0 4.42 0.14 
2018/03/19 83 83.7 83 83.7 76 727 1 41647 10 7 41664 0 4.4 0.14 
2018/03/20 83.6 85.7 83.6 84 187 755 1 41648 10 6 41664 0 4.57 0.13 
2018/03/21 84 84.2 83.7 83.7 53 750 0 41648 10 7 41665 0 4.54 0 
2018/03/22 83.7 83.7 82.8 82.8 157 768 0 41648 10 7 41665 0 4.65 0 
2018/03/23 82.1 83 81.2 82.6 116 770 0 41649 10 7 41666 0 4.66 0 
2018/03/26 82.5 82.6 81.2 81.3 167 779 0 41644 10 7 41661 0 4.72 0 
2018/03/27 81.9 82.6 81.6 81.8 112 791 0 41652 0 7 41659 0 4.79 0 
2018/03/28 81.8 82.2 81.6 81.9 27 793 0 41652 0 7 41659 0 4.8 0 
2018/03/29 81.9 83.2 81.9 82.1 113 805 0 41652 0 7 41659 0 4.87 0 
2018/03/30 82.7 82.7 82.3 82.5 107 843 0 41663 0 7 41670 0 5.1 0 
2018/03/31 82.6 83.8 82.5 82.8 65 840 0 41663 0 7 41670 0 5.09 0 
2018/04/02 82.8 83.7 82.8 82.9 59 836 0 41674 0 7 41681 0 5.06 0 
2018/04/03 82.9 82.9 82.1 82.4 25 834 0 41674 0 7 41681 0 5.05 0 
2018/04/09 83 83 82.2 82.4 36 838 0 41700 0 7 41707 0 5.07 0 
2018/04/10 82.1 82.3 82 82 23 834 0 41699 0 7 41706 0 5.05 0 
2018/04/11 81.8 81.8 80.6 81.3 89 822 0 41694 0 7 41701 0 4.98 0 
2018/04/12 81.3 81.4 80.1 80.6 212 837 0 41695 0 6 41701 0 5.07 0 
2018/04/13 82 82 81.3 81.9 74 824 0 41694 0 6 41700 0 4.99 0 
2018/04/16 80.5 81.9 80.5 81.8 69 829 0 41688 0 4 41692 0 5.02 0 
2018/04/17 81 81 80 80 68 847 0 41681 0 4 41685 0 5.13 0 
2018/04/18 80.1 80.1 79.4 79.4 44 846 0 41688 0 4 41692 0 5.12 0 
2018/04/19 79 80.2 79 80.2 72 857 0 41684 0 0 41684 0 5.19 0 
2018/04/20 79.6 79.9 78.7 79.9 98 864 0 41684 0 0 41684 0 5.23 0 
2018/04/23 79.7 79.7 78.9 79.7 35 860 0 41684 0 0 41684 0 5.21 0 
2018/04/24 79 80 79 80 25 857 0 41682 0 0 41682 0 5.19 0 
2018/04/25 80 80 79.5 80 32 861 0 41682 0 0 41682 0 5.21 0 
2018/04/26 80 80 79.5 80 35 862 0 41682 0 0 41682 0 5.22 0 
2018/04/27 80 80.4 79.6 80.4 62 855 0 41689 0 0 41689 0 5.18 0 
2018/04/30 81 81.7 80.4 81.7 32 848 0 41691 0 1 41692 0 5.14 0 
2018/05/02 81.1 82 81.1 82 35 837 0 41691 0 1 41692 0 5.07 0 
2018/05/03 82 82 81 81.8 41 842 0 41663 0 1 41664 0 5.1 0 
2018/05/04 81 81.8 80.2 81.8 24 842 0 41663 0 1 41664 0 5.1 0 
2018/05/07 81 81.5 80.5 81.5 37 849 0 41661 0 1 41662 0 5.14 0 
2018/05/08 80.8 81.1 80.3 81.1 33 853 0 41661 0 1 41662 0 5.17 0 
2018/05/09 81.1 81.3 80.5 81.2 31 852 0 41661 0 1 41662 0 5.16 0 
2018/05/10 80.5 80.8 80 80.6 70 860 0 41661 0 1 41662 0 5.21 0 
2018/05/11 73.2 74.5 72.6 73.7 739 929 2 41686 0 1 41687 0 5.63 0.22 
2018/05/14 72.3 72.5 68.6 72.5 370 901 1 41682 0 1 41683 1 5.46 0.11 
2018/05/15 71 71 68 71 334 889 1 41722 0 1 41723 3 5.38 0.11 
2018/05/16 70 70.9 69.6 70.2 133 884 1 41731 0 1 41732 1 5.35 0.11 
2018/05/17 71 71.1 69.8 69.8 20 886 1 41738 0 4 41742 0 5.37 0.11 
2018/05/18 71 71 68.6 69 91 917 1 41735 0 4 41739 1 5.55 0.11 
2018/05/21 69.9 69.9 68.7 68.8 55 911 1 41742 0 4 41746 0 5.52 0.11 
2018/05/22 68.7 68.9 68.1 68.1 60 931 1 38262 0 4 38266 0 5.64 0.11 
2018/05/23 68.6 68.6 68.1 68.2 43 932 7 38262 0 4 38266 0 5.64 0.75 
2018/05/24 68.4 68.6 68.3 68.4 18 928 7 38263 0 4 38267 0 5.62 0.75 
2018/05/25 68.4 68.6 68.4 68.5 16 918 7 38265 0 4 38269 0 5.56 0.76 
2018/05/28 69 69 68.5 68.7 15 912 7 38265 0 4 38269 0 5.52 0.77 
2018/05/29 69 69.5 69 69.1 17 913 7 38264 0 4 38268 0 5.53 0.77 
2018/05/30 69.1 69.2 69.1 69.2 6 901 7 38264 0 3 38267 0 5.46 0.78 
2018/05/31 69.9 70 68.9 68.9 32 886 7 38264 0 3 38267 0 5.37 0.79 
2018/06/01 68.4 69.2 68.3 69.2 95 892 7 38266 0 0 38266 0 5.4 0.78 
2018/06/04 69.3 69.3 68.7 69.3 57 903 7 38276 0 0 38276 0 5.47 0.78 
2018/06/05 69.8 73 69.8 72.1 188 916 6 38288 0 0 38288 0 5.55 0.66 
2018/06/06 73 76.8 73 75.8 225 895 6 38283 0 0 38283 0 5.42 0.67 
2018/06/07 76.5 77 75.2 75.2 50 892 6 38291 0 0 38291 0 5.4 0.67 
2018/06/08 75.1 75.1 73.6 74.1 40 894 6 38293 0 0 38293 0 5.41 0.67 
2018/06/11 76 76 74.6 75.5 8043 894 6 46071 0 0 46071 0 5.41 0.67 
2018/06/12 76.9 78 76.5 76.9 258 905 6 46073 0 0 46073 0 5.48 0.66 
2018/06/13 77 77.7 76.7 77 71 911 6 46080 0 0 46080 0 5.52 0.66 
2018/06/14 77 77 75.5 75.5 38 907 6 46082 0 0 46082 0 5.49 0.66 
2018/06/15 75.1 75.5 75.1 75.2 24 903 6 46084 0 0 46084 0 5.47 0.66 
2018/06/19 75 75 74.1 74.1 12 900 6 46088 0 0 46088 0 5.45 0.67 
2018/06/20 73.6 73.6 71.5 73.4 54 905 7 46085 0 0 46085 0 5.48 0.77 
2018/06/21 72.6 72.6 72.6 72.6 1 902 6 46085 0 0 46085 0 5.46 0.67 
2018/06/22 72.1 72.3 71.5 72.1 33 905 6 46072 0 0 46072 0 5.48 0.66 
2018/06/25 72.2 72.4 72.2 72.4 8 904 6 46077 0 0 46077 0 5.47 0.66 
2018/06/26 72 72 72 72 12 904 6 46073 0 0 46073 0 5.47 0.66 
2018/06/27 72 72 71.7 72 15 907 6 46071 0 0 46071 0 5.49 0.66 
2018/06/28 71.8 73.2 71.6 73.2 28 904 6 46072 0 1 46073 0 5.47 0.66 
2018/06/29 74.1 74.1 73.4 73.4 10 904 6 46071 0 2 46073 0 5.47 0.66 
2018/07/02 72.5 73.5 72.5 73.5 10 905 6 46070 0 2 46072 0 5.48 0.66 
2018/07/03 71 72 71 71.6 18 904 6 46067 0 2 46069 0 5.47 0.66 
2018/07/04 71.6 72.9 71.5 72.5 11 905 6 46065 0 2 46067 0 5.48 0.66 
2018/07/05 71.6 72.4 71 72 26 901 6 46062 0 3 46065 0 5.46 0.67 
2018/07/06 71.5 71.8 70.6 70.6 22 904 6 46060 0 3 46063 0 5.47 0.66 
2018/07/09 70.6 71 70.1 70.1 25 905 6 46063 0 3 46066 0 5.48 0.66 
2018/07/10 70.5 70.5 68.8 69.3 44 909 6 46069 0 3 46072 0 5.5 0.66 
2018/07/11 69.1 69.1 67.5 67.6 114 916 6 46060 0 3 46063 0 5.55 0.66 
2018/07/12 67.6 67.6 65.5 65.5 115 930 6 46060 0 3 46063 0 5.63 0.65 
2018/07/13 65.5 66.3 65.3 65.8 50 941 6 46060 0 2 46062 0 5.7 0.64 
2018/07/16 68 68 66 66.4 30 939 6 46061 0 2 46063 0 5.69 0.64 
2018/07/17 66.6 68 66.6 67.9 20 940 6 46062 0 2 46064 0 5.69 0.64 
2018/07/18 67.3 67.9 66.8 67.8 17 939 6 46067 0 2 46069 0 5.69 0.64 
2018/07/19 67.1 67.5 67.1 67.4 15 939 6 46068 0 2 46070 0 5.69 0.64 
2018/07/20 67.2 67.4 67.1 67.1 15 939 6 46069 0 2 46071 0 5.69 0.64 
2018/07/23 67.1 68 67.1 67.6 32 939 3 46076 0 2 46078 0 5.69 0.32 
2018/07/24 67.1 67.3 66.9 66.9 42 935 3 46067 0 2 46069 0 5.66 0.32 
2018/07/25 66.9 67 66.5 66.6 29 936 3 46067 0 2 46069 0 5.67 0.32 
2018/07/26 68 68 66.2 67.1 35 937 0 46090 0 2 46092 1 5.67 0 
2018/07/27 67.1 67.1 66.7 67 28 936 0 46091 0 2 46093 0 5.67 0 
2018/07/30 67 67 66.4 66.4 39 936 0 46087 0 2 46089 0 5.67 0 
2018/07/31 66.1 66.4 65.9 66.1 69 935 0 46067 0 2 46069 0 5.66 0 
2018/08/01 66 66.5 66 66.3 55 934 0 46071 0 2 46073 0 5.66 0 
2018/08/02 66.3 68 66.3 67.7 99 929 0 46075 0 2 46077 0 5.63 0 
2018/08/03 63.9 63.9 61 61.1 65 927 4 46050 0 2 46052 0 5.61 0.43 
2018/08/06 61.1 61.1 58.9 59.1 52 927 3 46049 0 2 46051 0 5.61 0.32 
2018/08/07 59.2 60.2 58.5 58.5 25 927 3 46052 0 2 46054 0 5.61 0.32 
2018/08/08 59 59 58.6 58.6 16 927 3 46052 0 2 46054 0 5.61 0.32 
2018/08/09 58.6 58.6 56 56.4 118 919 7 46079 0 2 46081 0 5.56 0.76 
2018/08/10 56.9 56.9 53.2 54.2 158 925 4 46099 0 2 46101 1 5.6 0.43 
2018/08/13 53.2 54.2 50.8 53.1 231 908 1 46099 0 3 46102 0 5.5 0.11 
2018/08/14 56.5 56.5 52.8 54.8 95 931 2 46090 0 2 46092 0 5.64 0.21 
2018/08/15 54.8 55.2 54.4 54.5 29 925 2 46089 0 2 46091 0 5.6 0.22 
2018/08/16 53.2 54.5 53.2 54.5 29 925 2 46092 0 2 46094 0 5.6 0.22 
2018/08/17 54 55 54 55 30 925 2 46094 0 2 46096 0 5.6 0.22 
2018/08/20 55.4 55.5 54.6 55.2 50 924 2 46102 0 2 46104 0 5.6 0.22 
2018/08/21 55 55.1 54.8 55.1 35 923 2 46106 0 2 46108 0 5.59 0.22 
2018/08/22 55 55 54.7 54.7 40 923 2 46103 0 2 46105 0 5.59 0.22 
2018/08/23 54.7 55.1 54.7 54.9 41 923 2 46105 0 2 46107 0 5.59 0.22 
2018/08/24 54.5 55.3 54.5 55.2 37 921 2 46111 0 2 46113 0 5.58 0.22 
2018/08/27 55.4 55.4 54.7 54.8 84 914 2 46052 0 2 46054 0 5.53 0.22 
2018/08/28 54.7 55 53.8 55 45 915 2 46053 0 2 46055 0 5.54 0.22 
2018/08/29 54.5 55.3 54.5 55 29 913 2 46059 0 2 46061 0 5.53 0.22 
2018/08/30 55 55.2 54.9 55 25 912 2 46057 0 2 46059 0 5.52 0.22 
2018/08/31 54.9 56 54.9 55 38 915 2 46057 0 2 46059 0 5.54 0.22 
2018/09/03 54.9 55.1 54.5 55 62 925 2 46062 0 2 46064 0 5.6 0.22 
2018/09/04 54.6 56 54.6 56 217 928 2 45900 0 1 45901 0 5.62 0.22 
2018/09/05 55.9 56.3 55.5 56 36 926 2 45902 0 1 45903 0 5.61 0.22 
2018/09/06 56 57 56 56.7 47 925 2 45904 0 1 45905 0 5.6 0.22 
2018/09/07 56.1 56.6 56 56.1 82 924 1 45888 0 1 45889 0 5.6 0.11 
2018/09/10 57.4 57.4 53.1 55.5 51 919 1 45891 0 1 45892 0 5.56 0.11 
2018/09/11 55 55.9 55 55.9 35 912 1 45891 0 1 45892 0 5.52 0.11 
2018/09/12 56.2 56.2 56 56.2 13 913 1 45890 0 1 45891 0 5.53 0.11 
2018/09/13 55.9 56.2 55.7 56.2 18 910 1 45892 0 1 45893 0 5.51 0.11 
2018/09/14 56.3 57 56.2 57 16 910 1 45894 0 1 45895 0 5.51 0.11 
2018/09/17 56.6 57 56.6 56.7 6 907 1 45896 0 1 45897 0 5.49 0.11 
2018/09/18 56.9 57.3 56.6 56.9 13 907 1 45910 0 1 45911 0 5.49 0.11 
2018/09/19 57 58 57 57.2 25 905 1 45917 0 1 45918 0 5.48 0.11 
2018/09/20 57.2 57.3 57 57 16 905 1 45912 0 1 45913 0 5.48 0.11 
2018/09/21 57 57.4 57 57.3 60 903 1 45878 0 1 45879 0 5.47 0.11 
2018/09/25 57.4 57.6 57.4 57.6 5 903 1 45879 0 1 45880 0 5.47 0.11 
2018/09/26 57.6 57.9 57.5 57.5 4 901 1 45880 0 1 45881 0 5.46 0.11 
2018/09/27 57.6 57.8 57.5 57.5 6 901 1 45881 0 1 45882 0 5.46 0.11 
2018/09/28 57.5 58 57.3 57.3 36 895 1 45867 14 1 45882 0 5.42 0.11 
2018/10/01 57.3 58.2 57 58.2 27 892 1 45867 28 1 45896 0 5.4 0.11 
2018/10/02 58.1 59.2 58.1 59.2 28 892 0 45867 35 1 45903 0 5.4 0 
2018/10/03 59.3 60.9 59.3 60.3 67 888 0 45857 49 1 45907 0 5.38 0 
2018/10/04 60.7 62 60.4 62 64 883 0 45856 63 1 45920 0 5.35 0 
2018/10/05 64 64.1 60 62.8 90 876 0 45862 77 2 45941 0 5.3 0 
2018/10/08 62.8 64 62.8 63.8 34 871 0 45862 93 2 45957 0 5.27 0 
2018/10/09 64 64.1 63.4 63.6 76 869 0 45873 109 2 45984 0 5.26 0 
2018/10/11 62.4 62.4 58 61.9 144 851 4 45941 127 1 46069 0 5.15 0.47 
2018/10/12 58.5 62.4 58.5 62.4 47 850 2 45927 147 1 46075 0 5.15 0.24 
2018/10/15 62.4 63.5 62.4 63.5 32 846 2 45938 159 1 46098 0 5.12 0.24 
2018/10/16 64 64.2 63.7 63.9 42 847 2 45948 177 1 46126 0 5.13 0.24 
2018/10/17 63.9 64.8 63.9 64.2 32 849 2 45964 177 1 46142 0 5.14 0.24 
2018/10/18 64.2 64.2 63.4 64 30 853 2 45969 177 4 46150 0 5.17 0.23 
2018/10/19 64 64 63.5 63.7 53 861 2 45987 177 2 46166 0 5.21 0.23 
2018/10/22 63.7 64 63.7 63.8 15 858 2 45998 177 2 46177 0 5.2 0.23 
2018/10/23 63.5 63.5 62.4 62.4 39 858 2 45992 177 2 46171 0 5.2 0.23 
2018/10/24 61.6 62.7 61.5 62.5 78 856 0 46020 177 2 46199 0 5.18 0 
2018/10/25 59.8 62.2 59.1 61 27 855 1 46023 177 1 46201 0 5.18 0.12 
2018/10/26 60.7 60.8 59.7 60.8 31 851 3 46021 177 1 46199 0 5.15 0.35 
2018/10/29 60.8 60.8 60.1 60.1 9 850 3 46021 177 1 46199 0 5.15 0.35 
2018/10/30 60.2 60.2 57.1 57.1 56 843 3 45995 177 1 46173 0 5.1 0.36 
2018/10/31 57.2 57.8 57.2 57.6 6 843 3 46005 177 1 46183 0 5.1 0.36 
2018/11/01 57.6 58 56.9 57.3 24 848 3 46004 177 0 46181 0 5.14 0.35 
2018/11/02 58.1 58.1 57.5 57.5 15 853 3 46003 177 0 46180 0 5.17 0.35 
2018/11/05 57.5 57.5 57.5 57.5 2 853 3 46003 177 0 46180 0 5.17 0.35 
2018/11/06 57.2 57.2 57 57 3 853 3 46003 177 0 46180 0 5.17 0.35 
2018/11/07 57.4 57.5 57.4 57.4 3 852 3 46003 177 0 46180 0 5.16 0.35 
2018/11/08 57.9 57.9 57.9 57.9 2 853 3 46003 177 0 46180 0 5.17 0.35 
2018/11/09 57 57 56 56.1 16 847 3 45998 177 0 46175 0 5.13 0.35 
2018/11/12 55.7 55.8 55.3 55.6 14 844 3 45999 177 0 46176 0 5.11 0.36 
2018/11/13 55.5 56 55 56 8 847 3 45989 177 0 46166 0 5.13 0.35 
2018/11/14 56 56 56 56 0 847 3 45989 177 0 46166 0 5.13 0.35 
2018/11/15 55.4 55.4 55 55 6 848 3 45997 177 0 46174 0 5.14 0.35 
2018/11/16 55.3 55.4 54.1 54.1 18 849 3 46008 177 0 46185 0 5.14 0.35 
2018/11/19 53.5 55.2 53.5 55.2 13 846 3 46007 177 0 46184 0 5.12 0.35 
2018/11/20 54.1 54.2 54.1 54.1 14 850 3 46004 177 0 46181 0 5.15 0.35 
2018/11/21 54.1 54.9 54 54.5 6 848 3 46004 177 0 46181 0 5.14 0.35 
