1990/02/09 185 190 180 186 60069 
1990/02/16 188 188 172 175 31377 
1990/02/23 175 184 172 176 29119 
1990/03/02 175 184 164 177 34803 
1990/03/09 176 189 171 186 45269 
1990/03/16 186 188 166 170 41352 
1990/03/23 169 170 150 151 25813 
1990/03/30 150 160 148 158 12557 
1990/04/06 160 160 140.5 141 14398 
1990/04/13 135 147 135 138 14095 
1990/04/20 137 139 121 132 27809 
1990/04/27 132 139 129 134 25514 
1990/05/04 135 135 111.5 121 20410 
1990/05/11 122 122.5 107.5 111 15201 
1990/05/18 111 117 100 100 15402 
1990/05/25 100.5 103 78 88 33385 
1990/06/01 89 114 87 110 61126 
1990/06/08 105 108 86.5 87.5 56360 
1990/06/15 83 97 82 84 42425 
1990/06/22 86 89 77 79 25370 
1990/06/29 80 82 68.5 70 24126 
1990/07/06 72 76.5 66.5 73.5 24990 
1990/07/13 75 82.5 52 54 48397 
1990/07/20 52 57 49 56 50917 
1990/07/27 57.5 58 50 57.5 61364 
1990/08/03 58 58.5 47.3 48.6 47949 
1990/08/10 48.6 48.6 36 36.7 19042 
1990/08/17 36.5 36.8 31.2 31.2 21588 
1990/08/24 31.2 32.5 27.8 31.8 40475 
1990/08/31 32.5 37.8 32.1 36.7 53484 
1990/09/07 34.2 35 30 30.6 18858 
1990/09/14 32 33.5 30.1 31 32901 
1990/09/21 30.5 31.7 27.5 28.5 29613 
1990/09/28 27 27.2 24 25.1 18230 
1990/10/05 24.8 25 22.5 24 24612 
1990/10/12 24 25.8 21.1 22.2 25695 
1990/10/19 22.4 26.8 22.1 26.8 46339 
1990/10/26 27 33 26.8 28.7 94029 
1990/11/02 30.7 32.8 27.7 29.8 53100 
1990/11/09 30.4 33.6 28 28.9 58569 
1990/11/16 30.9 33.5 30.4 33.3 71073 
1990/11/23 34 39.2 33.3 37.5 139244 
1990/11/30 38.8 39.4 30.9 34.8 101886 
1990/12/07 34.8 36.5 31.4 31.7 55175 
1990/12/14 32 32.9 29.7 30 37042 
1990/12/21 30 30.4 26.5 28.5 26730 
1990/12/28 28.5 30.3 27.7 30.3 14407 
1991/01/04 30.3 32 29.3 31.7 20546 
1991/01/11 29.7 30.5 24.9 25.5 19393 
1991/01/18 25 29.5 23.1 29 22303 
1991/01/25 28 30.3 26.6 28.6 37607 
1991/02/01 28.1 31.2 28 28.8 46107 
1991/02/08 29.3 36.8 29.2 36.7 75804 
1991/02/15 38 39.2 37.5 39.2 20099 
1991/02/22 41.9 42.7 36.6 38.6 73851 
1991/03/01 38.8 40.2 34.7 35.1 86303 
1991/03/08 34.5 37 33.7 36.4 44663 
1991/03/15 36.4 41 36.4 40.2 107082 
1991/03/22 40 42 38.9 40.5 92507 
1991/03/29 41.2 47.4 41 47.4 84760 
1991/04/05 50.5 56 49.5 55 89613 
1991/04/12 54 58 52.5 55.5 145858 
1991/04/19 55.5 56 48.8 54 72055 
1991/04/26 54.5 57.5 52.5 55 72354 
1991/05/03 56 59 51 58 102498 
1991/05/10 59.5 61 58 58 78898 
1991/05/17 58 59.5 53 53 54476 
1991/05/24 53 56.5 53 53 31589 
1991/05/31 52.5 53.5 49.8 52 25114 
1991/06/07 52 54.5 50 53.5 19283 
1991/06/14 54 56 53 55.5 23417 
1991/06/21 56.5 57.5 55 57.5 22856 
1991/06/28 57.5 59 55 56 41841 
1991/07/05 57.5 57.5 53.5 54 16946 
1991/07/12 54 55 53 54 13856 
1991/07/19 55 55 50 51 10307 
1991/07/26 50 52 47.5 51.5 18007 
1991/08/02 52.5 53.5 49.6 51 18699 
1991/08/09 51 53 48.7 52.5 18809 
1991/08/16 52 53 49 49.2 12559 
1991/08/23 49.1 49.2 43.4 44.5 23294 
1991/08/30 44 45.4 40.5 44.7 16690 
1991/09/06 45 49 44 48.2 31011 
1991/09/13 48.5 48.5 44.6 45 23279 
1991/09/20 45 49 45 48.9 18796 
1991/09/27 49.4 49.8 48.8 49.5 17228 
1991/10/04 49.7 51 42.5 43.4 31455 
1991/10/11 43.5 45.3 43.4 44.7 16427 
1991/10/18 42.5 43.5 38 39.8 29337 
1991/10/25 39.8 39.8 35.6 38.3 13467 
1991/11/01 39 40.8 38 39.5 17338 
1991/11/08 39.5 41.9 38.8 41.2 26305 
1991/11/15 41.6 41.8 40.2 40.8 13159 
1991/11/22 40.5 42.3 40 41 20333 
1991/11/29 41 41.1 39 39.3 11748 
1991/12/06 39.2 39.4 38.3 39.2 7694 
1991/12/13 39.5 39.8 38 38.1 8228 
1991/12/20 38.2 40 38 38.8 9717 
1991/12/27 40 41.4 39.1 41.2 18214 
1992/01/03 41.9 42.7 41.6 42.7 7117 
1992/01/10 42.7 46.5 42.5 46.1 61870 
1992/01/17 46.6 47.5 45.7 46 50373 
1992/01/24 46 48.7 46 46.6 43797 
1992/01/31 46.3 47.5 46 46.8 21898 
1992/02/07 46.7 46.8 45.9 45.9 4649 
1992/02/14 46 48.3 46 47.5 42460 
1992/02/21 47.5 48.3 44.4 46.5 32242 
1992/02/28 47 47.2 43.8 45.5 26042 
1992/03/06 45.7 45.8 43.5 43.7 12317 
1992/03/13 43.7 44.8 43.2 44 6201 
1992/03/20 44.1 44.8 42.8 42.8 6821 
1992/03/27 42.6 44.4 42.5 44 9603 
1992/04/03 44 44 41.6 42.2 5443 
1992/04/10 42.2 42.2 40.2 40.4 8057 
1992/04/17 40.3 41 39.7 40.6 9737 
1992/04/24 40.6 40.9 39.6 39.8 6037 
1992/05/01 40 41.5 39.9 40.5 6675 
1992/05/08 40.6 41 39.8 40 4421 
1992/05/15 39.5 39.6 38.5 39 5159 
1992/05/22 39.1 41 39.1 40.8 9276 
1992/05/29 40.6 40.8 39 39.3 6429 
1992/06/05 39.1 40.3 38.7 39.8 3836 
1992/06/12 40 41 39 40.3 7932 
1992/06/19 40.5 40.6 38.8 38.9 8440 
1992/06/26 38.9 39.5 37.5 37.6 14666 
1992/07/03 38.2 38.2 37 37 7765 
1992/07/10 37.2 37.3 34.2 35 9685 
1992/07/17 35.1 36.2 34.2 34.3 10702 
1992/07/24 34.3 35 33.2 34 14047 
1992/07/31 34.3 36.5 33.9 35.9 25358 
1992/08/07 36 37 34.7 34.8 16362 
1992/08/14 34.7 34.8 32.8 33.5 12445 
1992/08/21 33.3 34.6 31 33.2 19895 
1992/08/28 33.9 34.2 33 34 11893 
1992/09/04 34 35.2 33.8 34.2 21500 
1992/09/11 28.9 28.9 27.1 27.7 9021 
1992/09/18 27 27.6 24.5 26.9 14932 
1992/09/25 26 27.8 25.2 26 17137 
1992/10/02 26.3 29.3 25.9 28.3 24007 
1992/10/09 28.1 29 27.2 27.6 13345 
1992/10/16 27.8 28.6 27.1 28.3 8672 
1992/10/23 28.5 28.6 27.2 27.5 6984 
1992/10/30 27.4 27.9 26.6 26.9 7719 
1992/11/06 26.9 27 26.2 26.3 6242 
1992/11/13 26.4 26.8 26.2 26.7 2878 
1992/11/20 26.7 27.4 26.6 27 6689 
1992/11/27 27 27.5 26.4 26.4 6072 
1992/12/04 26.6 26.7 25.9 26.6 4136 
1992/12/11 26.8 27.6 26.6 26.6 9766 
1992/12/18 26.6 26.7 26 26.1 6400 
1992/12/25 26 26.1 23.8 24.4 7235 
1993/01/01 24.2 24.2 23.5 23.9 3173 
1993/01/08 24.1 24.2 21.4 22.8 8250 
1993/01/15 22.6 24.3 22 24.3 11182 
1993/01/22 24.2 25.3 23.9 25.2 5798 
1993/01/29 23.5 26.3 23.5 26.3 10696 
1993/02/05 26.5 27.9 26.5 27.5 33882 
1993/02/12 27.5 27.5 25.2 26.8 22401 
1993/02/19 27 28 26.5 27.5 39359 
1993/02/26 27.6 31.3 27 30.7 116508 
1993/03/05 30.6 31.5 28.7 30.6 61322 
1993/03/12 30.8 31.3 28.8 28.8 30318 
1993/03/19 28.9 30.2 28.8 29.3 16849 
1993/03/26 29.5 31.2 29.1 29.7 42025 
1993/04/02 30 33.2 29.8 32.7 45980 
1993/04/09 33.4 34.5 30.7 30.7 41124 
1993/04/16 30.3 30.8 28.8 29.6 23226 
1993/04/23 29.9 32.5 29.1 31.6 33451 
1993/04/30 31.3 32.1 30.1 30.2 36826 
1993/05/07 30 31.8 28.8 31.1 26495 
1993/05/14 31.5 31.6 29.9 30.1 18473 
1993/05/21 30.2 30.3 28.2 28.5 10504 
1993/05/28 28.3 28.7 27.4 28.1 8200 
1993/06/04 28.1 28.8 27.6 28.4 5437 
1993/06/11 28.5 28.5 27 27 5037 
1993/06/18 27.1 27.1 25.3 25.3 10493 
1993/06/25 25.3 26 25 25.4 8057 
1993/07/02 25.2 25.2 23 23.1 10588 
1993/07/09 23.2 25.1 23.1 24.7 13028 
1993/07/16 25.3 25.3 22.8 23 8512 
1993/07/23 23.2 24 22.9 23.6 8335 
1993/07/30 23.8 24.5 23.1 23.3 10109 
1993/08/06 23.3 24 23 23.9 10326 
1993/08/13 24 25.2 24 24 19110 
1993/08/20 24.2 24.3 21.3 21.4 14162 
1993/08/27 21.3 21.5 20.4 20.5 8416 
1993/09/03 20.5 20.5 19.7 20.3 10621 
1993/09/10 19.9 20.3 19.5 19.9 6537 
1993/09/17 20 20.1 19 20.1 10458 
1993/09/24 20.3 20.3 19.3 19.8 6882 
1993/10/01 19.6 20 19.3 19.4 5061 
1993/10/08 19.3 20.9 19.2 20.5 30709 
1993/10/15 20.5 21.3 20.5 20.7 21401 
1993/10/22 20.9 21.1 20.1 20.9 16537 
1993/10/29 21.2 21.6 20.5 21 17040 
1993/11/05 21.3 22.3 21.1 21.2 24517 
1993/11/12 21.2 21.4 20.7 21.4 10155 
1993/11/19 21.7 22.4 21 21.2 39204 
1993/11/26 21.3 21.4 20.5 20.7 10430 
1993/12/03 21.3 24.3 21.1 24.3 71994 
1993/12/10 24.6 26.5 24.1 25.2 81774 
1993/12/17 25.7 28.3 25.5 26.4 101301 
1993/12/24 26.3 29.3 26.2 28.9 104465 
1993/12/31 29.5 32.5 29.3 31.3 113723 
1994/01/07 32 38.8 31.6 37.8 164620 
1994/01/14 39.2 39.5 32.3 34.8 133493 
1994/01/21 34.8 35.5 31.8 33.9 64129 
1994/01/28 34.3 35 33.1 33.8 43032 
1994/02/04 34.2 37.5 34.1 36.2 103680 
1994/02/18 35.9 36.1 32.3 32.7 40635 
1994/02/25 32.8 33.5 30.4 30.4 35263 
1994/03/04 30.2 31.1 29 31 92296 
1994/03/11 31.6 31.6 28.1 28.1 58485 
1994/03/18 28.4 29.8 27.8 28.8 38561 
1994/03/25 29.1 30.8 28.6 30 57862 
1994/04/01 30 31.1 29.3 30.8 33898 
1994/04/08 31 31.7 30.5 30.5 47640 
1994/04/15 30.7 31 30 30.3 30512 
1994/04/22 30.4 32.8 30.3 31.7 65262 
1994/04/29 31.9 32.4 29.5 29.7 51118 
1994/05/06 29.9 32.4 29.5 32 53541 
1994/05/13 32.8 33 31 31.3 66972 
1994/05/20 31.5 31.9 29.8 29.8 27417 
1994/05/27 29.9 30.5 29.6 30.1 15052 
1994/06/03 30.3 31.5 30.3 30.9 40754 
1994/06/10 31.1 31.3 29.5 30.5 28968 
1994/06/17 30.8 30.8 29.3 29.3 22840 
1994/06/24 29.4 29.5 28.6 28.6 17629 
1994/07/01 28.6 29.9 28.5 29.3 15318 
1994/07/08 29.6 30.8 29.5 29.8 45823 
1994/07/15 30.3 32 30.2 30.4 58408 
1994/07/22 30.8 35.4 30.7 35.2 161231 
1994/07/29 35.5 35.8 33 33.8 131936 
1994/08/05 34.3 35.8 33 34.1 93812 
1994/08/12 34.5 34.7 28.1 28.2 52820 
1994/08/19 28.4 32.1 28 32.1 57546 
1994/08/26 32.5 33.3 30.6 31.5 108621 
1994/09/02 32 32.3 31.1 31.4 59727 
1994/09/09 31.4 31.5 30 30.8 24770 
1994/09/16 31 31.5 30 30 24474 
1994/09/23 30.1 30.7 30 30.4 11491 
1994/09/30 30.7 33.1 30.4 32.7 75935 
1994/10/07 33 33.5 28.8 28.8 60638 
1994/10/14 29 31.5 27.7 31.5 60040 
1994/10/21 32 37 31.8 35.5 305568 
1994/10/28 35.8 36.1 33.5 33.9 84649 
1994/11/04 34 35.1 32.7 33.8 127910 
1994/11/11 33.9 34.6 33.4 33.6 55910 
1994/11/18 33.7 33.9 32.3 33.6 31563 
1994/11/25 33.8 34.2 32.2 33.2 45198 
1994/12/02 33.3 33.4 32.5 33.1 24173 
1994/12/09 34.5 36.6 33.8 35.6 179652 
1994/12/16 36 40.5 35.2 40.2 254636 
1994/12/23 40.7 44.3 39.8 43.7 241290 
1994/12/30 43.7 43.7 41.2 42.7 129897 
1995/01/06 43 43 40 40.8 53467 
1995/01/13 41 41 37.2 37.8 68988 
1995/01/20 38 39.6 37 38 115648 
1995/01/27 38.2 38.5 35.9 36.1 72902 
1995/02/03 37 37.3 36.5 36.6 7893 
1995/02/10 36.8 40.8 36.5 40.5 99426 
1995/02/17 40.8 41.6 39.5 40.5 109496 
1995/02/24 41 43.3 40.6 43.1 148621 
1995/03/03 40.3 43 39 40 183434 
1995/03/10 40 40 38.5 39.7 50951 
1995/03/17 40 41.7 39.5 41.2 69146 
1995/03/24 41.5 42 39.2 40.9 73965 
1995/03/31 41 46.2 40.7 45.9 139628 
1995/04/07 46.2 47.5 45 47.5 108387 
1995/04/14 47.6 48.5 44.1 44.4 203146 
1995/04/21 44.2 46.1 43.2 44.7 138781 
1995/04/28 44.7 46.5 43 43.9 173115 
1995/05/05 44.3 44.3 39.6 41.6 104298 
1995/05/12 41.8 45.1 41.1 44.8 120200 
1995/05/19 44.7 45.5 43.7 43.8 76641 
1995/05/26 43.8 44.5 43 43.5 62060 
1995/06/02 43.2 44.6 42.3 44.3 48384 
1995/06/09 44.6 45.9 43.8 45 91036 
1995/06/16 45 45.3 34.1 36.3 150952 
1995/06/23 36.5 39.2 35.3 39.2 96623 
1995/06/30 39.4 39.5 38 38.8 79460 
1995/07/07 38 40.6 37 39.4 86544 
1995/07/14 39.7 40.4 38.2 38.6 59788 
1995/07/21 38.5 38.6 33.6 35.4 89798 
1995/07/28 35.4 35.9 33 34.6 72739 
1995/08/04 34.2 34.7 31 31.1 56480 
1995/08/11 31.5 33 30 31 75757 
1995/08/18 31 33 30 31.3 71345 
1995/08/25 31.2 32.2 30.4 30.7 32601 
1995/09/01 30.7 31.8 30.6 31.6 35065 
1995/09/08 31.8 34.2 31.5 34 89968 
1995/09/15 34.1 34.5 32 32.1 56538 
1995/09/22 32.1 33.5 32.1 33.2 51714 
1995/09/29 33.8 34.7 32.1 32.5 76265 
1995/10/06 32.5 33.8 32.2 33.3 54301 
1995/10/13 33.5 33.6 30.7 30.7 56386 
1995/10/20 30.9 32.4 29.3 29.8 101954 
1995/10/27 29.8 30.1 28.5 28.7 32595 
1995/11/03 28.7 28.7 27.8 28.1 27543 
1995/11/10 28 28.8 26.8 27.1 32716 
1995/11/17 26.7 26.7 25.5 26 29303 
1995/11/24 26.2 26.5 25.5 26.1 20819 
1995/12/01 26.3 27.2 26.2 26.9 37710 
1995/12/08 27.4 27.6 26.1 27.3 40101 
1995/12/15 27.5 29.4 27.5 28.2 72775 
1995/12/22 28.5 29.4 27.4 28.7 58571 
1995/12/29 28.5 28.9 28 28.7 27625 
1996/01/05 28.8 29 25.7 26.4 27202 
1996/01/12 26.5 27.4 25.5 27.1 50690 
1996/01/19 27.3 27.4 26.4 27 42868 
1996/01/26 27.2 27.3 25.6 25.7 27464 
1996/02/02 25.6 25.9 24.7 25 24569 
1996/02/09 25 25 23.7 23.9 31447 
1996/02/16 24.2 24.7 23.8 23.8 24707 
1996/02/23 24 24.3 23.8 23.9 7527 
1996/03/01 23.8 24 23.1 23.8 22978 
1996/03/08 24 24.2 22.5 22.7 38195 
1996/03/15 22.5 23.2 21.5 23 38110 
1996/03/22 23 24.1 22.9 23.8 51759 
1996/03/29 24.3 24.3 23.5 23.8 26146 
1996/04/05 23.8 26.4 23.8 26.4 58887 
1996/04/12 26.3 26.7 25.2 26.3 100359 
1996/04/19 26.5 27.5 23.1 23.6 90283 
1996/04/26 23.7 24.8 23.7 24.2 47377 
1996/05/03 24.3 26.2 24.1 25.6 85145 
1996/05/10 26 26.2 24.4 25.1 61221 
1996/05/17 25.4 25.6 24.1 24.2 50540 
1996/05/24 24.3 25 23.2 24.3 37519 
1996/05/31 24.5 24.7 23.8 24.3 21720 
1996/06/07 24.3 24.8 24 24.4 28886 
1996/06/14 24.5 26.3 24.2 25.4 104038 
1996/06/21 25.5 26.2 25 25.5 38821 
1996/06/28 25.5 28.1 25.2 28.1 123565 
1996/07/05 28.9 29.5 26.8 26.8 142501 
1996/07/12 26.8 27.4 26.4 26.9 77675 
1996/07/19 27 27.4 25.8 26.5 47362 
1996/07/26 26.5 26.5 25.5 26 22238 
1996/08/02 26.1 26.1 25.4 25.4 17916 
1996/08/09 25.4 25.5 22.4 22.6 61950 
1996/08/16 22.6 22.8 22.1 22.2 22470 
1996/08/23 22.2 22.2 21 21.6 32146 
1996/08/30 21.7 21.9 21.4 21.5 21632 
1996/09/06 21.5 21.7 21 21.6 18190 
1996/09/13 21.7 22.4 21.7 22.2 33940 
1996/09/20 22.3 22.6 21.9 22.4 40031 
1996/09/27 22.4 22.9 22 22.8 32587 
1996/10/04 23 23.2 22.5 22.8 51364 
1996/10/11 22.9 23.7 22.4 23.6 47077 
1996/10/18 23.7 23.7 21.8 21.8 50937 
1996/10/25 21.8 22.2 21.8 22 10797 
1996/11/01 22.1 22.1 21.6 21.8 16284 
1996/11/08 21.9 22.4 21.7 21.7 37092 
1996/11/15 21.8 21.9 21.5 21.5 18133 
1996/11/22 21.5 22.5 21.5 22.2 49663 
1996/11/29 22.4 22.5 21.6 21.8 52631 
1996/12/06 21.9 22.4 21.5 21.6 37076 
1996/12/13 21.6 21.9 21.5 21.7 26304 
1996/12/20 21.7 22.2 21.6 21.6 35338 
1996/12/27 21.7 22 21.5 21.6 20548 
1997/01/03 21.7 21.8 21.1 21.2 17066 
1997/01/10 21.2 22.9 21.2 22.2 94485 
1997/01/17 22.4 22.7 21.8 21.9 56933 
1997/01/24 21.9 22.7 21.8 21.8 66494 
1997/01/31 21.8 22.3 21.6 22 33649 
1997/02/07 22.2 22.7 22.1 22.3 27990 
1997/02/14 22.6 23.4 22.1 22.9 94936 
1997/02/21 22.9 23.1 22 22.2 92011 
1997/02/28 22.4 23.9 22.3 23.4 190142 
1997/03/07 23.4 27.4 23.4 26.6 369014 
1997/03/14 26.6 28.1 25.7 27.4 210498 
1997/03/21 27.5 30.8 27.1 27.9 344851 
1997/03/28 27.9 28.1 26 27.2 116151 
1997/04/04 27.2 28.7 26.2 28 132007 
1997/04/11 28.2 32.7 28.2 30.3 392216 
1997/04/18 30.5 31.3 27.3 27.5 151160 
1997/04/25 27.7 28.8 27.5 27.6 54297 
1997/05/02 27.9 27.9 25.5 26.1 47876 
1997/05/09 26 27.2 25.5 25.5 45303 
1997/05/16 25.6 25.9 23.5 24.4 55354 
1997/05/23 24.5 26.3 24.1 25.9 40470 
1997/05/30 26.5 27 24.8 26.5 76528 
1997/06/06 26.9 28.2 26.4 26.7 127381 
1997/06/13 26.9 28 26.7 27.2 65964 
1997/06/20 27.5 29.1 26 29 182988 
1997/06/27 29.5 30.5 28.1 30.3 247555 
1997/07/04 31 31.5 30.1 30.7 197839 
1997/07/11 31.1 35.6 31 34.1 395443 
1997/07/18 35.2 36.5 32.9 34.5 360139 
1997/07/25 35.5 35.8 30.3 30.6 181633 
1997/08/01 31 33.7 30.7 31 167485 
1997/08/08 31.2 32.6 30.5 31.2 106953 
1997/08/15 31.6 32 28.5 29 72707 
1997/08/22 29.4 31.5 29 29.1 80162 
1997/08/29 29.1 29.7 27.4 27.5 59940 
1997/09/05 28 28 25.4 26 41635 
1997/09/12 26.2 26.7 25 25.1 29735 
1997/09/19 25 25.2 24.3 24.4 20310 
1997/09/26 24.5 24.5 22.5 23.1 34015 
1997/10/03 23.4 23.4 21.3 21.9 22008 
1997/10/10 21.9 22.5 21.3 22.2 26385 
1997/10/17 22.2 22.3 19 19.1 60843 
1997/10/24 19 19.7 18.5 18.9 42057 
1997/10/31 19.3 19.3 17.7 18.8 22985 
1997/11/07 19 20.4 18.6 18.9 51380 
1997/11/14 18.8 19 18 18.2 32648 
1997/11/21 18.1 19.4 18 19.4 58582 
1997/11/28 19.7 20.5 18.6 19.6 132889 
1997/12/05 18.6 22.4 18.3 21.6 165448 
1997/12/12 21.8 21.8 19.6 20.4 98207 
1997/12/19 20.4 21.1 20 20 71999 
1997/12/26 20.2 20.7 19.5 20 41990 
1998/01/02 20.1 20.2 19.8 19.8 17997 
1998/01/09 19.9 20 18.5 18.8 24327 
1998/01/16 19 19.1 18.2 18.7 34810 
1998/01/23 18.9 19.1 18.7 18.7 21603 
1998/02/06 19 21.8 18.9 21.6 145268 
1998/02/13 21.7 22.4 20.5 20.6 84861 
1998/02/20 20.5 22.4 20 22.2 109499 
1998/02/27 22.9 24.3 22.2 23 203898 
1998/03/06 23.2 24 21.6 22.3 131969 
1998/03/13 22.4 23 22 22.7 76748 
1998/03/20 22.7 23.4 21.8 22.2 98298 
1998/03/27 22.3 22.8 21.7 22.6 44363 
1998/04/03 22.9 24.1 22.4 23.5 143722 
1998/04/10 23.7 23.8 22.3 22.4 48078 
1998/04/17 22.5 22.6 20.8 21.1 56166 
1998/04/24 21.2 21.4 20 20.3 32550 
1998/05/01 20.3 20.5 19.6 20.3 27577 
1998/05/08 20.5 20.7 19.8 20 22296 
1998/05/15 20 20.5 19.4 19.4 25284 
1998/05/22 19.4 20 19.2 19.8 16867 
1998/05/29 19.9 20 19 19 16986 
1998/06/05 19.2 19.2 18.4 19 22996 
1998/06/12 19 19.7 17.9 18.2 31670 
1998/06/19 18.1 20.8 18.1 20.2 73470 
1998/06/26 20.4 20.5 19.2 19.8 35918 
1998/07/03 20.2 20.4 19.4 19.8 40928 
1998/07/10 19.9 20.9 19.7 20.1 44391 
1998/07/17 19.9 20 17.5 17.7 43532 
1998/07/24 17.7 17.9 17 17.1 21754 
1998/07/31 17.3 17.3 16.5 16.8 27171 
1998/08/07 16.9 17 16.4 16.9 19372 
1998/08/14 16.9 17 16.4 17 18915 
1998/08/21 17.1 17.2 16.6 16.7 17927 
1998/08/28 16.6 16.8 15 15.3 28722 
1998/09/04 15.4 15.7 13.9 15.7 58500 
1998/09/11 15.7 16.6 15.2 16.1 61615 
1998/09/18 16.1 16.7 15.7 16.5 66122 
1998/09/25 16.5 16.5 15.3 15.4 25709 
1998/10/02 15.4 15.8 14.3 15.1 29934 
1998/10/09 14.9 16.2 14.7 15.7 21433 
1998/10/16 15.8 16 15.2 15.5 18063 
1998/10/23 15.5 16.2 15.1 15.9 28014 
1998/10/30 16 16.3 15.4 15.9 28569 
1998/11/06 16.1 16.4 15.6 15.8 46876 
1998/11/13 15.9 16.2 15.2 15.8 17316 
1998/11/20 16 18.3 15.8 17.3 209835 
1998/11/27 17.4 17.9 16.3 17.4 184206 
1998/12/04 17.6 18 16.7 16.8 111871 
1998/12/11 17.3 17.3 15.7 15.7 49508 
1998/12/18 15.8 16 14.6 14.6 36459 
1998/12/25 14.8 15.6 14.8 15.1 22067 
1999/01/01 15.1 15.1 14.2 14.3 20986 
1999/01/08 14.1 14.6 12.9 14.15 32318 
1999/01/15 14.3 15.3 14.1 14.9 74413 
1999/01/22 15 15 14 14.15 36562 
1999/01/29 14 14.05 13.2 13.35 29520 
1999/02/05 13.3 13.3 11 12 59374 
1999/02/12 12.2 12.6 11.8 12.45 25901 
1999/02/19 13 13.2 12.65 13.1 9033 
1999/02/26 13.2 13.95 12.8 13.2 52016 
1999/03/05 13.2 13.7 12.9 13.2 51545 
1999/03/12 13.25 13.3 12.85 12.9 28134 
1999/03/19 12.9 13.85 12.7 13.55 92766 
1999/03/26 13.6 14.4 13.6 14.2 104062 
1999/04/02 14.25 14.7 13.3 14.45 99052 
1999/04/09 14.6 14.8 14 14.45 75389 
1999/04/16 14.6 16.8 13.85 16.5 241792 
1999/04/23 16.5 17.2 15.5 16.3 147349 
1999/04/30 16.3 16.4 14.8 15.3 68302 
1999/05/07 15.3 16.4 15.1 15.5 75795 
1999/05/14 15.5 15.9 15 15.3 41967 
1999/05/21 15.3 15.7 14.2 14.2 48313 
1999/05/28 14.2 14.35 13.5 13.5 34857 
1999/06/04 13.5 13.95 13.05 13.5 35233 
1999/06/11 13.6 13.75 13.2 13.3 31662 
1999/06/18 13.4 13.4 12.8 12.85 21993 
1999/06/25 12.85 13.25 12.6 12.6 31449 
1999/07/02 12.6 12.8 12.3 12.4 28036 
1999/07/09 12.35 13.8 12.35 13.3 62849 
1999/07/16 13.1 14.15 12.15 12.3 137873 
1999/07/23 12.2 12.75 11.9 12.3 36058 
1999/07/30 12.3 13.2 12 12.7 40097 
1999/08/06 12.7 12.75 11.9 12.55 64310 
1999/08/13 12.7 13.8 12.1 13.5 141419 
1999/08/20 13.75 15.6 13.5 15.6 164075 
1999/08/27 16.4 16.8 15 16.1 263247 
1999/09/03 16.1 16.5 14.8 15 135386 
1999/09/10 15 17 14.8 17 137416 
1999/09/17 17.8 18.5 16.6 16.9 239163 
1999/09/24 17.1 17.4 16.9 17.1 19493 
1999/10/01 16.6 18.7 16.6 18.7 357113 
1999/10/08 19.2 19.2 16.3 16.7 211841 
1999/10/15 16.8 18 16.6 17.3 215342 
1999/10/22 17.3 17.4 15.2 15.6 111772 
1999/10/29 15.6 16.5 15.3 16.4 113148 
1999/11/05 16.5 16.7 14.6 14.7 113901 
1999/11/12 14.5 15.7 14.45 15.5 72934 
1999/11/19 15.7 16.4 15.2 15.8 188130 
1999/11/26 16 16.9 14.55 14.55 244997 
1999/12/03 15 16.6 14.8 16.2 170546 
1999/12/10 16.3 17.3 15 15.4 333678 
1999/12/17 15.8 17.8 15.6 17.1 347681 
1999/12/24 17.3 17.9 16.7 17.2 293117 
1999/12/31 17.6 19.6 17.6 19.6 212453 
2000/01/07 20.9 23.3 20.6 23.2 499058 
2000/01/14 24.8 25.9 22.2 23.8 505536 
2000/01/21 24.2 25.2 23.2 24.2 322246 
2000/01/28 24.7 27.7 24.4 24.8 643797 
2000/02/04 24.8 26.4 24.8 25.8 135770 
2000/02/11 26.8 28.5 26 27.7 305119 
2000/02/18 27.6 30.8 25.7 30.3 874100 
2000/02/25 31.3 32.2 28 28.9 893121 
2000/03/03 28.9 30.8 27.8 29.3 472153 
2000/03/10 29 30 28 28.8 373531 
2000/03/17 28.5 28.5 22.9 23.5 299976 
2000/03/24 22.7 28.3 22.7 27.9 588437 
2000/03/31 28.4 30.6 28.2 29.3 489591 
2000/04/07 28.8 30.9 28 28.1 367191 
2000/04/14 28 29.9 25 25 427008 
2000/04/21 25 26.7 23.9 25.3 219993 
2000/04/28 25.3 25.5 22.8 24.6 207490 
2000/05/05 25.2 25.8 23.1 24.9 138271 
2000/05/12 25.2 25.6 23.8 24.6 159327 
2000/05/19 25 27.4 24.4 25.1 395135 
2000/05/26 25.4 25.9 24.2 24.6 152620 
2000/06/02 24.8 27.8 24.7 27.4 334272 
2000/06/09 27.7 28 26.4 26.4 244757 
2000/06/16 26.6 27.1 25.2 25.2 140450 
2000/06/23 25.2 25.9 24.8 24.9 65837 
2000/06/30 24.9 24.9 21.1 23 115550 
2000/07/07 23.2 24.5 22.3 23.5 143693 
2000/07/14 23.9 25.4 23.1 24.6 158982 
2000/07/21 25 25.7 23.5 23.6 117814 
2000/07/28 23.6 25.2 22.6 24.6 122951 
2000/08/04 24.7 24.9 22.8 23.6 87208 
2000/08/11 23.6 24.6 23 23.7 91057 
2000/08/18 24 24.9 23.3 24.5 128365 
2000/08/25 24.7 25.7 24.6 24.6 162374 
2000/09/01 24.4 24.4 21.1 21.7 127911 
2000/09/08 22 23 21 21.2 79434 
2000/09/15 20 21 18.6 18.7 87716 
2000/09/22 18.6 18.8 16.2 16.7 157328 
2000/09/29 17 17.4 14.9 14.9 146936 
2000/10/06 15 17.2 14.5 17.2 203429 
2000/10/13 17.2 17.2 14.8 17 136311 
2000/10/20 18.1 18.1 14.65 16.6 230891 
2000/10/27 16.4 18 16.2 16.6 185601 
2000/11/03 16.1 17.1 15 16.2 134270 
2000/11/10 16.1 17.6 15.8 17.1 144782 
2000/11/17 16.4 16.4 13 13.1 113392 
2000/11/24 12.3 13.45 11.8 13.45 123962 
2000/12/01 14.05 14.15 12.75 13.75 134048 
2000/12/08 13.85 14.1 13.25 14 92889 
2000/12/15 14.15 14.8 13.5 13.5 108443 
2000/12/22 13.25 13.85 12.95 13.75 76975 
2000/12/29 13.9 14.5 13.25 14.45 93225 
2001/01/05 14.45 16.2 14.2 15.6 172943 
2001/01/12 15.3 16.1 14.9 14.95 151428 
2001/01/19 14.7 16.9 14.6 16.2 184254 
2001/02/02 16.4 17.2 15.3 16.7 223105 
2001/02/09 16.6 17.1 15.2 15.6 172301 
2001/02/16 15.7 16.2 15.2 15.9 166241 
2001/02/23 15.4 15.7 14.65 14.75 94480 
2001/03/02 15 15.7 14.65 14.75 62324 
2001/03/09 14.8 15.5 14.7 15.2 65191 
2001/03/16 15 15.5 14.7 15.2 71407 
2001/03/23 15.2 15.8 14.7 15.6 116164 
2001/03/30 15.9 16.5 15.4 15.5 163922 
2001/04/06 15.5 15.5 14.7 14.9 59094 
2001/04/13 14.8 14.85 14.15 14.35 61577 
2001/04/20 14.35 14.55 14.15 14.4 33523 
2001/04/27 14.5 14.5 13.75 13.8 30033 
2001/05/04 13.8 13.9 12.4 12.5 39859 
2001/05/11 12.55 12.7 11.25 12 52382 
2001/05/18 11.8 12.25 11.7 11.9 25447 
2001/05/25 11.8 12.8 11.4 12.4 52741 
2001/06/01 12.2 12.3 11.65 11.85 19074 
2001/06/08 11.8 12.35 11.55 12.1 28352 
2001/06/15 12.1 12.1 11.7 11.8 21093 
2001/06/22 11.8 11.8 11.4 11.4 16629 
2001/06/29 11.4 11.4 10 10.35 37846 
2001/07/06 10.25 10.7 10.05 10.3 30768 
2001/07/13 10.2 10.3 9.35 9.45 46350 
2001/07/20 9.85 9.85 7.6 7.9 87019 
2001/07/27 8.1 8.75 7.35 8.6 134852 
2001/08/03 8.6 9.3 8 9.3 77965 
2001/08/10 9.2 9.55 8.7 9.05 78767 
2001/08/17 9.05 9.65 8.85 9.25 108486 
2001/08/24 8.9 9.5 8.7 8.8 55562 
2001/08/31 8.9 9.3 8.5 8.85 54970 
2001/09/07 9 9.05 8.1 8.2 37002 
2001/09/14 8.2 8.25 6.85 6.85 28602 
2001/09/21 6.65 6.9 6.5 6.5 17398 
2001/09/28 6.15 7 6.05 6.9 48311 
2001/10/05 6.8 6.8 6.3 6.4 22520 
2001/10/12 6.1 6.9 6.05 6.55 31244 
2001/10/19 6.45 6.9 6.25 6.8 65077 
2001/10/26 6.95 7.3 6.8 7 101238 
2001/11/02 7.05 7.05 6.2 6.35 54396 
2001/11/09 6.5 6.9 6.4 6.8 76956 
2001/11/16 7 7.85 6.8 7.5 188215 
2001/11/23 7.6 7.95 7.2 7.2 102864 
2001/11/30 7.25 7.8 6.8 6.85 68838 
2001/12/07 7.05 8.4 6.95 8.4 192198 
2001/12/14 8.4 8.95 7.8 8 262338 
2001/12/21 8.1 8.6 7.2 7.3 120627 
2001/12/28 7.3 8.45 7.3 8.2 184457 
2002/01/04 8.4 9.15 8.25 9.1 197991 
2002/01/11 9.7 10.6 9.1 9.7 267358 
2002/01/18 9.55 9.55 8.75 8.9 122444 
2002/01/25 8.9 9.45 8.9 9.35 117160 
2002/02/01 9.45 9.75 8.95 9.3 102892 
2002/02/08 9.25 9.35 9 9.15 33535 
2002/02/22 9.3 9.95 8.5 8.5 94114 
2002/03/01 8 8.6 7.8 8.35 58929 
2002/03/08 8.65 9.55 8.6 9.2 98046 
2002/03/15 9.45 9.75 8.9 9 129752 
2002/03/22 9.05 9.4 8.9 9.2 62204 
2002/03/29 9.3 10.8 9.25 9.9 286893 
2002/04/05 9.75 10.3 9.65 10.05 81431 
2002/04/12 10.15 10.55 9.85 10.05 73918 
2002/04/19 10.2 11.95 10.15 11.9 289538 
2002/04/26 11.8 12.4 11.25 11.5 204920 
2002/05/03 11.45 11.5 10 10.3 76711 
2002/05/10 10.3 10.3 9.4 10.05 72093 
2002/05/17 9.95 10.4 9.8 9.85 47016 
2002/05/24 9.85 9.85 8.65 9.5 66677 
2002/05/31 9.3 9.85 9.25 9.45 37246 
2002/06/07 9.45 9.95 9.15 9.5 37905 
2002/06/14 9.6 10.3 9.45 10.25 83937 
2002/06/21 10.3 10.45 9.5 9.9 41816 
2002/06/28 9.9 10.15 9.2 9.4 40391 
2002/07/05 9.4 9.5 8.8 9.4 45250 
2002/07/12 9.55 9.6 8.7 9.25 41107 
2002/07/19 9.25 9.3 8.9 8.95 20134 
2002/07/26 8.85 8.95 8.1 8.2 40242 
2002/08/02 8.2 8.5 7.9 8.15 31317 
2002/08/09 7.6 7.8 7.15 7.55 34733 
2002/08/16 7.65 7.95 7.15 7.95 56546 
2002/08/23 8 8.05 7.55 7.8 47614 
2002/08/30 7.7 8.3 7.7 8.1 78000 
2002/09/06 8.1 8.2 7.5 7.6 56420 
2002/09/13 7.6 8.05 7.6 7.8 26337 
2002/09/20 7.85 7.9 7.4 7.45 29150 
2002/09/27 7.5 7.55 6.9 7.05 32249 
2002/10/04 7 7.25 6.75 7 23313 
2002/10/11 6.95 7 6.6 6.65 11896 
2002/10/18 6.65 8 6.65 8 36784 
2002/10/25 8.05 8.2 7.55 7.85 31574 
2002/11/01 8 8.15 7.6 7.75 35490 
2002/11/08 7.9 8.15 7.7 8.15 35949 
2002/11/15 8.2 9.25 8.2 9.25 154314 
2002/11/22 9.4 9.8 8.45 8.65 135491 
2002/11/29 8.65 9.35 8.45 8.6 132671 
2002/12/06 8.6 9.3 8.55 9.05 94469 
2002/12/13 9.35 10.45 9.35 9.75 430824 
2002/12/20 9.75 9.75 8.9 9 138436 
2002/12/27 9 9.9 8.75 9 143112 
2003/01/03 9 9.65 8.8 9.3 70453 
2003/01/10 9.4 10.65 9.4 10.1 335123 
2003/01/17 10.3 11.6 10.05 10.85 517508 
2003/01/24 10.85 12.6 10.8 12.6 537986 
2003/01/31 12.5 12.6 11.75 12.45 139403 
2003/02/07 12.35 12.35 11 11.15 70528 
2003/02/14 11.15 11.2 9.75 10.1 167379 
2003/02/21 10.6 11.4 10.4 10.6 214382 
2003/02/28 10.7 10.95 9.95 10.25 66098 
2003/03/07 10.4 10.65 9.5 9.6 73976 
2003/03/14 9.6 9.95 8.95 9.6 72343 
2003/03/21 9.5 9.8 9.15 9.6 51418 
2003/03/28 9.7 9.7 8.65 8.75 64511 
2003/04/04 8.65 8.8 8.05 8.8 55158 
2003/04/11 8.8 9.45 8.8 9.25 91257 
2003/04/18 9.4 9.6 9.05 9.6 77537 
2003/04/25 9.55 9.55 8 8 85328 
2003/05/02 7.65 7.85 7.05 7.65 89394 
2003/05/09 7.4 7.85 7.3 7.65 60503 
2003/05/16 7.7 8.15 7.65 7.85 39739 
2003/05/23 7.8 8 7.5 7.95 23001 
2003/05/30 8.1 9 8.05 8.75 88539 
2003/06/06 8.8 9.25 8.8 9 40410 
2003/06/13 8.9 9.45 8.85 9.15 55348 
2003/06/20 9.05 9.75 9 9.1 101663 
2003/06/27 9.1 9.2 8.35 8.5 61783 
2003/07/04 8.5 9.4 8.35 9.25 78339 
2003/07/11 9.5 10.3 9.4 9.5 177958 
2003/07/18 9.6 10.15 9.55 9.6 93505 
2003/07/25 9.6 9.9 9.35 9.6 81503 
2003/08/01 9.8 10.25 9.5 9.9 138443 
2003/08/08 9.9 9.9 8.85 8.9 82998 
2003/08/15 8.9 9.4 8.75 9.15 54151 
2003/08/22 9.25 9.4 9.2 9.3 50365 
2003/08/29 9.3 9.3 8.7 8.75 70961 
2003/09/05 8.85 9.1 8.7 8.8 30626 
2003/09/12 8.8 9.05 8.5 8.65 25063 
2003/09/19 8.65 8.95 8.55 8.75 19649 
2003/09/26 8.8 8.8 8.6 8.65 22060 
2003/10/03 8.65 8.7 8.2 8.4 33612 
2003/10/10 8.45 9.1 8.4 9 44046 
2003/10/17 9.1 10 9 9.65 154290 
2003/10/24 9.65 9.9 9.2 9.2 54895 
2003/10/31 9.25 9.7 9.2 9.45 59326 
2003/11/07 9.5 10.3 9.5 10.3 269234 
2003/11/14 10.3 10.95 10.25 10.7 267070 
2003/11/21 10.7 10.9 9.6 9.9 89307 
2003/11/28 10 10.4 9.85 10.15 83933 
2003/12/05 10.15 10.7 10.15 10.35 63363 
2003/12/12 10.35 11.15 10.15 10.9 115610 
2003/12/19 11 11 9.9 10.1 96311 
2003/12/26 10.1 10.7 10.1 10.5 100619 
2004/01/02 10.55 11.2 10.2 11.2 152487 
2004/01/09 11.5 13.05 11.5 12.7 430859 
2004/01/16 12.7 13.2 12.5 12.7 186506 
2004/01/30 13 13.7 12.8 13.2 127496 
2004/02/06 13.2 14.1 12.4 13.9 172741 
2004/02/13 14.1 14.6 13.25 14.3 198234 
2004/02/20 14.5 15.8 14.3 15.3 215719 
2004/02/27 15.5 16.4 14.9 16.3 156711 
2004/03/05 16.5 18.6 16.1 17.5 286641 
2004/03/12 17.7 18.6 17.1 18.2 186118 
2004/03/19 18.6 18.6 16.8 17.8 139170 
2004/03/26 16.6 16.6 15.5 16.4 167372 
2004/04/02 17.5 18.2 17.1 17.8 177427 
2004/04/09 18.1 18.5 17.4 18.2 142801 
2004/04/16 18.5 19.9 17.9 19.1 290722 
2004/04/23 19.4 19.8 18.3 18.7 193902 
2004/04/30 18.7 19 15.2 15.2 195331 
2004/05/07 15 15.7 14.4 15.4 209995 
2004/05/14 15.1 16.3 14.75 15.3 141045 
2004/05/21 14.8 16.3 14.25 16.3 149032 
2004/05/28 16.2 16.7 15.8 16.2 109096 
2004/06/04 16.3 16.3 14 14.5 67706 
2004/06/11 14.9 15.3 14.6 14.6 100503 
2004/06/18 14.6 14.7 13.2 13.5 76809 
2004/06/25 13.95 14.95 13.4 14.65 61738 
2004/07/02 14.65 14.9 13.9 14.4 58584 
2004/07/09 14.45 14.6 14.05 14.5 39466 
2004/07/16 14.65 15.3 14.05 14.3 84525 
2004/07/23 14.2 14.45 13.35 13.75 46840 
2004/07/30 13.6 14.1 13.4 14 36002 
2004/08/06 14 14.75 13.55 14.45 50497 
2004/08/13 14.2 14.8 14.15 14.35 43168 
2004/08/20 14.35 16.3 13.85 16 146805 
2004/08/27 16.3 17.4 16.2 16.9 218979 
2004/09/03 16.9 17.5 16.5 16.5 160460 
2004/09/10 16.6 17.5 16.6 17.3 132935 
2004/09/17 17.6 17.9 16.6 16.6 101264 
2004/09/24 16.8 17.5 16.6 17.2 75232 
2004/10/01 17.2 17.4 16.6 17.3 77129 
2004/10/08 17.5 18.5 17.4 18.3 206785 
2004/10/15 18.4 18.9 16.2 16.4 145346 
2004/10/22 16.6 17 16.2 16.5 42925 
2004/10/29 16.3 17.5 16.1 17.2 77313 
2004/11/05 17.3 18.1 17.1 17.7 80819 
2004/11/12 17.8 17.9 17.2 17.4 46435 
2004/11/19 17.6 17.9 17.3 17.6 65293 
2004/11/26 17.6 17.6 16.7 16.7 49394 
2004/12/03 16.9 17 16.4 16.5 38042 
2004/12/10 16.5 17 16.4 16.5 60678 
2004/12/17 16.6 17.2 16.5 16.8 69588 
2004/12/24 16.5 17.1 16.5 16.9 36994 
2004/12/31 17 17.4 16.7 17.3 47858 
2005/01/07 17.4 17.7 16.4 16.4 60056 
2005/01/14 16.5 16.6 15.8 16.1 48900 
2005/01/21 16.3 16.4 14 14.5 112769 
2005/01/28 14.6 15.1 14.4 15 53333 
2005/02/04 15 15.3 15 15 22940 
2005/02/18 15.2 15.5 15 15.1 27988 
2005/02/25 15.1 15.4 14.85 15.2 30427 
2005/03/04 15.4 15.9 15.2 15.35 33620 
2005/03/11 15.4 15.5 14.7 15 57733 
2005/03/18 14.9 15.5 14.8 15.05 70690 
2005/03/25 15.1 15.35 14.85 14.95 70126 
2005/04/01 14.95 15 14.3 14.6 41329 
2005/04/08 14.6 14.9 14.3 14.35 24565 
2005/04/15 14.35 14.35 13.4 13.6 33256 
2005/04/22 13.3 13.4 12.25 12.95 62349 
2005/04/29 12.95 13.15 12.55 12.85 35139 
2005/05/06 12.8 13.35 12.7 13.3 36789 
2005/05/13 13.25 13.4 12.9 13.1 37827 
2005/05/20 13.1 13.2 12.75 13 30245 
2005/05/27 13.1 13.2 12.9 12.9 16582 
2005/06/03 12.95 13.65 12.85 13.55 48699 
2005/06/10 13.55 14.05 13.45 13.7 51087 
2005/06/17 13.9 14.5 13.75 14.3 50532 
2005/06/24 14.35 14.6 14 14.35 36374 
2005/07/01 14.15 14.45 13.95 14.3 33352 
2005/07/08 14.3 14.3 13.55 13.6 31435 
2005/07/15 13.75 14.25 11.35 11.4 114989 
2005/07/22 11.55 11.9 11.3 11.8 31044 
2005/07/29 11.95 11.95 11 11 25826 
2005/08/05 11 11.5 10.7 11.25 20222 
2005/08/12 11.1 11.35 10.95 11.25 18801 
2005/08/19 11.25 11.3 10.5 10.5 20823 
2005/08/26 10.5 10.65 10.2 10.35 16135 
2005/09/02 10.35 10.35 9.61 9.81 24798 
2005/09/09 9.86 10.4 9.86 10.1 20003 
2005/09/16 10.1 10.2 9.78 9.83 25181 
2005/09/23 9.83 10.1 9.7 9.7 16375 
2005/09/30 9.71 9.85 9.02 9.85 24234 
2005/10/07 9.85 10.6 9.79 10.3 54763 
2005/10/14 10.3 10.4 9.85 9.9 12828 
2005/10/21 9.92 9.94 8.73 9.04 20710 
2005/10/28 9.05 9.94 9.03 9.61 24204 
2005/11/04 9.85 10.45 9.75 10.45 34003 
2005/11/11 10.4 10.85 10.2 10.65 33510 
2005/11/18 10.5 10.8 10.2 10.3 25590 
2005/11/25 10.25 10.4 10.15 10.2 13396 
2005/12/02 10.2 10.65 10.15 10.5 23501 
2005/12/09 10.6 10.7 10.3 10.5 16590 
2005/12/16 10.5 10.7 10.3 10.7 22982 
2005/12/23 10.75 11.4 10.7 10.95 45662 
2005/12/30 11 11.2 10.95 11 44955 
2006/01/06 10.7 11.4 10.65 11.2 58404 
2006/01/13 11.25 11.85 11 11.4 53036 
2006/01/20 11.35 11.35 10.6 10.75 36086 
2006/01/27 10.6 10.75 10.4 10.75 15274 
2006/02/03 10.75 11.05 10.55 11.05 8667 
2006/02/10 10.9 11.15 10.7 10.95 46313 
2006/02/17 10.85 11.2 10.85 10.9 23092 
2006/02/24 10.8 10.95 10.65 10.75 17988 
2006/03/03 10.65 11.4 10.5 11.05 31543 
2006/03/10 11.1 11.6 11.1 11.2 43058 
2006/03/17 11.2 11.25 10.2 10.4 23050 
2006/03/24 10.45 10.95 10 10.85 38731 
2006/03/31 11 12.25 11 11.85 87407 
2006/04/07 11.85 12.7 11.55 12.6 50432 
2006/04/14 12.45 13.4 12.45 13.1 88469 
2006/04/21 13.2 14.35 12.9 12.9 114037 
2006/04/28 12.9 13.65 12.75 13.1 77793 
2006/05/05 13.1 15.35 12.9 14.8 151133 
2006/05/12 15.45 16.5 14.6 15.05 176949 
2006/05/19 14.8 15.3 13.8 14.15 98175 
2006/05/26 14.3 14.35 12.3 13.7 142804 
2006/06/02 14 14.2 13.55 13.85 66854 
2006/06/09 13.95 14 11.75 12.2 71437 
2006/06/16 12.2 12.75 11.8 12.65 53298 
2006/06/23 12.8 13.5 12.35 12.95 51540 
2006/06/30 13.1 14.2 13 13.9 59759 
2006/07/07 13.85 14.1 12.65 12.95 51554 
2006/07/14 12.95 13.3 12.4 12.4 28207 
2006/07/21 12.3 12.45 11.75 12.1 37033 
2006/07/28 12 13.2 11.85 13.05 31597 
2006/08/04 13.1 13.3 12.45 12.5 27108 
2006/08/11 12.5 13.2 12.3 13 25885 
2006/08/18 13 13.9 12.9 13.5 49061 
2006/08/25 13.8 14.35 13.55 13.7 94760 
2006/09/01 13.7 13.75 13.4 13.55 63040 
2006/09/08 13.7 14.2 13.6 13.75 46642 
2006/09/15 13.8 14.2 13.2 13.65 36286 
2006/09/22 13.95 15.2 13.85 15 113768 
2006/09/29 15.05 15.2 14.65 14.85 53651 
2006/10/06 14.85 15.4 14.85 15.2 87846 
2006/10/13 15.6 18.1 15.4 17.95 228957 
2006/10/20 18.3 18.6 16.8 17 222037 
2006/10/27 17.1 17.55 16 16.35 204071 
2006/11/03 16.3 17.25 16 17 140358 
2006/11/10 16.5 17.4 16.1 16.3 155436 
2006/11/17 16.3 16.75 15.9 16.4 123822 
2006/11/24 16.5 16.95 16.3 16.75 103448 
2006/12/01 16.9 17.45 16.75 17.1 132378 
2006/12/08 17.25 18.1 17.05 17.3 148183 
2006/12/15 17.3 17.45 16.5 17 94026 
2006/12/22 17.1 17.6 17.05 17.2 78009 
2006/12/29 17.45 17.9 17.25 17.4 139103 
2007/01/05 17.7 18.4 17.05 17.2 129281 
2007/01/12 17.1 17.35 16.05 16.55 87534 
2007/01/19 16.7 16.95 16.5 16.8 38828 
2007/01/26 16.8 16.95 16.5 16.55 38368 
2007/02/02 16.55 16.75 16.2 16.7 36092 
2007/02/09 16.7 16.85 16.35 16.35 31845 
2007/02/16 16.4 16.7 16.2 16.7 25291 
2007/03/02 16.9 17.3 16.3 16.35 78305 
2007/03/09 16.2 16.2 15.15 15.7 72720 
2007/03/16 15.8 16.4 15.75 16.35 61027 
2007/03/23 16.45 17 16.4 16.9 63785 
2007/03/30 17 17.05 16.55 16.95 43632 
2007/04/06 16.95 17.75 16.8 17.6 69648 
2007/04/13 17.6 18.75 17.45 18.4 209394 
2007/04/20 18.7 19.2 18.05 18.5 133035 
2007/04/27 18.7 18.8 17.9 17.95 62544 
2007/05/04 17.6 17.6 16.5 17.15 78488 
2007/05/11 17.3 17.6 17.05 17.15 49204 
2007/05/18 17.2 17.25 17 17.1 32204 
2007/05/25 17.1 17.95 17 17.4 60868 
2007/06/01 17.4 17.7 17.1 17.6 39297 
2007/06/08 17.8 18.5 17.7 18.4 95508 
2007/06/15 18.5 18.8 18.2 18.75 86668 
2007/06/22 19.15 19.5 19 19.15 128467 
2007/06/29 19.25 19.8 19.2 19.4 126702 
2007/07/06 18 19.35 17.95 18.85 151832 
2007/07/13 19 19.35 18.6 18.9 107935 
2007/07/20 18.75 19.2 18.1 19.1 154162 
2007/07/27 19.2 19.35 17.8 17.85 96239 
2007/08/03 17.6 18 16.6 17.15 73594 
2007/08/10 16.8 17.8 16.65 16.9 75782 
2007/08/17 17.1 17.15 14 14.45 75163 
2007/08/24 15.3 16.65 15.1 16.1 41601 
2007/08/31 16.2 16.2 15.1 16.2 44793 
2007/09/07 16.2 16.35 15.4 15.6 32998 
2007/09/14 15.5 15.7 15.1 15.5 31805 
2007/09/21 15.5 16.25 15.35 16.2 50204 
2007/09/28 16.2 16.6 15.9 16.4 60555 
2007/10/05 16.6 18 16.55 16.85 122348 
2007/10/12 17 17.05 16.35 16.45 75728 
2007/10/19 16.5 17.3 16.45 16.6 86611 
2007/10/26 16.1 19.45 15.95 18.85 209737 
2007/11/02 19.1 19.35 15.15 15.15 190981 
2007/11/09 15 15.2 13.3 13.4 124610 
2007/11/16 13 13.85 12.8 13.15 69370 
2007/11/23 13.2 13.95 12.9 13.2 109436 
2007/11/30 13.4 14.15 13.2 14 55617 
2007/12/07 14 14.25 13.6 13.7 50718 
2007/12/14 13.7 13.95 12.5 13.1 37257 
2007/12/21 12.8 13 11.6 12.1 54964 
2007/12/28 12.4 13.25 12.15 13 31543 
2008/01/04 13.4 13.65 12.5 13.2 37977 
2008/01/11 12.7 13.35 12.65 12.9 33939 
2008/01/18 13.35 14.35 13.1 14 56015 
2008/01/25 13.9 14 12.5 13.25 36643 
2008/02/01 12.9 14.3 12.7 13.95 106406 
2008/02/15 13.8 14.15 13.45 13.65 42440 
2008/02/22 13.8 14.6 13.65 14.1 68642 
2008/02/29 14.3 15.4 14.15 15.2 94137 
2008/03/07 14.9 16.05 14.85 15.3 104781 
2008/03/14 15.3 15.35 13.7 13.85 59177 
2008/03/21 13.8 15.15 13.35 15 58025 
2008/03/28 16.05 16.15 14.4 14.95 116991 
2008/04/04 15.05 15.2 14.6 14.95 52601 
2008/04/11 15.15 16.05 14.9 15.9 60187 
2008/04/18 16.4 17 16.2 16.3 123408 
2008/04/25 16.6 16.65 15.65 15.65 49818 
2008/05/02 15.7 15.95 15.15 15.4 25512 
2008/05/09 15.55 15.55 14.65 14.7 39572 
2008/05/16 14.8 15.8 14.55 15.45 80522 
2008/05/23 15.55 15.95 15 15 55358 
2008/05/30 14.85 15 13.7 13.7 46950 
2008/06/06 13.8 14.2 13.65 14 30830 
2008/06/13 13.6 13.7 12 12.2 66061 
2008/06/20 12.35 12.55 11.7 11.7 66461 
2008/06/27 11.5 11.9 10.85 11.3 69515 
2008/07/04 11.3 11.55 10.8 11.15 45609 
2008/07/11 11.15 11.55 11 11.4 57620 
2008/07/18 11.3 11.4 9.72 9.72 52535 
2008/07/25 9.85 11.05 9.85 10.85 43483 
2008/08/01 10.65 10.8 10.35 10.5 20519 
2008/08/08 10.45 10.7 10.25 10.65 30703 
2008/08/15 10.75 10.85 10.4 10.55 40837 
2008/08/22 10.55 10.6 10.3 10.5 31060 
2008/08/29 10.65 11 10.5 11 24131 
2008/09/05 10.9 10.9 9.43 9.5 39249 
2008/09/12 9.8 10.15 9.51 9.72 26149 
2008/09/19 9.61 9.61 7.44 7.99 65279 
2008/09/26 8.49 9.23 8.39 8.57 40242 
2008/10/03 7.98 9.06 7.98 8.9 31696 
2008/10/10 8.66 8.95 8 8.92 40665 
2008/10/17 8.8 9.99 8.66 9.12 56801 
2008/10/24 8.86 9.65 8.25 8.25 33456 
2008/10/31 7.68 7.9 7.2 7.64 52349 
2008/11/07 7.64 8.19 6.81 7.11 77719 
2008/11/14 7.12 7.63 6.76 6.8 46442 
2008/11/21 6.6 6.9 5.11 5.32 45319 
2008/11/28 5.45 6.38 5.32 6.38 30593 
2008/12/05 6.49 6.82 5.61 5.7 37939 
2008/12/12 5.81 6.8 5.81 6.25 49009 
2008/12/19 6.35 6.78 6.35 6.63 29423 
2008/12/26 6.7 6.79 5.8 6.05 16884 
2009/01/02 6.12 6.57 6.01 6.36 10415 
2009/01/09 6.54 6.96 6.22 6.27 36652 
2009/01/16 6.23 6.33 5.8 5.9 23853 
2009/01/23 5.9 5.93 5.41 5.72 13042 
2009/02/06 5.75 5.75 5.36 5.6 32725 
2009/02/13 5.7 5.83 5.44 5.58 39087 
2009/02/20 5.6 5.61 5.36 5.36 30019 
2009/02/27 5.33 5.52 5.3 5.45 27593 
2009/03/06 5.45 5.51 5 5.46 37628 
2009/03/13 5.46 6.07 5.3 6.07 102770 
2009/03/20 6.28 6.68 6.13 6.62 144339 
2009/03/27 6.7 8.05 6.49 7.85 159855 
2009/04/03 7.65 7.78 6.8 7.62 163876 
2009/04/10 7.8 8.37 7.4 8.37 144340 
2009/04/17 8.4 10.1 8.36 8.87 219178 
2009/04/24 8.75 9.15 8.26 8.77 104221 
2009/05/01 8.85 8.97 7.64 8.52 73107 
2009/05/08 9.03 10.4 8.91 9.96 201911 
2009/05/15 9.96 10.3 9.2 9.56 110924 
2009/05/22 9.41 10.35 9.41 10.15 139500 
2009/05/29 10.25 11 10.25 10.75 141254 
2009/06/05 10.95 12.05 10.85 11.25 160564 
2009/06/12 11.3 11.35 9.91 10.35 100608 
2009/06/19 10.25 10.3 9.25 9.43 55980 
2009/06/26 9.48 10.45 9.25 10.3 82335 
2009/07/03 10.5 11.25 10.2 11 176609 
2009/07/10 11 11.05 10.5 10.7 80567 
2009/07/17 10.75 10.8 10 10.4 65686 
2009/07/24 10.4 11.05 10.4 10.8 118068 
2009/07/31 10.8 11.45 10.7 10.85 189595 
2009/08/07 10.85 11.6 10.75 10.95 149875 
2009/08/14 11.1 12 10.75 12 185804 
2009/08/21 12.15 12.2 10.7 10.75 175875 
2009/08/28 11.1 11.65 10.75 11 107715 
2009/09/04 11.15 11.5 10.85 11.35 110848 
2009/09/11 11.45 11.65 11.15 11.5 88894 
2009/09/18 11.6 11.9 11.35 11.65 87715 
2009/09/25 11.7 11.8 10.85 10.95 78463 
2009/10/02 10.9 11.2 10.8 10.95 38364 
2009/10/09 10.9 11.6 10.85 11.35 56788 
2009/10/16 11.45 11.65 11.1 11.35 53868 
2009/10/23 11.45 11.8 11.2 11.35 54425 
2009/10/30 11.45 11.7 10.55 10.8 61639 
2009/11/06 10.6 11.25 10.55 10.95 38004 
2009/11/13 11.1 11.4 11.05 11.15 53043 
2009/11/20 11.15 11.85 11.1 11.25 90943 
2009/11/27 11.3 11.6 10.95 11 69454 
2009/12/04 11.1 11.7 10.95 11.25 68470 
2009/12/11 11.4 11.55 11 11.25 70985 
2009/12/18 11.25 11.5 11 11.15 58412 
2009/12/25 11.15 12.1 11.15 11.75 137414 
2010/01/01 11.9 12.2 11.7 11.95 106509 
2010/01/08 12 13.15 12 12.85 200282 
2010/01/15 13 13.25 12.25 12.5 115427 
2010/01/22 12.35 12.65 11.65 11.65 77271 
2010/01/29 11.45 11.8 10.8 10.95 65013 
2010/02/05 10.95 11.15 9.51 9.95 78800 
2010/02/12 9.9 10.65 9.86 10.6 25098 
2010/02/26 10.9 10.9 10.4 10.5 35060 
2010/03/05 10.65 11.5 10.65 11.25 70933 
2010/03/12 11.35 11.65 11.2 11.65 42259 
2010/03/19 11.85 12.25 11.55 11.95 80536 
2010/03/26 11.9 12.5 11.75 12.1 78200 
2010/04/02 12.2 13.1 12.1 12.9 115350 
2010/04/09 13 13.15 12.7 12.9 90205 
2010/04/16 13 13.9 12.95 13.8 103781 
2010/04/23 13.65 13.75 12.85 13.5 103724 
2010/04/30 13.7 14.2 13.15 13.8 83698 
2010/05/07 13.95 14.1 11.9 12.4 101262 
2010/05/14 12.45 13 12.35 12.8 52890 
2010/05/21 12.6 12.65 10.95 10.95 65593 
2010/05/28 11.15 11.75 10.55 11.5 58820 
2010/06/04 11.45 11.65 11.05 11.35 40432 
2010/06/11 11 11.45 10.7 11.4 44126 
2010/06/18 11.5 11.85 11.35 11.65 27642 
2010/06/25 11.85 12.45 11.85 11.9 40567 
2010/07/02 12 12.35 11.5 11.85 43594 
2010/07/09 11.9 13.7 11.85 13.4 117153 
2010/07/16 13.45 13.8 13.25 13.5 72089 
2010/07/23 13.35 13.65 13.3 13.4 65574 
2010/07/30 13.5 14.4 13.1 14.05 124268 
2010/08/06 14.2 15.25 14.2 15.1 132348 
2010/08/13 15.1 15.8 14.7 15.8 131945 
2010/08/20 15.6 16.15 15.25 15.5 167091 
2010/08/27 15.8 16.55 15.5 15.75 170392 
2010/09/03 16.05 16.05 15.1 15.45 73034 
2010/09/10 15.5 16.35 15.5 15.95 94667 
2010/09/17 16.05 16.55 16.05 16.3 76641 
2010/09/24 16.3 17.35 16 17.2 92756 
2010/10/01 17.8 19.2 17.55 18.65 203540 
2010/10/08 18.8 19.6 18.7 19.5 208178 
2010/10/15 19.65 19.9 18.65 19.1 149793 
2010/10/22 19.1 19.1 18.15 18.45 128043 
2010/10/29 18.65 19.3 18.25 18.35 155328 
2010/11/05 18.6 18.65 16.9 17.8 460847 
2010/11/12 17.8 18.55 17.4 17.9 390942 
2010/11/19 17.9 18.1 17.1 17.1 348548 
2010/11/26 17.2 17.35 17 17.2 108966 
2010/12/03 17.4 18.45 17.1 17.85 216522 
2010/12/10 17.9 19.4 17.9 19 308455 
2010/12/17 19.05 19.7 18.75 18.8 191429 
2010/12/24 18.8 19.35 18.75 18.8 102066 
2010/12/31 19 19.15 17.9 18.5 166648 
2011/01/07 18.65 18.85 17.7 17.7 119382 
2011/01/14 17.55 18.9 17.55 18.2 96920 
2011/01/21 18.3 18.3 17.65 17.7 60219 
2011/01/28 17.8 18 17.55 17.6 52283 
2011/02/11 17.85 18.35 15.95 16 133853 
2011/02/18 16 16.25 15.4 16.15 135686 
2011/02/25 16.15 16.15 15 15.75 103190 
2011/03/04 15.8 16 15.5 15.65 55503 
2011/03/11 15.5 16.15 15.3 15.3 84175 
2011/03/18 15.1 15.5 13.8 14.7 120491 
2011/03/25 14.7 15.4 14.65 15.1 70102 
2011/04/01 15.2 15.6 15.1 15.4 76447 
2011/04/08 15.65 16.8 15.55 16.7 69848 
2011/04/15 16.8 16.8 15.85 15.85 51694 
2011/04/22 15.9 16.75 15.6 16.3 75597 
2011/04/29 16.35 17.05 15.55 16.6 154193 
2011/05/06 16.4 16.55 15.85 15.95 60018 
2011/05/13 15.9 16.15 15.7 16 50258 
2011/05/20 16 16.25 15.3 15.35 63416 
2011/05/27 15.15 15.3 14.35 14.35 56734 
2011/06/03 14.3 15.25 14.2 15.2 67369 
2011/06/10 15.15 15.15 14.7 14.85 30600 
2011/06/17 14.85 14.85 14 14 41264 
2011/06/24 14.1 14.6 13.4 13.5 56062 
2011/07/01 13.3 14.5 13.3 14.35 51620 
2011/07/08 14.35 14.7 13.9 14.2 54871 
2011/07/15 14.3 14.45 13 13.95 62815 
2011/07/22 13.95 14.45 13.7 14.25 52946 
2011/07/29 14.1 14.2 13.55 13.7 44511 
2011/08/05 13.8 14.6 12.95 12.95 80400 
2011/08/12 12.05 12.2 10.6 11.65 158948 
2011/08/19 11.7 11.9 10.45 10.45 71224 
2011/08/26 10.05 11.2 10 10.85 80927 
2011/09/02 10.9 11.55 10.85 11.1 65803 
2011/09/09 10.8 10.85 10.15 10.55 44466 
2011/09/16 10.4 10.85 10 10.8 44581 
2011/09/23 10.8 10.8 9.7 9.8 50361 
2011/09/30 9.8 9.9 9.1 9.4 78498 
2011/10/07 9.21 9.32 8.63 9.28 51264 
2011/10/14 9.42 9.6 9.33 9.35 25772 
2011/10/21 9.5 9.51 9.08 9.1 27615 
2011/10/28 9.27 10.5 9.27 10.25 62196 
2011/11/04 10.3 10.6 9.94 10.55 48903 
2011/11/11 10.55 11.3 10.2 10.4 67044 
2011/11/18 10.7 10.95 10 10 36440 
2011/11/25 10 10.05 8.5 8.97 61047 
2011/12/02 9.15 9.56 8.66 9.34 68192 
2011/12/09 9.34 9.34 8.91 9.07 33565 
2011/12/16 9.28 9.29 8.7 8.7 27620 
2011/12/23 8.7 8.84 7.8 8.8 68486 
2011/12/30 8.88 8.9 8.55 8.72 43645 
2012/01/06 8.71 8.99 8.53 8.84 45617 
2012/01/13 8.85 9.08 8.71 8.75 51521 
2012/01/20 8.95 9.36 8.75 9.3 37545 
2012/02/03 9.7 11.05 9.7 11 109244 
2012/02/10 11 11 10.35 10.65 61986 
2012/02/17 10.65 11.6 10.6 10.75 100192 
2012/02/24 10.9 11.4 10.75 10.95 60983 
2012/03/02 11.1 11.6 11 11.3 50286 
2012/03/09 11.3 11.35 10.45 10.6 56595 
2012/03/16 10.6 10.9 10.45 10.65 39070 
2012/03/23 10.7 10.75 10.35 10.6 24183 
2012/03/30 10.3 10.3 9.05 9.36 75119 
2012/04/06 9.3 9.35 8.66 9.1 26768 
2012/04/13 8.88 9.15 8.8 9.14 27073 
2012/04/20 9.05 9.16 8.6 8.6 31642 
2012/04/27 8.6 8.73 8.39 8.41 24282 
2012/05/04 8.41 8.95 8.41 8.75 24448 
2012/05/11 8.51 8.51 8.03 8.05 44776 
2012/05/18 8.05 8.11 7.4 7.4 35189 
2012/05/25 7.33 7.55 7.3 7.48 27848 
2012/06/01 7.48 8.08 7.42 7.72 36663 
2012/06/08 7.31 7.84 7.18 7.66 34557 
2012/06/15 7.84 8.14 7.79 8.04 33658 
2012/06/22 8.25 8.6 8.05 8.31 37598 
2012/06/29 8.24 8.3 8.02 8.25 29054 
2012/07/06 8.29 8.96 8.26 8.81 38530 
2012/07/13 8.77 9.07 8.58 8.61 26754 
2012/07/20 8.65 8.68 8.35 8.45 26422 
2012/07/27 8.37 8.51 8.2 8.44 31391 
2012/08/03 8.49 9.3 8.44 9.01 69198 
2012/08/10 9.19 9.59 9.02 9.51 57835 
2012/08/17 9.6 10.2 9.43 9.95 63117 
2012/08/24 9.95 9.95 9.56 9.74 35602 
2012/08/31 9.79 9.83 9.39 9.42 36112 
2012/09/07 9.45 9.54 9.01 9.13 30584 
2012/09/14 9.16 10.65 9.15 10.4 89715 
2012/09/21 10.5 10.95 10.35 10.75 64585 
2012/09/28 10.75 10.75 10.15 10.25 51973 
2012/10/05 10.2 10.4 10 10 33467 
2012/10/12 10.05 10.25 9.24 9.41 38351 
2012/10/19 9.41 9.74 9.41 9.47 25156 
2012/10/26 9.25 9.29 8.08 8.15 50420 
2012/11/02 8.15 8.22 7.68 7.93 48738 
2012/11/09 7.93 8.33 7.77 8.3 31427 
2012/11/16 8.3 8.3 7.9 8 25387 
2012/11/23 8.02 8.2 7.77 8.18 24581 
2012/11/30 8.3 9.12 8.28 9.12 47074 
2012/12/07 9.16 9.61 8.88 9.36 57543 
2012/12/14 9.46 10 9.35 9.7 49809 
2012/12/21 9.7 9.95 9.35 9.42 40359 
2012/12/28 9.43 10.3 9.43 9.92 60282 
2013/01/04 10.1 10.5 9.98 10.05 46605 
2013/01/11 10 10.25 9.92 10.1 32716 
2013/01/18 10.1 10.4 9.55 9.87 34592 
2013/01/25 9.85 10.15 9.65 9.76 25333 
2013/02/01 9.76 10.1 9.76 9.98 24094 
2013/02/08 10.05 10.1 9.82 9.82 14307 
2013/02/22 10 10.2 9.9 10.05 34827 
2013/03/01 10.05 10.5 10.05 10.35 64064 
2013/03/08 10.4 10.4 9.91 10.1 40662 
2013/03/15 10.1 10.1 9.12 9.12 51971 
2013/03/22 9.1 9.1 8.65 8.65 51228 
2013/03/29 8.7 8.78 8.49 8.63 43034 
2013/04/05 8.7 8.75 8.63 8.71 14607 
2013/04/12 8.48 8.69 8.24 8.54 42155 
2013/04/19 8.59 8.82 8.33 8.68 85403 
2013/04/26 8.82 9.28 8.82 9.09 122502 
2013/05/03 9.19 9.2 8.94 8.96 24321 
2013/05/10 8.94 9.25 8.94 9.09 29655 
2013/05/17 9.09 9.68 9.07 9.43 51314 
2013/05/24 9.43 10.55 9.41 9.45 222015 
2013/05/31 9.42 9.96 9.38 9.38 124251 
2013/06/07 9.21 9.58 8.87 8.88 84958 
2013/06/14 9.01 9.04 8.45 8.5 53980 
2013/06/21 8.5 8.87 8.33 8.45 69398 
2013/06/28 8.45 8.61 8.16 8.51 63698 
2013/07/05 8.51 8.85 8.46 8.57 60529 
2013/07/12 8.6 8.9 8.46 8.81 53419 
2013/07/19 8.84 9.19 8.81 8.85 58405 
2013/07/26 8.91 9.11 8.87 8.9 29383 
2013/08/02 8.92 8.95 8.68 8.73 32493 
2013/08/09 8.7 8.78 8.38 8.38 35831 
2013/08/16 8.39 8.58 8.38 8.46 27806 
2013/08/23 8.48 8.57 8.22 8.4 30994 
2013/08/30 8.4 8.85 8.21 8.85 45746 
2013/09/06 8.85 9.16 8.68 9.05 60981 
2013/09/13 9.03 9.08 8.82 8.88 48038 
2013/09/20 8.9 9.06 8.89 9.02 20270 
2013/09/27 9.02 9.3 9.02 9.08 52413 
2013/10/04 9.05 9.27 8.94 9.17 51664 
2013/10/11 9.17 9.37 9.05 9.05 40143 
2013/10/18 9.06 9.18 8.94 9.13 30159 
2013/10/25 9.13 9.15 8.96 8.96 27978 
2013/11/01 8.96 9.15 8.96 8.99 25336 
2013/11/08 8.97 9 8.62 8.68 28445 
2013/11/15 8.63 8.7 8.48 8.7 29734 
2013/11/22 8.73 8.76 8.51 8.54 24981 
2013/11/29 8.62 9.13 8.6 9.04 45491 
2013/12/06 9.08 9.18 9 9 41092 
2013/12/13 9.05 9.78 9.05 9.54 124874 
2013/12/20 9.55 9.7 9.39 9.46 57121 
2013/12/27 9.5 9.69 9.39 9.54 43219 
2014/01/03 9.6 9.78 9.54 9.65 51112 
2014/01/10 9.68 9.72 9.48 9.63 65439 
2014/01/17 9.69 10 9.55 9.87 91112 
2014/01/24 9.87 9.93 9.68 9.76 37735 
2014/01/31 9.68 9.68 9.4 9.42 19056 
2014/02/07 9.25 9.33 9.11 9.31 36289 
2014/02/14 9.35 9.63 9.32 9.52 54221 
2014/02/21 9.56 9.59 9.4 9.54 31064 
2014/02/28 9.54 9.55 9.37 9.43 25802 
2014/03/07 9.4 9.74 9.32 9.47 119503 
2014/03/14 9.47 9.52 9.24 9.38 70630 
2014/03/21 9.38 9.5 9.32 9.44 42701 
2014/03/28 9.37 9.95 9.33 9.63 70860 
2014/04/04 9.67 9.93 9.55 9.8 66961 
2014/04/11 9.74 10.1 9.7 9.89 81259 
2014/04/18 9.85 10.1 9.79 9.94 45461 
2014/04/25 9.98 10.35 9.7 9.82 111002 
2014/05/02 9.65 10.2 9.65 10 58909 
2014/05/09 10.05 10.3 9.92 10.05 55648 
2014/05/16 10.1 10.3 9.98 10.15 43781 
2014/05/23 10.15 10.3 9.94 9.99 37006 
2014/05/30 10 10.2 9.95 10.05 31427 
2014/06/06 10 10.2 9.92 10 35395 
2014/06/13 10.05 10.9 9.98 10.6 119417 
2014/06/20 10.7 11.05 10.6 10.85 106217 
2014/06/27 10.9 10.9 10.35 10.55 49851 
2014/07/04 10.6 11.45 10.55 11.1 126956 
2014/07/11 11.1 11.8 10.85 10.95 146729 
2014/07/18 11.05 11.5 11 11.1 55600 
2014/07/25 11.3 11.6 11.05 11.4 42714 
2014/08/01 11.3 11.75 10.9 10.95 60556 
2014/08/08 10.95 10.95 9.91 10.55 59816 
2014/08/15 10.55 10.85 10.4 10.55 31710 
2014/08/22 10.55 10.95 10.4 10.95 29266 
2014/08/29 11 11 10.7 10.7 27017 
2014/09/05 10.7 10.85 10.35 10.7 33957 
2014/09/12 10.8 10.8 10.1 10.1 28559 
2014/09/19 10.1 10.35 9.99 10.1 27460 
2014/09/26 10.1 10.1 9.9 9.95 33895 
2014/10/03 9.96 10 9.45 9.71 52230 
2014/10/10 9.72 9.72 9.34 9.6 35135 
2014/10/17 9.73 9.83 8.8 8.98 57004 
2014/10/24 9.1 9.44 9.03 9.19 30105 
2014/10/31 9.21 10.2 9.03 10.1 49772 
2014/11/07 10.15 10.45 9.98 10.25 39854 
2014/11/14 10.25 10.55 10.15 10.35 42592 
2014/11/21 10.4 10.4 9.88 9.99 51770 
2014/11/28 10 10.1 9.95 9.98 25109 
2014/12/05 9.8 10.05 9.49 9.93 47280 
2014/12/12 9.95 10 9.51 9.6 25327 
2014/12/19 9.51 9.63 9.31 9.32 33946 
2014/12/26 9.39 10.1 9.36 9.99 55168 
2015/01/02 9.99 10.3 9.92 9.96 25350 
2015/01/09 9.98 9.98 9.63 9.83 33828 
2015/01/16 9.8 9.86 9.48 9.48 34112 
2015/01/23 9.52 9.8 9.49 9.73 25893 
2015/01/30 9.73 9.84 9.56 9.75 33105 
2015/02/06 9.71 9.79 9.59 9.76 29452 
2015/02/13 9.77 10.05 9.63 9.66 36854 
2015/02/27 9.8 10.1 9.75 10.05 44131 
2015/03/06 10.05 10.2 9.88 9.96 38059 
2015/03/13 9.91 9.93 9.58 9.6 37662 
2015/03/20 9.6 9.72 9.56 9.63 31371 
2015/03/27 9.65 9.75 9.54 9.63 28592 
2015/04/03 9.63 9.65 9.51 9.56 21416 
2015/04/10 9.56 9.57 9.18 9.3 31527 
2015/04/17 9.32 9.38 9.15 9.23 37933 
2015/04/24 9.2 9.21 8.91 9.18 47546 
2015/05/01 9.2 9.24 9.04 9.05 32339 
2015/05/08 9.05 9.3 9.02 9.07 32057 
2015/05/15 9.11 9.13 8.29 8.36 107957 
2015/05/22 8.38 8.48 8.16 8.38 59740 
2015/05/29 8.28 8.45 7.93 7.94 323603 
2015/06/05 8.02 8.16 7.61 7.64 121885 
2015/06/12 7.64 7.65 6.84 7 109376 
2015/06/19 6.96 7.7 6.85 7.7 82677 
2015/06/26 7.8 8.11 7.7 8.01 108580 
2015/07/03 7.91 7.92 7.48 7.54 40472 
2015/07/10 7.45 7.57 6.95 7.01 39006 
2015/07/17 7.15 7.46 7.06 7.17 41999 
2015/07/24 7.15 7.17 6.96 6.97 27375 
2015/07/31 6.97 7.14 6.63 6.98 43447 
2015/08/07 6.97 7.18 6.83 7.16 26897 
2015/08/14 7.21 7.49 7.18 7.38 41414 
2015/08/21 7.4 7.44 6.81 6.82 30950 
2015/08/28 6.75 7 6.02 6.94 67170 
2015/09/04 6.94 7.75 6.91 7.41 50230 
2015/09/11 7.41 7.76 7.39 7.65 34696 
2015/09/18 7.66 7.75 7.41 7.67 21668 
2015/09/25 7.62 7.65 7.15 7.26 23380 
2015/10/02 7.2 7.44 7 7.39 25760 
2015/10/09 7.48 7.64 7.42 7.49 24069 
2015/10/16 7.53 7.68 7.5 7.63 33344 
2015/10/23 7.63 7.82 7.59 7.73 36480 
2015/10/30 7.8 8.15 7.72 7.85 49328 
2015/11/06 7.8 7.96 7.76 7.78 29474 
2015/11/13 7.75 7.79 7.17 7.17 27436 
2015/11/20 7.11 7.45 7.11 7.23 21507 
2015/11/27 7.26 7.27 7.06 7.17 20918 
2015/12/04 7.11 7.2 7.03 7.15 23654 
2015/12/11 7.18 7.21 6.86 7.03 31506 
2015/12/18 6.99 7.24 6.88 7.18 29876 
2015/12/25 7.11 7.53 7.1 7.5 33013 
2016/01/01 7.5 7.55 7.33 7.34 18809 
2016/01/08 7.34 7.41 6.86 7.04 26131 
2016/01/15 7.01 7.07 6.9 6.9 20584 
2016/01/22 6.86 7.04 6.83 6.95 21372 
2016/01/29 7 7.24 6.99 7.23 21984 
2016/02/05 7.25 7.28 7.17 7.24 11855 
2016/02/19 7.19 7.96 7.17 7.95 44724 
2016/02/26 7.95 8.28 7.93 8.23 56584 
2016/03/04 8.31 8.91 8.3 8.76 87820 
2016/03/11 8.82 9.09 8.69 8.95 73165 
2016/03/18 8.99 9.16 8.66 8.77 52867 
2016/03/25 8.79 9 8.6 8.63 31054 
2016/04/01 8.63 8.7 8.31 8.42 23019 
2016/04/08 8.39 8.6 8.26 8.4 13820 
2016/04/15 8.39 8.69 8.19 8.56 29242 
2016/04/22 8.53 8.99 8.39 8.85 31903 
2016/04/29 8.79 8.89 8.38 8.45 20753 
2016/05/06 8.65 9.11 8.65 9 68549 
2016/05/13 9.11 9.5 9.11 9.26 59313 
2016/05/20 9.12 9.72 9.12 9.42 58383 
2016/05/27 9.43 9.53 9.27 9.45 32115 
2016/06/03 9.32 9.46 8.99 9 25423 
2016/06/10 9 9.1 8.81 8.83 13249 
2016/06/17 8.8 8.99 8.44 8.99 22113 
2016/06/24 8.92 8.92 8.51 8.63 23613 
2016/07/01 8.55 8.84 8.55 8.73 12417 
2016/07/08 8.75 8.87 8.51 8.55 10186 
2016/07/15 8.6 9.23 8.58 9.09 32389 
2016/07/22 9.1 9.13 8.92 9.03 22171 
2016/07/29 9.03 9.37 8.96 9.2 32049 
2016/08/05 9.81 10.25 9.81 10.2 116789 
2016/08/12 10.3 10.4 10 10.1 42695 
2016/08/19 10.15 10.25 9.85 9.89 44724 
2016/08/26 9.92 10.2 9.92 10.1 27905 
2016/09/02 10.05 10.25 10.05 10.15 28783 
2016/09/09 10.2 11.3 10.15 10.65 73747 
2016/09/16 10.65 10.7 10.45 10.55 11299 
2016/09/23 10.6 11.15 10.55 10.9 31550 
2016/09/30 10.8 10.9 10.35 10.4 12076 
2016/10/07 10.45 10.5 10.2 10.35 20113 
2016/10/14 10.4 10.4 10.1 10.15 12894 
2016/10/21 10.2 10.45 9.96 10.4 35683 
2016/10/28 10.4 11.1 10.3 11 47976 
2016/11/04 11.2 11.3 10.5 10.8 42490 
2016/11/11 10.85 12.85 10.8 12.55 211909 
2016/11/18 12.45 13.25 12.25 12.7 133365 
2016/11/25 12.65 13.5 12.65 13.1 103677 
2016/12/02 13.15 13.65 12.85 13.25 109606 
2016/12/09 13.4 13.45 12.95 13.25 74479 
2016/12/16 13.3 13.3 12.6 12.7 71387 
2016/12/23 12.65 12.7 11.75 11.8 65661 
2016/12/30 11.8 12 11.4 11.85 35422 
2017/01/06 11.8 12.05 11.55 11.85 36155 
2017/01/13 12.05 12.3 11.8 11.95 38487 
2017/01/20 12 12.5 11.8 12.05 50267 
2017/01/27 12.05 12.3 11.95 12.15 13942 
2017/02/03 12.3 13.3 12.25 12.85 62432 
2017/02/10 13 13.5 12.9 12.95 80143 
2017/02/17 13.2 14.7 13.1 14.25 209039 
2017/02/24 14.4 14.7 13.95 14.2 84546 
2017/03/03 14.2 14.6 14 14.4 44603 
2017/03/10 14.55 15.15 13.75 14 91647 
2017/03/17 14 14.3 13.8 14.25 42686 
2017/03/24 14.25 14.6 14 14.35 42045 
2017/03/31 14.35 14.8 13.3 13.9 80798 
2017/04/07 13.9 14.15 13.8 13.8 9322 
2017/04/14 13.9 14 12.95 13 41609 
2017/04/21 13.05 13.4 13.05 13.15 6698 
2017/04/28 13.8 13.9 13.65 13.65 7092 
2017/05/05 13.6 14 13.55 13.6 6972 
2017/05/12 13.2 13.25 12.7 12.75 27652 
2017/05/19 12.8 12.9 12.1 12.2 33347 
2017/05/26 12.3 13 12.2 12.8 32332 
2017/06/02 12.7 12.9 12.45 12.9 21772 
2017/06/09 12.8 12.85 12.55 12.7 8805 
2017/06/16 12.5 12.8 12.45 12.6 18906 
2017/06/23 12.7 13.05 12.65 12.85 31046 
2017/06/30 12.95 13.55 12.85 13.4 32902 
2017/07/07 13.4 13.5 13.35 13.5 3388 
2017/07/14 13 13.15 12.45 12.55 37542 
2017/07/21 12.6 12.7 12.5 12.7 8243 
2017/07/28 12.5 12.6 12.45 12.6 3343 
2017/08/04 13.4 13.8 13.25 13.75 85901 
2017/08/11 13.35 13.55 13.15 13.4 29293 
2017/08/18 13.8 13.85 13.3 13.35 14212 
2017/08/25 13.8 13.9 13.65 13.7 8332 
2017/09/01 14.2 14.3 14 14.2 10337 
2017/09/08 14.85 15.6 14.7 15.5 40348 
2017/09/15 15.2 15.2 14.8 14.8 8357 
2017/09/22 14.95 15.2 14.8 15 10041 
2017/09/29 14.05 14.15 13.55 13.75 13264 
2017/10/06 13.9 13.9 13.8 13.85 3617 
2017/10/13 14.35 14.6 14.25 14.5 24401 
2017/10/20 15.3 15.4 15.05 15.3 19013 
2017/10/27 15.2 16 14.95 15.1 57959 
2017/11/03 15.25 16.5 15 16.25 111046 
2017/11/10 16.5 16.55 15.85 16.3 95585 
2017/11/17 16.25 16.25 15.85 15.9 13595 
2017/11/24 15.85 16 15.75 15.9 6499 
2017/12/01 16 16.15 15.8 16 25105 
2017/12/08 16.15 16.5 15.6 15.8 37175 
2017/12/15 16.25 17.6 16.15 17.3 115204 
2017/12/22 17.4 18.25 17.35 17.45 78555 
2017/12/29 17.5 18 17 17.6 62414 
2018/01/05 17.75 18.35 17.35 17.8 60459 
2018/01/12 17.85 18.4 17.5 17.75 68816 
2018/01/19 17.9 17.9 17 17.05 47597 
2018/01/26 17 17.45 16.65 16.75 46435 
2018/02/02 16.7 16.95 16.45 16.8 32609 
2018/02/09 16.45 16.45 14.65 15.4 52252 
2018/02/16 15.6 15.9 15.55 15.65 10324 
2018/02/23 16.15 16.95 15.95 16.9 38001 
2018/03/02 16.95 18.1 16.55 17.5 106817 
2018/03/09 17.5 17.75 17.2 17.45 43145 
2018/03/16 17.6 18 17.45 17.7 37828 
2018/03/23 17.75 18 17.05 17.3 39653 
2018/03/30 17.4 18 17.35 17.5 61535 
2018/04/06 17.55 17.9 17.4 17.8 14744 
2018/04/13 17.8 20.7 17.7 20.2 221930 
2018/04/20 20.2 20.9 19.75 20.2 139117 
2018/04/27 20.3 21.1 19.15 19.7 96732 
2018/05/04 19.9 20.5 19.45 20.45 69785 
2018/05/11 20.95 23.15 20.5 22.85 200838 
2018/05/18 23.25 25.1 23.15 24.35 200006 
2018/05/25 24.8 27.15 24.5 25.8 206889 
2018/06/01 25.85 26.85 24.65 24.65 153737 
2018/06/08 24.9 25.4 23.85 24.2 111767 
2018/06/15 24.4 24.5 22.65 22.75 82169 
2018/06/22 22.75 22.95 20.8 21 89825 
2018/06/29 21 21.1 19.6 20.7 92693 
2018/07/06 20.7 21.8 19.1 19.25 94678 
2018/07/13 19.4 21.8 19.4 21.6 93197 
2018/07/20 21.55 21.55 19.4 19.55 63671 
2018/07/27 19.6 22.6 19.2 22.2 137110 
2018/08/03 22.2 22.2 20.3 21.6 130506 
2018/08/10 21.8 22.55 21.2 21.85 123723 
2018/08/17 21.65 21.8 19.8 19.9 151574 
2018/08/24 19.9 20.7 19.7 20.45 65377 
2018/08/31 20.6 22.35 20.55 21.7 116788 
2018/09/07 21.95 22.15 19.85 19.9 81927 
2018/09/14 20.05 20.15 18.65 19.9 88256 
2018/09/21 19.7 20.55 19.3 20.45 52612 
2018/09/28 20.3 20.55 20.05 20.55 36123 
2018/10/05 20.8 20.95 19 19.2 69284 
2018/10/12 19.15 19.45 15.8 16.6 88636 
2018/10/19 16.6 16.8 15.4 16.05 85279 
2018/10/26 16.05 16.35 14.35 14.65 77022 
2018/11/02 15.1 16.6 14.45 16.25 81696 
2018/11/09 16.55 17.7 16.35 17 107605 
2018/11/16 17.2 17.45 16.35 17.3 46854 
2018/11/23 17.4 17.65 16.8 16.8 34915 
2018/11/30 16.9 18.85 16.7 18.45 111653 
2018/12/07 19.15 19.45 17.3 17.75 100542 
2018/12/14 17.3 17.7 16.9 17.1 60520 
2018/12/21 17.1 17.2 16.4 16.85 48960 
2018/12/28 16.85 17.15 16.6 16.75 31928 
2019/01/04 16.8 16.9 15.9 16.1 23376 
2019/01/11 16.45 17.4 16.45 17.15 53107 
2019/01/18 17.2 17.45 17 17.3 33659 
2019/01/25 17.5 17.5 17.1 17.5 30231 
2019/02/01 17.65 17.65 17.15 17.5 22654 
2019/02/15 17.6 18.3 17.35 17.45 85424 
2019/02/22 17.55 18.5 17.5 18.4 100418 
2019/03/01 18.1 18.6 17.95 18.15 136736 
2019/03/08 18.35 18.5 17.7 18.25 171526 
2019/03/15 18.2 18.45 17.9 18.3 140601 
2019/03/22 18.35 18.4 18.05 18.1 66259 
2019/03/29 18 18.05 17.55 17.65 72837 
2019/04/05 17.7 17.95 17.6 17.65 27047 
2019/04/12 17.7 18.1 17.6 17.95 72840 
2019/04/19 18.05 18.1 17.65 17.8 51750 
2019/04/26 17.9 18.2 17.6 17.65 50021 
2019/05/03 17.75 17.75 17.1 17.35 41924 
2019/05/10 17.15 17.2 15.5 15.6 81138 
2019/05/17 15.55 15.55 14.6 15.1 45900 
2019/05/24 15.3 15.85 15.3 15.6 42382 
2019/05/31 15.65 15.8 15.3 15.75 34893 
2019/06/07 15.7 16.5 15.7 16.15 54029 
2019/06/14 16.15 16.25 15.85 15.9 66252 
2019/06/21 15.9 16.1 14.8 14.8 119561 
2019/06/28 14.85 14.9 14.65 14.7 29763 
2019/07/05 14.9 14.95 14.75 14.85 23327 
2019/07/12 14.85 14.9 14.25 14.45 49985 
2019/07/19 14.45 14.55 14.25 14.3 31714 
2019/07/26 14.3 14.75 13.7 14.75 97874 
2019/08/02 14.65 15.45 14.35 14.45 134075 
2019/08/09 14.4 14.45 13.6 14 37126 
2019/08/16 13.95 14.05 13.15 13.45 42870 
2019/08/23 13.45 13.95 13.45 13.85 31855 
2019/08/30 13.7 13.85 13.45 13.8 31450 
2019/09/06 13.8 14.35 13.8 14.25 53822 
2019/09/13 14.3 15.1 14.2 15 71198 
2019/09/20 15 15.05 14.55 15 50216 
2019/09/27 15 15.1 14.45 14.5 39225 
2019/10/04 14.6 14.95 14.4 14.5 25037 
2019/10/11 14.45 14.6 14.3 14.3 14488 
2019/10/18 14.5 15.1 14.5 15 50496 
2019/10/25 15.05 15.4 14.95 15.05 39035 
2019/11/01 15.1 15.15 14.8 14.85 21596 
2019/11/08 14.55 14.65 14.2 14.25 46502 
2019/11/15 14.25 14.25 13.85 13.9 25079 
2019/11/22 14 14.2 13.9 14.15 17865 
2019/11/29 14.2 14.35 14 14.2 17400 
2019/12/06 14.2 14.65 13.9 14.65 32929 
2019/12/13 14.65 15.15 14.6 15.05 70029 
2019/12/20 15.1 15.95 15.05 15.95 100188 
2019/12/27 15.95 16.3 15.55 15.75 153763 
2020/01/03 15.8 15.85 15.2 15.3 36090 
2020/01/10 15.3 15.4 14.8 15 29256 
2020/01/17 15.05 15.15 15 15.1 18310 
2020/01/24 15.1 15.15 15.05 15.15 3047 
2020/01/31 14.4 14.9 14.15 14.8 27587 
2020/02/07 14.5 14.7 14.15 14.35 27200 
2020/02/14 14.25 14.4 14 14.2 25910 
2020/02/21 14.15 14.35 14 14.2 21034 
2020/02/28 14.1 14.3 13.85 13.95 25229 
2020/03/06 13.75 14.35 13.7 14.2 37784 
2020/03/13 14.05 14.1 10.9 11.2 111757 
2020/03/20 11.35 11.95 10.45 11.65 98286 
2020/03/27 11.45 11.85 11.1 11.35 41450 
2020/04/03 10.9 11.35 10.85 11.05 18515 
2020/04/10 11.15 12.3 10.7 12.15 49435 
2020/04/17 12.4 13.3 12.2 12.95 77077 
2020/04/24 12.95 13.1 12.5 12.75 39194 
2020/05/01 12.9 13.4 12.65 13.15 33478 
2020/05/08 13 13 12.65 12.65 32107 
2020/05/15 12.7 13.25 12.45 12.45 35994 
2020/05/22 12.45 12.8 12.45 12.5 28947 
2020/05/29 12.55 15.15 12.4 13.9 163796 
2020/06/05 14.05 14.45 13.7 14.25 69471 
2020/06/12 14.3 15.1 13.45 13.85 77420 
2020/06/19 13.85 15.25 13.8 14.9 95567 
2020/06/26 14.8 14.85 14.05 14.3 49874 
2020/07/03 14.15 14.6 14 14.3 34389 
2020/07/10 14.3 14.75 14.05 14.1 33231 
2020/07/17 14.2 14.65 14.2 14.2 34252 
2020/07/24 14.3 14.65 14.15 14.25 48794 
2020/07/31 14.25 14.4 13.85 14.3 39950 
2020/08/07 14.35 16.15 14.3 15.95 134935 
2020/08/14 16.05 16.1 15.55 15.95 53463 
2020/08/21 16 17.15 16 16.95 123840 
2020/08/28 16.95 17.15 16.35 16.6 73912 
2020/09/04 16.7 17.05 16.45 16.8 43619 
2020/09/11 16.75 18.3 16.55 16.55 140161 
2020/09/18 16.65 17.15 16.45 16.75 48322 
2020/09/25 16.75 17 15.45 15.65 41089 
2020/10/02 15.8 16.2 15.75 16.05 11422 
2020/10/09 15.95 17.4 15.95 17.2 44805 
2020/10/16 17.3 17.85 16.9 17.05 49139 
2020/10/23 17.05 17.6 16.5 17.45 59000 
2020/10/30 17.6 18 17.35 17.75 50046 
2020/11/06 17.8 18.25 17.7 17.9 37112 
2020/11/13 18.05 18.1 17.5 17.75 29554 
2020/11/20 17.8 18.1 17.7 18 31472 
2020/11/27 18.5 19.4 17.9 19.2 102606 
2020/12/04 19.35 21 18.9 20.8 128618 
2020/12/11 21.1 22.6 18.9 19.1 171045 
2020/12/18 19.1 19.25 18.15 18.35 113166 
2020/12/25 18.65 19.7 18.05 19.45 284293 
2021/01/01 19.65 20.55 19.2 19.3 210306 
2021/01/08 19.4 19.45 18.45 18.7 87973 
2021/01/15 18.7 18.9 17.35 17.55 72026 
2021/01/22 17.5 17.9 16.75 17.05 58869 
2021/01/29 17.05 17.7 16.4 16.45 44546 
2021/02/05 16.45 17.45 16.3 17.15 41605 
2021/02/19 17.45 18.3 17.15 18.2 45570 
2021/02/26 18.4 18.95 18.3 18.6 74448 
2021/03/05 18.8 18.8 18.35 18.4 14096 
