2000/03/24 25.6 31.2 25.6 31.2 4 
2000/03/31 33.3 46.4 33.3 46.4 2802 
2000/04/07 48 60 46.4 60 3655 
2000/04/14 64 77 61 61 6862 
2000/04/21 57 64.5 50.5 52.5 4463 
2000/04/28 51.5 53 46.5 49.3 3338 
2000/05/05 48.9 48.9 40.1 46 2017 
2000/05/12 45.6 53 44.5 51.5 1997 
2000/05/19 54.5 57.5 49.5 49.5 2765 
2000/05/26 52 52 46 47.6 504 
2000/06/02 47 51 47 50 732 
2000/06/09 52 52 48.5 48.5 711 
2000/06/16 48.3 54.5 47 54.5 3217 
2000/06/23 54.5 56 48.5 48.7 2287 
2000/06/30 48.5 49.5 45 48 906 
2000/07/07 47.2 47.5 41.1 43.8 591 
2000/07/14 43.2 47 42.5 46.1 546 
2000/07/21 45.5 46 42.5 42.9 256 
2000/07/28 42 44 38.6 41 325 
2000/08/04 39 41.9 39 39.7 260 
2000/08/11 37.7 42 37.1 40.8 375 
2000/08/18 43.1 45.3 40.8 45.3 853 
2000/08/25 48.4 50.5 43.3 45 2482 
2000/09/01 43.5 44.9 39.2 42.7 949 
2000/09/08 42 47.3 41 46 4645 
2000/09/15 44.3 48 43.1 46.7 1946 
2000/09/22 46.7 49.9 45.3 45.6 2074 
2000/09/29 44.5 49.2 44.2 49.2 1315 
2000/10/06 48 48.5 42.8 44 1853 
2000/10/13 42.5 42.5 35.7 39.5 721 
2000/10/20 41 41.9 34.6 36.9 1980 
2000/10/27 36.9 41.9 35.7 39.6 1253 
2000/11/03 39.6 39.6 35.8 36.4 252 
2000/11/10 36.3 38.9 34.5 38 364 
2000/11/17 36 36.7 28.1 28.5 1171 
2000/11/24 26.6 27.9 24.5 27 1372 
2000/12/01 28 28.7 25 25.5 1668 
2000/12/08 25.2 25.4 23.1 25.2 851 
2000/12/15 25.7 25.7 24 24.3 633 
2000/12/22 24 24.4 21.5 21.8 530 
2000/12/29 21.5 22 19.7 21.9 1223 
2001/01/05 21.6 23.9 20.7 23.8 2065 
2001/01/12 22.6 25.3 21.8 23.9 3157 
2001/01/19 22.5 28.4 22.5 28.4 5341 
2001/02/02 28.4 31 26.7 31 5073 
2001/02/09 31 31.9 27.6 29.2 3176 
2001/02/16 30.5 33 29.9 31.8 5549 
2001/02/23 30.1 33.4 26.8 27.8 2077 
2001/03/02 27 30.1 26.6 27.3 1708 
2001/03/09 27.3 29.8 27.3 28.2 2375 
2001/03/16 28.2 33.1 27.2 31 5198 
2001/03/23 30.1 32.5 28.1 30.6 3290 
2001/03/30 31 32.8 29.5 29.6 3298 
2001/04/06 29.9 30.3 26 28 2229 
2001/04/13 27.3 28.4 25.8 27 2058 
2001/04/20 27 27.5 25.5 26.9 1147 
2001/04/27 27 28.4 26 26.1 2349 
2001/05/04 26 26 21.8 22.4 984 
2001/05/11 22.2 22.4 19.8 21.6 1038 
2001/05/18 21.6 21.9 20.3 20.6 385 
2001/05/25 20.8 22.2 18.4 21.5 871 
2001/06/01 20.6 21.7 19.2 20.1 367 
2001/06/08 19 20.6 19 20.2 730 
2001/06/15 20.2 21 19.5 19.7 536 
2001/06/22 19.8 19.8 18 18.2 260 
2001/06/29 18.5 18.6 16.7 18.2 392 
2001/07/06 17.8 18 15.1 16.8 647 
2001/07/13 15.4 16 13.45 13.6 589 
2001/07/20 13.1 13.1 9.9 10.35 1959 
2001/07/27 9.65 10 8.4 9.7 4291 
2001/08/03 9.5 10.2 9.25 9.9 3898 
2001/08/10 9.9 9.9 9 9.55 3196 
2001/08/17 9.8 10.35 9.25 10.35 5895 
2001/08/24 10.3 11.05 9.3 9.5 5354 
2001/08/31 9 10.5 9 10.5 2036 
2001/09/07 10.8 11.2 10.2 10.5 1960 
2001/09/14 10.5 10.5 8.9 9 938 
2001/09/21 8.7 8.7 8.15 8.15 429 
2001/09/28 7.65 8.35 7.6 8 3574 
2001/10/05 7.9 7.9 6.6 6.7 1174 
2001/10/12 6.8 7.3 6.2 7 1145 
2001/10/19 6.95 7.15 6.5 7.15 843 
2001/10/26 7.45 7.8 6.95 7.15 1984 
2001/11/02 7.15 7.35 6.7 7 2338 
2001/11/09 7.1 8.55 7 7.9 8802 
2001/11/16 7.9 9.55 7.8 9.35 9673 
2001/11/23 10 12.8 10 12 14201 
2001/11/30 12.5 15.1 12 14.4 15783 
2001/12/07 14.8 16.4 14.3 16.4 9805 
2001/12/14 16.5 22.8 16.5 22.8 5787 
2001/12/21 24.3 26 19.7 20.8 14995 
2001/12/28 21.2 25.2 20.6 24 17179 
2002/01/04 23.5 24.5 21 21.2 10204 
2002/01/11 21.5 28.6 21.4 25.3 21409 
2002/01/18 23.6 24.4 20.8 21.3 11782 
2002/01/25 21.4 23.6 21.3 22.6 12130 
2002/02/01 23.4 25.3 21.6 23.1 11331 
2002/02/08 23.1 23.7 21.8 23 2349 
2002/02/22 23.7 26.5 23.2 25.1 19566 
2002/03/01 25.3 25.6 21.9 22.5 8867 
2002/03/08 23.6 26 22.3 24.9 13580 
2002/03/15 25.5 25.6 22.9 23.7 8389 
2002/03/22 23.8 24.9 22.1 24.6 10009 
2002/03/29 25.3 25.3 23 23.5 6700 
2002/04/05 23 28.5 23 25.9 18092 
2002/04/12 25.7 26 23.6 25.8 6993 
2002/04/19 25.9 26.5 24.6 24.7 7848 
2002/04/26 24.9 27.3 24.1 25.6 11271 
2002/05/03 25.4 25.4 23 23.9 6090 
2002/05/10 23.3 23.6 21.2 23 4589 
2002/05/17 22.6 23.7 22 22.1 3556 
2002/05/24 22.1 22.1 17.9 20.5 3464 
2002/05/31 19.5 20.5 19.3 20.2 1202 
2002/06/07 20 20.2 18.3 18.6 1035 
2002/06/14 18.9 19.5 18.1 19.2 893 
2002/06/21 19.5 19.5 18.2 18.9 825 
2002/06/28 19 19.6 15.2 15.7 2187 
2002/07/05 15.6 16.6 13.1 16.4 2510 
2002/07/12 16.7 17 15.5 16.5 1745 
2002/07/19 16.2 17 15.3 15.7 1035 
2002/07/26 14.8 15.7 14.25 14.3 823 
2002/08/02 14.5 14.7 13.6 14.4 1331 
2002/08/09 13.45 14.4 13.15 14.4 1385 
2002/08/16 14.8 19.2 14.4 19.2 10862 
2002/08/23 19.8 22.3 19 20.2 28448 
2002/08/30 20.4 22.1 18.3 18.7 17419 
2002/09/06 18.9 19.4 17.4 17.5 9537 
2002/09/13 17.6 19.8 17 19.1 12060 
2002/09/20 19.4 19.5 18.2 18.9 7181 
2002/09/27 18.9 19.3 17 17.5 4555 
2002/10/04 17.2 18 15.1 16 4052 
2002/10/11 16 16.2 14.5 14.85 2452 
2002/10/18 14.55 17 14.2 16.8 5742 
2002/10/25 16.7 18.2 16.1 17 10770 
2002/11/01 17.4 17.5 16.1 16.7 4853 
2002/11/08 17 20.4 16.5 20.4 31244 
2002/11/15 20.9 21.6 19.2 19.2 24354 
2002/11/22 18.7 19.5 17.6 18.9 9655 
2002/11/29 19.2 20.6 18.7 19.8 19615 
2002/12/06 20.1 20.8 18.7 18.8 16764 
2002/12/13 19 19.4 17 17 8600 
2002/12/20 16.8 17.4 15.3 16.5 4841 
2002/12/27 16.2 16.7 15.6 16.4 5110 
2003/01/03 16.1 16.8 15.7 16.5 4202 
2003/01/10 16.6 17.5 16.2 17.5 8461 
2003/01/17 17.9 18.5 16.8 16.8 9223 
2003/01/24 16.9 17.5 16.4 16.8 5012 
2003/01/31 16.8 17.4 16.5 17 1472 
2003/02/07 17 17 16.2 16.6 1655 
2003/02/14 16.6 16.9 16 16 2841 
2003/02/21 16.2 17.1 16.1 16.1 6300 
2003/02/28 16.1 16.3 15 15.1 1470 
2003/03/07 15.4 15.9 15.1 15.2 1738 
2003/03/14 14.6 15.6 14.6 15.3 2103 
2003/03/21 15.3 17.3 15 16.3 9668 
2003/03/28 16.7 16.8 15.6 15.8 2703 
2003/04/04 15.6 15.8 14.5 15.5 2502 
2003/04/11 15.6 16.2 15.1 15.9 5481 
2003/04/18 15.9 16.4 15.4 16.1 4832 
2003/04/25 16.1 16.3 14.65 14.65 4652 
2003/05/02 14.3 14.3 12.95 13.5 2175 
2003/05/09 12.6 14.5 12.6 13.8 2577 
2003/05/16 13.7 14.1 13.5 13.5 1325 
2003/05/23 13.5 13.8 12.7 13.7 1443 
2003/05/30 13.8 14.95 13.6 14.85 4423 
2003/06/06 15 17 14.9 16.7 12703 
2003/06/13 17.2 18.1 16.6 17.7 29378 
2003/06/20 18.1 19.7 17.2 19.5 38716 
2003/06/27 19.5 22.4 18.5 20.7 44844 
2003/07/04 20.7 21.9 20.4 20.7 20844 
2003/07/11 20.7 22.3 20.2 20.8 25508 
2003/07/18 21 26.3 21 24.7 38010 
2003/07/25 25.7 25.7 21 21.4 25565 
2003/08/01 21.6 22.4 20.2 20.7 11628 
2003/08/08 20.7 21.3 18.3 18.4 8272 
2003/08/15 18.1 18.7 17.3 18 6659 
2003/08/22 18.2 19 17.7 17.7 5790 
2003/08/29 17.8 18 16 16.8 6646 
2003/09/05 16.5 17 15.3 16.4 5526 
2003/09/12 16.5 16.5 14.7 15.1 3054 
2003/09/19 15.1 17.5 14.8 16.9 6947 
2003/09/26 17 17.3 16.3 16.5 2599 
2003/10/03 16.5 17 15.9 16.5 3710 
2003/10/10 16.6 16.8 15.7 15.9 3013 
2003/10/17 16 17.9 15.5 17.9 8637 
2003/10/24 17.9 18.4 16.3 16.3 8535 
2003/10/31 16 16.6 16 16.3 2856 
2003/11/07 16.4 17.2 16.1 16.5 3880 
2003/11/14 16.8 18.2 16.5 17.8 16284 
2003/11/21 17.8 17.8 16.2 16.5 5223 
2003/11/28 16.5 17 15.9 16.3 3088 
2003/12/05 16.3 17.5 16.1 16.9 7788 
2003/12/12 16.8 17.7 16.3 16.5 13679 
2003/12/19 16.8 17 16.2 16.3 3344 
2003/12/26 16.6 16.9 16.3 16.6 4944 
2004/01/02 16.6 17.3 16.4 16.7 4697 
2004/01/09 16.9 17.9 16.6 17.8 13498 
2004/01/16 18 19 17.8 18.4 22824 
2004/01/30 18.7 19.8 18.4 19 15810 
2004/02/06 19.2 19.3 18.2 18.7 8918 
2004/02/13 19.1 20.2 18.4 19.2 19016 
2004/02/20 19.2 19.7 18.8 19.1 13534 
2004/02/27 19.2 19.8 19 19.3 14024 
2004/03/05 19.7 19.8 18.3 18.4 11375 
2004/03/12 18.6 18.7 17.4 17.5 4994 
2004/03/19 17.7 17.8 16 16.8 7020 
2004/03/26 15.7 15.7 14 14.5 4794 
2004/04/02 15.5 16.9 14.8 16.5 5051 
2004/04/09 16.6 17.5 16.6 16.7 5532 
2004/04/16 16.5 17.8 16.5 17.4 6351 
2004/04/23 17.5 17.7 16.4 16.5 3729 
2004/04/30 16.5 16.5 14.35 15 2730 
2004/05/07 15 15.5 14.05 14.6 2414 
2004/05/14 14.3 14.8 14 14 1324 
2004/05/21 13.3 14.5 13 14.5 2089 
2004/05/28 14.5 15.5 14.2 15.5 1627 
2004/06/04 15.7 16.4 14.3 14.35 3518 
2004/06/11 14.45 15.1 14.35 14.5 1547 
2004/06/18 14.5 14.65 13.45 13.45 2612 
2004/06/25 13.1 13.45 12.5 13.4 2210 
2004/07/02 13.4 13.55 12.8 12.95 1339 
2004/07/09 12.6 13.1 12.6 13.1 798 
2004/07/16 13.3 13.7 12.8 13 2078 
2004/07/23 12.85 13 10.3 11.25 3376 
2004/07/30 11.4 12.2 11.3 11.8 4109 
2004/08/06 11.2 11.8 10.65 11.35 3723 
2004/08/13 11.25 12.35 11.15 12.15 4829 
2004/08/20 12.3 13.8 12.3 13.4 7584 
2004/08/27 14 14 13.3 13.3 3060 
2004/09/03 13.4 13.85 13.35 13.6 4206 
2004/09/10 13.6 14.85 13.45 14.6 9115 
2004/09/17 14.7 15.6 14.4 14.7 11743 
2004/09/24 14.7 14.8 13.8 14.1 4594 
2004/10/01 14.05 14.2 13.6 13.9 2470 
2004/10/08 14.1 14.7 13.95 14.2 9104 
2004/10/15 14.2 14.55 13.6 13.85 6164 
2004/10/22 13.9 13.95 13.2 13.6 3077 
2004/10/29 13.4 13.6 13 13.25 1429 
2004/11/05 13 13.6 12.6 13.55 2248 
2004/11/12 14.45 14.45 13.2 13.35 7379 
2004/11/19 13.4 14.1 13.4 13.65 5889 
2004/11/26 13.4 13.65 11.3 11.6 4677 
2004/12/03 11.6 12.2 11.3 11.75 2669 
2004/12/10 11.7 12.15 11.65 11.8 1538 
2004/12/17 12 12.3 11.9 12.1 2096 
2004/12/24 11.7 12.1 11.7 11.9 813 
2004/12/31 12 12 11.65 12 1148 
2005/01/07 12 12.15 11.6 11.6 1290 
2005/01/14 11.6 11.8 10.7 11 1596 
2005/01/21 11.2 11.4 10.8 11.2 1315 
2005/01/28 11.25 11.55 10.9 11.1 1869 
2005/02/04 11.35 11.75 11.15 11.6 2435 
2005/02/18 11.9 12.6 11.65 12.35 5324 
2005/02/25 12.45 13.05 12.15 12.3 7489 
2005/03/04 12.3 12.45 11.9 12 3113 
2005/03/11 12.1 13.45 12.05 13.05 10751 
2005/03/18 13.15 13.3 12.4 12.55 4752 
2005/03/25 12.75 13.85 12.55 13.85 10629 
2005/04/01 14 14.3 12.95 13.15 14439 
2005/04/08 13.1 13.9 13 13.3 10372 
2005/04/15 13.4 14.5 13.05 14.45 18492 
2005/04/22 14.4 14.9 13.5 14.2 32434 
2005/04/29 14.4 14.45 13.5 13.7 10082 
2005/05/06 13.85 14.55 13.35 14.15 13536 
2005/05/13 14.15 15.2 13.5 14.45 24953 
2005/05/20 14.65 14.9 14.35 14.4 16209 
2005/05/27 14.4 14.5 13.8 14.3 8085 
2005/06/03 14.4 15.5 14.15 15.1 24182 
2005/06/10 15.1 16.05 14.85 16.05 26119 
2005/06/17 16 16.05 15.35 15.5 16870 
2005/06/24 15.5 16.05 15.4 15.75 16072 
2005/07/01 15.5 17.3 15.5 16.95 28650 
2005/07/08 17 18.45 16.9 18.2 43131 
2005/07/15 18.5 19.9 18.25 19.55 41917 
2005/07/22 19.6 20.3 18.5 18.55 18776 
2005/07/29 18.55 20.4 18.4 19.1 28811 
2005/08/05 19.2 21.05 19.2 20.15 23867 
2005/08/12 20 20.45 18.6 18.6 30893 
2005/08/19 18.7 18.8 17.15 17.2 11880 
2005/08/26 17.45 18.3 17.2 18 11802 
2005/09/02 17.9 18 15.4 16.2 11531 
2005/09/09 16.1 17.6 15.7 17.3 19636 
2005/09/16 17.65 18 16.5 16.6 12245 
2005/09/23 16.7 17.4 16.3 16.75 7062 
2005/09/30 16.8 17.3 16.6 17 7956 
2005/10/07 17.05 18.5 17 18.1 32397 
2005/10/14 18.7 18.75 17.25 17.55 17060 
2005/10/21 17.6 17.7 15.9 16.25 13539 
2005/10/28 16.25 16.4 14 14.7 11814 
2005/11/04 14.9 16.15 14.9 15.8 8535 
2005/11/11 15.8 16.45 15.35 16.3 11359 
2005/11/18 16.6 18 16.25 17.3 17273 
2005/11/25 17.4 18.55 16.65 18.3 22660 
2005/12/02 19.1 21.25 19.1 20.55 73834 
2005/12/09 21.1 22.4 20.5 21.75 43654 
2005/12/16 21.9 23.8 21.6 23.8 33027 
2005/12/23 25.4 27.9 23.95 27.4 69325 
2005/12/30 27.4 27.9 25.6 26.3 41261 
2006/01/06 25.6 31.9 25.5 29.5 45459 
2006/01/13 29.9 32 27.05 27.95 43116 
2006/01/20 27.95 30 26.8 27.2 24326 
2006/01/27 25.45 27.8 25.35 27.1 9738 
2006/02/03 27.65 27.85 27.3 27.7 1858 
2006/02/10 27.6 29.15 25.6 26 22354 
2006/02/17 26.3 27.3 25.5 26.5 12322 
2006/02/24 26.5 26.5 22.5 23.2 14983 
2006/03/03 22.95 25.45 22.5 24.3 17047 
2006/03/10 24.2 27.2 24.2 26.35 20753 
2006/03/17 26.95 28.3 26.55 27.35 21447 
2006/03/24 27.55 29.65 27.5 28 31927 
2006/03/31 28.2 33.3 28 32.6 36539 
2006/04/07 32.9 35.4 32.4 34.25 31280 
2006/04/14 34.8 39.2 33.2 38.2 66743 
2006/04/21 38.5 39.95 37 39 38552 
2006/04/28 39 41.5 37.05 39 36940 
2006/05/05 39 39.6 37.1 37.5 26694 
2006/05/12 38 38.3 35.4 37.85 28726 
2006/05/19 37.95 39.4 36.5 38.55 18820 
2006/05/26 39 40.35 34 35.25 37062 
2006/06/02 35.5 36.9 35.05 36.3 7717 
2006/06/09 36.3 36.5 31.45 33.65 15174 
2006/06/16 34.2 37.65 32.5 33 34470 
2006/06/23 33 34.1 31.5 32.4 19544 
2006/06/30 32.5 34.5 32.5 34 15163 
2006/07/07 34 34.1 32.3 33.9 10291 
2006/07/14 33.7 35.2 32.8 32.85 15932 
2006/07/21 32.8 32.8 29.4 31.25 11884 
2006/07/28 30.65 32.6 30.5 31.85 9208 
2006/08/04 32.7 32.7 31.35 31.9 7475 
2006/08/11 31.9 34.95 31.85 34.6 15543 
2006/08/18 35 35.9 32.6 32.6 39430 
2006/08/25 33.1 33.1 29.2 31 14495 
2006/09/01 31 33.4 30.05 32.8 13086 
2006/09/08 33.35 34 31.7 32.75 16462 
2006/09/15 32.75 33.25 30.3 31.4 15025 
2006/09/22 32.85 33.6 32.4 32.7 16174 
2006/09/29 32.7 35.35 32.05 34.75 36741 
2006/10/06 34.95 35.5 34.15 35.5 17877 
2006/10/13 35.5 37.7 34.85 35.8 23354 
2006/10/20 36 36.6 34.55 35.45 24387 
2006/10/27 35.6 35.8 33 34.1 14003 
2006/11/03 34.1 34.5 32.8 33.3 10774 
2006/11/10 32.35 34.8 32.35 34.3 17144 
2006/11/17 34.6 34.8 32.8 33 12943 
2006/11/24 33 34.75 32.85 34.35 15845 
2006/12/01 34.6 35.35 32.8 34.05 24023 
2006/12/08 34 34.3 32.9 32.95 14700 
2006/12/15 32.95 35 32.9 33.7 26474 
2006/12/22 33.7 34.95 33.6 33.8 18303 
2006/12/29 34.2 36.4 33.95 34.5 39636 
2007/01/05 36.4 36.9 34.4 34.6 28819 
2007/01/12 34.6 36.65 34.1 35.85 27211 
2007/01/19 36.5 40 35.4 38.8 55821 
2007/01/26 39.9 40.65 38.3 38.6 36404 
2007/02/02 38.6 39.45 36.2 38.65 19961 
2007/02/09 38.9 40.7 38.65 39.7 27215 
2007/02/16 39.7 40.75 38.6 39.1 11757 
2007/03/02 40.3 47.8 40.1 45.6 67107 
2007/03/09 45.8 50 42 48.2 68799 
2007/03/16 48.8 50.5 45.4 48.3 45227 
2007/03/23 48.3 50.8 46.9 47.2 36438 
2007/03/30 47.85 49.3 47.2 47.7 20451 
2007/04/06 48.3 50.2 47.4 48.7 13070 
2007/04/13 49.6 49.6 47 48.3 15115 
2007/04/20 48.8 48.9 44.7 45.5 12430 
2007/04/27 46.3 47.9 45.9 46.35 9110 
2007/05/04 46.65 46.65 42.85 45.2 5635 
2007/05/11 45.5 47.6 45.1 45.1 10614 
2007/05/18 45.6 45.95 43 43.8 10010 
2007/05/25 44.2 46.4 44.1 45.05 10431 
2007/06/01 45.4 50.8 45.4 49.9 37577 
2007/06/08 50.8 52.5 49 50.5 28580 
2007/06/15 51 52.7 49.05 49.6 24923 
2007/06/22 49.8 50.7 48.65 50.5 10995 
2007/06/29 50.6 51 48.6 49.05 14083 
2007/07/06 49.5 54.5 49.1 54.5 33526 
2007/07/13 55.4 56.4 53 53 33650 
2007/07/20 53.5 54.5 51 53.5 17046 
2007/07/27 53 60.3 52.1 57.3 63624 
2007/08/03 57 58.5 50.6 51.4 25683 
2007/08/10 51.6 55.5 50.5 52.8 16524 
2007/08/17 52.8 53.9 42.7 45.5 10758 
2007/08/24 48.65 49.15 44.5 45.75 10544 
2007/08/31 46.5 48.3 45.6 46 12798 
2007/09/07 47 49.95 46.6 48.95 12243 
2007/09/14 48 51.5 48 49.7 9557 
2007/09/21 50.7 51.6 48.6 49.7 7796 
2007/09/28 50.3 52.4 50 51.5 5803 
2007/10/05 51.7 52.7 50 50 8148 
2007/10/12 50.4 50.8 47.05 47.05 4660 
2007/10/19 47.7 49.5 47.2 48.4 5898 
2007/10/26 46.1 48.6 45.7 46.1 7087 
2007/11/02 46.6 47 43.7 46.1 8880 
2007/11/09 47 47.7 40.1 42.95 7734 
2007/11/16 40.5 44.8 40.4 43.05 4593 
2007/11/23 44 44 40.05 40.85 3815 
2007/11/30 41 41.2 37.2 40.5 6143 
2007/12/07 42.5 42.95 40.5 40.7 6742 
2007/12/14 41 41.1 34.3 35.6 8590 
2007/12/21 35 35.5 30.85 33 9775 
2007/12/28 33.7 35.8 33.05 35.8 6723 
2008/01/04 36.1 39.1 36 37 6825 
2008/01/11 35.5 36.2 31 34.8 6119 
2008/01/18 35 35.4 31.7 33.9 4879 
2008/01/25 33.5 34.5 27.05 29.4 10147 
2008/02/01 29.3 30.9 28.3 30.75 4735 
2008/02/15 30.5 33.55 29.2 33.35 4175 
2008/02/22 33.8 35.5 33.15 34.8 6367 
2008/02/29 35.5 35.5 34.1 35.1 4303 
2008/03/07 34 38.25 33.05 37.6 10449 
2008/03/14 37 38 35.6 35.8 7261 
2008/03/21 35.3 36.7 34.1 36.45 5215 
2008/03/28 38.9 40.3 36.8 38.5 20312 
2008/04/04 39.3 40.5 38.55 40 11800 
2008/04/11 40.5 40.75 39.05 39.6 8124 
2008/04/18 39.7 39.75 38.05 38.4 8632 
2008/04/25 38.8 40.55 38.55 38.6 12207 
2008/05/02 38.8 39.25 37.9 38.25 6019 
2008/05/09 38.15 43.5 38.15 42.5 31080 
2008/05/16 42.6 43.7 41.4 42.6 14761 
2008/05/23 42.9 45.2 41.5 43 18009 
2008/05/30 43 44 42 42.6 7765 
2008/06/06 42.6 43.6 42.2 42.7 5032 
2008/06/13 41.8 41.95 35.4 37 7705 
2008/06/20 37.5 39.3 37.2 38.45 4403 
2008/06/27 37.6 38.8 34.25 34.25 2602 
2008/07/04 34 34.5 29.7 32.1 8923 
2008/07/11 31.7 33.5 31.2 33.4 4781 
2008/07/18 33.4 34.1 31.5 31.9 5442 
2008/07/25 32.5 36.55 32.05 35.7 10302 
2008/08/01 35.5 36.8 34.2 35 6763 
2008/08/08 35.1 36.85 33.6 36.6 6908 
2008/08/15 37 39.15 34.8 35.7 16200 
2008/08/22 35.7 36 32.5 32.75 4955 
2008/08/29 33.25 33.85 32.1 33.1 3298 
2008/09/05 33.1 33.1 28.9 30 4327 
2008/09/12 31.5 32.05 28.7 30.1 3596 
2008/09/19 29.2 29.3 24.65 26.35 7891 
2008/09/26 27 28.7 26.1 27.2 5172 
2008/10/03 25.3 27.45 25.3 27.4 2400 
2008/10/10 26.55 27.3 23.25 23.25 2543 
2008/10/17 22.45 24 22.2 22.35 3182 
2008/10/24 21.6 23.3 19.85 19.85 4171 
2008/10/31 18.5 18.65 16.15 18.45 23340 
2008/11/07 19 19.7 16.35 17.75 15492 
2008/11/14 17.55 18 14.8 15.5 8412 
2008/11/21 15 15.2 13 14.55 8267 
2008/11/28 14.35 16.15 13.95 15.8 10365 
2008/12/05 15.6 16.2 11.9 11.95 10571 
2008/12/12 12.2 14.6 12.05 13.7 11800 
2008/12/19 14.3 15.3 13.85 15.2 9021 
2008/12/26 15.9 15.9 13.5 14.2 8866 
2009/01/02 14.1 14.7 13.7 14.45 2522 
2009/01/09 14.85 16.5 14.55 14.65 13512 
2009/01/16 14.2 15.3 14.2 15.2 5605 
2009/01/23 15.45 15.9 14 14.5 4864 
2009/02/06 14.3 16.15 14.3 15.95 7076 
2009/02/13 15.95 18.2 15.7 17.1 22946 
2009/02/20 17 17.45 15.7 16.5 10538 
2009/02/27 16 18.2 16 18.2 14980 
2009/03/06 18.3 20.6 17.4 19.5 33871 
2009/03/13 19.7 20.1 18.95 19.75 18138 
2009/03/20 20.1 21.6 19.5 19.6 24230 
2009/03/27 19.35 22.7 19.35 22.2 28656 
2009/04/03 22.2 22.3 20.55 22 14803 
2009/04/10 22.2 22.7 21.45 22.65 14368 
2009/04/17 22.65 25.5 22.35 23.2 27738 
2009/04/24 23.2 25.3 22 24.5 16922 
2009/05/01 24.6 24.8 21.5 23 8951 
2009/05/08 24 29.5 23.2 29.4 33273 
2009/05/15 29 30.35 27 30.35 33479 
2009/05/22 30.8 32.95 29 32.95 35286 
2009/05/29 34.3 35.55 31.1 32.8 20786 
2009/06/05 33.4 33.4 29.8 32.4 20906 
2009/06/12 33 34.15 29.2 32.05 25509 
2009/06/19 31.5 33.2 28.55 32.7 23067 
2009/06/26 33 33.4 31.8 32.7 16981 
2009/07/03 32.95 36 32.05 35.6 26888 
2009/07/10 36.1 39.4 35.8 39 39501 
2009/07/17 39.2 44.05 36.6 44 40355 
2009/07/24 44 45.5 42.2 42.5 34349 
2009/07/31 42.5 44.9 40.5 43 27293 
2009/08/07 43 43.6 39 39.4 14300 
2009/08/14 39 42.3 39 42.05 13816 
2009/08/21 41.6 42 36 38.6 21139 
2009/08/28 39.7 43.5 39.6 43 40961 
2009/09/04 43.8 47.65 43 45.05 55152 
2009/09/11 46.4 50.5 45.8 48.35 61440 
2009/09/18 48.35 51.2 48 49.8 32230 
2009/09/25 49.8 50.5 46.2 46.8 25330 
2009/10/02 46.9 51 45.55 48.2 37678 
2009/10/09 48.3 50.5 45.8 46.5 31999 
2009/10/16 47.2 49.8 46 47.2 26573 
2009/10/23 46.65 48 46 46.3 17551 
2009/10/30 46.6 46.8 41.8 43 17906 
2009/11/06 41.8 47.2 41.6 44.7 19517 
2009/11/13 44.8 45.4 44 44.3 9406 
2009/11/20 44.5 46.9 44.45 45.5 15489 
2009/11/27 45.5 48.4 45.2 45.2 34891 
2009/12/04 47.05 55.2 46.5 53.1 85337 
2009/12/11 54 56 52 54.5 62476 
2009/12/18 54.5 54.8 50.5 52.2 27089 
2009/12/25 52.6 54.1 51.7 53 22715 
2010/01/01 53.1 55.8 52.7 55.2 27509 
2010/01/08 55.5 56.1 50.8 52.2 32037 
2010/01/15 52.5 53 51.2 52.3 21365 
2010/01/22 52 55 50.5 50.7 29811 
2010/01/29 50.4 51.3 47 49.2 16144 
2010/02/05 49.2 50 44.7 46.1 16827 
2010/02/12 46.1 50.1 46.1 49.45 6804 
2010/02/26 50.5 50.9 47.7 47.8 6960 
2010/03/05 48.1 51.1 48.1 49.85 14189 
2010/03/12 50.5 50.9 49.55 49.65 9043 
2010/03/19 50 51.8 48.45 51.5 14054 
2010/03/26 51.2 52.9 50.6 52.1 16143 
2010/04/02 52.2 52.8 51.4 52.4 9075 
2010/04/09 53 54.9 52.5 53.2 15893 
2010/04/16 53.7 56 52 54.6 22914 
2010/04/23 54.6 57.9 53.6 57.7 43326 
2010/04/30 58.8 61.5 52 53.1 60913 
2010/05/07 53 54 46.6 47.6 30763 
2010/05/14 48 50.8 47.7 50.5 15886 
2010/05/21 50 50.4 41.9 42 19172 
2010/05/28 42 45.15 41 44.3 16107 
2010/06/04 44.5 46.2 43.85 45.35 8918 
2010/06/11 42.8 44.7 41.9 44.65 10430 
2010/06/18 45 45.45 44.2 44.2 5363 
2010/06/25 44.7 45.1 43 43.5 11858 
2010/07/02 43.8 44.35 41.25 42.1 7016 
2010/07/09 42.2 45.5 42.1 44.95 14077 
2010/07/16 45.3 47 43.5 43.65 22495 
2010/07/23 42.8 44.3 42.8 43.6 7111 
2010/07/30 43.95 44.65 42.85 42.85 7923 
2010/08/06 42.9 45.5 42 42.5 30495 
2010/08/13 42.5 43.1 40.85 41.8 10391 
2010/08/20 41.5 42.75 41.05 41.45 9232 
2010/08/27 41.45 41.85 38.2 39.05 9737 
2010/09/03 39.8 40.15 37.3 38.55 8622 
2010/09/10 38.9 40.15 38.05 40 7356 
2010/09/17 40.7 40.7 38.8 39.35 7274 
2010/09/24 39.5 42.1 39.45 41.2 14532 
2010/10/01 41.3 41.55 40 40.15 5889 
2010/10/08 40.25 40.25 38.6 38.9 3533 
2010/10/15 39 39.1 38.05 38.5 3050 
2010/10/22 38.2 39.1 37.6 38.8 3187 
2010/10/29 38.8 39.3 37.5 37.5 6827 
2010/11/05 37.5 37.85 31 32.1 20430 
2010/11/12 32 32 29.8 31.25 8250 
2010/11/19 31.5 31.9 31.05 31.3 4068 
2010/11/26 31.3 32.3 30.55 31.15 5686 
2010/12/03 31.8 32.5 31.2 31.9 4986 
2010/12/10 32.3 34 32.1 33.55 8586 
2010/12/17 33.55 34.1 32.6 32.75 5397 
2010/12/24 33 37.2 33 35.85 21476 
2010/12/31 36.15 37.45 35.6 36.95 11297 
2011/01/07 37.5 37.6 35.5 35.95 7119 
2011/01/14 36.15 36.8 35.3 36.4 4390 
2011/01/21 36.8 38 35.8 36.1 10348 
2011/01/28 36.1 37.5 35.1 37 6881 
2011/02/11 37.1 37.25 34.5 35 2841 
2011/02/18 35 36.05 35 35.7 2721 
2011/02/25 35.7 36 33.5 33.8 4508 
2011/03/04 34 35.85 33.8 35 3004 
2011/03/11 35 36.65 34.5 34.7 6681 
2011/03/18 34 34.7 30.2 32 7103 
2011/03/25 32.1 33.4 31.8 32.9 2953 
2011/04/01 32.5 33 31.55 32.55 2178 
2011/04/08 32.6 32.8 31.95 32.1 1425 
2011/04/15 31.85 32 30.5 30.8 2680 
2011/04/22 30.8 30.85 28.55 29.25 4842 
2011/04/29 29.3 30.3 27.55 27.9 5091 
2011/05/06 27.4 27.4 25.15 26.25 8469 
2011/05/13 26.3 26.9 25.3 26.1 4540 
2011/05/20 26 26.3 23.55 24 3659 
2011/05/27 23.65 24.6 22.55 24.5 3097 
2011/06/03 24.7 25.6 24.35 25.1 2471 
2011/06/10 25 25.25 24 24.1 2695 
2011/06/17 23.9 24.6 23.3 23.3 1995 
2011/06/24 23.4 23.6 21.5 21.95 3130 
2011/07/01 21.95 23.5 21.7 23.25 2443 
2011/07/08 23.5 23.5 22 22 2603 
2011/07/15 22 22 17.8 18.7 7504 
2011/07/22 18.9 19.2 17.25 18.15 7907 
2011/07/29 18.15 18.4 17.75 17.95 3665 
2011/08/05 18.4 18.4 15.35 15.35 5709 
2011/08/12 14.3 15.5 13.3 15.3 10754 
2011/08/19 15.5 15.65 14.1 14.2 7511 
2011/08/26 14.2 15.35 13.8 14.5 4327 
2011/09/02 14.5 15.5 14.45 15.45 4197 
2011/09/09 15.25 15.35 14.55 15.2 2358 
2011/09/16 15 15.5 14.1 15.1 2558 
2011/09/23 15.2 15.8 14.4 14.95 3091 
2011/09/30 15.05 15.5 14.3 15.3 2383 
2011/10/07 15.25 17.45 14.9 17 10539 
2011/10/14 17.6 18.4 17.45 17.9 8032 
2011/10/21 18 18.3 16.4 16.7 5485 
2011/10/28 16.9 17.4 15.9 16.05 5627 
2011/11/04 16.15 16.3 14.85 15.95 4782 
2011/11/11 15.75 16.65 14.9 15.3 4263 
2011/11/18 15.5 15.7 14 14.6 3056 
2011/11/25 14.45 14.45 12 13.2 3714 
2011/12/02 13.5 14 13.2 13.75 1461 
2011/12/09 13.75 13.75 12.5 12.75 1035 
2011/12/16 13 13.95 12.7 13.45 2373 
2011/12/23 13.4 14.5 12.6 14.05 2625 
2011/12/30 14.1 14.45 13.75 14 2402 
2012/01/06 14 14.4 13.6 14.05 1533 
2012/01/13 14.05 14.1 13.25 13.5 2047 
2012/01/20 13.5 14.45 13.5 14.1 2049 
2012/02/03 14.5 18.4 14.5 17.8 20227 
2012/02/10 17.8 20 17.25 20 17186 
2012/02/17 20.1 20.6 18.6 18.75 19627 
2012/02/24 18.85 22 18.6 20.3 19107 
2012/03/02 20.3 21 19.5 20.5 6854 
2012/03/09 20.2 22.05 18.8 22.05 15833 
2012/03/16 22.4 25 21.65 24.2 41701 
2012/03/23 24.2 24.35 22.5 23.65 13002 
2012/03/30 24 24.8 20.75 22.2 13340 
2012/04/06 22.2 22.8 19.1 20.2 8588 
2012/04/13 19.8 25.8 19.3 24.65 28681 
2012/04/20 24.5 24.9 22.8 23 15434 
2012/04/27 23 24 22.3 22.5 14107 
2012/05/04 22.3 25.5 21.6 24.35 16498 
2012/05/11 24.35 24.9 22.5 22.9 11557 
2012/05/18 23.1 23.95 21.3 21.55 10719 
2012/05/25 21.55 22.7 20.2 20.4 8913 
2012/06/01 19.75 22.4 19.75 21.5 7284 
2012/06/08 20 21.3 20 20.25 5717 
2012/06/15 20.7 21.1 20.15 20.6 2498 
2012/06/22 21.6 21.6 20.25 20.45 3957 
2012/06/29 20.45 20.5 18.7 19.15 4778 
2012/07/06 19.65 20.15 19.3 19.4 4616 
2012/07/13 19.4 19.4 17.15 17.45 3335 
2012/07/20 17.7 17.75 15.95 16.2 3776 
2012/07/27 16 16.15 14.6 15.8 6747 
2012/08/03 16.3 16.65 15.25 16.55 8410 
2012/08/10 17 18.55 16.6 18 14217 
2012/08/17 18.2 20.2 18.2 20.2 17781 
2012/08/24 20.3 20.7 19.75 20.15 12340 
2012/08/31 20.3 20.35 18.8 19.7 6144 
2012/09/07 20 21.35 19.8 20.25 10084 
2012/09/14 20.3 20.95 20 20.6 7616 
2012/09/21 20.9 22.4 20.35 21.5 18292 
2012/09/28 21.5 21.65 20.8 21.55 7052 
2012/10/05 21.7 22.1 21 21.4 5623 
2012/10/12 21.5 21.5 19.2 19.65 4217 
2012/10/19 19.4 20.75 19.25 19.85 5353 
2012/10/26 19.85 20.7 17.85 17.85 6604 
2012/11/02 17.85 18.5 17.2 17.8 4047 
2012/11/09 17.8 18.7 17.5 18.35 3158 
2012/11/16 18.45 18.55 17.4 17.85 2294 
2012/11/23 17.85 18.2 17.5 17.95 2501 
2012/11/30 18.1 19.2 17.9 18.6 7656 
2012/12/07 18.7 19.45 18.4 18.45 10722 
2012/12/14 18.45 18.85 18.2 18.4 4087 
2012/12/21 18.3 18.4 17.7 17.7 3435 
2012/12/28 17.7 18.2 17.65 17.8 4404 
2013/01/04 17.95 19.1 17.9 18.6 6951 
2013/01/11 18.45 20.25 18.1 19.6 25581 
2013/01/18 19.5 20.3 18.25 18.6 10158 
2013/01/25 18.6 19.8 18.4 19.15 9174 
2013/02/01 19.3 19.4 18.75 18.8 4486 
2013/02/08 18.85 19.7 18.5 19.3 5766 
2013/02/22 19.7 20 19.2 19.9 8815 
2013/03/01 20.6 21.2 20.15 20.55 12096 
2013/03/08 20.55 22.2 20 21.25 21905 
2013/03/15 21.3 21.95 20.65 20.65 11127 
2013/03/22 20.8 21.2 20.3 20.6 6305 
2013/03/29 20.7 20.95 20.3 20.65 5745 
2013/04/05 20.65 21.2 20.05 21.1 4896 
2013/04/12 20.3 21.2 20.2 20.65 12127 
2013/04/19 20.6 20.8 19.8 20.45 3742 
2013/04/26 20.45 20.8 20.25 20.4 4123 
2013/05/03 20.4 20.6 20 20.55 3782 
2013/05/10 20.75 21.2 20.35 20.75 10688 
2013/05/17 21.15 21.4 20.55 20.9 9341 
2013/05/24 20.9 21.2 20.3 20.5 6240 
2013/05/31 20.5 21.2 20.4 20.4 8877 
2013/06/07 20.2 20.8 19.15 19.65 7124 
2013/06/14 19.65 19.9 18.85 19.1 2559 
2013/06/21 19.2 19.9 18.8 19.5 2626 
2013/06/28 19.7 19.7 18.7 19.05 2874 
2013/07/05 19.05 19.75 18.95 18.95 4320 
2013/07/12 18.95 19.35 18.85 18.9 2613 
2013/07/19 19 19.2 18.4 18.4 2815 
2013/07/26 18.4 19 18.3 18.4 3388 
2013/08/02 18.4 18.6 17.55 17.6 2117 
2013/08/09 17.8 18.3 17.4 17.4 1971 
2013/08/16 17.55 17.8 16.9 17 2937 
2013/08/23 16.9 17.15 16.3 17 2217 
2013/08/30 17.15 17.2 16.5 16.8 1314 
2013/09/06 16.8 17.2 16.75 17.1 2413 
2013/09/13 17.1 17.5 16.8 17 3360 
2013/09/20 17.2 17.2 16.9 17 736 
2013/09/27 17.25 17.5 17.15 17.35 2375 
2013/10/04 17.35 19.6 17.35 19.35 18041 
2013/10/11 19.5 19.5 18.55 19.4 5081 
2013/10/18 19.9 20.7 19.6 19.95 15135 
2013/10/25 20 20.05 19.1 19.1 5321 
2013/11/01 19.1 19.7 18.65 18.85 4503 
2013/11/08 18.9 18.95 17.2 17.2 4655 
2013/11/15 17.3 17.55 17.05 17.4 2584 
2013/11/22 17.4 17.95 17.3 17.45 1777 
2013/11/29 17.55 18.1 17.45 17.75 1760 
2013/12/06 17.75 17.9 17.35 17.7 2040 
2013/12/13 17.8 19.25 17.8 19 7098 
2013/12/20 19 20 18.5 19.6 23847 
2013/12/27 19.6 19.65 19.15 19.15 6485 
2014/01/03 19.3 20.6 19.2 20.2 13112 
2014/01/10 20.25 21.1 19.8 20.05 15202 
2014/01/17 20.4 20.9 19.8 20.1 8838 
2014/01/24 20.1 21.5 20.1 20.1 18745 
2014/01/31 19.85 20 19.3 19.3 1826 
2014/02/07 18.5 20.35 18.5 19.9 2946 
2014/02/14 20 21.35 19.65 21 17549 
2014/02/21 21.3 21.4 20.45 20.65 12718 
2014/02/28 20.8 21.4 20.55 20.9 8959 
2014/03/07 20.8 22.4 20.55 21 28554 
2014/03/14 21.25 22.55 21.15 21.9 20106 
2014/03/21 22.4 25.65 21.95 24.9 59519 
2014/03/28 25 26.8 24 24.65 40532 
2014/04/04 25 25.45 24.35 24.45 15389 
2014/04/11 24.2 25.65 24.15 24.5 17094 
2014/04/18 24.5 24.85 22.8 24.4 14346 
2014/04/25 24.35 24.5 21.3 21.55 15076 
2014/05/02 21.4 22.3 21.1 21.8 8295 
2014/05/09 21.85 22.25 20.9 21 8387 
2014/05/16 21.1 21.3 20.3 20.4 5818 
2014/05/23 20.4 21.3 20.4 21.2 4430 
2014/05/30 21.25 21.95 21.25 21.5 6560 
2014/06/06 21.6 22.85 21.4 22.85 11604 
2014/06/13 22.9 23.5 22.25 22.75 12179 
2014/06/20 22.9 23.4 22.2 22.25 9741 
2014/06/27 22.25 22.5 20.8 22.1 11081 
2014/07/04 22.4 24 21.8 23.45 14681 
2014/07/11 23.45 23.8 21.85 22.4 5691 
2014/07/18 22.4 24.7 22.15 24.4 26429 
2014/07/25 25.4 25.4 23.75 23.9 23970 
2014/08/01 23.9 24.35 23.3 23.5 13201 
2014/08/08 23.3 23.45 21.5 22.1 8546 
2014/08/15 22.2 22.8 22.1 22.1 5412 
2014/08/22 22.15 22.3 20.3 21.2 5315 
2014/08/29 21.3 22.15 20.95 22.05 4666 
2014/09/05 22.1 22.5 21.5 21.5 5498 
2014/09/12 21.55 21.7 20.65 20.85 2473 
2014/09/19 20.9 21.6 20.7 21.4 2855 
2014/09/26 21.4 21.4 19.85 20 3229 
2014/10/03 20.15 20.2 18.95 19.2 5461 
2014/10/10 19.4 19.55 18.75 18.75 3261 
2014/10/17 18.4 18.4 16.8 17.1 4047 
2014/10/24 17.6 18 17.35 17.45 1622 
2014/10/31 17.55 17.95 16.85 17.75 2005 
2014/11/07 17.85 18.35 17.25 17.5 2219 
2014/11/14 17.6 18.2 17.6 17.85 1687 
2014/11/21 18.05 18.05 17.25 17.85 1795 
2014/11/28 17.95 18.6 17.65 17.75 2924 
2014/12/05 17.4 18.65 17.25 18.5 3700 
2014/12/12 18.45 18.55 17.65 18.1 2317 
2014/12/19 18 19.3 17.8 18.9 7852 
2014/12/26 18.85 19.75 18.4 19.6 12679 
2015/01/02 19.6 19.8 19.2 19.3 6088 
2015/01/09 19.2 20 18.7 19.5 13351 
2015/01/16 19.35 19.75 18.5 18.5 6774 
2015/01/23 18.7 19.15 18.5 18.85 5946 
2015/01/30 19 19.4 18.8 19.05 4269 
2015/02/06 19 19.3 18.8 18.9 3207 
2015/02/13 18.9 19.2 18.8 18.9 3271 
2015/02/27 19.1 19.85 19.05 19.55 5792 
2015/03/06 19.65 19.7 18.75 19 5631 
2015/03/13 19 19.2 18.75 18.95 3361 
2015/03/20 18.95 19.1 18.65 18.7 3722 
2015/03/27 18.8 18.95 18.35 18.4 4289 
2015/04/03 18.4 18.5 17.9 18.05 2157 
2015/04/10 18.15 18.3 17.8 17.85 2338 
2015/04/17 17.95 18.35 17.9 18.05 2138 
2015/04/24 18 18.15 17.6 18.15 2767 
2015/05/01 18.1 18.3 17.65 17.9 2510 
2015/05/08 17.9 18 16.95 16.95 2624 
2015/05/15 16.55 17.05 14.85 15.5 4697 
2015/05/22 15.5 15.5 14.9 15.15 2208 
2015/05/29 15.15 15.5 14.95 15.2 1917 
2015/06/05 15.2 15.25 13.5 13.55 4037 
2015/06/12 13.5 13.5 11.8 12.45 5609 
2015/06/19 12.3 13.55 12.3 13.15 1552 
2015/06/26 13.2 13.55 13.15 13.35 1831 
2015/07/03 13.2 13.5 12.8 13.3 1774 
2015/07/10 13.3 13.35 12.15 12.4 1631 
2015/07/17 12.4 12.9 12.4 12.55 1112 
2015/07/24 12.6 12.7 11 11.1 2818 
2015/07/31 11 11 10.05 10.7 2451 
2015/08/07 10.7 11 10.05 10.9 1958 
2015/08/14 10.75 10.95 10.55 10.7 1247 
2015/08/21 10.8 10.8 10.05 10.3 1469 
2015/08/28 10.1 10.15 9.38 9.95 3893 
2015/09/04 9.94 10.7 9.91 10.25 1961 
2015/09/11 10.25 10.9 10.15 10.7 1688 
2015/09/18 10.7 11.35 10.45 11.3 1979 
2015/09/25 11.15 11.2 10.2 10.75 1651 
2015/10/02 10.65 10.8 10.5 10.6 916 
2015/10/09 10.7 10.95 10.55 10.7 1198 
2015/10/16 10.7 11.85 10.45 11.75 4452 
2015/10/23 11.7 12.1 11.35 11.5 2725 
2015/10/30 11.55 12.25 11.15 11.3 3181 
2015/11/06 11.2 11.85 11.15 11.55 1619 
2015/11/13 11.5 11.5 10.2 10.3 1612 
2015/11/20 10.3 10.6 10 10.55 911 
2015/11/27 10.5 10.75 10.05 10.2 938 
2015/12/04 10.1 10.3 9.96 10.2 913 
2015/12/11 10.25 10.45 9.91 9.91 1379 
2015/12/18 9.8 10.25 9.7 10.1 1538 
2015/12/25 9.85 10.4 9.85 10.25 2062 
2016/01/01 10.25 10.35 9.99 10 931 
2016/01/08 10 10 9.1 9.4 1394 
2016/01/15 9.31 9.31 8.8 8.97 1170 
2016/01/22 8.8 9.42 8.79 9.07 1211 
2016/01/29 9.17 9.47 9.12 9.31 988 
2016/02/05 9.28 9.45 9.28 9.39 438 
2016/02/19 9.39 9.86 9.36 9.77 1196 
2016/02/26 9.77 9.97 9.7 9.91 1183 
2016/03/04 9.91 10.3 9.88 10.1 1484 
2016/03/11 10.15 10.65 10.1 10.25 4498 
2016/03/18 10.25 10.3 9.8 9.93 1774 
2016/03/25 9.85 9.96 9.65 9.66 729 
2016/04/01 9.6 9.6 9.12 9.2 828 
2016/04/08 9.2 9.2 8.89 8.9 618 
2016/04/15 8.9 9 8.82 8.9 897 
2016/04/22 8.85 8.96 8.8 8.9 1002 
2016/04/29 8.95 9.09 8.66 8.8 900 
2016/05/06 8.93 8.93 8.48 8.5 719 
2016/05/13 8.41 8.59 7.15 7.18 2207 
2016/05/20 7.19 8.2 7.04 8.06 2472 
2016/05/27 8.06 8.63 8.02 8.55 1647 
2016/06/03 8.6 8.87 8.42 8.51 1771 
2016/06/10 8.53 8.65 8.48 8.53 547 
2016/06/17 8.41 8.5 8.35 8.37 1006 
2016/06/24 8.4 9.17 8.38 8.9 2344 
2016/07/01 8.7 8.96 8.68 8.89 1923 
2016/07/08 8.75 9.79 8.75 9.78 2889 
2016/07/15 9.72 10.2 9.45 10 5066 
2016/07/22 9.97 10.5 9.63 10.15 3409 
2016/07/29 10.15 10.3 9.2 9.24 2116 
2016/08/05 9.28 9.5 9.15 9.28 1212 
2016/08/12 9.28 9.32 8.88 8.9 1085 
2016/08/19 8.9 9.2 8.88 9.1 560 
2016/08/26 9.05 9.08 8.87 9.01 768 
2016/09/02 9.01 9.8 8.91 9.39 4369 
2016/09/09 9.47 9.53 9.22 9.25 1116 
2016/09/16 9.25 9.27 9.04 9.11 390 
2016/09/23 9.19 9.55 9.12 9.35 1899 
2016/09/30 9.34 9.62 9.13 9.15 3892 
2016/10/07 9.16 9.31 9 9 947 
2016/10/14 9.01 9.09 8.46 8.54 1609 
2016/10/21 8.54 8.57 8.25 8.48 1084 
2016/10/28 8.49 8.7 8.49 8.57 773 
2016/11/04 8.56 8.67 8.25 8.28 962 
2016/11/11 8.28 8.28 7.81 8 1503 
2016/11/18 7.99 8.07 7.9 7.99 1407 
2016/11/25 7.96 8.2 7.91 7.94 1121 
2016/12/02 8 8.4 7.98 8.19 1627 
2016/12/09 8.2 8.41 8.14 8.28 1576 
2016/12/16 8.33 8.33 8.16 8.17 742 
2016/12/23 8.17 8.37 8.06 8.17 1874 
2016/12/30 8.25 9.25 8.18 8.94 9279 
2017/01/06 8.98 9.56 8.94 9.45 6149 
2017/01/13 9.42 9.51 9.08 9.09 2697 
2017/01/20 9.16 9.19 9.03 9.13 1618 
2017/01/27 9.13 9.16 9.05 9.05 727 
2017/02/03 9.06 9.34 9.05 9.27 1140 
2017/02/10 9.36 9.74 9.32 9.38 3868 
2017/02/17 9.38 9.5 9.07 9.23 3196 
2017/02/24 9.24 10.5 9.24 10 15661 
2017/03/03 10.1 10.1 9.5 9.62 2880 
2017/03/10 9.62 9.79 9.33 9.43 3569 
2017/03/17 9.43 9.55 9.31 9.49 2163 
2017/03/24 9.49 10 9.47 9.74 4326 
2017/03/31 9.74 9.76 8.71 9.46 3295 
2017/04/07 9.49 9.57 9.48 9.5 298 
2017/04/14 9.41 9.41 8.98 9.01 1877 
2017/04/21 9 9.02 8.94 9 354 
2017/04/28 9.06 9.11 9.03 9.03 292 
2017/05/05 9.15 9.3 9.15 9.27 361 
2017/05/12 9.16 9.66 9.06 9.25 4879 
2017/05/19 9.23 9.36 8.95 9.04 1752 
2017/05/26 9.1 9.18 9 9.06 1116 
2017/06/02 9.07 9.07 8.95 8.99 595 
2017/06/09 9.03 9.2 8.98 9.1 1884 
2017/06/16 9 9 8.62 8.72 1331 
2017/06/23 8.78 8.85 8.68 8.82 1014 
2017/06/30 8.81 9.05 8.81 8.91 1624 
2017/07/07 8.88 8.95 8.88 8.93 175 
2017/07/14 8.85 8.88 8.71 8.82 678 
2017/07/21 8.85 8.94 8.8 8.94 590 
2017/07/28 9.37 9.45 9.28 9.31 530 
2017/08/04 9.28 10.5 9.28 9.74 14617 
2017/08/11 9.76 10.35 9.64 10.15 7675 
2017/08/18 10.2 10.2 9.24 9.85 7959 
2017/08/25 11.3 12.1 11.3 11.75 8682 
2017/09/01 11.75 12.15 11.75 11.8 2385 
2017/09/08 11.75 12 11.65 11.65 1853 
2017/09/15 11.9 12.1 11.7 11.9 2683 
2017/09/22 12.65 12.7 12.1 12.2 7712 
2017/09/29 11.1 11.15 10.55 10.85 7721 
2017/10/06 10.85 11.05 10.85 10.85 1079 
2017/10/13 10.95 10.95 10.85 10.9 660 
2017/10/20 11 11.1 10.85 11 1403 
2017/10/27 11.1 12.1 11.05 11.55 16067 
2017/11/03 11.6 11.7 11.15 11.25 6809 
2017/11/10 11.3 12.25 11.05 11.15 12310 
2017/11/17 11.25 11.25 10.6 10.6 2148 
2017/11/24 10.4 10.45 10 10.4 4785 
2017/12/01 10.55 10.55 10.3 10.35 2019 
2017/12/08 11.35 11.35 10.3 10.35 11215 
2017/12/15 10.45 10.75 10.35 10.55 2510 
2017/12/22 10.45 10.8 10.45 10.7 5348 
2017/12/29 10.75 11.25 10.4 10.85 5167 
2018/01/05 10.85 12.45 10.75 11.65 14485 
2018/01/12 11.5 11.6 11.1 11.35 5935 
2018/01/19 11.5 11.95 11.45 11.6 9563 
2018/01/26 11.8 12.4 11.75 12.05 16777 
2018/02/02 12.05 12.2 11.3 11.4 5145 
2018/02/09 11.2 11.2 9.9 10.3 5613 
2018/02/16 10.55 10.55 10.3 10.4 692 
2018/02/23 10.5 10.85 10.45 10.7 1601 
2018/03/02 10.7 10.95 10.7 10.75 1555 
2018/03/09 10.85 11.5 10.55 10.8 4844 
2018/03/16 10.8 11 10.75 10.85 2881 
2018/03/23 10.85 10.95 10.15 10.2 2870 
2018/03/30 10.15 10.35 10.15 10.25 1677 
2018/04/06 10.25 10.3 10 10.1 977 
2018/04/13 10.1 10.3 10.05 10.15 1700 
2018/04/20 10.1 10.15 9.58 9.62 1942 
2018/04/27 9.65 9.65 9.02 9.07 2083 
2018/05/04 9.07 9.8 9.07 9.69 1355 
2018/05/11 10 10.1 9.6 9.96 1972 
2018/05/18 9.99 10.1 9.74 9.75 2129 
2018/05/25 9.8 10.7 9.8 10.3 4341 
2018/06/01 10.3 13.8 10.2 13.4 49613 
2018/06/08 13 13.45 12.25 12.3 39373 
2018/06/15 12.2 12.75 11.9 12.1 14085 
2018/06/22 12.25 13.2 11.7 12.3 23210 
2018/06/29 12.25 15.8 12.2 13.85 126954 
2018/07/06 14.05 16.2 13.35 14.5 134373 
2018/07/13 15.45 15.45 13.7 14.55 40140 
2018/07/20 14.25 14.6 12.3 12.5 18206 
2018/07/27 12.5 13.4 12.3 13.2 20978 
2018/08/03 13.05 13.25 12.45 12.5 9397 
2018/08/10 12.6 12.65 11.85 11.85 7161 
2018/08/17 11.8 11.8 10.75 11.45 10513 
2018/08/24 11.45 11.65 11.25 11.3 3686 
2018/08/31 11.3 12.9 11.3 12.5 17232 
2018/09/07 12.45 12.55 11.1 11.25 4307 
2018/09/14 11.25 11.25 10.6 11.15 4765 
2018/09/21 11.25 11.3 10.8 10.8 3131 
2018/09/28 10.85 11.1 10.7 10.7 1875 
2018/10/05 10.65 11.1 10 10.05 4582 
2018/10/12 10 10.25 8.36 9.03 4828 
2018/10/19 9.03 9.3 8.73 8.9 2521 
2018/10/26 8.9 9.16 8.18 8.25 1874 
2018/11/02 8.13 9.45 8.1 9.14 5292 
2018/11/09 9.16 9.29 8.91 8.92 1539 
2018/11/16 8.99 9.22 8.6 9.02 1723 
2018/11/23 9.05 9.25 8.96 8.96 1895 
2018/11/30 9.01 9.9 9.01 9.86 4537 
2018/12/07 9.94 10.75 9.64 9.87 16705 
2018/12/14 9.87 9.96 9.6 9.62 1784 
2018/12/21 9.58 9.69 8.71 9.14 2043 
2018/12/28 9.05 9.85 8.95 9.43 5193 
2019/01/04 9.45 9.46 8.99 9.08 829 
2019/01/11 9.2 9.25 9.11 9.11 980 
2019/01/18 9.11 9.19 8.95 9.1 1126 
2019/01/25 9.16 9.25 9.07 9.07 1175 
2019/02/01 9.12 9.16 9 9.07 421 
2019/02/15 9.09 9.46 9 9.31 2571 
2019/02/22 9.31 9.77 9.28 9.59 3059 
2019/03/01 9.66 9.81 9.51 9.53 1867 
2019/03/08 9.53 9.59 9.25 9.3 2273 
2019/03/15 9.38 9.56 9.26 9.42 2843 
2019/03/22 9.43 9.65 9.33 9.34 4636 
2019/03/29 9.24 9.32 9.03 9.06 1757 
2019/04/05 9.07 9.26 9.05 9.16 654 
2019/04/12 9.16 9.67 9.13 9.15 3059 
2019/04/19 9.18 9.74 9.16 9.26 5492 
2019/04/26 9.3 9.45 9.04 9.05 1586 
2019/05/03 9.06 9.15 8.96 9.09 782 
2019/05/10 9.09 9.09 8.6 8.68 1723 
2019/05/17 8.7 8.7 8.08 8.08 1171 
2019/05/24 8.09 8.3 7.97 8.1 1301 
2019/05/31 8.1 8.3 8.02 8.24 684 
2019/06/07 8.2 8.35 8.15 8.2 493 
2019/06/14 8.22 8.25 8.18 8.19 794 
2019/06/21 8.17 8.39 8.09 8.28 730 
2019/06/28 8.25 8.35 8.11 8.11 943 
2019/07/05 8.26 8.37 8.12 8.36 829 
2019/07/12 8.44 8.44 8.18 8.19 1185 
2019/07/19 8.24 8.39 8.17 8.3 1589 
2019/07/26 8.3 8.94 8.3 8.43 3225 
2019/08/02 8.4 8.5 8.18 8.24 1019 
2019/08/09 8.16 8.16 7.8 8.05 870 
2019/08/16 8 8.18 7.85 8.07 1306 
2019/08/23 8.1 8.36 8.1 8.35 1724 
2019/08/30 8.26 8.49 8.21 8.47 1503 
2019/09/06 8.55 8.55 8.23 8.25 1836 
2019/09/13 8.25 8.32 8.13 8.25 760 
2019/09/20 8.29 8.47 8.16 8.43 2108 
2019/09/27 8.44 8.55 8.2 8.2 1607 
2019/10/04 8.2 8.29 8.13 8.19 925 
2019/10/11 8.2 8.21 8.03 8.11 537 
2019/10/18 8.15 8.4 8.09 8.25 2280 
2019/10/25 8.25 8.66 8.2 8.34 3080 
2019/11/01 8.35 8.38 8.2 8.25 1385 
2019/11/08 8.28 8.28 8.03 8.04 1587 
2019/11/15 8.05 8.09 7.95 8 1228 
2019/11/22 8 8.08 7.94 8.02 1059 
2019/11/29 8.1 8.13 7.98 8 1287 
2019/12/06 8.05 8.24 7.98 8.15 1403 
2019/12/13 8.18 8.24 8.13 8.13 982 
