2018/12/24 58.1 68 58.1 64.6 1152 0 0 42878 0 0 42878 0 0 0 
2018/12/25 58 63.6 56 61 460 0 0 42878 0 0 42878 0 0 0 
2018/12/26 60.2 60.2 52.5 55 294 0 0 42878 0 0 42878 0 0 0 
2018/12/27 54.6 55 47.1 51 233 0 0 42878 0 0 42878 0 0 0 
2018/12/28 50.2 52.5 47.25 52.4 256 0 0 42879 0 0 42879 0 0 0 
2019/01/02 51.8 52.5 51 52.5 125 0 0 42878 0 0 42878 0 0 0 
2019/01/03 52 52 51.1 51.5 49 0 0 42878 0 0 42878 0 0 0 
2019/01/04 52 52.9 52 52 120 0 0 42878 0 0 42878 0 0 0 
2019/01/07 52.4 53 52 52.1 61 0 0 42878 0 0 42878 0 0 0 
2019/01/08 52.1 52.3 52 52.3 69 0 0 42878 0 0 42878 0 0 0 
2019/01/09 52.3 52.4 52 52.4 55 0 0 42878 0 0 42878 0 0 0 
2019/01/10 52.4 52.5 52.2 52.5 37 0 0 42878 0 0 42878 0 0 0 
2019/01/11 52.4 53 52.3 53 41 0 0 42878 0 0 42878 0 0 0 
2019/01/14 52.5 53.4 51.8 52 25 0 0 42878 0 0 42878 0 0 0 
2019/01/15 50.6 51.9 50.4 50.5 43 0 0 42878 0 0 42878 0 0 0 
2019/01/16 50.1 50.1 48.6 48.6 20 0 0 42878 0 0 42878 0 0 0 
2019/01/17 47.7 48 47.7 47.7 19 0 0 42878 0 0 42878 0 0 0 
2019/01/18 47 47.7 46.6 46.6 9 0 0 42878 0 0 42878 0 0 0 
2019/01/21 47.3 47.3 46.6 46.8 6 0 0 42878 0 0 42878 0 0 0 
2019/01/22 46.8 47.8 46.8 47.7 25 0 0 42879 0 0 42879 0 0 0 
