1998/02/20 44.9 62 44.9 62 1564 
1998/02/27 63.5 70 61.5 65.5 5390 
1998/03/06 64.5 64.5 57 63 2058 
1998/03/13 63.5 75 60 74 8691 
1998/03/20 74 78 70 73.5 6702 
1998/03/27 74 75 72.5 74.5 2039 
1998/04/03 75 80 74 78 6019 
1998/04/10 78 88 78 87.5 7190 
1998/04/17 87.5 87.5 75 76 5234 
1998/04/24 76.5 82.5 70 82 2804 
1998/05/01 82 89.5 76.5 88 5025 
1998/05/08 88 93 82.5 83 4271 
1998/05/15 83.5 89.5 83.5 86.5 3519 
1998/05/22 86.5 92 86 90.5 2793 
1998/05/29 90.5 90.5 78.5 78.5 2028 
1998/06/05 78.5 82 73.5 82 1981 
1998/06/12 83 84.5 59 59 1862 
1998/06/19 59 65 56.5 64 1364 
1998/06/26 63.5 64 60 62 919 
1998/07/03 61.5 64.5 58.5 63 1216 
1998/07/10 62.5 62.5 59.5 60 626 
1998/07/17 59 64 58.5 62 1773 
1998/07/24 63 65 60.5 64 2602 
1998/07/31 64 64.5 60 61 1634 
1998/08/07 61 61.5 59.5 60 920 
1998/08/14 60 60 58 59 1455 
1998/08/21 59.5 60 58 59 2022 
1998/08/28 58 58 50.5 50.5 1670 
1998/09/04 50.5 50.5 45 48 3202 
1998/09/11 48 50.5 45.5 47 2762 
1998/09/18 48 48 46 46.5 1218 
1998/09/25 46.6 51 45.8 50 1572 
1998/10/02 50 50 45 47.6 1009 
1998/10/09 47.4 48.5 46.3 47.6 300 
1998/10/16 47.6 51 47.6 48.8 860 
1998/10/23 49 49 47.1 48.3 494 
1998/10/30 48.3 53 48.1 53 2731 
1998/11/06 53 55 50 50.5 1857 
1998/11/13 51 51.5 49 49.8 829 
1998/11/20 50 52 49.8 50.5 1454 
1998/11/27 51.5 52 49.5 49.6 722 
1998/12/04 49.6 50 49.1 49.9 558 
1998/12/11 50 51 49.2 49.9 821 
1998/12/18 50.5 54 49.8 51 4230 
1998/12/25 51 54.5 51 53 2862 
1999/01/01 54 59 52.5 57 3475 
1999/01/08 57 57 50.5 52.5 2537 
1999/01/15 52 52 49 50 2860 
1999/01/22 50 50 48 49.6 818 
1999/01/29 49.2 51 48.5 50 1969 
1999/02/05 50 50 42.5 46.7 2351 
1999/02/12 46.7 47 45.5 46 721 
1999/02/19 46.9 47 46.1 47 209 
1999/02/26 47 50 45.8 46.8 1323 
1999/03/05 47.1 49 46.2 47.1 691 
1999/03/12 47.8 48.5 46.2 47 729 
1999/03/19 46.9 49.5 46.1 48.6 1347 
1999/03/26 48.6 49.2 46.6 46.8 1270 
1999/04/02 47.5 47.5 43.6 46 1150 
1999/04/09 45.1 46.1 44.5 46 823 
1999/04/16 46 46 44 45 1821 
1999/04/23 44.7 44.9 42 43 1374 
1999/04/30 42.8 42.8 39.1 40.4 1154 
1999/05/07 41 44.4 40.6 43.3 1107 
1999/05/14 43.3 48.4 43.3 46.2 3542 
1999/05/21 47 52.5 47 49.5 5149 
1999/05/28 50 52 48.5 51 4279 
1999/06/04 52 63.5 51 61 12712 
1999/06/11 61 65 58 65 10230 
1999/06/18 66 67 60 60.5 8330 
1999/06/25 60.5 62.5 57.5 60.5 6394 
1999/07/02 61 64.5 60 60.5 6489 
1999/07/09 61 66.5 60 66.5 10812 
1999/07/16 68 73 59 59 21682 
1999/07/23 59 77 58.5 77 21552 
1999/07/30 78 82 68.5 72 18789 
1999/08/06 72 73 53 57.5 12788 
1999/08/13 58 67.5 57.5 65.5 16198 
1999/08/20 66 73.5 66 70.5 15462 
1999/08/27 70 70 65 66.5 8138 
1999/09/03 66 69 64.5 68.5 8525 
1999/09/10 68.5 70 64 68.5 8498 
1999/09/17 69 69 61 62 7050 
1999/09/24 62.5 62.5 61.5 62 293 
1999/10/01 60 60 54 54 6799 
1999/10/08 52.5 59 52.5 57.5 9946 
1999/10/15 58 61 56.5 58.5 9701 
1999/10/22 59 59 56.5 58 3605 
1999/10/29 59.5 62 58.5 61.5 8748 
1999/11/05 61.5 61.5 56.5 59.5 6922 
1999/11/12 61 61.5 58.5 61 5293 
1999/11/19 61.5 68 61.5 67.5 18936 
1999/11/26 67.5 73 65.5 66 19922 
1999/12/03 67 69.5 64 66.5 15897 
1999/12/10 66 67 61 65 7338 
1999/12/17 65.5 67.5 61 62.5 7865 
1999/12/24 62.5 64 59 62.5 12052 
1999/12/31 62 62.5 60 60 2903 
2000/01/07 62 66 61 64 9742 
2000/01/14 65 68.5 64 65.5 15249 
2000/01/21 66 67.5 64.5 65.5 8871 
2000/01/28 66 72.5 65 66 18640 
2000/02/04 66 69 66 67.5 3353 
2000/02/11 68.5 72 68 72 11318 
2000/02/18 73.5 84.5 73 79 37842 
2000/02/25 79.5 79.5 69 70 10838 
2000/03/03 70.5 78 69 77 11364 
2000/03/10 78 78.5 71 74 12968 
2000/03/17 73.5 73.5 61.5 67 10024 
2000/03/24 65 72 63 70 8678 
2000/03/31 70.5 74 68 70 9980 
2000/04/07 69 77 68.5 77 14005 
2000/04/14 78 80.5 66.5 67.5 18060 
2000/04/21 68 73.5 67.5 70.5 6828 
2000/04/28 71 71 64.5 65 5413 
2000/05/05 65.5 66 60 62 4026 
2000/05/12 63 63.5 61 62.5 2809 
2000/05/19 63 65 60.5 61 3994 
2000/05/26 61 62 57.5 59.5 2344 
2000/06/02 59.5 64 58.5 62 3416 
2000/06/09 62 63.5 61.5 63 2417 
2000/06/16 63 68 62 66 6961 
2000/06/23 66 66.5 62 63.5 2577 
2000/06/30 64 64 57 57.5 2857 
2000/07/07 58 58.5 40.5 40.6 4785 
2000/07/14 41 44.5 39.3 42.9 2946 
2000/07/21 43 43.4 41 42.3 1428 
2000/07/28 42 42.7 39.5 41.3 1802 
2000/08/04 41.4 42.8 40 41 1700 
2000/08/11 41 42.7 40.2 41.8 1847 
2000/08/18 41.8 45.7 41 45.4 4361 
2000/08/25 46 50 45 45.5 7944 
2000/09/01 45 45.5 42 44 3679 
2000/09/08 44.6 47 43.8 44.7 3905 
2000/09/15 45 46.9 41 41.4 5648 
2000/09/22 41.2 41.2 36.3 36.6 3853 
2000/09/29 37 41 35.7 36.1 4579 
2000/10/06 37 41.5 36.5 40.1 8954 
2000/10/13 39.1 39.9 32.4 33.7 2186 
2000/10/20 35.4 35.4 27.3 29.2 3865 
2000/10/27 29.2 31.8 28.2 29.3 6138 
2000/11/03 28.3 28.9 25.6 27.4 4294 
2000/11/10 27.1 30.6 26.6 30.1 5162 
2000/11/17 28 28.6 24.2 24.4 3032 
2000/11/24 24.3 25.2 22 25.2 3343 
2000/12/01 25.5 25.6 23.4 24 2623 
2000/12/08 23.6 24.4 22.9 23.9 2884 
2000/12/15 24.1 25.1 23.7 24.1 4090 
2000/12/22 23.7 24.1 21.2 21.6 1815 
2000/12/29 21.8 21.9 19.8 20.9 3148 
2001/01/05 21 25.4 20.7 25.3 8899 
2001/01/12 24.7 28.9 24.2 26.9 14824 
2001/01/19 26 29 25.7 27.8 10912 
2001/02/02 28 31.8 26 31.8 10651 
2001/02/09 34 34 29.5 33 18642 
2001/02/16 33 38.6 32.5 34.3 18110 
2001/02/23 31.9 33.9 30 31.3 6371 
2001/03/02 31.7 32.2 29.6 30.1 3896 
2001/03/09 30.3 36.5 30.2 34.2 17379 
2001/03/16 32.8 39 32.8 38.6 24183 
2001/03/23 39.1 39.1 35 36.6 13873 
2001/03/30 36.6 38.5 35.6 37.1 20994 
2001/04/06 37.4 38.3 33.6 36.3 11699 
2001/04/13 35.4 35.9 32.9 35.4 8288 
2001/04/20 35.4 36.9 34.7 34.9 20002 
2001/04/27 35 36 34 34 7295 
2001/05/04 33.6 34.1 30.3 30.3 4786 
2001/05/11 31.2 31.2 27 28.9 4204 
2001/05/18 28.3 28.8 27.5 27.8 4011 
2001/05/25 27.2 28.4 24.5 27.4 7278 
2001/06/01 26.8 27.2 25.5 26.6 3716 
2001/06/08 27 29.2 26.1 28.4 8240 
2001/06/15 28.6 29.6 27.5 28.1 4107 
2001/06/22 28.3 28.3 26.8 27 1696 
2001/06/29 27 27 24.7 25.7 2819 
2001/07/06 26 26 20.2 20.4 4982 
2001/07/13 20.5 20.7 19.3 19.5 3242 
2001/07/20 19 19.2 16 17.1 4168 
2001/07/27 17.2 19.5 16.2 19 5467 
2001/08/03 18.4 20.1 18.4 19.8 2661 
2001/08/10 19.8 20.1 18.9 19.6 1729 
2001/08/17 19.6 20.8 19.3 20.3 3837 
2001/08/24 19.8 20.2 18.6 19 3022 
2001/08/31 19 19.8 18.1 19.5 2457 
2001/09/07 19.7 20.1 18.2 19.2 2532 
2001/09/14 19.2 19.2 16.3 16.5 1886 
2001/09/21 16 16.9 15.9 16.2 700 
2001/09/28 16 18.2 16 17.7 2062 
2001/10/05 17.2 17.8 16.3 16.9 970 
2001/10/12 16 18.1 16 17.5 2636 
2001/10/19 16.7 17.6 16.5 17.6 2684 
2001/10/26 17.6 18.5 17.5 18.1 3135 
2001/11/02 18.1 18.3 17.4 18.2 2716 
2001/11/09 18.3 19.3 17.8 18.3 6610 
2001/11/16 18.2 21.5 18 20.6 9563 
2001/11/23 20.6 21.8 20.3 20.9 5993 
2001/11/30 21.2 23.8 20.8 23.1 13686 
2001/12/07 23.9 26.1 23 25.2 17708 
2001/12/14 25.3 29.7 25.3 26.7 26348 
2001/12/21 26.8 29.1 24.2 24.8 17241 
2001/12/28 26 27.8 25.5 26.9 9624 
2002/01/04 27.5 29.2 27 28.2 12145 
2002/01/11 28.7 31.6 28.7 30.3 27266 
2002/01/18 30.3 30.8 26.7 28.5 18261 
2002/01/25 28.8 30.5 28.3 29.7 15087 
2002/02/01 30 31 28.2 28.8 10904 
2002/02/08 28.8 29.3 27.8 28.6 2467 
2002/02/22 29.1 29.5 26.2 26.3 4147 
2002/03/01 26.3 26.8 25.1 26 2678 
2002/03/08 26.6 29.2 26.4 28.2 7810 
2002/03/15 28.5 29 27 27.1 4037 
2002/03/22 27.2 31 27 29.9 12399 
2002/03/29 29.9 39.1 29.7 39.1 41342 
2002/04/05 39.6 43.9 39.6 41.4 24676 
2002/04/12 41.6 45 39 40.8 20191 
2002/04/19 41 44.8 40.5 41.1 16865 
2002/04/26 41.5 43.9 41 41 11835 
2002/05/03 40.6 40.6 36.5 38 5711 
2002/05/10 38 38.4 32.6 35 8874 
2002/05/17 34 38.3 33.5 36.2 14173 
2002/05/24 35.5 38 34.1 37.7 7777 
2002/05/31 38.7 39 36.9 38.1 11714 
2002/06/07 37.8 38.6 36.1 37 4791 
2002/06/14 37.5 38.4 36.6 37.5 5275 
2002/06/21 37.8 38.6 33.8 35.5 9198 
2002/06/28 35.5 35.7 30.6 31.3 3821 
2002/07/05 31.3 31.3 25.3 29.3 6152 
2002/07/12 30.3 34.7 30 34.2 11409 
2002/07/19 34.4 34.5 31.8 32.2 5399 
2002/07/26 32 33.4 29.9 30.8 6562 
2002/08/02 30.8 32.8 30.8 31.5 5200 
2002/08/09 29.3 31.5 28.1 31 4555 
2002/08/16 31.8 33.5 31.2 32.5 11639 
2002/08/23 33.1 34.3 32.2 33.1 11356 
2002/08/30 33.4 35.9 33.1 33.2 18967 
2002/09/06 33.2 33.2 31.5 31.5 7762 
2002/09/13 31.7 34.1 29.4 31.8 20859 
2002/09/20 32 32.2 29.1 29.4 9988 
2002/09/27 29.4 30.4 27.5 28 8384 
2002/10/04 28 29.3 26.7 27 8446 
2002/10/11 27 27.3 25.1 26 8559 
2002/10/18 26.5 30.5 26.3 30 25025 
2002/10/25 30 30.9 28.9 29.7 23050 
2002/11/01 30.3 32.6 29.6 30.5 26788 
2002/11/08 31.5 31.9 30.4 31.2 19641 
2002/11/15 31.2 33.1 30.8 31.9 26047 
2002/11/22 32 33.6 30.6 31 18135 
2002/11/29 31 31.5 30 30.3 7657 
2002/12/06 30.3 32.8 30.3 31.1 15179 
2002/12/13 31.8 33.2 30.7 31.8 25442 
2002/12/20 31.8 32.8 30.1 31 11311 
2002/12/27 31 31.2 29.3 30 5916 
2003/01/03 29.8 30.4 29 30.2 4783 
2003/01/10 30.6 31.6 30.2 30.7 7520 
2003/01/17 31 32.3 30.5 30.5 15008 
2003/01/24 30.2 31.2 29.7 29.8 7685 
2003/01/31 29.5 30.6 29.3 30.4 1987 
2003/02/07 30 30.4 29.3 30 1775 
2003/02/14 29.9 30 28.6 28.6 2142 
2003/02/21 29 29.8 28.5 28.8 2352 
2003/02/28 29 29 27.9 28.3 3121 
2003/03/07 28.4 28.6 26.6 26.7 2806 
2003/03/14 26.8 27.4 25.8 27 2940 
2003/03/21 27 27.9 26.2 26.2 4884 
2003/03/28 26.5 27.2 26.4 26.5 4347 
2003/04/04 26.2 26.3 25.2 26.3 2317 
2003/04/11 26.5 27.2 26 26.2 2676 
2003/04/18 26.2 27.8 25.7 27.2 6778 
2003/04/25 27.2 28 25.2 25.7 8906 
2003/05/02 25.5 26 24.1 24.7 6028 
2003/05/09 24.7 25.9 24.6 25.3 3486 
2003/05/16 25.5 26 25.1 25.5 8372 
2003/05/23 25.3 27.1 24.7 26.6 6561 
2003/05/30 27 30.3 27 29 26569 
2003/06/06 29.5 31.8 29.4 31 15023 
2003/06/13 30.8 32.3 30.4 31.4 13223 
2003/06/20 31.4 32.7 31 31 11131 
2003/06/27 30.9 31.6 30.2 30.3 6693 
2003/07/04 30.3 32.2 29.6 31.8 20629 
2003/07/11 32.1 33.9 31.5 32.8 23783 
2003/07/18 33.8 35.6 30.3 30.3 24211 
2003/07/25 31 36.4 30.7 35.5 27337 
2003/08/01 36.5 38.5 35.7 36.3 15527 
2003/08/08 36.3 37.1 34 34 8754 
2003/08/15 34.2 39.8 34 39.8 34469 
2003/08/22 40.4 41.8 39 39.9 27132 
2003/08/29 39.9 40.7 38.5 39.7 27822 
2003/09/05 39.7 39.7 35.6 36.4 22384 
2003/09/12 36.2 37.1 34.7 35.9 8421 
2003/09/19 36 37.7 35.8 37.1 7118 
2003/09/26 36.9 36.9 35.6 35.9 3935 
2003/10/03 35.7 36.3 34.8 36.3 4262 
2003/10/10 36.7 36.9 35.3 35.7 2985 
2003/10/17 35.7 38.1 34.9 37.5 7033 
2003/10/24 37.7 38.5 36.3 36.6 7696 
2003/10/31 36.9 37.4 36.3 36.7 3355 
2003/11/07 37.2 39.5 36.6 39 16980 
2003/11/14 39.1 41.5 38.7 40.7 30134 
2003/11/21 40.8 42.1 40.2 40.9 19653 
2003/11/28 40.9 41.5 39.4 41.2 15593 
2003/12/05 41.8 47.1 41.8 44.8 43765 
2003/12/12 44.9 47.7 44.6 47 35247 
2003/12/19 47 47.2 44.8 45.5 20335 
2003/12/26 45.5 45.9 43.3 44.3 11411 
2004/01/02 43.8 46.4 43.8 46.4 12109 
2004/01/09 46.6 46.9 44.8 45.3 18208 
2004/01/16 45.3 47.1 45.2 45.5 17524 
2004/01/30 46.5 49.3 45.6 48.6 27075 
2004/02/06 49 49.4 46.7 47.4 21598 
2004/02/13 47.9 49.2 47.3 47.7 48053 
2004/02/20 48 49 47.5 48.4 21652 
2004/02/27 50.5 51.5 49.1 49.5 44987 
2004/03/05 49.9 53.5 49.2 52 40750 
2004/03/12 52.5 53 49.5 49.9 18356 
2004/03/19 51 51.5 49.6 50 12785 
2004/03/26 46.5 46.5 43.3 44.8 9397 
2004/04/02 47.7 50.5 46.2 49.4 11102 
2004/04/09 50.5 52 49.2 49.4 12114 
2004/04/16 50 53 49.5 52.5 16924 
2004/04/23 53 53.5 49.5 50.5 16698 
2004/04/30 50.5 50.5 44.6 45.7 8357 
2004/05/07 45.5 47.4 44.1 45.4 4018 
2004/05/14 44.6 44.9 40.8 41.1 5659 
2004/05/21 40.3 42 38.3 41.6 7836 
2004/05/28 41.3 43.3 40.5 41.3 5765 
2004/06/04 41.1 41.4 38 38.8 3534 
2004/06/11 39.5 40.4 39 39 2407 
2004/06/18 39 39.3 35.5 36.9 5327 
2004/06/25 37.3 38.1 35.5 37.7 3641 
2004/07/02 37.9 38.3 36.8 37.3 3828 
2004/07/09 37.2 37.2 35.1 35.8 3643 
2004/07/16 36.1 37.6 35 35.1 4534 
2004/07/23 35 35 31.1 33 6564 
2004/07/30 32.7 33.6 28.9 30.2 11362 
2004/08/06 30 30.8 29.2 30.1 9260 
2004/08/13 29.9 30.6 29.2 29.4 4759 
2004/08/20 29.4 31.6 29 31.5 7242 
2004/08/27 31.6 33.7 31.2 32.6 8901 
2004/09/03 32.9 32.9 30.9 31.2 8829 
2004/09/10 31.4 36.8 31.2 35.8 32320 
2004/09/17 36.1 37.7 35.2 36 20877 
2004/09/24 36.3 37.8 35 37 11948 
2004/10/01 36.7 37 35.5 36 6774 
2004/10/08 36.5 37.3 35.3 35.5 12648 
2004/10/15 36 36.3 30.7 32 15532 
2004/10/22 31.4 31.9 30.7 30.8 6056 
2004/10/29 30.2 30.3 28.3 29.1 6738 
2004/11/05 29.2 29.3 27.6 28.6 10041 
2004/11/12 29 30.1 27.8 29.4 21022 
2004/11/19 29.8 30.7 29 30.3 23871 
2004/11/26 30.1 30.4 28.8 29.2 15826 
2004/12/03 29.3 29.8 28.5 28.9 5012 
2004/12/10 29 29.4 28.3 28.8 14836 
2004/12/17 29 30.7 28.8 30.2 14707 
2004/12/24 29.5 30.2 29 29.7 8791 
2004/12/31 29.8 30.2 29.3 30 5163 
2005/01/07 30.1 30.8 29 29 7794 
2005/01/14 29.2 29.9 28.7 29.2 4577 
2005/01/21 29.6 29.9 29 29.2 2896 
2005/01/28 29.3 29.5 28.6 29.4 3887 
2005/02/04 29.5 30.4 29.3 29.8 9738 
2005/02/18 30.5 33 30.1 32.2 29149 
2005/02/25 32.5 33.7 31.3 32.8 23205 
2005/03/04 33 33.2 32 32.45 8632 
2005/03/11 32.6 36.6 32.6 35.4 32183 
2005/03/18 35.4 36.3 33.4 34.25 16053 
2005/03/25 34.65 35.3 33.9 34.55 10653 
2005/04/01 35 35.75 33.7 35 11860 
2005/04/08 34.8 35.4 34.3 35 6140 
2005/04/15 35 36.1 34.3 34.5 25106 
2005/04/22 34.4 34.5 31.7 32.55 11755 
2005/04/29 32.35 32.8 32.25 32.5 5712 
2005/05/06 32.8 33.3 32.45 32.95 4625 
2005/05/13 32.95 34.45 32.55 33.7 14698 
2005/05/20 34.35 34.45 33.5 33.75 13948 
2005/05/27 33.75 34.1 33 33.8 12218 
2005/06/03 34 35.1 33.6 34.55 14339 
2005/06/10 34.8 35.05 34.1 34.7 13570 
2005/06/17 35 35.1 33.9 34.3 11507 
2005/06/24 34.35 34.9 33.9 34.35 9124 
2005/07/01 34.25 36.75 34.1 34.3 9058 
2005/07/08 34.5 35.4 34.5 34.75 17769 
2005/07/15 35 36.9 34.9 36.25 29388 
2005/07/22 36.45 38.4 36.25 37.05 23971 
2005/07/29 37.1 38.7 32.9 33.5 52675 
2005/08/05 33.75 34.1 33.05 33.7 13975 
2005/08/12 33.7 34.3 32.4 32.95 20897 
2005/08/19 32.8 32.8 31.25 31.25 6779 
2005/08/26 31.35 31.9 31.1 31.55 3783 
2005/09/02 31.4 31.85 28.55 29.6 9289 
2005/09/09 29.8 30.4 29.1 29.35 8754 
2005/09/16 29.45 29.5 27.8 27.8 7430 
2005/09/23 27.9 28.3 27.2 27.2 3660 
2005/09/30 27.3 27.9 26.4 27.45 6498 
2005/10/07 27.9 29.35 27.3 27.6 13910 
2005/10/14 27.6 27.9 27.15 27.75 7147 
2005/10/21 27.85 27.95 23.7 24.35 11000 
2005/10/28 24.6 24.7 22.05 22.5 7155 
2005/11/04 22.85 24 22.7 23.6 6763 
2005/11/11 23.65 24 22.9 23.75 4107 
2005/11/18 23.8 25.25 23.2 25.25 11790 
2005/11/25 25.25 25.6 24.4 25.1 9711 
2005/12/02 25.6 25.85 25.05 25.3 9008 
2005/12/09 25.35 26.1 25.05 25.95 9387 
2005/12/16 26.05 27.2 25.6 27.2 11681 
2005/12/23 27.45 28.5 26.9 27.6 19513 
2005/12/30 27.6 28.6 27.05 27.6 18192 
2006/01/06 27.1 28.45 26.7 27.65 12912 
2006/01/13 28.1 28.2 26.5 26.6 6453 
2006/01/20 26.3 26.6 24.2 24.2 4694 
2006/01/27 23.7 24.25 23.6 24.05 1403 
2006/02/03 24.1 24.4 24 24.3 354 
2006/02/10 24.5 25.9 24.35 24.65 2890 
2006/02/17 24.65 24.8 24.15 24.45 2565 
2006/02/24 24.3 24.45 23.05 23.35 2134 
2006/03/03 23.55 24.7 23.55 24.35 4719 
2006/03/10 24.45 24.5 23.5 23.75 1520 
2006/03/17 23.8 24.15 23.6 23.75 2170 
2006/03/24 23.8 24.8 23.8 24.2 5177 
2006/03/31 24.2 24.45 23.9 24.25 2031 
2006/04/07 24.25 25.2 23.9 24.85 4802 
2006/04/14 24.9 25.1 24.2 24.9 4358 
2006/04/21 25.1 26.5 24.8 25.6 14243 
2006/04/28 25.6 27.6 25.45 26.6 15693 
2006/05/05 26.8 26.8 26 26.1 6415 
2006/05/12 26.25 27 26.1 26.15 10479 
2006/05/19 26.1 26.4 25 26.1 13006 
2006/05/26 25.9 27.4 25.9 26.75 16598 
2006/06/02 26.95 27.2 26.15 26.8 6458 
2006/06/09 26.8 26.8 23.8 24.2 9146 
2006/06/16 24.2 24.95 23.9 24.3 4414 
2006/06/23 24.3 24.4 23.35 23.55 2338 
2006/06/30 23.4 24.65 23.4 24.5 3916 
2006/07/07 24.5 24.65 24.2 24.3 1480 
2006/07/14 24.15 25.25 24.1 24.3 5881 
2006/07/21 24.2 24.75 23.35 24.45 6297 
2006/07/28 24.3 25.5 24.2 25.3 7256 
2006/08/04 25.5 25.85 21.95 21.95 15746 
2006/08/11 21.75 22.3 21.5 21.9 6791 
2006/08/18 22 22.6 21.75 22.1 6951 
2006/08/25 22 22 21.25 21.3 3168 
2006/09/01 21.15 21.4 20.9 21.15 2605 
2006/09/08 21.15 21.4 20.95 21.1 2250 
2006/09/15 21.1 21.45 20.2 20.3 4074 
2006/09/22 20.4 20.9 20.4 20.55 2526 
2006/09/29 20.55 21.9 20.55 21.2 11129 
2006/10/06 21.3 22.4 21.2 21.5 8431 
2006/10/13 21.55 22.2 21.1 21.95 6719 
2006/10/20 22.2 22.45 21.5 21.9 7657 
2006/10/27 22 23.2 21.9 22.25 11752 
2006/11/03 22.15 22.5 21.8 21.8 6837 
2006/11/10 21.4 22.8 21.4 22.15 9806 
2006/11/17 22.2 24 21.55 23.25 19143 
2006/11/24 23.5 23.65 23.05 23.65 7166 
2006/12/01 23.65 24.4 23.4 23.85 11853 
2006/12/08 24 24.6 23.8 23.95 9480 
2006/12/15 24.2 24.2 22.9 23.2 8151 
2006/12/22 23.3 24.1 23.3 23.6 6326 
2006/12/29 23.7 24.45 23.7 24.2 7900 
2007/01/05 24.3 25.8 24.3 25.65 14366 
2007/01/12 25.65 26.05 24.2 25.85 14440 
2007/01/19 26.05 26.3 25.35 25.5 10183 
2007/01/26 25.5 26 25.25 25.35 5960 
2007/02/02 25.4 25.55 24.6 24.9 4693 
2007/02/09 25 25.4 24.7 24.75 6302 
2007/02/16 24.95 25.25 24.7 24.9 4732 
2007/03/02 25.15 25.2 24.5 24.55 3720 
2007/03/09 24.55 24.65 23.5 24.5 5901 
2007/03/16 24.5 26.5 24.5 26.25 13893 
2007/03/23 26.2 26.3 25.8 25.9 5144 
2007/03/30 25.9 26.8 25.65 26.65 7268 
2007/04/06 27 27.45 26.7 27.1 6662 
2007/04/13 27.5 28.6 27.2 28.3 17835 
2007/04/20 29 29.45 28 28.35 13763 
2007/04/27 28.5 28.85 28.35 28.4 4915 
2007/05/04 28.5 28.8 27.7 28.6 7717 
2007/05/11 29 30 28.5 29.45 14865 
2007/05/18 29.7 29.75 28.65 28.95 5599 
2007/05/25 28.95 30.5 28.9 30.1 9323 
2007/06/01 30.6 31.2 30.3 30.6 9729 
2007/06/08 30.6 31.35 30.1 30.8 9239 
2007/06/15 31.15 32.3 30.9 32 13904 
2007/06/22 32.2 33.5 32 33.4 10766 
2007/06/29 34 34.5 31 31.15 18488 
2007/07/06 31.2 32.8 31.1 32.3 13243 
2007/07/13 32.5 32.8 31.6 31.6 16252 
2007/07/20 31.6 32.8 30.7 32.8 16871 
2007/07/27 33 33.9 30.5 30.65 14840 
2007/08/03 30.5 31.4 30.05 31.05 7962 
2007/08/10 30.65 31.25 30.25 30.3 5996 
2007/08/17 30 31.4 27.6 27.85 14899 
2007/08/24 29 29.5 28.4 29.05 4909 
2007/08/31 29.2 30.6 29.1 30.55 6659 
2007/09/07 30.8 31.4 30.1 30.65 5259 
2007/09/14 30 30.8 29.15 29.4 6856 
2007/09/21 29.1 30.7 29.1 29.25 4411 
2007/09/28 29.5 30.2 29.35 29.65 4819 
2007/10/05 29.65 29.75 29.25 29.4 4084 
2007/10/12 29.4 29.85 29 29.15 5413 
2007/10/19 29.15 29.25 28.6 28.6 3958 
2007/10/26 28 28.9 27.75 28.25 3410 
2007/11/02 28.45 30 28.2 29.45 7110 
2007/11/09 29.6 29.65 27.5 27.8 5515 
2007/11/16 27.5 28.3 27 27.8 3037 
2007/11/23 27.8 28 26.9 26.9 1770 
2007/11/30 27.3 27.3 26.35 27.1 1605 
2007/12/07 28.3 28.3 27.5 27.95 2134 
2007/12/14 28 28.4 26.8 27.2 3678 
2007/12/21 27.25 27.3 25.5 25.5 2790 
2007/12/28 26 26.5 25.7 26.45 2222 
2008/01/04 26.6 27.15 26.4 26.8 1800 
2008/01/11 26.1 27.6 25.6 27.35 4738 
2008/01/18 27.45 27.8 26.75 27.3 4399 
2008/01/25 27.4 27.55 25.4 26.25 2867 
2008/02/01 26.05 26.3 25.7 26.3 1603 
2008/02/15 26.1 26.65 25.8 26.5 1235 
2008/02/22 26.55 27.25 26.5 27.05 2777 
2008/02/29 27.05 27.8 26.85 27.45 4706 
2008/03/07 27.2 28.5 27.1 28 7074 
2008/03/14 28 28.6 27.25 27.5 4075 
2008/03/21 27.5 28.4 27.1 28.15 3416 
2008/03/28 29.25 29.4 28.2 28.6 5806 
2008/04/04 28.7 29.1 28.65 29 2851 
2008/04/11 29.1 29.75 28.95 29.35 4587 
2008/04/18 29.3 29.45 28.95 29.2 2546 
2008/04/25 29.2 30.25 29.1 29.35 7883 
2008/05/02 29.35 29.6 28.9 29.05 3452 
2008/05/09 29.05 29.2 28.05 28.3 4926 
2008/05/16 28.3 28.9 27.75 28.85 4576 
2008/05/23 28.95 29.15 28.1 28.6 1903 
2008/05/30 28.6 28.65 27.75 28.1 2683 
2008/06/06 28.1 28.8 28.1 28.5 2607 
2008/06/13 28.1 28.4 26.75 27.25 2650 
2008/06/20 27.6 27.6 26.35 26.75 2192 
2008/06/27 26.45 26.6 25.45 25.6 1929 
2008/07/04 25.6 26.2 25.35 25.75 2420 
2008/07/11 25.9 26.05 24.95 25.55 4032 
2008/07/18 25.55 25.8 18.9 18.9 9700 
2008/07/25 18.5 22.8 18.5 22.5 4731 
2008/08/01 21.7 23 21.6 22.1 1917 
2008/08/08 21.85 22.35 21.2 22.2 1349 
2008/08/15 22.3 22.55 21.9 22.4 1636 
2008/08/22 22.4 22.45 21.6 22.15 1956 
2008/08/29 22.25 22.8 22.1 22.6 1904 
2008/09/05 22.4 22.4 21.1 21.5 3728 
2008/09/12 21.7 22.05 20.05 20.15 1489 
2008/09/19 19.65 20.15 16.9 18.25 2476 
2008/09/26 19 19.4 18 18.05 1094 
2008/10/03 16.8 17.8 16.8 17.7 854 
2008/10/10 17.4 17.45 16.2 16.2 864 
2008/10/17 15.65 16.9 15.6 15.6 850 
2008/10/24 15.15 15.85 14.2 14.2 1249 
2008/10/31 13.25 14 12.35 13.8 1723 
2008/11/07 14.2 14.8 13.8 14.55 1343 
2008/11/14 14.8 14.8 13.25 13.65 762 
2008/11/21 13.3 13.45 10.95 11.5 1366 
2008/11/28 11.65 12.1 11 11.9 911 
2008/12/05 12 12.15 11.15 11.25 799 
2008/12/12 11.45 12.3 11.3 11.75 2360 
2008/12/19 11.75 12.1 11.5 11.65 1318 
2008/12/26 11.65 11.65 10.3 10.75 1583 
2009/01/02 10.75 11.1 10.6 11 358 
2009/01/09 11.1 11.65 10.85 11 997 
2009/01/16 11 11.45 10.7 10.95 791 
2009/01/23 10.95 11.05 10.5 10.8 273 
2009/02/06 10.9 11.3 10.5 11.1 738 
2009/02/13 11.3 11.4 11 11.35 512 
2009/02/20 11.35 11.5 11 11.1 577 
2009/02/27 11 11.5 11 11.4 391 
2009/03/06 11.4 12.1 11.1 11.95 1430 
2009/03/13 12 13.1 11.8 12.8 2477 
2009/03/20 12.95 13.1 12.55 12.55 1372 
2009/03/27 12.6 14.3 12.5 13.9 2213 
2009/04/03 13.9 14 13.2 13.9 1846 
2009/04/10 14.1 15 13.9 15 2268 
2009/04/17 15 15.2 14.1 14.15 3227 
2009/04/24 14.15 14.9 13.75 14.8 2023 
2009/05/01 14.8 14.8 13.45 14.35 2520 
2009/05/08 14.75 15.3 14.6 15.3 4035 
2009/05/15 15.5 15.8 14.55 14.8 2677 
2009/05/22 14.7 15.65 14.55 15.5 3510 
2009/05/29 15.5 16.1 15.05 15.15 2272 
2009/06/05 15.55 16.35 14.85 16.15 8727 
2009/06/12 16.15 16.15 14.7 15.25 3264 
2009/06/19 15.05 15.7 14.45 15.2 3392 
2009/06/26 15 15.15 14.65 15.05 1682 
2009/07/03 15 15.4 14.9 15.25 2154 
2009/07/10 15.25 15.9 14.55 14.65 5283 
2009/07/17 14.7 14.8 14.45 14.6 2239 
2009/07/24 14.7 15.05 14.6 14.85 1997 
2009/07/31 14.9 16.65 14.8 16.25 11188 
2009/08/07 16.3 17.5 15.2 15.7 5819 
2009/08/14 15.5 16 14.95 15.45 2025 
2009/08/21 15.45 15.55 14.5 14.65 1844 
2009/08/28 14.8 14.9 14.5 14.55 1262 
2009/09/04 14.6 15.35 14.6 15.1 2760 
2009/09/11 15.3 15.45 14.9 14.95 3211 
2009/09/18 14.9 15.85 14.8 15.65 5282 
2009/09/25 15.75 16.3 15.2 15.7 4840 
2009/10/02 15.6 16.8 15.5 16.1 8911 
2009/10/09 16.2 19.6 16.15 17.6 27138 
2009/10/16 17.6 17.95 17.1 17.75 12338 
2009/10/23 17.6 19.3 17.6 18.5 26690 
2009/10/30 18.7 18.7 16.4 17 7065 
2009/11/06 16.7 18.4 16.7 18 6536 
2009/11/13 18.95 24 18.95 24 54519 
2009/11/20 24 25.45 23.3 24.7 40294 
2009/11/27 24.55 24.95 23.25 23.9 18346 
2009/12/04 24 25.4 23.7 24 14391 
2009/12/11 24.3 27.5 23.9 26 36942 
2009/12/18 26.5 29.3 25.75 26.6 26127 
2009/12/25 28.45 28.45 27.4 27.5 26711 
2010/01/01 27.55 28.85 27.55 27.65 18068 
2010/01/08 28 28.1 25.3 26 18110 
2010/01/15 26.5 28.45 26.05 27.45 23456 
2010/01/22 27.45 28.3 25.85 26 14351 
2010/01/29 26 30 25.5 28.7 46187 
2010/02/05 29.2 31.1 25.8 26.05 75544 
2010/02/12 26.15 29.3 26.1 28.3 14963 
2010/02/26 29.2 32.2 28.4 31.25 47865 
2010/03/05 31.8 33.8 31.25 32.65 35516 
2010/03/12 33.2 33.5 30.8 31.05 37202 
2010/03/19 31.35 32.75 31.1 32.2 30279 
2010/03/26 32.1 32.45 30.2 30.75 21167 
2010/04/02 30.75 31.2 30.5 30.9 11386 
2010/04/09 31.2 31.75 30.6 31 10764 
2010/04/16 31.35 31.35 30.05 30.6 9052 
2010/04/23 30 31.5 28.6 30.5 16588 
2010/04/30 30.7 32.6 30.1 30.65 22850 
2010/05/07 30.85 31 27 28.45 10073 
2010/05/14 28.8 31.9 28.7 31.4 17159 
2010/05/21 31 31.15 27.5 28.2 8781 
2010/05/28 28.8 29.4 26.55 28.8 6315 
2010/06/04 29.3 29.8 28.55 29.25 5751 
2010/06/11 28.05 31.2 27.7 30.35 9896 
2010/06/18 30.9 31.85 30.35 31.1 12518 
2010/06/25 31.6 32.05 30.4 30.6 13128 
2010/07/02 31.15 31.65 29.85 31.2 8977 
2010/07/09 31.7 36.5 31.6 35.6 64833 
2010/07/16 35.4 41.5 35.4 39.5 75096 
2010/07/23 39.5 43.2 39.5 39.95 64151 
2010/07/30 40 42.8 39.5 40.45 51813 
2010/08/06 40.5 41.45 38.4 39.95 45622 
2010/08/13 39.9 44.05 39.6 44.05 52595 
2010/08/20 45.05 49.8 44.65 46.9 63188 
2010/08/27 47 52 43.3 46.5 71907 
2010/09/03 47.4 49.3 44.9 48.3 60693 
2010/09/10 49.4 52.1 43.8 44.6 87259 
2010/09/17 44.6 46.6 43.35 44.15 33840 
2010/09/24 44.2 45.15 41 41.3 21770 
2010/10/01 41.6 42.25 39 40.95 27890 
2010/10/08 41 41.1 38.4 39.2 15675 
2010/10/15 39.7 41.15 38.7 39.05 14137 
2010/10/22 39.05 40.1 38.25 38.9 16197 
2010/10/29 39.3 41.8 39.05 41.45 21616 
2010/11/05 42 42.9 38.9 39.8 19082 
2010/11/12 40.35 40.5 38.85 39.3 7901 
2010/11/19 39.3 40.65 38.7 39.7 7879 
2010/11/26 40.05 41.4 39.5 40.4 18272 
2010/12/03 41 44.85 40.2 43.7 34363 
2010/12/10 44 45.3 42.8 44.2 24763 
2010/12/17 44.5 44.8 42.1 42.5 15958 
2010/12/24 43 44.85 42.55 43.8 14680 
2010/12/31 43.8 43.8 41.4 41.75 9434 
2011/01/07 41.9 43.5 41.5 42.2 11084 
2011/01/14 42.2 43.4 41.35 43.1 15958 
2011/01/21 43.7 45.65 43.1 45.1 42153 
2011/01/28 45.2 46.2 44 44 18572 
2011/02/11 44.5 44.55 41.5 41.6 7300 
2011/02/18 41.8 44.6 41.45 44.1 13199 
2011/02/25 44.4 44.4 40.6 41.2 8319 
2011/03/04 41.8 42.55 41.2 41.6 5520 
2011/03/11 41.6 42.45 40.85 41.45 4657 
2011/03/18 40.8 41.2 36.6 38.5 9333 
2011/03/25 38.7 40.95 38.7 40.4 9541 
2011/04/01 40.45 43.8 40.4 43.25 12218 
2011/04/08 43.95 44.2 43.1 43.1 7609 
2011/04/15 43.2 44 42.45 43.4 9052 
2011/04/22 43.5 44.8 42.8 43.65 11135 
2011/04/29 43.9 44.4 43.5 43.65 8374 
2011/05/06 43.65 43.65 42.3 43.25 5905 
2011/05/13 43.5 44.3 43.35 43.9 7743 
2011/05/20 43.9 43.9 42.4 42.5 4470 
2011/05/27 42.45 42.65 41.5 42.5 3778 
2011/06/03 42.5 43.4 42.35 43.05 3622 
2011/06/10 43.1 44.2 43 43.1 5404 
2011/06/17 42.85 43.4 42 42.1 5388 
2011/06/24 42.1 42.5 40.5 41.6 4912 
2011/07/01 41.3 43.35 41.2 43.35 3999 
2011/07/08 43.55 44.1 43.05 43.45 5302 
2011/07/15 43.4 43.4 36.1 37.2 13944 
2011/07/22 37.05 37.05 34 34.7 6187 
2011/07/29 34.7 35 31.5 31.75 6101 
2011/08/05 31.8 32.1 28.6 29.55 10208 
2011/08/12 29.1 30.45 25.6 29.15 14279 
2011/08/19 29.45 29.65 27 27.45 6761 
2011/08/26 27.1 28.35 26.1 28.25 4570 
2011/09/02 28.3 29.5 27.9 28.8 3742 
2011/09/09 28.35 28.85 27.6 28.85 3032 
2011/09/16 30.3 30.55 28.9 30.15 7753 
2011/09/23 30.45 30.9 28.2 29 6617 
2011/09/30 28.95 29.3 28.3 29.1 3212 
2011/10/07 29 29 28.1 29 1822 
2011/10/14 29.5 30.65 29.15 29.75 3430 
2011/10/21 30.2 33.3 30 32.05 12387 
2011/10/28 32.7 33.1 30.95 31.05 8088 
2011/11/04 30.8 30.8 29.8 30.1 4799 
2011/11/11 30.1 30.65 28.5 28.7 3463 
2011/11/18 28.8 29.15 27.85 27.95 2268 
2011/11/25 27.9 27.9 25 25.3 4435 
2011/12/02 25.4 27 25.1 26.4 2894 
2011/12/09 26.4 26.45 25.3 25.4 1664 
2011/12/16 25.6 26.25 25.4 25.5 2260 
2011/12/23 25.45 26.3 23.5 25.8 3366 
2011/12/30 25.95 25.95 25.25 25.55 1058 
2012/01/06 25.55 26.2 25.3 26.1 1679 
2012/01/13 26.3 27 25.75 25.75 3429 
2012/01/20 26.2 27.3 25.75 26.6 3291 
2012/02/03 27.45 30.3 27.3 29.8 8604 
2012/02/10 30 31.75 28.7 30.95 7882 
2012/02/17 31.1 31.5 30 31 7603 
2012/02/24 31.5 31.6 30.6 31.05 5808 
2012/03/02 31.05 31.6 30.9 31.5 3750 
2012/03/09 31.5 31.85 30 31.8 7192 
2012/03/16 31.7 31.7 30.85 31.25 5747 
2012/03/23 31.9 33.8 31.9 33.1 14911 
2012/03/30 33.5 35 32.55 34.15 12997 
2012/04/06 34.35 34.95 32.45 34.4 10593 
2012/04/13 34 34.3 27.4 29 23535 
2012/04/20 28.9 29.25 27.5 27.55 10782 
2012/04/27 27.55 28.75 26.35 28.2 7971 
2012/05/04 28.4 28.6 27.7 28.3 5524 
2012/05/11 28 28.45 27.2 27.3 3276 
2012/05/18 27.3 27.3 26.4 26.4 2567 
2012/05/25 26.2 27.15 25.05 25.2 2913 
2012/06/01 25.3 27.5 25.05 26.8 4341 
2012/06/08 26 27.4 25.6 27.3 2682 
2012/06/15 27.5 28.5 26.9 28.5 4699 
2012/06/22 28.5 28.5 27.75 28.25 2359 
2012/06/29 28.3 28.3 27.8 28.2 1567 
2012/07/06 28.5 30 28.35 29.2 5227 
2012/07/13 29.1 29.3 24.55 24.65 9767 
2012/07/20 24.65 25.4 24.4 24.65 2754 
2012/07/27 24.5 24.5 23.5 24.1 1903 
2012/08/03 24.1 24.35 23.55 23.7 1732 
2012/08/10 23.9 24.3 23.6 24 1821 
2012/08/17 23.95 24.65 23.65 24.2 2621 
2012/08/24 24.3 24.55 24.05 24.2 1775 
2012/08/31 24.2 24.45 23.75 24.1 2408 
2012/09/07 24.2 25 24.2 24.75 3454 
2012/09/14 24.8 24.8 24.05 24.3 2960 
2012/09/21 24.5 25.05 24.5 24.65 3385 
2012/09/28 24.65 24.9 24.2 24.85 2790 
2012/10/05 25 26.25 24.9 25.6 5120 
2012/10/12 25.6 25.65 24.4 24.9 2314 
2012/10/19 25 27 25 26.25 6640 
2012/10/26 25.7 26.15 24.85 24.9 3041 
2012/11/02 25.3 26.6 25.05 25.2 5333 
2012/11/09 25.2 25.9 24.95 25.3 1768 
2012/11/16 25.2 25.25 23.9 24.1 3110 
2012/11/23 24.1 24.45 22.9 24.45 2010 
2012/11/30 24.55 24.85 24.3 24.8 1779 
2012/12/07 24.8 25.2 24.4 24.5 1598 
2012/12/14 24.6 24.6 23.65 24.25 1892 
2012/12/21 24.3 24.5 24 24.1 1410 
2012/12/28 24.15 24.6 24.1 24.4 1393 
2013/01/04 24.4 25.25 24.4 24.75 1402 
2013/01/11 24.7 24.9 24.5 24.75 1490 
2013/01/18 24.6 25.4 24.6 24.7 2585 
2013/01/25 24.7 24.8 24.2 24.35 1329 
2013/02/01 24.35 24.8 24.25 24.6 928 
2013/02/08 24.7 24.7 24.1 24.4 1045 
2013/02/22 24.5 25.1 24.25 24.9 1895 
2013/03/01 25 26.75 24.8 26.3 9322 
2013/03/08 26.4 28 26.1 27.1 14115 
2013/03/15 27.1 29.1 26.8 28.25 10599 
2013/03/22 28 28.45 27.5 28 3778 
2013/03/29 28 28.6 27.65 28.3 2640 
2013/04/05 28.25 28.25 27.35 27.35 2227 
2013/04/12 27 28.3 26.4 27.7 3948 
2013/04/19 27.8 30.4 27.1 29.55 16526 
2013/04/26 29.7 30.2 29.1 29.4 9465 
2013/05/03 29.5 30.2 29 29.65 6184 
2013/05/10 30.05 30.6 29.7 30.35 7288 
2013/05/17 30.6 31.9 30.45 31.1 10906 
2013/05/24 31.35 32.45 30.65 32 9330 
2013/05/31 32.4 32.75 31.7 32.2 6823 
2013/06/07 29.95 31.4 28.3 28.45 18609 
2013/06/14 28.65 29.75 28.65 28.95 4850 
2013/06/21 28.95 29.8 28.75 29.3 3351 
2013/06/28 29.3 29.6 28.6 29.3 3734 
2013/07/05 29.5 30.15 28.65 29.15 13080 
2013/07/12 29.2 29.4 28.8 29.1 4710 
2013/07/19 29.2 30.05 28.5 28.55 7678 
2013/07/26 28.55 29.1 28.55 29 3503 
2013/08/02 29 29.45 28.8 28.85 4028 
2013/08/09 28.55 29.05 28.55 28.8 2643 
2013/08/16 28.9 30.4 26.8 30 14904 
2013/08/23 30.4 30.8 29.85 30.2 6080 
2013/08/30 30.2 31.45 29.6 30.8 7332 
2013/09/06 31 31.8 30.8 31.15 6580 
2013/09/13 31.1 31.5 30.5 30.7 4865 
2013/09/20 30.7 31 30.65 30.8 1769 
2013/09/27 31 31.15 30.3 30.45 3417 
2013/10/04 30.4 31.1 30.1 30.8 3256 
2013/10/11 31 31.3 30.35 30.45 2778 
2013/10/18 30.1 32 29.15 31.8 8749 
2013/10/25 32 32.95 31.65 32.05 11154 
2013/11/01 32.3 33.15 31.9 32.1 5991 
2013/11/08 31.85 32.2 31.15 31.6 3646 
2013/11/15 32.1 33.15 30.95 32.55 7244 
2013/11/22 32.8 34.25 32.8 33.85 9440 
2013/11/29 34.25 35.2 34.05 34.85 8753 
2013/12/06 35.1 36.7 34.95 35.55 9884 
2013/12/13 35.7 37.75 35.7 37.5 13363 
2013/12/20 38 38 36 36.95 7251 
2013/12/27 37.1 37.75 36.6 36.7 5513 
2014/01/03 36.9 37.3 36.6 36.6 3560 
2014/01/10 36.8 39.25 36.65 38.7 15082 
2014/01/17 39.7 40.35 38.8 39.85 13471 
2014/01/24 40.3 40.85 39.15 39.25 8051 
2014/01/31 38.85 39 38.35 38.8 1470 
2014/02/07 37.8 39.35 37.5 38.95 3205 
2014/02/14 39.05 39.3 37.9 38 5018 
2014/02/21 38.5 40.1 37.95 39.7 8711 
2014/02/28 40.15 41.95 39.95 40.65 11484 
2014/03/07 40.4 41.45 39.5 40.6 8613 
2014/03/14 40.8 40.9 37.1 38.25 10516 
2014/03/21 38.3 38.4 37.3 37.8 4422 
2014/03/28 37.3 39.6 37 37.55 10221 
2014/04/04 38 38.9 37.8 38.6 3855 
2014/04/11 38.6 39.2 35.3 35.4 10496 
2014/04/18 35.4 35.55 33.6 34.3 5947 
2014/04/25 34.3 35.45 32.45 33.6 5469 
2014/05/02 31.6 34.7 31.6 34.35 3774 
2014/05/09 34.4 34.8 32.9 33.05 2728 
2014/05/16 32.3 33.35 31.25 33.05 5680 
2014/05/23 33.3 33.7 32.5 33.7 2741 
2014/05/30 33.9 34.5 33.7 34 2010 
2014/06/06 34 34.2 33.3 34.15 1869 
2014/06/13 34.1 34.1 32.5 33.2 3168 
2014/06/20 33.05 34.35 32.85 33.65 4440 
2014/06/27 33.7 33.8 33 33.2 2819 
2014/07/04 33.2 33.8 33.2 33.8 8350 
2014/07/11 31.2 31.55 29.75 29.8 5812 
2014/07/18 29.8 30.2 29.5 29.65 1651 
2014/07/25 29.7 30.4 28.95 29.4 2930 
2014/08/01 29.2 29.3 28.5 28.55 2361 
2014/08/08 28.55 29.1 28.2 28.7 2058 
2014/08/15 28.8 31.25 28.45 30.7 5323 
2014/08/22 30.7 30.75 30 30.4 2522 
2014/08/29 30.5 31.5 30.35 31.35 3192 
2014/09/05 31.45 32.4 31.4 32.2 7306 
2014/09/12 32.3 32.4 31.15 31.15 2572 
2014/09/19 31.15 31.5 30.9 31.35 1222 
2014/09/26 31.15 31.35 30.1 30.3 1299 
2014/10/03 30.3 30.8 29.8 30.4 1124 
2014/10/10 30.5 30.6 29.4 29.4 1053 
2014/10/17 29 29 27.25 28.25 2958 
2014/10/24 28.7 29.4 28.55 28.6 1875 
2014/10/31 28.65 28.9 28.1 28.85 1763 
2014/11/07 28.95 29.6 28.5 28.7 2189 
2014/11/14 28.7 29.1 28.55 28.8 2266 
2014/11/21 28.7 29.05 27.9 28.55 1912 
2014/11/28 29.1 29.25 28.75 29.1 1676 
2014/12/05 28 29.75 28 29.6 1790 
2014/12/12 29.55 30.65 29.3 30.1 2801 
2014/12/19 29.9 30.2 29.5 29.6 1882 
2014/12/26 29.6 30.6 29.6 30.45 1733 
2015/01/02 30.5 30.6 30.1 30.3 797 
2015/01/09 30.3 30.85 30 30.8 1608 
2015/01/16 30.8 31.2 30.05 30.75 3653 
2015/01/23 30.75 31.45 30.3 30.7 3946 
2015/01/30 30.8 31.2 30.7 30.85 1797 
2015/02/06 30.85 31.3 30.75 31.25 1766 
2015/02/13 31.25 32.15 31.2 32 2878 
2015/02/27 32.5 32.7 32 32.5 2073 
2015/03/06 32.5 33.45 32.3 33.1 2951 
2015/03/13 33 33.9 32.6 33.5 4013 
2015/03/20 33.5 34.2 33.3 33.65 3577 
2015/03/27 33.75 34.45 33.65 33.8 2891 
2015/04/03 34.2 34.2 32.85 33.5 2996 
2015/04/10 33.7 34.1 33.55 34.1 1981 
2015/04/17 34.3 35 34.15 34.95 5513 
2015/04/24 34.95 35.85 34.7 35.65 5108 
2015/05/01 35.8 35.95 35 35.55 2574 
2015/05/08 35.6 35.7 34.7 35.05 2200 
2015/05/15 34.8 35.6 34.25 35.05 3279 
2015/05/22 35.05 35.45 35 35.15 2294 
2015/05/29 35.15 35.25 34.8 34.8 1781 
2015/06/05 34.7 34.95 32.5 32.5 2391 
2015/06/12 32.5 34.65 32 34.25 2535 
2015/06/19 34.25 34.3 33.1 33.95 1461 
2015/06/26 34.05 34.5 33.8 34 2636 
2015/07/03 34 34.05 31.45 31.6 5574 
2015/07/10 31.5 31.8 28.8 30.2 2074 
2015/07/17 30.2 32.85 29.55 31.6 4089 
2015/07/24 32.05 32.05 30.85 31.35 1895 
2015/07/31 31.65 31.65 30.05 31.2 1681 
2015/08/07 30.95 31.6 30.5 31.6 1801 
2015/08/14 31.7 33.8 31.25 32.95 4060 
2015/08/21 32.9 33.05 30.2 30.3 2369 
2015/08/28 29.6 30.95 27.4 30.4 3239 
2015/09/04 30.4 31.3 30.05 30.65 1943 
2015/09/11 30.6 32.75 30.1 32.55 3901 
2015/09/18 32.5 35.1 32.05 34.5 5535 
2015/09/25 34.4 35.5 34 35.3 5601 
2015/10/02 35.3 36.45 35.05 36.15 5061 
2015/10/09 36.3 39.2 36.25 39 8988 
2015/10/16 39.4 39.6 37.7 38.9 8784 
2015/10/23 39.2 39.6 38.1 38.55 6211 
2015/10/30 38.6 39.15 38.05 38.35 3450 
2015/11/06 38.5 38.8 38 38.2 3108 
2015/11/13 38.2 38.6 35.4 36.35 4408 
2015/11/20 37.75 42.75 37.75 41.4 17136 
2015/11/27 41.85 44.35 41.3 42.9 11569 
2015/12/04 42.5 43.45 41.8 42.7 4828 
2015/12/11 43.3 46.8 42.3 42.3 18853 
2015/12/18 41.5 43.8 40.55 43 5777 
2015/12/25 42 42.9 41.55 41.95 2780 
2016/01/01 41.75 43.3 41.75 42.5 2081 
2016/01/08 42.4 42.4 38.55 40.9 4908 
2016/01/15 40.2 43.3 39.65 41 6014 
2016/01/22 40.3 43.95 40 42.3 5699 
2016/01/29 42.5 43.2 42.1 42.85 2929 
2016/02/05 43 44.15 42.85 43.9 4076 
2016/02/19 43.85 48 43.55 47.25 10990 
2016/02/26 48.45 50.8 47.8 49.65 12535 
2016/03/04 49.75 51.9 49.65 51.7 7422 
2016/03/11 52.5 53.5 50.7 52.6 9088 
2016/03/18 53.8 53.9 50.9 52 7259 
2016/03/25 52.3 53.6 49.3 51.7 9238 
2016/04/01 51.9 52.6 50.3 51.3 5430 
2016/04/08 51 51.5 49.7 51.5 4015 
2016/04/15 51.7 52.5 50.2 50.4 6345 
2016/04/22 50.1 50.1 46 46 9441 
2016/04/29 46.1 47.35 45.45 45.5 4369 
2016/05/06 45.5 45.5 43.3 45.1 5749 
2016/05/13 45.3 47.6 44.8 46.6 6347 
2016/05/20 46.85 47.3 45.8 46.3 5883 
2016/05/27 46.5 48.65 46.5 48.25 6507 
2016/06/03 48.25 49.35 47.6 47.8 5698 
2016/06/10 47.8 48.65 47.6 48 2415 
2016/06/17 47.8 51.2 47.1 50.5 12134 
2016/06/24 50.9 52.2 49.7 50.2 10909 
2016/07/01 49.9 52.4 47.55 47.55 19479 
2016/07/08 47.55 47.55 46 46 5879 
2016/07/15 46.5 48.6 46.2 48.1 7354 
2016/07/22 48.1 48.45 46.9 47.1 5009 
2016/07/29 47.2 47.75 46.35 47.7 3701 
2016/08/05 48 50.4 48 49.4 8439 
2016/08/12 49.65 49.7 47.1 47.7 6763 
2016/08/19 48.1 51.5 47.8 49.55 11808 
2016/08/26 49.65 50 48.75 49.65 4052 
2016/09/02 49.55 50.3 49.05 49.2 4980 
2016/09/09 49.4 50.4 49.2 49.6 4787 
2016/09/16 49.25 49.4 48.35 48.7 2745 
2016/09/23 49 49.3 48.7 48.85 2467 
2016/09/30 48.65 48.65 47.5 47.65 2192 
2016/10/07 47.7 48.65 47.6 48 2406 
2016/10/14 48.15 48.15 46.1 46.3 3670 
2016/10/21 46.1 47.8 46.05 47.5 3817 
2016/10/28 47.5 47.85 47.25 47.45 1926 
2016/11/04 47.45 47.6 46.2 46.5 1793 
2016/11/11 46.5 47.1 45.1 46 2741 
2016/11/18 47.25 48.05 46.6 48 4356 
2016/11/25 48 48.3 47.65 47.85 2723 
2016/12/02 47.85 48.3 47.2 47.8 2497 
2016/12/09 47.8 48.75 47.7 48.7 3021 
2016/12/16 49.4 49.7 49 49.1 3595 
2016/12/23 49.15 49.65 48.75 48.85 2222 
2016/12/30 49 49.45 48.95 49.3 1673 
2017/01/06 49.3 50.6 49.3 50.3 3867 
2017/01/13 50.4 51.6 49.6 51.1 6208 
2017/01/20 51 51.5 50.6 51 3203 
2017/01/27 51.1 51.5 51.1 51.3 1547 
2017/02/03 51.6 53.8 51.3 53.8 5716 
2017/02/10 54.8 56.7 54.1 55.8 10745 
2017/02/17 56 56.9 55.5 56.9 6069 
2017/02/24 57.4 59.9 57.3 59.5 14860 
2017/03/03 59.6 59.9 58.5 59 4012 
2017/03/10 59.3 59.7 55.6 56.9 7231 
2017/03/17 56.4 60.4 56.4 60.1 6997 
2017/03/24 60.7 62.8 59.6 61.8 7110 
2017/03/31 61.5 68.5 58.6 66.8 27154 
2017/04/07 67.4 68.4 67 67.6 3040 
2017/04/14 67.7 67.7 63.3 63.9 10337 
2017/04/21 64.2 64.6 63.4 64.1 1057 
2017/04/28 64.1 64.9 63.9 64.8 1285 
2017/05/05 64.5 65.4 64.5 65.2 929 
2017/05/12 65.2 66 64.4 64.6 4462 
2017/05/19 63.1 66.4 62.3 65.9 9350 
2017/05/26 66.5 71 66.5 70.2 14365 
2017/06/02 70.3 72.5 70.3 70.7 6466 
2017/06/09 70 72.6 70 71.4 4543 
2017/06/16 71.7 71.7 67.9 69.1 8192 
2017/06/23 70 71.3 69.5 69.7 3808 
2017/06/30 70 71.2 69.5 70.2 4641 
2017/07/07 72.7 72.7 70.6 71.3 2694 
2017/07/14 68.3 68.3 58.4 60.9 12298 
2017/07/21 61.2 61.3 59.8 60.1 1802 
2017/07/28 61.2 61.2 59.8 59.9 1071 
2017/08/04 57.1 57.5 56.3 57 4014 
2017/08/11 57.1 57.5 56.7 56.8 1003 
2017/08/18 54.8 55.3 54.3 55.1 1576 
2017/08/25 56 56 55.1 56 712 
2017/09/01 56.6 56.6 55.4 55.6 1577 
2017/09/08 54 54.5 53.8 54.1 294 
2017/09/15 54.6 54.7 53.3 53.7 868 
2017/09/22 56 56 55.1 55.2 731 
2017/09/29 53.6 54 53 53.2 1699 
2017/10/06 51.9 54.5 51.9 54.5 1133 
2017/10/13 55.2 55.3 53.7 55.1 1940 
2017/10/20 55.2 55.2 54.7 55 405 
2017/10/27 55.5 57 54 54 3331 
2017/11/03 54.4 54.4 53.6 54 1447 
2017/11/10 54 54.4 52.5 53.2 2234 
2017/11/17 52.7 52.7 51.5 51.8 810 
2017/11/24 56 56.3 55.5 56 451 
2017/12/01 58.1 58.1 56.6 57.4 1871 
2017/12/08 59 60.7 58.7 59.2 4925 
2017/12/15 59.6 61.9 59.5 59.9 4364 
2017/12/22 60.3 60.6 57.7 58 3512 
2017/12/29 58 59.2 57.4 58.7 2194 
2018/01/05 58.9 60.4 58.8 60.2 2846 
2018/01/12 60.2 60.5 57.5 58.8 3529 
2018/01/19 59 60.6 59 60 2008 
2018/01/26 60.1 62 59.7 60 2581 
2018/02/02 60 60.2 59.2 59.5 1236 
2018/02/09 58.8 59.8 57.3 59 3540 
2018/02/16 59.1 59.3 58.7 59 482 
2018/02/23 59.4 60.2 59.3 59.5 1445 
2018/03/02 59.7 60 57.2 57.8 3337 
2018/03/09 57.8 57.8 56 57.5 3929 
2018/03/16 58 58.5 57.2 57.4 2652 
2018/03/23 58 59.3 57.6 58.6 2392 
2018/03/30 62 66.5 62 65.6 22590 
2018/04/06 66.6 68.6 66 67 4071 
2018/04/13 66.9 67.8 63.4 63.9 5520 
2018/04/20 64 65.2 63.1 64.6 4200 
2018/04/27 64.6 65 63.1 63.6 2272 
2018/05/04 63.3 65.5 63.3 65.3 2102 
2018/05/11 65.5 66 64.3 65.5 2144 
2018/05/18 65.7 65.7 64.3 65.1 2603 
2018/05/25 65.1 65.2 63.6 64.2 3168 
2018/06/01 64.6 65.7 64.2 64.3 2913 
2018/06/08 65.3 66.7 65 65.8 3506 
2018/06/15 65.5 68.9 64.8 67.2 9535 
2018/06/22 67.2 68.8 66.3 67.6 7226 
2018/06/29 67.9 68 65.1 66.4 9375 
2018/07/06 60.4 60.4 54.8 55.1 7515 
2018/07/13 56.1 57.8 55.7 57.6 3301 
2018/07/20 57.8 59 57.1 58.1 2764 
2018/07/27 58.4 58.6 57.8 58.4 1466 
2018/08/03 58.4 59.4 58 59.2 1925 
2018/08/10 59.2 60.9 59.1 60.6 1808 
2018/08/17 60.1 60.4 58.6 59.2 2362 
2018/08/24 59.2 59.4 58 58.2 1221 
2018/08/31 58.2 63.8 58 62 3215 
2018/09/07 62 62.2 59.5 59.6 1350 
2018/09/14 59.5 60.9 58.9 60.8 1344 
2018/09/21 61.1 61.2 59.5 59.5 975 
2018/09/28 59.9 60 58.8 58.9 1077 
2018/10/05 58.9 59.7 57.5 57.9 1380 
2018/10/12 57.9 58.4 53.7 57.5 2141 
2018/10/19 57.5 57.5 55.7 55.9 1788 
2018/10/26 56 56.3 53.9 55.9 1895 
2018/11/02 55.9 56.6 54.6 55.7 1152 
2018/11/09 55.5 57 55.1 56.8 1015 
2018/11/16 57.1 60.8 57.1 60.2 6170 
2018/11/23 60.5 64.1 60.5 63.9 7729 
2018/11/30 64.2 66 63.8 63.9 5572 
2018/12/14 75.5 83.3 75.5 82.3 6997 
2018/12/21 82.3 99.6 81.8 93.5 15760 
2018/12/28 94 95.1 86.6 89.7 8341 
2019/01/04 89.7 92.9 89 90.2 3182 
2019/01/11 92.1 100 91.6 98.5 7978 
2019/01/18 98.7 100.5 93.8 94.2 8722 
2019/01/25 94.2 94.7 91 94.5 5171 
2019/02/01 94.7 95.7 92.9 94 2166 
2019/02/15 94.2 97.4 93.1 95 3783 
2019/02/22 97.8 100.5 96 100.5 7483 
2019/03/01 103 106.5 101 104.5 10122 
2019/03/08 105 108.5 102 105.5 7784 
2019/03/15 105.5 108 103 105 6227 
2019/03/22 105 112.5 104 111 10183 
2019/03/29 108.5 114 106 108.5 14247 
2019/04/05 109 110 107.5 109.5 2999 
2019/04/12 110 111.5 108.5 109.5 5948 
2019/04/19 110.5 112 109 109.5 4748 
2019/04/26 110.5 142 110.5 142 43329 
2019/05/03 141.5 142 129 140.5 21014 
2019/05/10 136.5 154.5 136 146.5 30467 
2019/05/17 146.5 169.5 144.5 158.5 38029 
2019/05/24 158.5 159.5 137.5 138 37285 
2019/05/31 139.5 146 135.5 145.5 14419 
2019/06/07 144 150.5 141 143.5 9781 
2019/06/14 147.5 154 146.5 148.5 13671 
2019/06/21 148 157.5 144 152.5 16985 
2019/06/28 152 154.5 149 152 10157 
2019/07/05 154 161.5 153.5 157 15709 
2019/07/12 157 158 147.5 153.5 16198 
2019/07/19 154 156.5 150.5 152.5 6971 
2019/07/26 153 157.5 152.5 155 8416 
2019/08/02 156 169 153 154 18791 
2019/08/09 154 157.5 147 157 5545 
2019/08/16 158 158.5 149 150.5 7694 
2019/08/23 152 153 147.5 152 6080 
2019/08/30 151 157 148.5 155 8242 
2019/09/06 155.5 159.5 154.5 155 7938 
2019/09/13 155.5 157.5 153 156.5 4611 
2019/09/20 156 165 155 160 9373 
2019/09/27 160 172.5 160 164.5 22447 
2019/10/04 164.5 165.5 160.5 160.5 4021 
2019/10/11 161 163.5 160.5 163 2315 
2019/10/18 160.5 160.5 153 155.5 7618 
2019/10/25 156 159 154.5 156.5 4707 
2019/11/01 157.5 163.5 156 161 4524 
2019/11/08 162.5 166.5 160.5 162.5 5334 
2019/11/15 164 169.5 159.5 168.5 8580 
2019/11/22 170 181.5 166 167.5 21838 
2019/11/29 168 176 166 175.5 9144 
2019/12/06 177 180 170 171 7768 
2019/12/13 174 189 174 182 28675 
2019/12/20 183.5 193 181 189 14426 
2019/12/27 189.5 204 187 196 25025 
2020/01/03 196 198 190 193 6441 
2020/01/10 191 194 187 190 6181 
2020/01/17 191 203.5 191 199 9899 
2020/01/24 200 200 197.5 198 699 
2020/01/31 181 191 181 188 4732 
2020/02/07 182.5 191.5 181 185.5 6159 
2020/02/14 183.5 191 181 188 4687 
2020/02/21 186 191 184.5 188 5095 
2020/02/28 186 186.5 182.5 183.5 2911 
2020/03/06 181 189 177.5 185.5 5879 
2020/03/13 183.5 184.5 151.5 158.5 14151 
2020/03/20 160 162 130.5 142 12363 
2020/03/27 136.5 169 133 161.5 11526 
2020/04/03 158 167.5 156.5 165 4297 
2020/04/10 165 178 164 175 6876 
2020/04/17 175 191.5 173.5 187 7433 
2020/04/24 187 189.5 179.5 184 4886 
2020/05/01 185.5 190.5 185 189.5 3102 
2020/05/08 186.5 191.5 184.5 190 3347 
2020/05/15 192.5 204 190 195 10866 
2020/05/22 196 198 191 197 6715 
2020/05/29 199 214 195.5 210 16956 
2020/06/05 212.5 219.5 211 214 8896 
2020/06/12 215 226 210 217 11057 
2020/06/19 217.5 224.5 205 205.5 20362 
2020/06/26 204 204.5 199.5 201 7001 
2020/07/03 200.5 209.5 197.5 206.5 6999 
2020/07/10 207.5 212 204.5 209 5324 
