2019/12/09 82 100 80 98 46515 0 0 125654 0 110 125764 0 0 0 
2019/12/10 97.8 97.8 93 93.5 21207 0 0 124943 0 110 125053 0 0 0 
2019/12/11 91.7 92.8 89.5 90.5 15718 0 0 123824 0 140 123964 0 0 0 
2019/12/12 91 92.1 89.7 89.8 11502 0 0 122872 0 140 123012 0 0 0 
2019/12/13 89.9 90 84.6 84.8 17401 0 0 120667 0 175 120842 0 0 0 
2019/12/16 83.9 87 83 85.6 8780 0 0 119135 0 242 119377 0 0 0 
2019/12/17 85 85.9 84.6 84.9 5530 0 0 118595 0 242 118837 0 0 0 
2019/12/18 85 85.8 85 85.3 3046 0 0 118578 0 242 118820 0 0 0 
2019/12/19 86 89.4 85.8 89.1 10264 0 0 118641 0 449 119090 0 0 0 
2019/12/20 89.3 90.5 88.7 89.4 8054 0 0 118576 0 389 118965 0 0 0 
2019/12/23 89.2 89.2 87.7 87.7 4914 0 0 118602 0 319 118921 0 0 0 
2019/12/24 88.1 88.6 87.7 88.1 2924 0 0 118577 0 308 118886 0 0 0 
2019/12/25 89 90.9 88.9 90.2 7120 0 0 118606 0 343 118950 0 0 0 
2019/12/26 90.3 90.7 89.2 89.4 3677 0 0 118595 0 313 118909 0 0 0 
2019/12/27 89.9 90 88.7 88.9 3571 0 0 118602 0 305 118908 0 0 0 
2019/12/30 89 90 88.2 89.1 3853 0 0 118676 0 305 118982 0 0 0 
2019/12/31 89.1 89.3 88.7 88.9 1963 0 0 118670 0 285 118956 0 0 0 
2020/01/02 89.5 89.5 88.3 88.5 2596 0 0 118606 0 240 118847 0 0 0 
2020/01/03 88.8 88.9 87 87.1 4027 0 0 118581 0 206 118788 0 0 0 
2020/01/06 86.7 86.8 85.6 85.6 3274 0 0 118604 0 246 118851 0 0 0 
2020/01/07 85.6 86.2 84.9 85.1 2704 0 0 118542 0 266 118809 0 0 0 
2020/01/08 84.5 84.8 83.8 84.1 2872 0 0 118565 0 276 118842 0 0 0 
2020/01/09 84.5 85.3 84.5 85.1 1398 0 0 118625 0 281 118907 0 0 0 
2020/01/10 85.3 86 85.3 85.7 1496 0 0 118725 0 281 119007 0 0 0 
2020/01/13 86 87.7 86 87.1 2329 0 0 118814 0 281 119096 0 0 0 
2020/01/14 87.2 87.4 86.5 86.8 1389 0 0 118747 0 281 119029 0 0 0 
2020/01/15 86.8 87 85.8 85.8 1439 0 0 118786 0 251 119038 0 0 0 
2020/01/16 86.1 86.3 85.9 86.1 908 0 0 118799 0 251 119051 0 0 0 
2020/01/17 86.2 86.6 86.1 86.1 885 0 0 118852 0 251 119104 0 0 0 
2020/01/20 86.3 87.1 86.2 86.8 1663 0 0 118970 0 251 119222 0 0 0 
2020/01/30 82.2 82.8 80.2 80.7 7048 0 0 118664 0 251 118916 0 0 0 
2020/01/31 80.8 82.4 80.7 81.8 2258 0 0 118947 0 251 119199 0 0 0 
2020/02/03 80 80.4 77.4 79.8 2946 0 0 119098 0 256 119355 0 0 0 
2020/02/04 80.2 81.5 80.1 81.4 1527 0 0 119371 0 254 119626 0 0 0 
2020/02/05 82.3 82.3 81.2 82 1803 0 0 119774 0 252 120027 0 0 0 
2020/02/06 82.5 83.3 82.4 82.9 2218 0 0 119931 0 252 120184 0 0 0 
2020/02/07 82.9 82.9 82 82 1169 0 0 119744 0 252 119997 0 0 0 
2020/02/10 80.1 81.3 80 80.7 1706 0 0 119744 0 252 119997 0 0 0 
2020/02/11 81 81.5 80.8 80.9 1010 0 0 119717 0 267 119985 0 0 0 
2020/02/12 80.9 81.8 80.9 81.4 1004 0 0 119653 0 267 119921 0 0 0 
2020/02/13 81.6 81.7 81.2 81.3 981 0 0 119571 0 267 119839 0 0 0 
2020/02/14 81.1 81.2 80.8 80.9 1157 0 0 119510 0 274 119785 0 0 0 
2020/02/17 80.8 80.9 80.2 80.5 1120 0 0 119503 0 274 119778 0 0 0 
2020/02/18 80.6 80.9 80.3 80.6 959 0 0 119443 0 274 119718 0 0 0 
2020/02/19 80.6 81 80.4 80.9 907 0 0 119571 0 274 119846 0 0 0 
2020/02/20 81.2 81.5 80.8 80.9 635 0 0 119510 0 274 119785 0 0 0 
2020/02/21 80.9 80.9 80.5 80.6 720 0 0 119383 0 273 119657 0 0 0 
2020/02/24 80 80.5 79.9 80 1394 0 0 119231 0 273 119505 0 0 0 
2020/02/25 79.2 80.1 79.2 79.9 1373 0 0 119177 0 273 119451 0 0 0 
2020/02/26 79.5 79.8 79.4 79.5 1075 0 0 119170 0 273 119444 0 0 0 
2020/02/27 79.5 79.7 78 78.1 2098 0 0 119086 0 273 119360 0 0 0 
2020/03/02 76 77.8 75.7 76.5 1889 0 0 119411 0 273 119685 0 0 0 
2020/03/03 77.7 78.5 77.7 78 1278 0 0 119531 0 273 119805 0 0 0 
2020/03/04 77.5 77.7 76.7 77.3 798 0 0 119511 0 273 119785 0 0 0 
2020/03/05 78 78.5 77.7 77.9 1011 0 0 119620 0 273 119894 0 0 0 
2020/03/06 78 78.2 77 77.1 1051 0 0 119500 0 273 119774 0 0 0 
2020/03/09 76.8 76.8 74.3 74.3 3174 0 0 119088 0 273 119362 0 0 0 
2020/03/10 72.2 73 71 73 3973 0 0 119442 0 273 119716 0 0 0 
2020/03/11 73.5 73.7 72 72 1424 0 0 119342 0 273 119616 0 0 0 
2020/03/12 71 71 68.1 68.1 3496 0 0 119283 0 273 119557 0 0 0 
2020/03/13 63.5 64.4 61.7 63.9 4153 0 0 120164 0 273 120438 0 0 0 
2020/03/16 64.5 64.8 63.5 63.6 2367 0 0 120260 0 273 120534 0 0 0 
2020/03/17 61.7 63 61.6 62 2415 0 0 120042 0 273 120316 0 0 0 
2020/03/18 62 63.2 62 62 2064 0 0 119903 0 273 120176 0 0 0 
2020/03/19 60.6 60.6 55.8 55.8 4377 0 0 119473 0 273 119746 0 0 0 
2020/03/20 58 60 57.6 58.7 2448 0 0 119687 13 273 119973 0 0 0 
2020/03/23 56 57.1 54.4 56.5 1285 0 0 119795 13 273 120082 0 0 0 
2020/03/24 57.6 60 57.6 59.1 1626 0 0 119937 13 273 120224 0 0 0 
2020/03/25 62 63.9 61.7 62.7 3117 0 0 119960 13 273 120247 0 0 0 
2020/03/26 62.9 63.6 62 63.5 2041 0 0 119999 64 273 120337 0 0 0 
2020/03/27 64.8 65.6 63.6 63.6 2178 0 0 119948 64 263 120276 0 0 0 
2020/03/30 62 63.4 61.7 63.2 1123 0 0 120182 64 263 120510 0 0 0 
2020/03/31 64.5 64.8 63.7 64 1057 0 0 120122 17 252 120392 0 0 0 
2020/04/01 64.1 65.6 63.7 64.5 1331 0 0 120317 17 249 120584 0 0 0 
2020/04/06 64.2 65.1 63.6 64.8 1417 0 0 120461 17 249 120728 0 0 0 
2020/04/07 66 67.7 65.7 67.3 1774 0 0 120719 17 249 120986 0 0 0 
2020/04/08 67.3 68.7 66.9 68.6 1761 0 0 120878 17 223 121119 0 0 0 
2020/04/09 69.6 70.4 69 69.5 2017 0 0 120814 17 190 121021 0 0 0 
2020/04/10 70.2 74.3 70.2 72.4 3804 0 0 120794 27 207 121028 0 0 0 
2020/04/13 72.5 72.5 70.5 71.3 1813 0 0 120806 47 197 121050 0 0 0 
2020/04/14 71.6 74.2 71.6 73.8 2213 0 0 120932 67 224 121223 0 0 0 
2020/04/15 74.6 75.3 74 74.9 2139 0 0 120884 87 194 121165 0 0 0 
2020/04/16 74 74.9 73.5 74.4 1244 0 0 120867 97 190 121154 0 0 0 
2020/04/17 74.8 75.4 73.7 74 2332 0 0 120922 117 199 121238 0 0 0 
2020/04/20 74 76.7 74 76.2 2154 0 0 121204 137 220 121561 0 0 0 
2020/04/21 76.4 76.4 72.7 72.8 3445 0 0 120753 157 191 121101 0 0 0 
2020/04/22 72.2 74.5 71.2 73.9 2023 0 0 120846 157 204 121207 0 0 0 
2020/04/23 73.9 74.6 73.4 73.9 1383 0 0 120939 157 183 121279 0 0 0 
2020/04/24 73.9 75.2 73.8 74.7 1432 0 0 121281 157 187 121625 0 0 0 
2020/04/27 75 76.5 74.8 76.3 2101 0 0 121592 397 221 122210 0 0 0 
2020/04/28 77.5 80.8 77.3 79.3 4502 0 0 121216 557 350 122123 0 0 0 
2020/04/29 79.6 81 79.1 80.3 2842 0 0 121533 577 228 122338 0 0 0 
2020/04/30 80.7 81.3 80 80 2714 0 0 121660 587 129 122376 0 0 0 
2020/05/04 78.3 80.5 77.6 79.2 2247 0 0 121726 652 149 122527 0 0 0 
2020/05/05 79.6 80.3 78.5 79.2 2026 0 0 121509 690 124 122323 0 0 0 
2020/05/06 79.5 79.5 78.5 78.5 1466 0 0 121236 690 118 122044 0 0 0 
2020/05/07 78.3 80.3 78.3 79.7 1179 0 0 121108 690 116 121914 0 0 0 
2020/05/08 79.7 80.3 79 79.1 1700 0 0 120922 690 108 121720 0 0 0 
2020/05/11 79.2 80.4 79 80.1 1395 0 0 121152 690 151 121993 0 0 0 
2020/05/12 80.2 80.4 79.4 79.6 1259 0 0 120772 690 136 121598 0 0 0 
2020/05/13 80 80.5 79.3 80.2 1498 0 0 121036 587 151 121774 0 0 0 
2020/05/14 79.8 80.1 78.4 78.5 1692 0 0 121041 587 118 121746 0 0 0 
2020/05/15 79 79.9 77.6 78.7 2029 0 0 120718 587 130 121435 0 0 0 
2020/05/18 78.5 80 78.5 79.2 1762 0 0 121880 587 131 122598 0 0 0 
2020/05/19 80.5 80.7 78.8 79.8 1320 0 0 121913 587 126 122626 0 0 0 
2020/05/20 80.1 80.3 79.6 80 1303 0 0 122267 587 173 123027 0 0 0 
2020/05/21 80.5 82.4 80.3 82 3315 0 0 122912 587 320 123819 0 0 0 
2020/05/22 82.2 82.3 79.3 79.6 3140 0 0 122363 587 200 123150 0 0 0 
2020/05/25 79.5 80.3 79 79.6 1270 0 0 122460 587 212 123259 0 0 0 
2020/05/26 80.2 80.5 79.7 80.3 1187 0 0 122661 587 208 123456 0 0 0 
2020/05/27 80.4 80.6 79.5 79.7 1327 0 0 122730 587 204 123521 0 0 0 
2020/05/28 80.1 80.5 79.5 79.7 1325 0 0 122790 587 213 123590 0 0 0 
2020/05/29 80.1 82.5 79.8 82.5 5461 0 0 125155 587 297 126039 0 0 0 
2020/06/01 82.5 83.4 81.9 82.8 2628 0 0 124957 587 269 125813 0 0 0 
2020/06/02 82.8 83.2 81.5 81.6 1666 0 0 124895 587 229 125711 0 0 0 
2020/06/03 81.8 82.3 81 81.8 1411 0 0 125272 587 245 126104 0 0 0 
2020/06/04 82.4 82.7 81.3 81.7 1224 0 0 125080 587 244 125911 0 0 0 
2020/06/05 82.2 82.5 81.6 82.3 999 0 0 125125 587 158 125870 0 0 0 
2020/06/08 82.3 82.6 81.5 82.3 1771 0 0 125107 587 235 125929 0 0 0 
2020/06/09 82.5 84.4 81.8 84 3183 0 0 125707 587 316 126610 0 0 0 
2020/06/10 84.2 84.3 83.1 83.9 1805 0 0 125630 656 223 126509 0 0 0 
2020/06/11 83.6 83.8 81.8 82 2146 0 0 125091 656 308 126055 0 0 0 
2020/06/12 80 81.9 79 81.9 2605 0 0 125128 676 351 126155 0 0 0 
2020/06/15 82.3 83.2 81.5 81.6 1937 0 0 124889 705 355 125949 0 0 0 
2020/06/16 82.3 83.2 82 82.9 2048 0 0 125687 828 371 126886 0 0 0 
2020/06/17 83.6 83.7 83.1 83.6 1999 107 0 126087 828 263 127178 4 0.08 0 
2020/06/18 83.7 83.9 82.9 83.7 1536 190 0 125963 828 265 127056 0 0.15 0 
2020/06/19 83.5 83.8 83 83.1 1255 193 0 125665 808 241 126714 0 0.15 0 
2020/06/22 83.1 83.7 82.5 82.8 1009 240 0 125539 808 248 126595 0 0.19 0 
2020/06/23 83.3 83.3 82.2 82.6 1122 251 0 125207 808 247 126262 0 0.19 0 
2020/06/24 83.2 83.2 82.1 82.6 1345 268 0 125097 760 234 126091 0 0.21 0 
2020/06/29 81.8 82.3 81.4 81.5 1074 274 0 124951 760 230 125941 0 0.21 0 
2020/06/30 81.8 82.3 81 81.6 719 282 0 124857 760 299 125916 0 0.22 0 
2020/07/01 81.8 83.2 81.6 82.1 1417 288 0 124767 700 353 125820 0 0.22 0 
2020/07/02 82.1 82.8 81.6 82.4 1097 311 0 124762 640 350 125752 0 0.24 0 
2020/07/03 82.7 83.8 82.4 83.3 2037 353 0 124930 580 448 125958 5 0.27 0 
2020/07/06 83.5 85.5 83.4 85.3 3424 506 0 126101 580 511 127192 0 0.39 0 
2020/07/07 86.4 86.5 84.2 85.6 2408 590 0 125851 580 521 126952 0 0.46 0 
2020/07/08 85.6 87 85.6 87 3256 677 0 126104 580 505 127189 0 0.53 0 
2020/07/09 87.5 88.3 87.2 88 3866 699 0 126504 577 912 127993 0 0.54 0 
2020/07/10 88 88 85.4 86.1 4277 671 0 125439 577 1053 127069 0 0.52 0 
2020/07/13 84 84.8 83.8 84.4 1435 655 0 125581 577 963 127121 1 0.51 0 
2020/07/14 84.3 84.3 82.7 82.9 1013 636 0 125305 577 982 126864 0 0.49 0 
2020/07/15 83.5 83.9 81.5 81.9 1746 635 0 125051 507 1012 126570 0 0.49 0 
2020/07/16 82 83 82 82.8 885 635 0 125370 507 1048 126925 0 0.49 0 
2020/07/17 82.8 82.8 81.4 81.7 987 628 1 125341 507 1067 126915 0 0.49 0.16 
2020/07/20 82.4 82.4 80.6 81.1 1037 630 1 125182 507 1058 126747 0 0.49 0.16 
2020/07/21 81.2 82.3 81.2 81.6 1008 605 0 125481 507 1105 127093 0 0.47 0 
2020/07/22 82.4 82.7 81.9 82 998 608 0 125681 507 1114 127302 0 0.47 0 
2020/07/23 81.9 82.3 81 81.4 1271 596 0 125511 477 1127 127115 0 0.46 0 
2020/07/24 81.4 81.4 80 80.1 1699 544 0 124912 447 1174 126533 0 0.42 0 
2020/07/27 80.3 80.9 79.5 79.5 1691 952 0 124842 447 1175 126464 0 0.74 0 
