2005/07/01 32.1 34.3 32.1 34.3 39 
2005/07/08 36.7 47.1 36.7 45.1 7246 
2005/07/15 45.5 54.3 45.5 54.3 6173 
2005/07/22 54.3 57.9 50.6 57.5 3054 
2005/07/29 57.4 71.6 57.4 70 4901 
2005/08/05 69.8 73 66.4 71.4 4962 
2005/08/12 70.3 70.7 62.3 63.8 3270 
2005/08/19 61.2 68.8 56.2 66 2854 
2005/08/26 65.8 70.6 64.6 68.5 3006 
2005/09/02 68.3 68.5 59.5 64.6 1995 
2005/09/09 65.8 69.7 56.2 56.5 3438 
2005/09/16 58.7 58.7 55.2 55.8 660 
2005/09/23 55.3 56.1 53.5 55 547 
2005/09/30 55.2 58.3 55 58.3 841 
2005/10/07 57.9 66.4 57.3 66 3537 
2005/10/14 66 68.9 64.4 67 1746 
2005/10/21 68.4 68.4 60.2 64 1986 
2005/10/28 65 66 57.6 58.9 1366 
2005/11/04 59.2 65.5 59.1 64 1114 
2005/11/11 64 66.5 60.1 64.7 1259 
2005/11/18 65 86 65 82.5 10786 
2005/11/25 82.5 96 79.5 92.8 10760 
2005/12/02 92.1 107.5 88 106 12417 
2005/12/09 110 114 97.8 114 8696 
2005/12/16 115.5 118 107 113 5842 
2005/12/23 114 115 105 111.5 4302 
2005/12/30 112.5 117 105.5 112.5 5532 
2006/01/06 109 129 106.5 129 10382 
2006/01/13 133 133.5 111 113 6943 
2006/01/20 113 123 108 109 7238 
2006/01/27 105 109.5 101.5 105.5 1863 
2006/02/03 106.5 110 104.5 108 562 
2006/02/10 106.5 122.5 106 115 4450 
2006/02/17 115 126.5 115 125.5 5763 
2006/02/24 125 125 101.5 109 6230 
2006/03/03 106 113 105.5 106.5 3801 
2006/03/10 106 120 105.5 118 6763 
2006/03/17 119 126 115 126 8357 
2006/03/24 130 134.5 120.5 123.5 14280 
2006/03/31 125 135.5 124.5 131.5 10762 
2006/04/07 131.5 139 130 135.5 8652 
2006/04/14 134.5 135 127 129 5268 
2006/04/21 134.5 139 129.5 131.5 10868 
2006/04/28 135 141 126.5 129 9315 
2006/05/05 129 132 123.5 128 3587 
2006/05/12 128.5 153 127 147 14789 
2006/05/19 146.5 167.5 146.5 167.5 9308 
2006/05/26 170 176.5 143 155 7624 
2006/06/02 158 165 153.5 156 2830 
2006/06/09 155 155 133 142 5369 
2006/06/16 144.5 159 143 147 8026 
2006/06/23 150 153 131 137 4117 
2006/06/30 137.5 161 137.5 158 7573 
2006/07/07 159.5 163 151 154 4648 
2006/07/14 158 160.5 147.5 149 6658 
2006/07/21 146 149.5 129.5 131.5 7842 
2006/07/28 127.5 134 125 131 3711 
2006/08/04 133 133 115 120.5 4633 
2006/08/11 120 125 115 117.5 8416 
2006/08/18 119 124.5 117 117 4643 
2006/08/25 118 119 103 109 3515 
2006/09/01 109 120.5 104.5 118.5 5778 
2006/09/08 119.5 128.5 116 123 9022 
2006/09/15 121 125 110.5 113.5 3593 
2006/09/22 116 123 115.5 122 3421 
2006/09/29 122 122 110.5 112 2702 
2006/10/06 110 111.5 103 110.5 5672 
2006/10/13 108.5 111.5 105 105.5 3951 
2006/10/20 107 108.5 103.5 106.5 2518 
2006/10/27 106 107.5 103 103.5 2509 
2006/11/03 103 104.5 89 102 6687 
2006/11/10 94.9 104.5 94.9 99.8 5134 
2006/11/17 102.5 102.5 98 98 2074 
2006/11/24 98 101 95 101 3123 
2006/12/01 102 104 98.8 99.9 3014 
2006/12/08 99.9 100 96.5 97.1 1128 
2006/12/15 97.2 97.7 91.8 93.5 1887 
2006/12/22 93.6 99.7 93 97.5 2375 
2006/12/29 97.5 103 97 98.1 3842 
2007/01/05 98.5 106.5 98.1 106.5 6016 
2007/01/12 106.5 114 104 111 13150 
2007/01/19 115 122 113 118.5 10239 
2007/01/26 121 121 107 107.5 5446 
2007/02/02 107.5 108.5 97.4 100 3846 
2007/02/09 101 105.5 98.2 105 3803 
2007/02/16 105 105 99.8 100 1749 
2007/03/02 103.5 103.5 96 96.8 3017 
2007/03/09 95 96.1 89.6 93.8 3764 
2007/03/16 93.8 95.9 91 93 4230 
2007/03/23 93.1 97.7 93.1 95.2 4725 
2007/03/30 96 96.7 92.8 93.4 3182 
2007/04/06 93.5 100 93.1 99 3730 
2007/04/13 102 102.5 96.8 96.8 7273 
2007/04/20 97.1 98 90.7 93.7 2160 
2007/04/27 94 94.7 92.1 92.3 995 
2007/05/04 92 92 83.8 86.1 1990 
2007/05/11 87 88.4 82.9 83.2 1676 
2007/05/18 82 82.6 79.6 80.9 1572 
2007/05/25 80.9 91 80.9 89 2910 
2007/06/01 90 91 83.8 85.8 1819 
2007/06/08 86 88.5 83 83.3 3463 
2007/06/15 83.5 87.7 83.5 84 2937 
2007/06/22 84.9 84.9 82.5 83.1 1676 
2007/06/29 83.1 85.8 82.8 84.9 3185 
2007/07/06 85.5 87.4 84.4 86.4 3498 
2007/07/13 89.3 105.5 88.6 104 19913 
2007/07/20 105 111 101 110 12626 
2007/07/27 110 122 104 107 14324 
2007/08/03 107 114 100.5 104.5 5903 
2007/08/10 101 107 98 99.5 3784 
2007/08/17 100 101.5 76.6 76.6 4335 
2007/08/24 81.5 82 70.9 78.4 4109 
2007/08/31 79.4 82.5 76.1 81.5 2375 
2007/09/07 81.9 82 71.1 73.2 4376 
2007/09/14 72 75 71.5 71.6 1979 
2007/09/21 72.3 73 66.5 67.5 1458 
2007/09/28 69.9 73.5 68.1 72.8 1521 
2007/10/05 73 73.6 69.3 71.8 2143 
2007/10/12 72.8 75.7 71.2 71.4 2681 
2007/10/19 73.5 73.5 70.8 72.1 1690 
2007/10/26 67.1 71.2 67.1 68.7 1357 
2007/11/02 69 71 65 65.9 1618 
2007/11/09 65.9 66.5 58.5 60 1725 
2007/11/16 56 59 55.2 56.5 1575 
2007/11/23 56.9 58 55.4 56.7 858 
2007/11/30 57.5 57.5 53.4 55.9 837 
2007/12/07 56.9 64 55.3 61 2414 
2007/12/14 61.8 62.8 54.6 56.7 1411 
2007/12/21 55 56.1 49.15 51.5 2039 
2007/12/28 52.5 55 52 54.3 2625 
2008/01/04 54.5 58.5 54.2 55 2947 
2008/01/11 52.8 53.6 47 50.1 1780 
2008/01/18 50.8 52 47.1 51.8 2424 
2008/01/25 50.7 51.9 41.3 44 1891 
2008/02/01 43.8 43.8 42 42.6 657 
2008/02/15 41 43.8 40.3 43.5 700 
2008/02/22 43.6 50.8 43.6 49.8 2364 
2008/02/29 50.8 50.8 47.95 49.45 1389 
2008/03/07 49.45 51.5 46.8 49.9 1959 
2008/03/14 50.2 50.2 47.05 47.05 1000 
2008/03/21 46.5 46.5 44.8 45.9 857 
2008/03/28 49.1 49.1 47.35 48.5 701 
2008/04/04 48.5 50.2 47.85 50 1055 
2008/04/11 50.3 57.9 50.1 53 3998 
2008/04/18 52.4 53.8 50.7 53.1 2327 
2008/04/25 53.6 55.4 53.2 54.3 2247 
2008/05/02 54.8 54.8 50.7 50.9 1951 
2008/05/09 50 52.6 49.2 51.7 1306 
2008/05/16 51.8 57 51.1 57 2116 
2008/05/23 59.8 69 58 67.2 9914 
2008/05/30 67.2 69 61.1 67.8 5644 
2008/06/06 68.3 68.4 63.5 64.2 2545 
2008/06/13 63 67.7 56 60 4070 
2008/06/20 59.9 64 58 61 2016 
2008/06/27 58.8 61.8 54.5 54.5 1274 
2008/07/04 55 55 46 49.2 2565 
2008/07/11 49.3 53.2 49.2 53 1968 
2008/07/18 51.9 54.5 47.7 49.5 1325 
2008/07/25 51 54.4 49.6 52.1 1004 
2008/08/01 50 51 43.9 46.5 2493 
2008/08/08 46.4 49.8 45.2 49.3 1835 
2008/08/15 51.5 61.7 51 57.8 6858 
2008/08/22 59.1 60.5 46.8 47.5 7588 
2008/08/29 48.8 53.4 47 51.2 5571 
2008/09/05 50.8 51 42.1 44.5 3261 
2008/09/12 47.15 47.6 40.95 42.8 2781 
2008/09/19 41.8 41.8 32.2 34.45 3758 
2008/09/26 36.8 39.8 35.8 36.4 3530 
2008/10/03 33.9 37.1 33.9 37.1 1385 
2008/10/10 35.6 36.3 32.5 33.3 1174 
2008/10/17 32.15 34.4 30.95 30.95 1600 
2008/10/24 29.9 32.35 28.15 28.15 1971 
2008/10/31 26.2 29.45 24.4 28.55 2934 
2008/11/07 28.6 30.2 25.25 26.45 1616 
2008/11/14 26.3 26.4 21 22.8 1607 
2008/11/21 21.8 22.15 18.6 20.6 1819 
2008/11/28 20.1 23.6 19.4 23.3 2979 
2008/12/05 23.3 24.3 21.15 21.25 1520 
2008/12/12 21.5 23.95 21.5 22.3 3142 
2008/12/19 22.6 23.75 22.25 22.95 1656 
2008/12/26 22.95 23.2 20.2 21 907 
2009/01/02 21 22.8 20.6 21.75 695 
2009/01/09 22.8 23.9 21.9 22.65 1913 
2009/01/16 24.15 24.15 21.5 22.5 2547 
2009/01/23 22.6 23.1 21.5 21.9 498 
2009/02/06 21.65 24.7 21.65 24.7 2348 
2009/02/13 25.15 28.7 24 27.95 10556 
2009/02/20 27.85 28.85 26.5 26.5 5879 
2009/02/27 26.3 29.5 26 29.25 4498 
2009/03/06 29.3 29.7 26.3 28.6 5114 
2009/03/13 28.6 31.9 27.8 30.3 12180 
2009/03/20 30.7 31 28.6 28.6 7914 
2009/03/27 29.1 32.85 29 31.2 11774 
2009/04/03 31.4 31.9 29.3 31 4296 
2009/04/10 31 34.4 30.5 32.8 6622 
2009/04/17 33 35.2 31.85 31.85 8339 
2009/04/24 32.05 34 30 33 3464 
2009/05/01 33.1 34.3 30.2 32.75 5247 
2009/05/08 33.4 38.85 32.6 38.85 13365 
2009/05/15 40 42.6 37 39.8 12917 
2009/05/22 40.2 48.45 39.25 48.45 14127 
2009/05/29 51 51 44.5 45.9 7697 
2009/06/05 46.4 48 44 45.6 7956 
2009/06/12 45.6 46.2 40.6 42.3 3740 
2009/06/19 42.3 47 39.6 45.5 6829 
2009/06/26 45.35 47 44 45.35 3106 
2009/07/03 45.4 52.4 43.6 52.4 9568 
2009/07/10 52 60.3 51.2 58.6 11830 
2009/07/17 57.8 66 54.5 65.5 13032 
2009/07/24 65 67 60.5 66.4 11666 
2009/07/31 67.8 79.5 67.2 74 16503 
2009/08/07 74 78 70.4 72.8 10697 
2009/08/14 66.9 79 66 76.5 21445 
2009/08/21 76.4 81.4 70.4 73 13247 
2009/08/28 75 77.2 70 70.1 7313 
2009/09/04 70 83 70 79 12727 
2009/09/11 79 82.4 75.7 77.1 8492 
2009/09/18 78.1 79 72.9 74 7564 
2009/09/25 74 74 65.8 67 20534 
2009/10/02 67 69.2 66 66.1 7250 
2009/10/09 66.1 68 60 61.2 10117 
2009/10/16 61.3 67 60 63.2 12761 
2009/10/23 62.6 63.7 61 61.5 4781 
2009/10/30 62.4 63.7 55.3 56 6788 
2009/11/06 53.5 62.7 53.5 60.3 12955 
2009/11/13 60.5 64.4 59 63.1 8915 
2009/11/20 64 66.5 63 63.8 12552 
2009/11/27 63.7 64.7 60 60 4095 
2009/12/04 60.8 62.9 60 60.6 3522 
2009/12/11 60.7 64 60.7 62 5637 
2009/12/18 62.3 72.2 61.1 69.9 31149 
2009/12/25 71 73.4 69 69.5 23926 
2010/01/01 70 73.4 69.2 70.5 17319 
2010/01/08 71.2 71.2 63.7 67.8 11290 
2010/01/15 67.8 70.4 66.7 68.7 10075 
2010/01/22 67.6 69.4 64.7 65 7705 
2010/01/29 63.5 65.5 56 59 4911 
2010/02/05 58.2 59.3 50.7 51.6 4453 
2010/02/12 51.6 56.4 51 55.7 3590 
2010/02/26 57.5 58.5 55.3 56 2941 
2010/03/05 56 59.1 55.6 58.5 2868 
2010/03/12 59.2 62.4 58.6 60 4602 
2010/03/19 60 62 58.2 61 3139 
2010/03/26 61 64 60.2 62.5 6079 
2010/04/02 62.7 64 60.8 61.6 3635 
2010/04/09 62.6 62.6 60.6 61.1 2473 
2010/04/16 61.5 66.3 60.6 63.8 8167 
2010/04/23 62.3 63 60.1 61.3 3591 
2010/04/30 62 63.5 58.3 60.6 3372 
2010/05/07 60 60.9 52.5 54.8 2819 
2010/05/14 54.9 57 54.5 56.7 1340 
2010/05/21 55.9 56 50 50.5 1731 
2010/05/28 51 54 48 52.2 2319 
2010/06/04 52.6 52.8 50 52.2 1022 
2010/06/11 50.1 52 49.8 51.8 923 
2010/06/18 52 54.5 51.5 52.1 1621 
2010/06/25 52.5 53.4 51.5 51.8 1405 
2010/07/02 51.9 53 49.6 50 1614 
2010/07/09 50.1 55.4 49.85 54 3672 
2010/07/16 54.8 55.8 52.4 54.2 3177 
2010/07/23 53.5 55.5 53.4 55 1692 
2010/07/30 55.5 57 54.5 55 2156 
2010/08/06 55 56 53.8 54.3 2367 
2010/08/13 55 55.4 49.8 51.4 4148 
2010/08/20 51.1 55.1 51 54.9 4416 
2010/08/27 58.7 58.7 51.8 52.8 6819 
2010/09/03 53.4 53.7 50 51.6 1867 
2010/09/10 52.4 54.8 51 52.4 2397 
2010/09/17 52.9 54.6 52.3 52.5 3223 
2010/09/24 52.5 53.1 50.9 51.9 2204 
2010/10/01 52.5 57.5 51.6 56.2 12157 
2010/10/08 56.5 56.7 52.7 54.1 4290 
2010/10/15 54.5 54.5 51.9 52.1 2532 
2010/10/22 52.2 52.7 51.1 52.3 1274 
2010/10/29 53 53.4 51.8 52.2 1159 
2010/11/05 52 52.5 48.3 49.05 2999 
2010/11/12 49.5 50.3 48.5 49.25 924 
2010/11/19 49.25 49.8 48.5 49 828 
2010/11/26 49.4 53 48.8 52 6342 
2010/12/03 52.5 53.2 51.4 52.2 3061 
2010/12/10 52.7 55.9 51.5 54.3 5095 
2010/12/17 54.8 54.9 51.7 52.3 3199 
2010/12/24 52.8 52.8 51.5 51.6 1767 
2010/12/31 51.6 52.1 50.1 50.3 1731 
2011/01/07 50.7 50.7 49.25 49.65 1626 
2011/01/14 50.8 51.2 50.1 50.1 1379 
2011/01/21 50.8 53.6 49.9 51.8 5495 
2011/01/28 52.8 53.8 51.4 51.4 2813 
2011/02/11 52 52.2 49.9 51.2 1913 
2011/02/18 51.9 53.8 50.2 52.8 4805 
2011/02/25 53.3 55 51 54.2 6904 
2011/03/04 55 58 55 56.2 11641 
2011/03/11 56.2 56.9 52.1 52.8 4910 
2011/03/18 52.2 52.3 47.1 50.5 5243 
2011/03/25 50.9 51.8 50.3 50.5 2363 
2011/04/01 50.5 52.5 49.8 51.4 2605 
2011/04/08 52.3 55.2 52 54.4 4093 
2011/04/15 54.4 54.6 51.7 51.9 3379 
2011/04/22 53.5 53.5 51 52.8 2580 
2011/04/29 53 53.1 50.9 51.3 1934 
2011/05/06 51.3 51.5 48.3 50 1674 
2011/05/13 50 52.2 50 50.7 1914 
2011/05/20 50.7 51.4 49.6 50 1177 
2011/05/27 50 50.4 48.55 49.8 1770 
2011/06/03 49.7 51 49.05 50.6 1485 
2011/06/10 50.7 53.4 50.6 50.9 3351 
2011/06/17 50.9 52.1 49.6 49.9 2347 
2011/06/24 50.5 50.5 47.55 48.2 2423 
2011/07/01 48.2 49.7 47.7 49.4 1742 
2011/07/08 49.5 51.8 48.9 50.3 3028 
2011/07/15 49.6 54.6 49.55 53.8 14435 
2011/07/22 54 54.1 50.8 52.2 5954 
2011/07/29 51.8 57.7 51.6 54 13094 
2011/08/05 55 55.4 48.85 48.85 14570 
2011/08/12 47.7 52.5 45.5 50.5 8380 
2011/08/19 51.5 53 45.15 45.15 12936 
2011/08/26 45.3 46.5 38.75 39.45 5399 
2011/09/02 40 45.4 40 44.5 5667 
2011/09/09 43.2 44.4 41.45 42.55 3934 
2011/09/16 41.6 42.35 39.4 42.05 2822 
2011/09/23 39.15 39.8 35.1 35.6 7742 
2011/09/30 35.6 35.9 32.3 34.8 5223 
2011/10/07 34 34.9 33 34.4 2147 
2011/10/14 35.1 36.95 35.1 36.95 4097 
2011/10/21 37.6 37.85 35.6 36.05 4310 
2011/10/28 36.6 39.55 36.45 38.9 4702 
2011/11/04 39 40.05 38.05 38.5 5974 
2011/11/11 38.5 38.95 35.2 36.15 2979 
2011/11/18 36.5 37.35 35.4 35.5 1353 
2011/11/25 36 36 32.4 33.4 2283 
2011/12/02 33.4 34.9 33.4 34.55 1035 
2011/12/09 34.85 34.85 32.05 32.6 867 
2011/12/16 33 33.1 31.9 32.45 676 
2011/12/23 33.35 34.4 30 34 1319 
2011/12/30 34 34 32.8 33.2 1043 
2012/01/06 33.2 38 32.8 37.8 4808 
2012/01/13 37.6 37.9 36.45 36.45 2602 
2012/01/20 36.75 38.9 36.1 38.6 4088 
2012/02/03 39.1 42 39 40.5 5985 
2012/02/10 40.3 42.8 40.2 42.5 6634 
2012/02/17 42.6 43.85 41.6 42.05 7633 
2012/02/24 42.5 44 42.1 42.55 8068 
2012/03/02 42.55 43.6 41.65 43.1 3256 
2012/03/09 43.5 43.5 39.75 42.2 2850 
2012/03/16 42.2 43 41.55 42.7 1896 
2012/03/23 42.7 42.8 41.25 42.6 1671 
2012/03/30 42.9 43.1 40.2 41.3 2220 
2012/04/06 41.5 41.9 37.9 40.5 1629 
2012/04/13 38.05 40.45 38.05 40 1489 
2012/04/20 39.95 40 38 38.2 944 
2012/04/27 38 38.45 37.2 37.45 713 
2012/05/04 37.35 38.2 36 37.9 1469 
2012/05/11 37 37.8 36.15 36.25 677 
2012/05/18 36.65 36.65 34.5 34.75 531 
2012/05/25 34.4 36 34.05 34.05 341 
2012/06/01 34.05 36.5 34.05 34.9 597 
2012/06/08 34.4 35.6 32.75 34.4 708 
2012/06/15 34.5 36.15 34.45 36 480 
2012/06/22 36.5 37.2 36 36.85 664 
2012/06/29 36.85 37.2 36.5 37.2 934 
2012/07/06 37.7 38.1 37.3 37.4 914 
2012/07/13 36.8 37.2 33.45 33.5 1500 
2012/07/20 33.5 33.7 33.1 33.5 426 
2012/07/27 33.2 33.35 32.25 32.9 657 
2012/08/03 33.5 33.65 32.9 33.2 336 
2012/08/10 33.4 35.25 33 34.8 1148 
2012/08/17 34.8 35.75 34.1 35.2 888 
2012/08/24 35.2 35.5 34.2 34.3 1006 
2012/08/31 34.5 34.9 33.95 34.1 560 
2012/09/07 34.2 35.95 34.1 35.2 1293 
2012/09/14 34.85 35.7 34.6 35.25 985 
2012/09/21 35.5 35.6 34.65 34.8 686 
2012/09/28 34.85 37.7 34.85 36.8 2477 
2012/10/05 36.8 37 35.5 35.7 901 
2012/10/12 35.7 35.7 33.6 33.8 774 
2012/10/19 33.7 34.25 33.5 33.5 455 
2012/10/26 33.4 33.75 32 32 552 
2012/11/02 32 32.3 31.2 31.8 622 
2012/11/09 31.8 32.1 31.2 31.75 411 
2012/11/16 31.9 31.95 30.5 30.55 491 
2012/11/23 30.6 30.85 28.9 29.8 811 
2012/11/30 30.3 31 29.9 30.8 1177 
2012/12/07 31 32.8 31 31.8 1163 
2012/12/14 31.9 31.9 31 31.5 723 
2012/12/21 31.5 31.95 31 31.3 427 
2012/12/28 31.3 32.3 31.3 32.2 467 
2013/01/04 32.2 32.8 32.2 32.7 402 
2013/01/11 33 33.2 32.15 32.35 586 
2013/01/18 32.35 32.4 31.3 31.6 549 
2013/01/25 31.7 32.2 31.2 31.4 400 
2013/02/01 31.45 32.1 31.45 31.8 409 
2013/02/08 32 32.75 31.7 32.6 646 
2013/02/22 33 34.1 32.1 33.05 1246 
2013/03/01 33.05 33.3 32.7 33.15 441 
2013/03/08 33.15 33.4 32.55 33.3 870 
2013/03/15 33.2 33.65 32.75 32.8 930 
2013/03/22 32.6 32.8 32.2 32.6 559 
2013/03/29 32.5 33.3 32.5 33.1 595 
2013/04/05 33.2 33.2 32.65 32.9 303 
2013/04/12 32.2 32.4 30.55 30.55 1170 
2013/04/19 30.4 30.9 30 30.4 664 
2013/04/26 30.8 31.5 30.35 31.1 713 
2013/05/03 31 31.4 30.8 31 422 
2013/05/10 33.15 35.15 33.15 33.75 3867 
2013/05/17 33.8 34 33.05 33.85 1905 
2013/05/24 34 34.8 32.8 33.05 1444 
2013/05/31 33.1 34 32.1 32.1 1725 
2013/06/07 32.1 33.1 32.05 32.6 1601 
2013/06/14 32.8 33 31.6 31.8 698 
2013/06/21 31.9 33.3 31.9 32.6 502 
2013/06/28 32.6 33.45 32 32.95 645 
2013/07/05 33 33.5 32.5 32.75 683 
2013/07/12 33.1 34.8 32.75 33.5 1357 
2013/07/19 33.8 34.3 33 33.4 1466 
2013/07/26 33.6 34.7 33.05 34.1 1161 
2013/08/02 33.3 33.8 32.9 33.35 1116 
2013/08/09 33.55 34 31.5 31.5 1559 
2013/08/16 31.65 32.3 31.55 32.1 1609 
2013/08/23 32.2 32.45 31.4 31.55 774 
2013/08/30 31.8 32.3 31.2 31.5 613 
2013/09/06 31.95 32.7 31.65 32.5 1217 
2013/09/13 32.6 32.7 31.65 31.65 859 
2013/09/20 31.7 31.95 31.55 31.8 340 
2013/09/27 31.8 32.05 31.6 31.65 678 
2013/10/04 31.6 33.2 31.4 32.75 1463 
2013/10/11 32.75 34.3 32.75 33.45 2325 
2013/10/18 33.45 34.3 32.95 33.75 1088 
2013/10/25 33.8 35.3 33.8 34.3 2597 
2013/11/01 34.3 34.65 34 34.2 715 
2013/11/08 33.65 34.25 33 33 1049 
2013/11/15 32.8 33.05 31 31.65 1359 
2013/11/22 31.6 34.05 31.2 33.15 2590 
2013/11/29 33.4 33.7 32.65 33.3 738 
2013/12/06 33.4 33.55 32.8 33.5 802 
2013/12/13 33.5 33.6 32.6 32.7 713 
2013/12/20 32.7 33.4 32 32.9 1037 
2013/12/27 33.5 34.4 33.3 33.85 1813 
2014/01/03 34.15 34.6 33.65 34.15 1124 
2014/01/10 34 38.8 33.55 37.8 7255 
2014/01/17 37.8 39.3 36.6 37.8 6022 
2014/01/24 37.9 39.7 37.5 38.1 5639 
2014/01/31 37.6 37.9 37 37.65 495 
2014/02/07 37.1 41 36.9 39.9 3446 
2014/02/14 40.2 40.5 39 39.5 2855 
2014/02/21 39.5 41.95 38.5 41.95 5654 
2014/02/28 42.2 43.45 41.6 42.55 10654 
2014/03/07 42.45 44.75 41.8 42.35 7142 
2014/03/14 42.1 43.45 41.55 41.8 2978 
2014/03/21 42 42.7 40.4 40.5 2741 
2014/03/28 40 42.3 39 41.8 2479 
2014/04/04 42.15 43.8 41.65 42.5 4641 
2014/04/11 42.4 43.1 41.65 41.8 4893 
2014/04/18 41.8 42.1 40.7 41.25 1549 
2014/04/25 41.45 43.4 39.3 39.95 5355 
2014/05/02 38.7 41.5 38.7 41.15 1934 
2014/05/09 41.45 41.5 40.1 40.45 1552 
2014/05/16 40.5 40.9 38.85 39 1422 
2014/05/23 38.8 40.35 38.7 39.75 979 
2014/05/30 39.7 40.1 39.1 39.1 1176 
2014/06/06 39 39.15 37.9 38.25 1710 
2014/06/13 38 38.6 37.75 37.85 1123 
2014/06/20 37.85 38.85 37.75 37.8 1151 
2014/06/27 37.3 37.85 36.65 37.15 1240 
2014/07/04 37.2 38.6 37.15 37.85 1623 
2014/07/11 37.8 38.4 34.7 35.2 2085 
2014/07/18 35.2 35.4 34.55 34.85 860 
2014/07/25 34.9 35.35 34.8 35.15 495 
2014/08/01 34.9 35.25 34.2 35.2 867 
2014/08/08 35.2 35.6 34.4 35.4 912 
2014/08/15 35.6 37.1 35.35 35.5 2103 
2014/08/22 36.3 36.3 34.9 35.6 615 
2014/08/29 35.6 36.2 35.3 36 849 
2014/09/05 36 36.5 35.4 35.6 797 
2014/09/12 35.6 36.95 35.6 36.2 1394 
2014/09/19 36.05 36.2 35.4 35.75 560 
2014/09/26 35.75 35.75 34.3 34.35 663 
2014/10/03 34.4 34.65 33.8 34.15 1127 
2014/10/10 34.3 34.55 33.8 33.8 607 
2014/10/17 33.3 33.45 31.4 31.5 939 
2014/10/24 32 32.65 31.75 31.85 491 
2014/10/31 32.05 32.6 31.35 32.3 436 
2014/11/07 32.4 32.5 31.45 31.95 786 
2014/11/14 32.05 32.5 31.75 31.85 412 
2014/11/21 31.85 31.9 31 31.8 488 
2014/11/28 32.1 32.1 31.3 31.55 354 
2014/12/05 31.2 32.4 30.85 32.35 712 
2014/12/12 32.7 33.2 31.55 31.95 1118 
2014/12/19 31.8 32.3 31.6 31.9 626 
2014/12/26 32 32.85 31.75 32.75 1121 
2015/01/02 32.9 33.25 32.5 32.65 843 
2015/01/09 32.7 34.85 32.65 34 2119 
2015/01/16 33.6 34.15 33.25 33.65 1301 
2015/01/23 34.1 34.1 32.75 33.1 951 
2015/01/30 33.4 33.45 32.8 33.1 714 
2015/02/06 33 33.1 32.65 32.85 421 
2015/02/13 32.9 32.9 32.3 32.45 547 
2015/02/27 32.7 32.7 31.95 32.15 566 
2015/03/06 32.25 32.9 32.05 32.65 436 
2015/03/13 32.6 32.8 32.15 32.6 786 
2015/03/20 32.6 33.7 32.4 33.5 1911 
2015/03/27 33.6 33.75 32.9 33.3 1077 
2015/04/03 33.5 33.5 32.9 33.15 584 
2015/04/10 33.35 33.65 33 33.1 726 
2015/04/17 33.1 33.4 32.9 32.9 718 
2015/04/24 32.9 33 32.2 32.55 771 
2015/05/01 32.45 32.9 32.45 32.75 415 
2015/05/08 32.8 32.8 31.8 32.05 598 
2015/05/15 32.4 32.4 28.85 29.3 2353 
2015/05/22 29.1 29.2 28.35 28.75 1079 
2015/05/29 28.75 29.6 28.75 29.5 496 
2015/06/05 29.35 29.35 28.4 28.55 586 
2015/06/12 28.15 28.5 25 27.2 1236 
2015/06/19 27.2 27.9 27.2 27.75 738 
2015/06/26 27.7 28.6 27.65 28.35 1163 
2015/07/03 26.6 26.6 25.7 26.3 376 
2015/07/10 26.05 26.05 23.9 24.55 615 
2015/07/17 26 28.1 25.6 27.5 1134 
2015/07/24 28 28 26.6 26.9 527 
2015/07/31 26.8 27.4 24.7 26.6 544 
2015/08/07 27 27.1 25.2 25.45 326 
2015/08/14 25.7 25.7 24.55 25 204 
2015/08/21 24.6 25.2 19.6 20 1871 
2015/08/28 19 26.2 17.6 25.8 3920 
2015/09/04 26 26 24.3 24.4 1066 
2015/09/11 24.4 26.2 23.7 24.75 1388 
2015/09/18 24.8 24.8 24.05 24.45 306 
2015/09/25 24.45 24.45 23 23.3 386 
2015/10/02 23.3 24.1 23.3 23.9 137 
2015/10/09 24.1 24.2 23.4 23.4 140 
2015/10/16 23.4 23.65 23 23.4 190 
2015/10/23 23.4 24.65 23.4 24.25 417 
2015/10/30 24.5 24.5 23.85 23.9 173 
2015/11/06 23.9 24.9 23.8 24.15 395 
2015/11/13 24.25 24.25 23 23.05 311 
2015/11/20 23 23.5 22.55 23.1 245 
2015/11/27 23 23.45 22.65 22.8 150 
2015/12/04 23.95 27.85 23.95 26.3 3427 
2015/12/11 26.5 26.6 22.35 22.4 1495 
2015/12/18 22.5 23.4 22 23 538 
2015/12/25 22.75 23.95 22.6 23.2 394 
2016/01/01 23.3 23.35 22.75 23.1 285 
2016/01/08 23 23 22.1 22.4 358 
2016/01/15 22.3 22.3 20.5 20.7 321 
2016/01/22 20.45 25 20.45 24.15 1343 
2016/01/29 24.25 26.5 23.85 25 1362 
2016/02/05 25.05 25.45 24.5 24.55 296 
2016/02/19 24.3 26.5 24 25.9 769 
2016/02/26 26 26 24.85 24.9 227 
2016/03/04 24.75 25.4 24.6 24.8 361 
2016/03/11 24.9 26.1 24.9 25.1 715 
2016/03/18 25.15 25.5 24.5 24.55 313 
2016/03/25 24.7 25.3 24.3 24.5 376 
2016/04/01 24.8 24.8 23.75 24.4 222 
2016/04/08 24.5 24.5 23.6 24 153 
2016/04/15 23.65 24.05 23.55 23.55 374 
2016/04/22 23.6 23.95 23 23 280 
2016/04/29 22.95 23.2 21.4 21.65 476 
2016/05/06 21.6 21.6 20.55 20.55 397 
2016/05/13 20.65 20.65 20 20.3 364 
2016/05/20 20.4 20.7 19.85 20.3 444 
2016/05/27 20.4 21.7 20.4 21.7 559 
2016/06/03 22.2 23 21.65 22 2369 
2016/06/10 22 22.7 21.85 22.3 829 
2016/06/17 22 22.6 21.8 21.9 1112 
2016/06/24 22.1 22.4 21.8 21.8 275 
2016/07/01 21.8 22.45 21.3 21.35 480 
2016/07/08 21.35 21.8 21.35 21.5 286 
2016/07/15 21.95 23.5 21.6 23.3 672 
2016/07/22 23.45 24.2 23.4 23.5 748 
2016/07/29 23.55 24.8 23.15 24.5 1469 
2016/08/05 24.4 24.65 23.65 24.4 726 
2016/08/12 24.4 27.65 24.2 27.65 2048 
2016/08/19 28 28.7 27.1 27.55 5161 
2016/08/26 27.55 30.5 27 29.25 4234 
2016/09/02 29.3 31.4 28.75 28.75 4744 
2016/09/09 29.2 30.75 28.75 29.55 3120 
2016/09/16 29.6 29.95 28.2 28.45 831 
2016/09/23 28.5 29.7 28.5 29.1 1370 
2016/09/30 29 29.5 28.8 29.5 289 
2016/10/07 29.8 33.9 29.45 32.7 10505 
2016/10/14 33 33.05 29.6 30.6 3507 
2016/10/21 31.1 31.15 28.4 29.4 3978 
2016/10/28 29.8 30.4 29.2 29.9 1718 
2016/11/04 29.8 30.45 29 29.5 1178 
2016/11/11 29.5 30.1 27.9 28.3 1993 
2016/11/18 28.3 29.45 27.8 27.95 1342 
2016/11/25 27.85 29.5 27.6 28.65 1518 
2016/12/02 28.65 29.4 28.6 28.9 856 
2016/12/09 29.15 29.35 28.65 29.2 1058 
2016/12/16 29.25 30.45 28.8 30.25 1547 
2016/12/23 30.7 31.9 29.3 31.2 6834 
2016/12/30 31.5 32.9 30.9 31.85 8827 
2017/01/06 32.1 34.95 31.35 34.85 9458 
2017/01/13 35.9 36.15 33.4 33.7 9723 
2017/01/20 33.8 34.45 33 33.2 4986 
2017/01/27 33.15 33.4 31.9 32.4 2773 
2017/02/03 32.4 33.5 31.8 32.65 1211 
2017/02/10 33.2 34.45 32.5 34.1 5615 
2017/02/17 33.9 34.15 32.5 32.85 4137 
2017/02/24 32.8 34.05 32.55 33.65 3022 
2017/03/03 33.65 35.15 33.4 34.75 5058 
2017/03/10 34.9 35.15 33.3 33.6 3937 
2017/03/17 33.7 34.5 33.45 34.25 2977 
2017/03/24 34.25 34.65 33.6 33.8 2376 
2017/03/31 33.65 34 32.5 33 1669 
2017/04/07 33 33 32.75 32.8 553 
2017/04/14 33.5 33.5 31.05 31.05 2070 
2017/04/21 30.7 31.3 30.7 31.05 520 
2017/04/28 31.5 31.5 31 31 98 
2017/05/05 31.3 31.4 31.2 31.25 152 
2017/05/12 31.6 31.8 31 31.15 1004 
2017/05/19 30 30.45 29.9 30.05 1081 
2017/05/26 30.5 30.75 30.1 30.6 489 
2017/06/02 30.5 30.75 30.15 30.65 261 
2017/06/09 30.6 31.35 30.5 31.25 525 
2017/06/16 31 31.7 31 31.1 1080 
2017/06/23 31.6 32 31.4 31.8 1133 
2017/06/30 31.9 32.1 29.5 29.7 2093 
2017/07/07 29.7 29.7 29.5 29.55 214 
2017/07/14 29.35 29.35 28.8 28.85 398 
2017/07/21 29 29 28.75 28.75 138 
2017/07/28 29.15 29.15 28.8 28.8 42 
2017/08/04 28.8 30.6 28.65 30.25 1805 
2017/08/11 30.3 30.5 29.6 30.1 1801 
2017/08/18 28.4 28.4 26.15 26.15 1349 
2017/08/25 26.45 26.45 26 26.3 196 
2017/09/01 26.75 26.75 26.55 26.7 76 
2017/09/08 26.8 26.8 26.6 26.6 122 
2017/09/15 26.65 26.85 26.55 26.65 113 
2017/09/22 26.8 26.8 26.65 26.7 63 
2017/09/29 26.3 26.3 25.5 25.9 344 
2017/10/06 26.05 26.05 25.85 25.95 27 
2017/10/13 26.65 26.65 26.4 26.45 77 
2017/10/20 26.7 26.75 26.5 26.7 102 
2017/10/27 26.5 27.45 26.3 26.8 649 
2017/11/03 26.8 27.45 26.35 27.05 589 
2017/11/10 27.2 27.35 26.8 26.95 392 
2017/11/17 26.55 27.2 26.45 26.85 70 
2017/11/24 27 27 26.6 26.85 60 
2017/12/01 26.9 27.25 26.7 26.9 422 
2017/12/08 26.3 26.9 26.1 26.6 378 
2017/12/15 26.35 26.75 26.15 26.35 259 
2017/12/22 26.35 26.4 25.8 26.3 342 
2017/12/29 26.55 26.55 26.1 26.35 186 
2018/01/05 26.35 26.6 26.15 26.2 285 
2018/01/12 26.3 26.45 26.15 26.3 298 
2018/01/19 26.3 27.3 26.3 27 852 
2018/01/26 26.9 26.9 26.5 26.8 249 
2018/02/02 26.8 26.95 26.4 26.7 361 
2018/02/09 26.4 26.9 24.5 25.25 547 
2018/02/16 25.3 25.35 25 25.15 65 
2018/02/23 25.35 25.75 25.25 25.7 118 
2018/03/02 25.8 26.1 25.6 25.9 148 
2018/03/09 25.55 26.25 25.55 26.1 156 
2018/03/16 26.1 26.15 25.6 26 152 
2018/03/23 25.8 25.95 24.8 25.1 382 
2018/03/30 25 25.55 24.85 25.35 235 
2018/04/06 25.35 25.35 24.8 25 186 
2018/04/13 25 25.05 24.8 25 222 
2018/04/20 25.5 25.5 24.8 25 129 
2018/04/27 25 25.25 24.35 24.7 250 
2018/05/04 24.35 24.9 24.35 24.9 125 
2018/05/11 24.9 24.95 24.5 24.8 207 
2018/05/18 24.65 24.85 22.75 23 584 
2018/05/25 23 23.25 22.9 23.05 304 
2018/06/01 23.25 24.15 22.8 23.6 324 
2018/06/08 23.85 24.05 23.45 23.7 259 
2018/06/15 23.7 23.7 23.2 23.4 227 
2018/06/22 23.1 23.5 23 23.1 110 
2018/06/29 23.15 23.5 22.1 22.25 305 
2018/07/06 22.2 22.3 21.4 21.45 156 
2018/07/13 21.5 21.9 21.5 21.65 125 
2018/07/20 21.9 22 21.5 21.9 281 
2018/07/27 21.7 21.9 21.5 21.7 223 
2018/08/03 21.7 22.4 21.5 22.4 270 
2018/08/10 22.4 23.5 22.4 23 507 
2018/08/17 22.7 22.7 21.7 21.9 165 
2018/08/24 21.9 22.35 21.9 22.2 253 
2018/08/31 22.55 22.55 21.8 22.2 80 
2018/09/07 22 22.2 21.55 21.6 214 
2018/09/14 21.55 22 21 21.9 236 
2018/09/21 21.85 21.9 21.3 21.45 141 
2018/09/28 21.35 22 21.25 21.55 155 
2018/10/05 21.6 21.95 21.4 21.4 233 
2018/10/12 21.3 21.9 19.4 20.1 314 
2018/10/19 20.05 21.95 20 20.7 280 
2018/10/26 20.7 20.85 19.6 19.9 202 
2018/11/02 20 21 19.65 20.1 427 
2018/11/09 20 20.2 19.65 19.9 166 
2018/11/16 19.9 20.1 19.45 19.95 240 
2018/11/23 19.95 20.3 19.5 20.1 92 
2018/11/30 20.2 20.2 19.65 19.75 274 
2018/12/07 19.85 20.1 19.5 19.6 319 
2018/12/14 19.35 20.2 19.3 19.85 360 
2018/12/21 19.7 19.7 18.6 18.95 194 
2018/12/28 18.9 18.95 18.75 18.9 247 
2019/01/04 18.95 19.1 18.8 19 39 
2019/01/11 19.15 19.25 18.75 19.1 131 
2019/01/18 19.1 19.1 18.8 19 124 
2019/01/25 19 19.4 18.9 19.4 105 
2019/02/01 19.45 19.45 19.2 19.45 109 
2019/02/15 19.45 19.95 19.25 19.9 233 
2019/02/22 20 20.3 19.8 20 330 
2019/03/01 20.05 21 19.95 20.65 317 
2019/03/08 20.55 20.6 19.9 20 214 
2019/03/15 19.9 20.05 19.7 19.9 258 
2019/03/22 19.8 20.15 19.75 20.1 139 
2019/03/29 19.85 20.1 19.6 20 429 
2019/04/05 19.75 20.1 19.6 20.1 304 
2019/04/12 20.1 20.1 19.75 20.05 449 
2019/04/19 20 20.25 19.75 19.75 696 
2019/04/26 19.75 20.2 19.65 20.05 330 
2019/05/03 20 20.1 19.75 20.05 215 
2019/05/10 20.05 22.4 19.85 21.2 3033 
2019/05/17 20.7 21.15 19.85 20.4 989 
2019/05/24 20.4 20.5 20 20.5 249 
2019/05/31 20.75 20.95 20.15 20.45 247 
2019/06/07 20.5 20.5 20.1 20.35 209 
2019/06/14 20.35 21.35 20.2 20.9 712 
2019/06/21 21 21.1 20.65 20.8 372 
2019/06/28 20.75 20.95 20.6 20.75 218 
2019/07/05 20.7 21.15 20.65 21.05 414 
2019/07/12 21 21 20.45 20.8 467 
2019/07/19 20.8 20.8 19.75 19.85 355 
2019/07/26 19.75 21.7 19.75 21.6 1410 
2019/08/02 21.75 22.25 21 21.35 623 
2019/08/09 21.3 21.3 19.5 20.2 566 
2019/08/16 20.2 22.3 19.55 22 2203 
2019/08/23 22.15 23 21.85 22.6 1564 
2019/08/30 22 22.6 21.55 22.15 845 
2019/09/06 22.15 25.7 22.15 24.3 4539 
2019/09/13 24.65 25.5 23.45 24.4 1913 
2019/09/20 24.4 24.4 23.55 23.8 729 
2019/09/27 23.9 24.4 22.6 23 823 
2019/10/04 23 23.5 22.2 23.1 274 
2019/10/11 23.1 23.5 22.3 22.65 287 
2019/10/18 22.9 23.25 21.9 22.8 642 
2019/10/25 22.8 23.05 22.65 23 388 
2019/11/01 23.05 23.5 22.3 22.65 571 
2019/11/08 22.5 22.75 22.25 22.6 433 
2019/11/15 22.6 24.7 22.4 24.4 2554 
2019/11/22 24.55 24.8 23.95 24.2 1056 
2019/11/29 24.5 25.8 24.3 24.7 1701 
2019/12/06 24.7 24.7 24 24.5 552 
2019/12/13 24.4 25.1 24.4 24.6 585 
2019/12/20 24.6 24.75 24.05 24.2 516 
2019/12/27 24.2 25.6 24.05 25.15 1476 
2020/01/03 25.15 25.25 24.7 25 611 
2020/01/10 24.9 24.9 24.05 24.7 854 
2020/01/17 25 25.35 24.7 25.2 965 
2020/01/24 25.2 25.25 24.95 25.1 136 
2020/01/31 23.2 23.5 22.7 22.95 868 
2020/02/07 22.8 23.25 21.9 22.85 751 
2020/02/14 22.8 23.05 22.4 22.75 527 
2020/02/21 22.75 23 22.5 22.8 543 
2020/02/28 22.8 22.8 21.9 22 675 
2020/03/06 21.5 22.25 21.2 22.2 647 
2020/03/13 22.2 22.75 18.6 19.7 1720 
2020/03/20 19.9 19.9 16.9 17.6 1081 
2020/03/27 17 18.9 16.25 17.85 918 
2020/04/03 17.8 18.4 17.4 17.75 467 
2020/04/10 17.75 18.5 17.4 18.5 765 
2020/04/17 18.4 19.35 18.25 19 805 
2020/04/24 19.2 19.2 18.1 18.65 440 
2020/05/01 18.8 19.65 18.7 19.5 590 
2020/05/08 19.45 20.6 19 19.65 733 
2020/05/15 19.65 20.45 19.3 19.5 450 
2020/05/22 19.4 20.5 19.2 19.65 1036 
2020/05/29 19.65 20.15 19.45 19.8 451 
2020/06/05 19.85 20.6 19.85 20.6 671 
2020/06/12 20.8 21 19.85 20.15 802 
2020/06/19 20.15 20.85 20.1 20.8 521 
2020/06/26 20.8 20.9 20.6 20.9 247 
2020/07/03 20.7 21.1 20 20.6 818 
2020/07/10 20.8 20.95 20.2 20.5 1019 
2020/07/17 20.5 20.8 20.25 20.4 641 
2020/07/24 20.1 20.85 20 20.35 722 
2020/07/31 20.3 20.55 20.1 20.45 495 
2020/08/07 20.45 20.75 20.4 20.55 695 
2020/08/14 20.65 25.05 20.55 24.55 9399 
2020/08/21 24.6 28.05 23.95 27.2 15152 
2020/08/28 27.9 29.2 25.9 25.9 7799 
2020/09/04 26.5 29.2 25.8 29.2 8210 
2020/09/11 30.5 31.25 27.05 27.6 9769 
