2011/07/13 7.02 7.09 6.91 6.91 667 0 0 0 0 0 0 0 0 0 
2011/07/14 6.92 7 6.83 6.85 312 0 0 0 0 0 0 0 0 0 
2011/07/15 6.85 6.91 6.7 6.8 573 0 0 0 0 0 0 0 0 0 
2011/07/18 6.82 6.85 6.7 6.71 546 0 0 0 0 0 0 0 0 0 
2011/07/19 6.76 6.77 6.7 6.77 222 0 0 0 0 0 0 0 0 0 
2011/07/20 6.91 6.91 6.61 6.8 270 0 0 0 0 0 0 0 0 0 
2011/07/21 6.8 6.91 6.74 6.74 379 0 0 0 0 0 0 0 0 0 
2011/07/22 6.75 6.85 6.75 6.83 467 0 0 0 0 0 0 0 0 0 
2011/07/25 6.83 6.83 6.62 6.72 210 0 0 0 0 0 0 0 0 0 
2011/07/26 6.68 6.77 6.62 6.68 314 0 0 0 0 0 0 0 0 0 
2011/07/27 6.84 6.84 6.67 6.79 280 0 0 0 0 0 0 0 0 0 
2011/07/28 6.7 7.05 6.7 7.04 560 0 0 0 0 0 0 0 0 0 
2011/07/29 6.9 7.2 6.9 7.05 260 0 0 0 0 0 0 0 0 0 
2011/08/01 7.2 7.54 7.08 7.54 1340 0 0 0 0 0 0 0 0 0 
2011/08/02 7.64 7.88 7.62 7.78 1224 0 0 0 0 0 0 0 0 0 
2011/08/03 7.56 7.7 7.48 7.65 641 0 0 0 0 0 0 0 0 0 
2011/08/04 7.67 7.83 7.5 7.52 596 0 0 0 0 0 0 0 0 0 
2011/08/05 7 7.17 7 7 755 0 0 0 0 0 0 0 0 0 
2011/08/08 6.9 6.95 6.51 6.55 631 0 0 0 0 0 0 0 0 0 
2011/08/09 6.23 6.95 6.1 6.83 889 0 0 0 0 0 0 0 0 0 
2011/08/10 6.88 7.19 6.8 6.98 485 0 0 0 0 0 0 0 0 0 
2011/08/11 6.51 6.98 6.51 6.79 551 0 0 0 0 0 0 0 0 0 
2011/08/12 7 7.19 6.89 6.89 345 0 0 0 0 0 0 0 0 0 
2011/08/15 7 7.08 6.96 6.98 262 0 0 0 0 0 0 0 0 0 
2011/08/16 7.05 7.05 6.96 6.97 178 0 0 0 0 0 0 0 0 0 
2011/08/17 6.97 7.02 6.92 6.97 200 0 0 0 0 0 0 0 0 0 
2011/08/18 6.98 7 6.9 6.97 185 0 0 0 0 0 0 0 0 0 
2011/08/19 6.62 6.96 6.62 6.75 442 0 0 0 0 0 0 0 0 0 
2011/08/22 6.75 7.19 6.75 6.85 303 0 0 0 0 0 0 0 0 0 
2011/08/23 6.98 7.03 6.75 6.95 185 0 0 0 0 0 0 0 0 0 
2011/08/24 7.1 7.23 7 7.02 176 0 0 0 0 0 0 0 0 0 
2011/08/25 7.17 7.17 6.73 6.73 410 0 0 0 0 0 0 0 0 0 
2011/08/26 6.83 6.9 6.72 6.9 200 0 0 0 0 0 0 0 0 0 
2011/08/29 6.9 7.2 6.9 7.13 301 0 0 0 0 0 0 0 0 0 
2011/08/30 7.15 7.18 7.1 7.11 265 0 0 0 0 0 0 0 0 0 
2011/08/31 7.11 7.25 6.9 7.23 331 0 0 0 0 0 0 0 0 0 
2011/09/01 7.23 7.34 7.11 7.11 305 0 0 0 0 0 0 0 0 0 
2011/09/02 7.11 7.21 7.05 7.19 223 0 0 0 0 0 0 0 0 0 
2011/09/05 7.19 7.19 6.95 7 265 0 0 0 0 0 0 0 0 0 
2011/09/06 6.85 7.12 6.85 7.12 250 0 0 0 0 0 0 0 0 0 
2011/09/07 7.12 7.2 7.04 7.17 147 0 0 0 0 0 0 0 0 0 
2011/09/08 7.17 7.17 6.96 6.96 325 0 0 0 0 0 0 0 0 0 
2011/09/09 7 7 6.86 6.89 224 0 0 0 0 0 0 0 0 0 
2011/09/13 7 7.19 6.86 7.09 456 0 0 0 0 0 0 0 0 0 
2011/09/14 7.18 7.18 6.94 6.94 339 0 0 0 0 0 0 0 0 0 
2011/09/15 7.1 7.2 7.03 7.2 432 0 0 0 0 0 0 0 0 0 
2011/09/16 7.2 7.3 7.17 7.24 490 0 0 0 0 0 0 0 0 0 
2011/09/19 7.22 7.3 7.13 7.25 239 0 0 0 0 0 0 0 0 0 
2011/09/20 7.25 7.4 7.24 7.4 460 0 0 0 0 0 0 0 0 0 
2011/09/21 7.41 7.66 7.4 7.59 576 0 0 0 0 0 0 0 0 0 
2011/09/22 7.5 7.58 7.37 7.55 399 0 0 0 0 0 0 0 0 0 
2011/09/23 7.32 7.6 7.22 7.27 605 0 0 0 0 0 0 0 0 0 
2011/09/26 7.27 7.33 6.95 6.95 513 0 0 0 0 0 0 0 0 0 
2011/09/27 7.14 7.19 7.05 7.08 526 0 0 0 0 0 0 0 0 0 
2011/09/28 7.09 7.18 7.09 7.16 390 0 0 0 0 0 0 0 0 0 
2011/09/29 7.15 7.35 7.1 7.25 160 0 0 0 0 0 0 0 0 0 
2011/09/30 7.4 7.4 7.25 7.3 212 0 0 0 0 0 0 0 0 0 
2011/10/03 7.81 7.81 7.63 7.68 1144 0 0 0 0 0 0 0 0 0 
2011/10/04 7.4 7.59 7.3 7.36 281 0 0 0 0 0 0 0 0 0 
2011/10/05 7.5 7.5 7.22 7.33 94 0 0 0 0 0 0 0 0 0 
2011/10/06 7.33 7.45 7.23 7.23 156 0 0 0 0 0 0 0 0 0 
2011/10/07 7.25 7.34 7.23 7.23 109 0 0 0 0 0 0 0 0 0 
2011/10/11 7.38 7.54 7.27 7.49 208 0 0 0 0 0 0 0 0 0 
2011/10/12 7.4 7.53 7.36 7.49 216 0 0 0 0 0 0 0 0 0 
2011/10/13 7.55 7.6 7.4 7.4 127 0 0 0 0 0 0 0 0 0 
2011/10/14 7.4 7.52 7.3 7.33 104 0 0 0 0 0 0 0 0 0 
2011/10/17 7.48 7.5 7.31 7.34 135 0 0 0 0 0 0 0 0 0 
2011/10/18 7.3 7.36 7.27 7.27 139 0 0 0 0 0 0 0 0 0 
2011/10/19 7.3 7.3 7.2 7.21 219 0 0 0 0 0 0 0 0 0 
2011/10/20 7.15 7.21 7.15 7.18 166 0 0 0 0 0 0 0 0 0 
2011/10/21 7.2 7.2 7.09 7.12 123 0 0 0 0 0 0 0 0 0 
2011/10/24 7.44 7.44 7.15 7.35 133 0 0 0 0 0 0 0 0 0 
2011/10/25 7.26 7.35 7.26 7.35 77 0 0 0 0 0 0 0 0 0 
2011/10/26 7.33 7.35 7.25 7.35 34 0 0 0 0 0 0 0 0 0 
2011/10/27 7.2 7.33 7.2 7.25 142 0 0 0 0 0 0 0 0 0 
2011/10/28 7.3 7.4 7.25 7.25 109 0 0 0 0 0 0 0 0 0 
2011/10/31 7.35 7.37 7.25 7.25 96 0 0 0 0 0 0 0 0 0 
2011/11/01 7.24 7.24 7.14 7.15 155 0 0 0 0 0 0 0 0 0 
2011/11/02 7.19 7.19 7.05 7.1 247 0 0 0 0 0 0 0 0 0 
2011/11/03 7.1 7.1 6.93 6.95 232 0 0 0 0 0 0 0 0 0 
2011/11/04 7 7.07 6.96 7.03 168 0 0 0 0 0 0 0 0 0 
2011/11/07 7.05 7.05 6.93 6.93 143 0 0 0 0 0 0 0 0 0 
2011/11/08 7 7.17 6.99 7.05 91 0 0 0 0 0 0 0 0 0 
2011/11/09 7.14 7.14 6.95 7.02 90 0 0 0 0 0 0 0 0 0 
2011/11/10 6.95 6.95 6.74 6.85 93 0 0 0 0 0 0 0 0 0 
2011/11/11 6.71 6.9 6.71 6.82 90 0 0 0 0 0 0 0 0 0 
2011/11/14 6.83 7.04 6.82 6.9 96 0 0 0 0 0 0 0 0 0 
2011/11/15 6.83 6.9 6.83 6.84 34 0 0 0 0 0 0 0 0 0 
2011/11/16 6.85 6.97 6.8 6.81 168 0 0 0 0 0 0 0 0 0 
2011/11/17 6.85 6.85 6.75 6.8 47 0 0 0 0 0 0 0 0 0 
2011/11/18 6.71 6.71 6.46 6.5 413 0 0 0 0 0 0 0 0 0 
2011/11/21 6.66 6.66 6.27 6.27 94 0 0 0 0 0 0 0 0 0 
2011/11/22 6.34 6.34 6.1 6.24 87 0 0 0 0 0 0 0 0 0 
2011/11/23 6.24 6.3 5.96 5.96 215 0 0 0 0 0 0 0 0 0 
2011/11/24 5.96 6.14 5.9 6.08 102 0 0 0 0 0 0 0 0 0 
2011/11/25 6.1 6.13 6.02 6.06 65 0 0 0 0 0 0 0 0 0 
2011/11/28 6.37 6.37 6.15 6.21 40 0 0 0 0 0 0 0 0 0 
2011/11/29 6.23 6.25 6.02 6.13 128 0 0 0 0 0 0 0 0 0 
2011/11/30 6.13 6.22 6 6 180 0 0 0 0 0 0 0 0 0 
2011/12/01 6.19 6.36 6.13 6.3 146 0 0 0 0 0 0 0 0 0 
2011/12/02 6.5 6.5 6.29 6.29 25 0 0 0 0 0 0 0 0 0 
2011/12/05 6.2 6.35 6.16 6.17 19 0 0 0 0 0 0 0 0 0 
2011/12/06 6.15 6.15 6.06 6.06 45 0 0 0 0 0 0 0 0 0 
2011/12/07 6.35 6.35 6.1 6.1 26 0 0 0 0 0 0 0 0 0 
2011/12/08 6.07 6.07 6 6 100 0 0 0 0 0 0 0 0 0 
2011/12/09 6.08 6.1 6.01 6.01 73 0 0 0 0 0 0 0 0 0 
2011/12/12 5.9 6.09 5.9 5.93 262 0 0 0 0 0 0 0 0 0 
2011/12/13 5.81 5.99 5.81 5.95 136 0 0 0 0 0 0 0 0 0 
2011/12/14 6.05 6.19 5.86 6 130 0 0 0 0 0 0 0 0 0 
2011/12/15 6.1 6.13 5.86 5.95 220 0 0 0 0 0 0 0 0 0 
2011/12/16 5.98 6 5.85 5.92 150 0 0 0 0 0 0 0 0 0 
2011/12/19 6 6 5.54 5.54 326 0 0 0 0 0 0 0 0 0 
2011/12/20 5.2 5.8 5.2 5.39 157 0 0 0 0 0 0 0 0 0 
2011/12/21 5.69 5.76 5.65 5.76 73 0 0 0 0 0 0 0 0 0 
2011/12/22 5.8 6 5.73 5.97 116 0 0 0 0 0 0 0 0 0 
2011/12/23 6.04 6.09 5.87 5.9 199 0 0 0 0 0 0 0 0 0 
2011/12/26 6.04 6.04 5.91 5.91 122 0 0 0 0 0 0 0 0 0 
2011/12/27 6 6 5.81 5.87 327 0 0 0 0 0 0 0 0 0 
2011/12/28 5.86 5.95 5.84 5.87 134 0 0 0 0 0 0 0 0 0 
2011/12/29 5.96 5.96 5.81 5.89 31 0 0 0 0 0 0 0 0 0 
2011/12/30 5.97 5.99 5.8 5.99 352 0 0 0 0 0 0 0 0 0 
2012/01/02 5.8 6.05 5.8 5.94 45 0 0 0 0 0 0 0 0 0 
2012/01/03 5.82 6.17 5.82 6 45 0 0 0 0 0 0 0 0 0 
2012/01/04 6 6.12 6 6.04 18 0 0 0 0 0 0 0 0 0 
2012/01/05 6.08 6.08 5.9 6.05 53 0 0 0 0 0 0 0 0 0 
2012/01/06 5.88 6.05 5.88 5.95 42 0 0 0 0 0 0 0 0 0 
2012/01/09 5.86 6.1 5.86 6 53 0 0 0 0 0 0 0 0 0 
2012/01/10 6 6.05 5.9 5.92 69 0 0 0 0 0 0 0 0 0 
2012/01/11 6 6 5.86 5.95 74 0 0 0 0 0 0 0 0 0 
2012/01/12 5.99 5.99 5.91 5.93 8 0 0 0 0 0 0 0 0 0 
2012/01/13 6.08 6.08 5.8 5.91 72 0 0 0 0 0 0 0 0 0 
2012/01/16 5.91 6.01 5.63 5.78 116 0 0 0 0 0 0 0 0 0 
2012/01/17 5.77 5.96 5.77 5.92 147 0 0 0 0 0 0 0 0 0 
2012/01/18 5.95 5.95 5.81 5.81 94 0 0 0 0 0 0 0 0 0 
2012/01/30 6 6 5.85 5.89 32 0 0 0 0 0 0 0 0 0 
2012/01/31 5.82 6.02 5.82 6.01 117 0 0 0 0 0 0 0 0 0 
2012/02/01 6.08 6.09 5.99 6.01 154 0 0 0 0 0 0 0 0 0 
2012/02/02 6.03 6.28 6.03 6.15 230 0 0 0 0 0 0 0 0 0 
2012/02/03 6.2 6.2 6.04 6.05 395 0 0 0 0 0 0 0 0 0 
2012/02/04 6.1 6.13 6.05 6.07 403 0 0 0 0 0 0 0 0 0 
2012/02/06 6.15 6.15 6.07 6.07 137 0 0 0 0 0 0 0 0 0 
2012/02/07 6.1 6.2 6.06 6.07 73 0 0 0 0 0 0 0 0 0 
2012/02/08 6.13 6.13 6.03 6.1 319 0 0 0 0 0 0 0 0 0 
2012/02/09 6.1 6.1 6.02 6.06 241 0 0 0 0 0 0 0 0 0 
2012/02/10 6.06 6.15 5.96 6.05 427 0 0 0 0 0 0 0 0 0 
2012/02/13 6.07 6.24 6.07 6.11 348 0 0 0 0 0 0 0 0 0 
2012/02/14 6.19 6.19 6.01 6.01 323 0 0 0 0 0 0 0 0 0 
2012/02/15 6.1 6.1 6.01 6.08 479 0 0 0 0 0 0 0 0 0 
2012/02/16 6.06 6.12 6.02 6.03 334 0 0 0 0 0 0 0 0 0 
2012/02/17 6.08 6.1 6 6.07 269 0 0 0 0 0 0 0 0 0 
2012/02/20 6.07 6.16 6.07 6.1 225 0 0 0 0 0 0 0 0 0 
2012/02/21 6.2 6.52 6.2 6.52 1753 0 0 0 0 0 0 0 0 0 
2012/02/22 6.7 6.7 6.48 6.53 970 0 0 0 0 0 0 0 0 0 
2012/02/23 6.6 6.6 6.35 6.36 400 0 0 0 0 0 0 0 0 0 
2012/02/24 6.46 6.46 6.27 6.29 248 0 0 0 0 0 0 0 0 0 
2012/02/29 6.25 6.33 6.25 6.28 224 0 0 0 0 0 0 0 0 0 
2012/03/01 6.28 6.3 6.16 6.16 280 0 0 0 0 0 0 0 0 0 
2012/03/02 6.16 6.34 6.16 6.19 203 0 0 0 0 0 0 0 0 0 
2012/03/03 6.19 6.23 6.16 6.19 275 0 0 0 0 0 0 0 0 0 
2012/03/05 6.19 6.22 6.05 6.05 315 0 0 0 0 0 0 0 0 0 
2012/03/06 6 6.09 5.99 6 726 0 0 0 0 0 0 0 0 0 
2012/03/07 5.98 6.05 5.91 5.99 135 0 0 0 0 0 0 0 0 0 
2012/03/08 6 6.1 6 6.06 168 0 0 0 0 0 0 0 0 0 
2012/03/09 6.07 6.11 6.07 6.11 123 0 0 0 0 0 0 0 0 0 
2012/03/12 6.11 6.23 6.06 6.09 213 0 0 0 0 0 0 0 0 0 
2012/03/13 6.16 6.16 6.06 6.06 258 0 0 0 0 0 0 0 0 0 
2012/03/14 6.1 6.2 6.1 6.15 318 0 0 0 0 0 0 0 0 0 
2012/03/15 6.15 6.21 6.15 6.15 211 0 0 0 0 0 0 0 0 0 
2012/03/16 6.18 6.18 6.16 6.16 90 0 0 0 0 0 0 0 0 0 
2012/03/19 6.16 6.17 6.11 6.11 201 0 0 0 0 0 0 0 0 0 
2012/03/20 6.11 6.15 6.06 6.12 379 0 0 0 0 0 0 0 0 0 
2012/03/21 6.16 6.16 6.11 6.14 215 0 0 0 0 0 0 0 0 0 
2012/03/22 6.06 6.16 6.06 6.13 116 0 0 0 0 0 0 0 0 0 
2012/03/23 6.25 6.25 6.08 6.08 174 0 0 0 0 0 0 0 0 0 
2012/03/26 6.08 6.14 6.06 6.1 65 0 0 0 0 0 0 0 0 0 
2012/03/27 6.04 6.1 6.02 6.04 135 0 0 0 0 0 0 0 0 0 
2012/03/28 6.05 6.12 6.05 6.08 108 0 0 0 0 0 0 0 0 0 
2012/03/29 6.02 6.02 5.95 6 318 0 0 0 0 0 0 0 0 0 
2012/03/30 5.7 6 5.7 5.94 84 0 0 0 0 0 0 0 0 0 
2012/04/02 5.94 6 5.91 6 170 0 0 0 0 0 0 0 0 0 
2012/04/03 6 6 5.83 5.83 127 0 0 0 0 0 0 0 0 0 
2012/04/05 5.8 5.8 5.55 5.65 165 0 0 0 0 0 0 0 0 0 
2012/04/06 5.66 5.88 5.66 5.76 178 0 0 0 0 0 0 0 0 0 
2012/04/09 5.76 5.8 5.64 5.7 62 0 0 0 0 0 0 0 0 0 
2012/04/10 5.88 5.88 5.7 5.82 21 0 0 0 0 0 0 0 0 0 
2012/04/11 5.8 5.8 5.72 5.73 47 0 0 0 0 0 0 0 0 0 
2012/04/12 5.65 5.75 5.65 5.75 38 0 0 0 0 0 0 0 0 0 
2012/04/13 5.75 6.1 5.75 6.01 120 0 0 0 0 0 0 0 0 0 
2012/04/16 5.9 6.1 5.9 6 23 0 0 0 0 0 0 0 0 0 
2012/04/17 5.91 6 5.91 6 79 0 0 0 0 0 0 0 0 0 
2012/04/18 6 6 5.85 5.85 45 0 0 0 0 0 0 0 0 0 
2012/04/19 6 6 6 6 2 0 0 0 0 0 0 0 0 0 
2012/04/20 6 6 5.81 5.9 26 0 0 0 0 0 0 0 0 0 
2012/04/23 5.8 5.8 5.71 5.71 8 0 0 0 0 0 0 0 0 0 
2012/04/24 6.09 6.09 5.73 5.75 26 0 0 0 0 0 0 0 0 0 
2012/04/25 5.76 5.9 5.76 5.78 29 0 0 0 0 0 0 0 0 0 
2012/04/26 5.8 5.89 5.78 5.8 25 0 0 0 0 0 0 0 0 0 
2012/04/27 5.83 5.83 5.7 5.73 25 0 0 0 0 0 0 0 0 0 
2012/04/30 5.73 5.94 5.7 5.72 88 0 0 0 0 0 0 0 0 0 
2012/05/02 5.8 5.87 5.8 5.86 56 0 0 0 0 0 0 0 0 0 
2012/05/03 5.91 5.93 5.83 5.83 34 0 0 0 0 0 0 0 0 0 
2012/05/04 5.83 5.9 5.83 5.89 42 0 0 0 0 0 0 0 0 0 
2012/05/07 5.86 5.87 5.73 5.8 30 0 0 0 0 0 0 0 0 0 
2012/05/08 5.82 5.85 5.71 5.81 58 0 0 0 0 0 0 0 0 0 
2012/05/09 5.73 5.8 5.73 5.8 90 0 0 0 0 0 0 0 0 0 
2012/05/10 5.74 5.92 5.74 5.8 42 0 0 0 0 0 0 0 0 0 
2012/05/11 5.74 5.8 5.74 5.8 51 0 0 0 0 0 0 0 0 0 
2012/05/14 5.74 5.74 5.65 5.65 32 0 0 0 0 0 0 0 0 0 
2012/05/15 5.63 5.83 5.62 5.83 117 0 0 0 0 0 0 0 0 0 
2012/05/16 5.89 5.89 5.7 5.7 63 0 0 0 0 0 0 0 0 0 
2012/05/17 5.8 5.8 5.55 5.65 17 0 0 0 0 0 0 0 0 0 
2012/05/18 5.66 5.7 5.56 5.67 70 0 0 0 0 0 0 0 0 0 
2012/05/21 5.57 5.6 5.57 5.59 38 0 0 0 0 0 0 0 0 0 
2012/05/22 5.69 5.85 5.61 5.64 36 0 0 0 0 0 0 0 0 0 
2012/05/23 5.6 5.6 5.55 5.56 17 0 0 0 0 0 0 0 0 0 
2012/05/24 5.58 5.58 5.55 5.55 32 0 0 0 0 0 0 0 0 0 
2012/05/25 5.9 5.9 5.45 5.5 50 0 0 0 0 0 0 0 0 0 
2012/05/28 5.33 5.65 5.33 5.45 13 0 0 0 0 0 0 0 0 0 
2012/05/29 5.75 5.75 5.57 5.73 27 0 0 0 0 0 0 0 0 0 
2012/05/30 5.73 5.73 5.62 5.63 14 0 0 0 0 0 0 0 0 0 
2012/05/31 5.53 5.69 5.35 5.65 68 0 0 0 0 0 0 0 0 0 
2012/06/01 5.7 5.7 5.6 5.6 26 0 0 0 0 0 0 0 0 0 
2012/06/04 5.31 5.87 5.31 5.38 56 0 0 0 0 0 0 0 0 0 
2012/06/05 5.7 5.7 5.41 5.45 100 0 0 0 0 0 0 0 0 0 
2012/06/06 5.44 5.69 5.44 5.69 134 0 0 0 0 0 0 0 0 0 
2012/06/07 5.7 5.7 5.57 5.7 94 0 0 0 0 0 0 0 0 0 
2012/06/08 5.45 5.68 5.45 5.56 54 0 0 0 0 0 0 0 0 0 
2012/06/11 5.69 5.7 5.67 5.7 21 0 0 0 0 0 0 0 0 0 
2012/06/12 5.69 5.98 5.55 5.7 237 0 0 0 0 0 0 0 0 0 
2012/06/13 5.69 5.8 5.65 5.65 47 0 0 0 0 0 0 0 0 0 
2012/06/14 5.65 5.75 5.6 5.6 49 0 0 0 0 0 0 0 0 0 
2012/06/15 5.73 5.82 5.66 5.7 32 0 0 0 0 0 0 0 0 0 
2012/06/18 5.9 5.9 5.7 5.8 114 0 0 0 0 0 0 0 0 0 
2012/06/19 5.79 5.83 5.65 5.7 66 0 0 0 0 0 0 0 0 0 
2012/06/20 5.71 5.73 5.71 5.71 30 0 0 0 0 0 0 0 0 0 
2012/06/21 5.5 5.77 5.5 5.77 38 0 0 0 0 0 0 0 0 0 
2012/06/22 5.6 5.85 5.6 5.8 24 0 0 0 0 0 0 0 0 0 
2012/06/25 5.79 5.85 5.79 5.8 45 0 0 0 0 0 0 0 0 0 
2012/06/26 5.8 5.8 5.8 5.8 1 0 0 0 0 0 0 0 0 0 
2012/06/27 5.71 5.84 5.71 5.77 25 0 0 0 0 0 0 0 0 0 
2012/06/28 5.73 5.8 5.72 5.72 40 0 0 0 0 0 0 0 0 0 
2012/06/29 5.9 5.9 5.7 5.85 63 0 0 0 0 0 0 0 0 0 
2012/07/02 5.75 5.75 5.7 5.7 39 0 0 0 0 0 0 0 0 0 
2012/07/03 5.7 5.82 5.7 5.78 23 0 0 0 0 0 0 0 0 0 
2012/07/04 5.96 5.96 5.73 5.73 18 0 0 0 0 0 0 0 0 0 
2012/07/05 5.74 5.74 5.73 5.73 11 0 0 0 0 0 0 0 0 0 
2012/07/06 5.73 5.75 5.7 5.75 23 0 0 0 0 0 0 0 0 0 
2012/07/09 5.75 5.75 5.75 5.75 21 0 0 0 0 0 0 0 0 0 
2012/07/10 5.75 5.75 5.64 5.66 51 0 0 0 0 0 0 0 0 0 
2012/07/11 5.75 5.75 5.68 5.68 36 0 0 0 0 0 0 0 0 0 
2012/07/12 5.67 5.78 5.67 5.67 34 0 0 0 0 0 0 0 0 0 
2012/07/13 5.67 5.67 5.67 5.67 105 0 0 0 0 0 0 0 0 0 
2012/07/16 5.68 5.68 5.6 5.6 53 0 0 0 0 0 0 0 0 0 
2012/07/17 5.69 5.74 5.67 5.74 12 0 0 0 0 0 0 0 0 0 
2012/07/18 5.61 5.65 5.61 5.65 16 0 0 0 0 0 0 0 0 0 
2012/07/19 5.62 5.63 5.52 5.59 92 0 0 0 0 0 0 0 0 0 
2012/07/20 5.53 5.6 5.5 5.6 17 0 0 0 0 0 0 0 0 0 
2012/07/23 5.66 5.66 5.52 5.52 9 0 0 0 0 0 0 0 0 0 
2012/07/24 5.45 5.53 5.37 5.53 16 0 0 0 0 0 0 0 0 0 
2012/07/25 5.53 5.6 5.5 5.5 14 0 0 0 0 0 0 0 0 0 
2012/07/26 5.5 5.5 5.32 5.4 46 0 0 0 0 0 0 0 0 0 
2012/07/27 5.49 5.5 5.41 5.43 81 0 0 0 0 0 0 0 0 0 
2012/07/30 5.5 5.6 5.5 5.55 51 0 0 0 0 0 0 0 0 0 
2012/07/31 5.55 5.55 5.54 5.55 38 0 0 0 0 0 0 0 0 0 
2012/08/01 5.55 5.55 5.55 5.55 0 0 0 0 0 0 0 0 0 0 
2012/08/03 5.36 5.55 5.36 5.43 25 0 0 0 0 0 0 0 0 0 
2012/08/06 5.37 5.4 5.37 5.4 300 0 0 0 0 0 0 0 0 0 
2012/08/07 5.32 5.5 5.32 5.39 289 0 0 0 0 0 0 0 0 0 
2012/08/08 5.3 5.43 5.3 5.37 285 0 0 0 0 0 0 0 0 0 
2012/08/09 5.68 5.68 5.36 5.41 379 0 0 0 0 0 0 0 0 0 
2012/08/10 5.41 5.45 5.36 5.45 98 0 0 0 0 0 0 0 0 0 
2012/08/13 5.41 5.44 5.38 5.39 28 0 0 0 0 0 0 0 0 0 
2012/08/14 5.39 5.58 5.39 5.4 61 0 0 0 0 0 0 0 0 0 
2012/08/15 5.38 5.54 5.38 5.49 40 0 0 0 0 0 0 0 0 0 
2012/08/16 5.43 5.67 5.43 5.5 62 0 0 0 0 0 0 0 0 0 
2012/08/17 5.5 5.58 5.5 5.5 192 0 0 0 0 0 0 0 0 0 
2012/08/20 5.55 5.55 5.45 5.45 115 0 0 0 0 0 0 0 0 0 
2012/08/21 5.45 5.58 5.45 5.46 86 0 0 0 0 0 0 0 0 0 
2012/08/22 5.49 5.49 5.45 5.45 40 0 0 0 0 0 0 0 0 0 
2012/08/23 5.6 5.6 5.5 5.5 59 0 0 0 0 0 0 0 0 0 
2012/08/24 5.54 5.55 5.54 5.54 18 0 0 0 0 0 0 0 0 0 
2012/08/27 5.53 5.56 5.45 5.53 42 0 0 0 0 0 0 0 0 0 
2012/08/28 5.53 5.53 5.46 5.47 11 0 0 0 0 0 0 0 0 0 
2012/08/29 5.6 5.6 5.47 5.48 81 0 0 0 0 0 0 0 0 0 
2012/08/30 5.48 5.5 5.45 5.45 55 0 0 0 0 0 0 0 0 0 
2012/08/31 5.45 5.45 5.45 5.45 56 0 0 0 0 0 0 0 0 0 
2012/09/03 5.64 5.64 5.5 5.6 72 0 0 0 0 0 0 0 0 0 
2012/09/04 5.55 5.6 5.5 5.53 70 0 0 0 0 0 0 0 0 0 
2012/09/05 5.58 5.77 5.58 5.7 117 0 0 0 0 0 0 0 0 0 
2012/09/06 5.75 5.75 5.61 5.62 25 0 0 0 0 0 0 0 0 0 
2012/09/07 5.74 5.76 5.65 5.65 37 0 0 0 0 0 0 0 0 0 
2012/09/10 5.65 5.76 5.64 5.7 73 0 0 0 0 0 0 0 0 0 
2012/09/11 5.65 5.7 5.61 5.64 27 0 0 0 0 0 0 0 0 0 
2012/09/12 5.6 5.78 5.6 5.69 137 0 0 0 0 0 0 0 0 0 
2012/09/13 5.6 5.69 5.58 5.61 84 0 0 0 0 0 0 0 0 0 
2012/09/14 5.61 5.73 5.61 5.72 164 0 0 0 0 0 0 0 0 0 
2012/09/17 5.71 5.96 5.6 5.75 90 0 0 0 0 0 0 0 0 0 
2012/09/18 5.77 5.93 5.77 5.86 845 0 0 0 0 0 0 0 0 0 
2012/09/19 5.87 5.94 5.81 5.89 84 0 0 0 0 0 0 0 0 0 
2012/09/20 6.29 6.29 5.86 5.94 112 0 0 0 0 0 0 0 0 0 
2012/09/21 6 6 5.85 5.85 54 0 0 0 0 0 0 0 0 0 
2012/09/24 5.84 5.9 5.77 5.87 40 0 0 0 0 0 0 0 0 0 
2012/09/25 5.85 5.93 5.8 5.86 55 0 0 0 0 0 0 0 0 0 
2012/09/26 5.8 5.8 5.64 5.7 151 0 0 0 0 0 0 0 0 0 
2012/09/27 5.84 5.84 5.74 5.75 57 0 0 0 0 0 0 0 0 0 
2012/09/28 5.79 5.8 5.72 5.8 108 0 0 0 0 0 0 0 0 0 
2012/10/01 5.81 5.86 5.81 5.83 33 0 0 0 0 0 0 0 0 0 
2012/10/02 5.83 5.87 5.8 5.81 78 0 0 0 0 0 0 0 0 0 
2012/10/03 5.75 5.9 5.75 5.75 95 0 0 0 0 0 0 0 0 0 
2012/10/04 5.76 5.76 5.7 5.76 10 0 0 0 0 0 0 0 0 0 
2012/10/05 5.8 5.8 5.76 5.77 43 0 0 0 0 0 0 0 0 0 
2012/10/08 5.55 5.77 5.55 5.65 499 0 0 0 0 0 0 0 0 0 
2012/10/09 5.78 5.78 5.62 5.68 111 0 0 0 0 0 0 0 0 0 
2012/10/11 5.65 5.8 5.65 5.65 174 0 0 0 0 0 0 0 0 0 
2012/10/12 5.63 5.71 5.56 5.57 145 0 0 0 0 0 0 0 0 0 
2012/10/15 5.6 5.61 5.55 5.55 265 0 0 0 0 0 0 0 0 0 
2012/10/16 5.55 5.7 5.53 5.54 999 0 0 0 0 0 0 0 0 0 
2012/10/17 5.55 5.56 5.54 5.54 53 0 0 0 0 0 0 0 0 0 
2012/10/18 5.55 5.6 5.53 5.55 620 0 0 0 0 0 0 0 0 0 
2012/10/19 5.53 5.53 5.5 5.5 27 0 0 0 0 0 0 0 0 0 
2012/10/22 5.14 5.6 5.14 5.5 18 0 0 0 0 0 0 0 0 0 
2012/10/23 5.5 5.5 5.41 5.5 5 0 0 0 0 0 0 0 0 0 
2012/10/24 5.5 5.5 5.49 5.5 18 0 0 0 0 0 0 0 0 0 
2012/10/25 5.4 5.4 5.39 5.4 5 0 0 0 0 0 0 0 0 0 
2012/10/26 5.39 5.4 5.13 5.2 75 0 0 0 0 0 0 0 0 0 
2012/10/29 5.2 5.25 5.2 5.2 105 0 0 0 0 0 0 0 0 0 
2012/10/30 5.3 5.49 5.3 5.48 59 0 0 0 0 0 0 0 0 0 
2012/10/31 5.42 5.42 5.4 5.4 12 0 0 0 0 0 0 0 0 0 
2012/11/01 5.4 5.4 5.36 5.36 63 0 0 0 0 0 0 0 0 0 
2012/11/02 5.22 5.36 5.22 5.35 32 0 0 0 0 0 0 0 0 0 
2012/11/05 5.35 5.42 5.35 5.39 12 0 0 0 0 0 0 0 0 0 
2012/11/06 5.39 5.39 5.3 5.35 9 0 0 0 0 0 0 0 0 0 
2012/11/07 5.36 5.4 5.36 5.39 56 0 0 0 0 0 0 0 0 0 
2012/11/08 5.45 5.45 5.36 5.36 7 0 0 0 0 0 0 0 0 0 
2012/11/09 5.3 5.38 5.3 5.3 36 0 0 0 0 0 0 0 0 0 
2012/11/12 5.35 5.45 5.35 5.45 28 0 0 0 0 0 0 0 0 0 
2012/11/13 5.45 5.45 5.31 5.38 31 0 0 0 0 0 0 0 0 0 
2012/11/14 5.68 5.68 5.26 5.35 3 0 0 0 0 0 0 0 0 0 
2012/11/15 5.21 5.48 5.2 5.44 25 0 0 0 0 0 0 0 0 0 
2012/11/16 5.78 5.78 5.4 5.4 73 0 0 0 0 0 0 0 0 0 
2012/11/19 5.4 5.4 5.4 5.4 52 0 0 0 0 0 0 0 0 0 
2012/11/20 5.35 5.35 5.34 5.34 46 0 0 0 0 0 0 0 0 0 
2012/11/21 5.35 5.37 5.3 5.3 101 0 0 0 0 0 0 0 0 0 
2012/11/22 5.23 5.48 5.23 5.35 17 0 0 0 0 0 0 0 0 0 
2012/11/23 5.45 5.45 5.23 5.31 27 0 0 0 0 0 0 0 0 0 
2012/11/26 5.31 5.44 5.31 5.44 30 0 0 0 0 0 0 0 0 0 
2012/11/27 5.4 5.82 5.4 5.82 422 0 0 0 0 0 0 0 0 0 
2012/11/28 5.85 5.94 5.71 5.79 86 0 0 0 0 0 0 0 0 0 
2012/11/29 5.87 5.87 5.7 5.77 19 0 0 0 0 0 0 0 0 0 
2012/11/30 5.82 6.17 5.82 6.17 716 0 0 0 0 0 0 0 0 0 
2012/12/03 6.17 6.45 6.17 6.44 441 0 0 0 0 0 0 0 0 0 
2012/12/04 6.44 6.89 6.05 6.89 1978 0 0 0 0 0 0 0 0 0 
2012/12/05 7.08 7.2 6.91 6.97 1346 0 0 0 0 0 0 0 0 0 
2012/12/06 7 7 6.68 6.68 329 0 0 0 0 0 0 0 0 0 
2012/12/07 6.8 6.85 6.6 6.61 213 0 0 0 0 0 0 0 0 0 
2012/12/10 6.85 6.85 6.52 6.57 244 0 0 0 0 0 0 0 0 0 
2012/12/11 6.57 6.71 6.12 6.12 994 0 0 0 0 0 0 0 0 0 
2012/12/12 6.3 6.3 5.75 6 915 0 0 0 0 0 0 0 0 0 
2012/12/13 6 6.19 5.58 6.05 540 0 0 0 0 0 0 0 0 0 
2012/12/14 5.94 6.25 5.88 6.08 232 0 0 0 0 0 0 0 0 0 
2012/12/17 6.19 6.5 5.92 6.36 542 0 0 0 0 0 0 0 0 0 
2012/12/18 6.3 6.42 6.2 6.28 175 0 0 0 0 0 0 0 0 0 
2012/12/19 6.3 6.33 6.21 6.22 55 0 0 0 0 0 0 0 0 0 
2012/12/20 6.22 6.3 6.2 6.23 40 0 0 0 0 0 0 0 0 0 
2012/12/21 6.2 6.2 6.05 6.08 72 0 0 0 0 0 0 0 0 0 
2012/12/22 6.27 6.27 6.08 6.08 71 0 0 0 0 0 0 0 0 0 
2012/12/24 5.9 6.29 5.9 6.07 41 0 0 0 0 0 0 0 0 0 
2012/12/25 6.13 6.27 6.04 6.2 200 0 0 0 0 0 0 0 0 0 
2012/12/26 6.2 6.22 6.08 6.21 92 0 0 0 0 0 0 0 0 0 
2012/12/27 6.2 6.21 6.11 6.14 297 0 0 0 0 0 0 0 0 0 
2012/12/28 6.23 6.23 6.12 6.15 131 0 0 0 0 0 0 0 0 0 
2013/01/02 6.16 6.36 6.16 6.24 247 0 0 0 0 0 0 0 0 0 
2013/01/03 6.24 6.3 6.23 6.23 65 0 0 0 0 0 0 0 0 0 
2013/01/04 6.23 6.28 6.23 6.23 63 0 0 0 0 0 0 0 0 0 
2013/01/07 6.23 6.31 6.23 6.31 178 0 0 0 0 0 0 0 0 0 
2013/01/08 6.32 6.32 6.23 6.23 82 0 0 0 0 0 0 0 0 0 
2013/01/09 6.23 6.3 6.23 6.26 73 0 0 0 0 0 0 0 0 0 
2013/01/10 6.26 6.69 6.26 6.69 1417 0 0 0 0 0 0 0 0 0 
2013/01/11 6.74 6.77 6.55 6.69 882 0 0 0 0 0 0 0 0 0 
2013/01/14 6.7 7.11 6.69 7.08 1919 0 0 0 0 0 0 0 0 0 
2013/01/15 7.1 7.15 6.85 7.1 1285 0 0 0 0 0 0 0 0 0 
2013/01/16 7.1 7.55 7.05 7.44 1243 0 0 0 0 0 0 0 0 0 
2013/01/17 7.41 7.55 7.16 7.3 796 0 0 0 0 0 0 0 0 0 
2013/01/18 7.46 7.46 7.33 7.42 628 0 0 0 0 0 0 0 0 0 
2013/01/21 7.42 7.42 7.3 7.39 415 0 0 0 0 0 0 0 0 0 
2013/01/22 7.4 7.45 7.28 7.35 389 0 0 0 0 0 0 0 0 0 
2013/01/23 7.35 7.42 7.31 7.38 500 0 0 0 0 0 0 0 0 0 
2013/01/24 7.39 7.64 7.38 7.52 1170 0 0 0 0 0 0 0 0 0 
2013/01/25 7.53 7.64 7.52 7.59 556 0 0 0 0 0 0 0 0 0 
2013/01/28 7.59 7.67 7.53 7.62 428 0 0 0 0 0 0 0 0 0 
2013/01/29 7.62 7.88 7.61 7.81 1156 0 0 0 0 0 0 0 0 0 
2013/01/30 7.8 7.98 7.78 7.94 628 0 0 0 0 0 0 0 0 0 
2013/01/31 7.98 8.35 7.9 8.16 1698 0 0 0 0 0 0 0 0 0 
2013/02/01 8.15 8.39 8.03 8.34 1325 0 0 0 0 0 0 0 0 0 
2013/02/04 8.4 8.71 8.37 8.64 1052 0 0 0 0 0 0 0 0 0 
2013/02/05 8.54 8.72 8.54 8.56 459 0 0 0 0 0 0 0 0 0 
2013/02/06 8.6 8.89 8.56 8.88 1009 0 0 0 0 0 0 0 0 0 
2013/02/18 8.95 8.95 8.7 8.74 410 0 0 0 0 0 0 0 0 0 
2013/02/19 8.74 8.78 8.6 8.6 385 0 0 0 0 0 0 0 0 0 
2013/02/20 8.6 8.87 8.5 8.8 328 0 0 0 0 0 0 0 0 0 
2013/02/21 8.75 8.89 8.64 8.66 146 0 0 0 0 0 0 0 0 0 
2013/02/22 8.61 8.68 8.34 8.52 368 0 0 0 0 0 0 0 0 0 
2013/02/23 8.52 8.6 8.32 8.43 175 0 0 0 0 0 0 0 0 0 
2013/02/25 8.45 8.63 8.44 8.6 408 0 0 0 0 0 0 0 0 0 
2013/02/26 8.52 8.78 8.51 8.61 364 0 0 0 0 0 0 0 0 0 
2013/02/27 8.55 8.69 8.52 8.63 188 0 0 0 0 0 0 0 0 0 
2013/03/01 8.75 8.87 8.67 8.81 454 0 0 0 0 0 0 0 0 0 
2013/03/04 8.8 8.8 8.71 8.74 272 0 0 0 0 0 0 0 0 0 
2013/03/05 8.74 8.8 8.74 8.76 156 0 0 0 0 0 0 0 0 0 
2013/03/06 8.77 8.84 8.74 8.74 99 0 0 0 0 0 0 0 0 0 
2013/03/07 8.74 8.74 8.65 8.72 74 0 0 0 0 0 0 0 0 0 
2013/03/08 8.72 8.82 8.72 8.79 267 0 0 0 0 0 0 0 0 0 
2013/03/11 8.7 8.71 8.4 8.67 173 0 0 0 0 0 0 0 0 0 
2013/03/12 8.66 8.66 8.48 8.58 86 0 0 0 0 0 0 0 0 0 
2013/03/13 8.58 8.7 8.58 8.59 50 0 0 0 0 0 0 0 0 0 
2013/03/14 8.5 8.59 8.48 8.51 52 0 0 0 0 0 0 0 0 0 
2013/03/15 8.58 8.58 8.32 8.42 102 0 0 0 0 0 0 0 0 0 
2013/03/18 8.42 8.42 8.13 8.15 249 0 0 0 0 0 0 0 0 0 
2013/03/19 8.16 8.16 8.05 8.08 273 0 0 0 0 0 0 0 0 0 
2013/03/20 8.08 8.1 8.01 8.08 293 0 0 0 0 0 0 0 0 0 
2013/03/21 8.08 8.2 8.07 8.15 204 0 0 0 0 0 0 0 0 0 
2013/03/22 7.86 8.34 7.86 8.33 434 0 0 0 0 0 0 0 0 0 
2013/03/25 8.2 8.34 8.2 8.25 147 0 0 0 0 0 0 0 0 0 
2013/03/26 8.2 8.38 8.2 8.3 55 0 0 0 0 0 0 0 0 0 
2013/03/27 8.26 8.56 8.26 8.5 148 0 0 0 0 0 0 0 0 0 
2013/03/28 8.5 8.6 8.35 8.55 91 0 0 0 0 0 0 0 0 0 
2013/03/29 8.5 8.54 8.45 8.49 140 0 0 0 0 0 0 0 0 0 
2013/04/01 8.49 8.65 8.49 8.54 209 0 0 0 0 0 0 0 0 0 
2013/04/02 8.52 8.96 8.52 8.76 506 0 0 0 0 0 0 0 0 0 
2013/04/03 8.76 8.76 8.55 8.6 247 0 0 0 0 0 0 0 0 0 
2013/04/08 8.5 8.5 8.1 8.3 92 0 0 0 0 0 0 0 0 0 
2013/04/09 8.3 8.31 8.15 8.31 44 0 0 0 0 0 0 0 0 0 
2013/04/10 8.2 8.35 8.2 8.26 57 0 0 0 0 0 0 0 0 0 
2013/04/11 8.4 8.4 8.27 8.28 225 0 0 0 0 0 0 0 0 0 
2013/04/12 8.25 8.36 8.22 8.23 146 0 0 0 0 0 0 0 0 0 
2013/04/15 8.25 8.37 8.2 8.2 85 0 0 0 0 0 0 0 0 0 
2013/04/16 8.2 8.28 8.16 8.17 112 0 0 0 0 0 0 0 0 0 
2013/04/17 8.2 8.29 8.2 8.29 79 0 0 0 0 0 0 0 0 0 
2013/04/18 8.33 8.39 8.3 8.36 14 0 0 0 0 0 0 0 0 0 
2013/04/19 8.3 8.4 8.3 8.36 323 0 0 0 0 0 0 0 0 0 
2013/04/22 8.4 8.69 8.4 8.69 172 0 0 0 0 0 0 0 0 0 
2013/04/23 8.7 8.79 8.6 8.6 154 0 0 0 0 0 0 0 0 0 
2013/04/24 8.6 8.68 8.56 8.56 173 0 0 0 0 0 0 0 0 0 
2013/04/25 8.56 8.57 8.56 8.56 51 0 0 0 0 0 0 0 0 0 
2013/04/26 8.56 8.64 8.51 8.59 76 0 0 0 0 0 0 0 0 0 
2013/04/29 8.59 8.61 8.5 8.58 24 0 0 0 0 0 0 0 0 0 
2013/04/30 8.5 8.58 8.48 8.5 42 0 0 0 0 0 0 0 0 0 
2013/05/02 8.5 8.5 8.39 8.39 125 0 0 0 0 0 0 0 0 0 
2013/05/03 8.4 8.43 8.28 8.37 103 0 0 0 0 0 0 0 0 0 
2013/05/06 8.4 8.5 8.39 8.46 203 0 0 0 0 0 0 0 0 0 
2013/05/07 8.4 8.4 8.3 8.34 51 0 0 0 0 0 0 0 0 0 
2013/05/08 8.4 8.4 8.36 8.38 144 0 0 0 0 0 0 0 0 0 
2013/05/09 8.46 8.46 8.38 8.39 103 0 0 0 0 0 0 0 0 0 
2013/05/10 8.36 8.4 8.32 8.32 147 0 0 0 0 0 0 0 0 0 
2013/05/13 8.31 8.36 8.3 8.3 59 0 0 0 0 0 0 0 0 0 
2013/05/14 8.3 8.4 8.3 8.36 79 0 0 0 0 0 0 0 0 0 
2013/05/15 8.32 8.8 8.2 8.67 157 0 0 0 0 0 0 0 0 0 
2013/05/16 8.07 8.63 8.07 8.44 139 0 0 0 0 0 0 0 0 0 
2013/05/17 8.44 8.44 8.35 8.44 70 0 0 0 0 0 0 0 0 0 
2013/05/20 8.45 8.45 8.3 8.3 122 0 0 0 0 0 0 0 0 0 
2013/05/21 8.1 8.45 8.1 8.33 81 0 0 0 0 0 0 0 0 0 
2013/05/22 8.36 8.49 8.36 8.38 79 0 0 0 0 0 0 0 0 0 
2013/05/23 8.39 8.39 8.34 8.36 50 0 0 0 0 0 0 0 0 0 
2013/05/24 8.37 8.38 8.37 8.38 26 0 0 0 0 0 0 0 0 0 
2013/05/27 8.38 8.44 8.38 8.4 34 0 0 0 0 0 0 0 0 0 
2013/05/28 8.41 8.42 8.36 8.39 77 0 0 0 0 0 0 0 0 0 
2013/05/29 8.4 8.5 8.4 8.41 146 0 0 0 0 0 0 0 0 0 
2013/05/30 8.41 8.67 8.4 8.59 89 0 0 0 0 0 0 0 0 0 
2013/05/31 9 9 8.55 8.55 138 0 0 0 0 0 0 0 0 0 
2013/06/03 8.55 8.59 8.53 8.54 103 0 0 0 0 0 0 0 0 0 
2013/06/04 8.56 8.59 8.55 8.55 139 0 0 0 0 0 0 0 0 0 
2013/06/05 8.55 8.65 8.54 8.58 345 0 0 0 0 0 0 0 0 0 
2013/06/06 8.58 8.73 8.58 8.6 112 0 0 0 0 0 0 0 0 0 
2013/06/07 8.61 8.67 8.43 8.43 123 0 0 0 0 0 0 0 0 0 
2013/06/10 8.45 8.49 8.41 8.41 62 0 0 0 0 0 0 0 0 0 
2013/06/11 8.41 8.42 8.3 8.31 255 0 0 0 0 0 0 0 0 0 
2013/06/13 8.3 8.5 8.3 8.3 912 0 0 0 0 0 0 0 0 0 
2013/06/14 8.35 8.38 8.16 8.2 136 0 0 0 0 0 0 0 0 0 
2013/06/17 8.2 8.3 8.2 8.21 39 0 0 0 0 0 0 0 0 0 
2013/06/18 8.26 8.38 8.25 8.25 22 0 0 0 0 0 0 0 0 0 
2013/06/19 8.28 8.42 8.28 8.29 79 0 0 0 0 0 0 0 0 0 
2013/06/20 8.29 8.29 8.26 8.26 18 0 0 0 0 0 0 0 0 0 
2013/06/21 8.25 8.25 8.05 8.12 37 0 0 0 0 0 0 0 0 0 
2013/06/24 8.12 8.24 8.1 8.13 50 0 0 0 0 0 0 0 0 0 
2013/06/25 8.13 8.14 7.75 8.05 114 0 0 0 0 0 0 0 0 0 
2013/06/26 8 8.05 7.55 7.7 237 0 0 0 0 0 0 0 0 0 
2013/06/27 7.7 8.07 7.7 8.07 26 0 0 0 0 0 0 0 0 0 
2013/06/28 8.1 8.2 7.91 7.91 44 0 0 0 0 0 0 0 0 0 
2013/07/01 7.91 8.1 7.91 8.05 47 0 0 0 0 0 0 0 0 0 
2013/07/02 8.05 8.05 7.9 7.91 316 0 0 0 0 0 0 0 0 0 
2013/07/03 7.91 7.91 7.71 7.71 67 0 0 0 0 0 0 0 0 0 
2013/07/04 7.74 7.85 7.74 7.75 9 0 0 0 0 0 0 0 0 0 
2013/07/05 7.85 7.85 7.6 7.79 138 0 0 0 0 0 0 0 0 0 
2013/07/08 7.7 7.8 7.7 7.7 73 0 0 0 0 0 0 0 0 0 
2013/07/09 7.61 7.89 7.6 7.83 26 0 0 0 0 0 0 0 0 0 
2013/07/10 7.83 8.05 7.83 7.9 29 0 0 0 0 0 0 0 0 0 
2013/07/11 8 8.04 7.91 7.91 113 0 0 0 0 0 0 0 0 0 
2013/07/12 7.91 8 7.8 7.99 107 0 0 0 0 0 0 0 0 0 
2013/07/15 7.8 7.81 7.8 7.8 49 0 0 0 0 0 0 0 0 0 
2013/07/16 7.8 8.06 7.8 8.06 150 0 0 0 0 0 0 0 0 0 
2013/07/17 8 8.14 7.9 8 163 0 0 0 0 0 0 0 0 0 
2013/07/18 8 8 7.9 7.9 21 0 0 0 0 0 0 0 0 0 
2013/07/19 7.9 7.9 7.9 7.9 10 0 0 0 0 0 0 0 0 0 
2013/07/22 7.89 8.06 7.89 8.06 13 0 0 0 0 0 0 0 0 0 
2013/07/23 8.06 8.1 8 8.05 26 0 0 0 0 0 0 0 0 0 
2013/07/24 8.08 8.08 7.81 7.89 35 0 0 0 0 0 0 0 0 0 
2013/07/25 7.85 7.85 7.8 7.81 25 0 0 0 0 0 0 0 0 0 
2013/07/26 7.81 7.81 7.8 7.8 17 0 0 0 0 0 0 0 0 0 
2013/07/29 7.8 7.8 7.8 7.8 0 0 0 0 0 0 0 0 0 0 
2013/07/30 7.8 7.8 7.7 7.73 26 0 0 0 0 0 0 0 0 0 
2013/07/31 7.9 7.92 7.8 7.8 83 0 0 0 0 0 0 0 0 0 
2013/08/01 7.8 7.8 7.7 7.7 30 0 0 0 0 0 0 0 0 0 
2013/08/02 7.7 7.71 7.7 7.7 31 0 0 0 0 0 0 0 0 0 
2013/08/05 7.7 7.85 7.7 7.73 22 0 0 0 0 0 0 0 0 0 
2013/08/06 7.2 7.74 7.2 7.74 32 0 0 0 0 0 0 0 0 0 
2013/08/07 7.74 7.74 7.49 7.49 4 0 0 0 0 0 0 0 0 0 
2013/08/08 7.65 7.7 7.65 7.7 4 0 0 0 0 0 0 0 0 0 
2013/08/09 7.8 8.05 7.8 7.8 93 0 0 0 0 0 0 0 0 0 
2013/08/12 8 8 7.8 7.85 43 0 0 0 0 0 0 0 0 0 
2013/08/13 7.9 8.03 7.9 7.9 18 0 0 0 0 0 0 0 0 0 
2013/08/14 7.9 7.9 7.78 7.78 26 0 0 0 0 0 0 0 0 0 
2013/08/15 8 8 7.81 8 98 0 0 0 0 0 0 0 0 0 
2013/08/16 7.98 8.05 7.98 8.03 84 0 0 0 0 0 0 0 0 0 
2013/08/19 7.81 7.92 7.8 7.92 30 0 0 0 0 0 0 0 0 0 
2013/08/20 8 8 7.8 7.9 34 0 0 0 0 0 0 0 0 0 
2013/08/22 7.9 7.9 7.76 7.76 40 0 0 0 0 0 0 0 0 0 
2013/08/23 7.8 7.8 7.76 7.76 47 0 0 0 0 0 0 0 0 0 
2013/08/26 7.8 7.8 7.66 7.7 69 0 0 0 0 0 0 0 0 0 
2013/08/27 7.8 7.8 7.67 7.67 23 0 0 0 0 0 0 0 0 0 
2013/08/28 7.7 7.72 7.7 7.7 9 0 0 0 0 0 0 0 0 0 
2013/08/29 7.78 7.8 7.78 7.78 10 0 0 0 0 0 0 0 0 0 
2013/08/30 7.8 7.88 7.8 7.83 27 0 0 0 0 0 0 0 0 0 
2013/09/02 7.82 7.82 7.82 7.82 1 0 0 0 0 0 0 0 0 0 
2013/09/03 7.82 7.82 7.7 7.7 44 0 0 0 0 0 0 0 0 0 
2013/09/04 7.71 7.84 7.71 7.84 3 0 0 0 0 0 0 0 0 0 
2013/09/05 7.72 7.84 7.71 7.8 40 0 0 0 0 0 0 0 0 0 
2013/09/06 7.84 7.84 7.73 7.83 22 0 0 0 0 0 0 0 0 0 
2013/09/09 7.84 7.86 7.84 7.86 22 0 0 0 0 0 0 0 0 0 
2013/09/10 7.85 7.85 7.85 7.85 4 0 0 0 0 0 0 0 0 0 
2013/09/11 7.83 7.83 7.82 7.82 19 0 0 0 0 0 0 0 0 0 
2013/09/12 7.84 7.86 7.83 7.83 17 0 0 0 0 0 0 0 0 0 
2013/09/13 7.82 7.84 7.8 7.84 33 0 0 0 0 0 0 0 0 0 
2013/09/14 7.84 7.9 7.84 7.9 12 0 0 0 0 0 0 0 0 0 
2013/09/16 7.85 7.85 7.83 7.85 7 0 0 0 0 0 0 0 0 0 
2013/09/17 7.8 7.8 7.75 7.75 34 0 0 0 0 0 0 0 0 0 
2013/09/18 7.77 7.77 7.75 7.75 25 0 0 0 0 0 0 0 0 0 
2013/09/23 7.9 7.9 7.8 7.8 15 0 0 0 0 0 0 0 0 0 
2013/09/24 7.8 7.8 7.78 7.8 31 0 0 0 0 0 0 0 0 0 
2013/09/25 7.8 7.8 7.79 7.8 22 0 0 0 0 0 0 0 0 0 
2013/09/26 7.8 7.8 7.8 7.8 11 0 0 0 0 0 0 0 0 0 
2013/09/27 7.77 7.77 7.71 7.75 108 0 0 0 0 0 0 0 0 0 
2013/09/30 7.75 7.9 7.75 7.77 76 0 0 0 0 0 0 0 0 0 
2013/10/01 7.84 8.19 7.8 7.8 621 0 0 0 0 0 0 0 0 0 
2013/10/02 7.81 7.81 7.75 7.77 139 0 0 0 0 0 0 0 0 0 
2013/10/03 7.8 7.85 7.73 7.75 263 0 0 0 0 0 0 0 0 0 
2013/10/04 7.75 7.78 7.69 7.69 296 0 0 0 0 0 0 0 0 0 
2013/10/07 7.69 7.8 7.69 7.8 12 0 0 0 0 0 0 0 0 0 
2013/10/08 7.81 7.93 7.77 7.93 11 0 0 0 0 0 0 0 0 0 
2013/10/09 7.85 7.95 7.81 7.95 22 0 0 0 0 0 0 0 0 0 
2013/10/11 7.95 8.2 7.95 8.16 209 0 0 0 0 0 0 0 0 0 
2013/10/14 8.16 8.45 8.16 8.28 176 0 0 0 0 0 0 0 0 0 
2013/10/15 8.28 8.35 8.2 8.35 548 0 0 0 0 0 0 0 0 0 
2013/10/16 8.25 8.3 8.21 8.3 243 0 0 0 0 0 0 0 0 0 
2013/10/17 8.5 8.5 8.2 8.25 882 0 0 0 0 0 0 0 0 0 
2013/10/18 8.25 8.29 8.15 8.25 177 0 0 0 0 0 0 0 0 0 
2013/10/21 8.2 8.2 8.01 8.2 646 0 0 0 0 0 0 0 0 0 
2013/10/22 8.12 8.27 8.11 8.27 36 0 0 0 0 0 0 0 0 0 
2013/10/23 8.1 8.26 8.04 8.26 47 0 0 0 0 0 0 0 0 0 
2013/10/24 8.06 8.19 8 8.19 25 0 0 0 0 0 0 0 0 0 
2013/10/25 8.1 8.25 8.05 8.25 54 0 0 0 0 0 0 0 0 0 
2013/10/28 8.08 8.2 8.06 8.19 22 0 0 0 0 0 0 0 0 0 
2013/10/29 8.27 8.27 8.2 8.2 16 0 0 0 0 0 0 0 0 0 
2013/10/30 8.15 8.2 8.15 8.2 19 0 0 0 0 0 0 0 0 0 
2013/10/31 8.18 8.18 8.09 8.1 29 0 0 0 0 0 0 0 0 0 
2013/11/01 8.07 8.28 8.04 8.28 41 0 0 0 0 0 0 0 0 0 
2013/11/04 8.28 8.29 8.03 8.29 48 0 0 0 0 0 0 0 0 0 
2013/11/05 8.18 8.25 8.12 8.25 15 0 0 0 0 0 0 0 0 0 
2013/11/06 8.08 8.25 8.06 8.25 34 0 0 0 0 0 0 0 0 0 
2013/11/07 8.2 8.2 8.08 8.2 23 0 0 0 0 0 0 0 0 0 
2013/11/08 8.08 8.2 8.08 8.2 19 0 0 0 0 0 0 0 0 0 
2013/11/11 8.09 8.25 8.09 8.23 33 0 0 0 0 0 0 0 0 0 
2013/11/12 8.23 8.23 8 8.1 51 0 0 0 0 0 0 0 0 0 
2013/11/13 8.1 8.19 8.05 8.19 42 0 0 0 0 0 0 0 0 0 
2013/11/14 8.2 8.2 8.02 8.19 55 0 0 0 0 0 0 0 0 0 
2013/11/15 8.08 8.13 8.05 8.13 56 0 0 0 0 0 0 0 0 0 
2013/11/18 8.03 8.12 8.01 8.12 43 0 0 0 0 0 0 0 0 0 
2013/11/19 8.12 8.12 8.04 8.12 24 0 0 0 0 0 0 0 0 0 
2013/11/20 8.1 8.11 8 8.11 61 0 0 0 0 0 0 0 0 0 
2013/11/21 8.11 8.11 8 8.08 61 0 0 0 0 0 0 0 0 0 
2013/11/22 8 8.1 8 8.09 31 0 0 0 0 0 0 0 0 0 
2013/11/25 8.03 8.04 8.03 8.04 25 0 0 0 0 0 0 0 0 0 
2013/11/26 8 8.01 8 8 8 0 0 0 0 0 0 0 0 0 
2013/11/27 8 8.09 8 8.05 22 0 0 0 0 0 0 0 0 0 
2013/11/28 8.09 8.09 8.02 8.02 26 0 0 0 0 0 0 0 0 0 
2013/11/29 8.06 8.06 8.05 8.06 15 0 0 0 0 0 0 0 0 0 
2013/12/02 8.05 8.05 8 8.05 44 0 0 0 0 0 0 0 0 0 
2013/12/03 8.08 8.08 8.01 8.05 40 0 0 0 0 0 0 0 0 0 
2013/12/04 8 8.01 8 8 54 0 0 0 0 0 0 0 0 0 
2013/12/05 8.1 8.1 8 8 15 0 0 0 0 0 0 0 0 0 
2013/12/06 7.91 8 7.9 8 48 0 0 0 0 0 0 0 0 0 
2013/12/09 7.9 8 7.86 7.99 37 0 0 0 0 0 0 0 0 0 
2013/12/10 7.9 7.9 7.81 7.81 56 0 0 0 0 0 0 0 0 0 
2013/12/11 7.8 7.8 7.7 7.8 46 0 0 0 0 0 0 0 0 0 
2013/12/12 7.62 7.88 7.62 7.88 25 0 0 0 0 0 0 0 0 0 
2013/12/13 7.89 7.89 7.64 7.73 27 0 0 0 0 0 0 0 0 0 
2013/12/16 7.73 7.73 7.62 7.7 35 0 0 0 0 0 0 0 0 0 
2013/12/17 7.7 7.7 7.7 7.7 10 0 0 0 0 0 0 0 0 0 
2013/12/18 7.7 7.7 7.7 7.7 12 0 0 0 0 0 0 0 0 0 
2013/12/19 7.63 7.89 7.62 7.65 50 0 0 0 0 0 0 0 0 0 
2013/12/20 7.85 7.85 7.62 7.62 24 0 0 0 0 0 0 0 0 0 
2013/12/23 7.64 7.64 7.62 7.62 30 0 0 0 0 0 0 0 0 0 
2013/12/24 7.61 7.62 7.61 7.62 25 0 0 0 0 0 0 0 0 0 
2013/12/25 7.65 7.7 7.57 7.69 104 0 0 0 0 0 0 0 0 0 
2013/12/26 7.7 7.7 7.6 7.6 43 0 0 0 0 0 0 0 0 0 
2013/12/27 7.7 7.79 7.61 7.79 42 0 0 0 0 0 0 0 0 0 
2013/12/30 7.77 7.84 7.65 7.77 62 0 0 0 0 0 0 0 0 0 
2013/12/31 7.8 7.8 7.8 7.8 33 0 0 0 0 0 0 0 0 0 
2014/01/02 7.89 7.99 7.81 7.9 72 0 0 0 0 0 0 0 0 0 
2014/01/03 7.9 7.9 7.8 7.9 26 0 0 0 0 0 0 0 0 0 
2014/01/06 7.9 7.91 7.85 7.9 61 0 0 0 0 0 0 0 0 0 
2014/01/07 7.85 7.91 7.85 7.91 88 0 0 0 0 0 0 0 0 0 
2014/01/08 7.91 7.91 7.76 7.76 398 0 0 0 0 0 0 0 0 0 
2014/01/09 7.8 7.85 7.76 7.84 142 0 0 0 0 0 0 0 0 0 
2014/01/10 7.85 7.85 7.78 7.84 1039 0 0 0 0 0 0 0 0 0 
2014/01/13 7.99 8 7.84 7.86 173 0 0 0 0 0 0 0 0 0 
2014/01/14 7.9 7.95 7.82 7.95 140 0 0 0 0 0 0 0 0 0 
2014/01/15 7.95 7.96 7.85 7.94 182 0 0 0 0 0 0 0 0 0 
2014/01/16 7.95 7.95 7.87 7.87 45 0 0 0 0 0 0 0 0 0 
2014/01/17 7.95 7.95 7.86 7.9 498 0 0 0 0 0 0 0 0 0 
2014/01/20 7.95 7.95 7.87 7.9 75 0 0 0 0 0 0 0 0 0 
2014/01/21 7.85 7.92 7.85 7.85 475 0 0 0 0 0 0 0 0 0 
2014/01/22 7.82 7.89 7.82 7.89 295 0 0 0 0 0 0 0 0 0 
2014/01/23 7.87 7.89 7.87 7.89 96 0 0 0 0 0 0 0 0 0 
2014/01/24 7.88 7.89 7.88 7.88 72 0 0 0 0 0 0 0 0 0 
2014/01/27 7.81 7.9 7.81 7.9 217 0 0 0 0 0 0 0 0 0 
2014/02/05 7.88 7.88 7.74 7.85 200 0 0 0 0 0 0 0 0 0 
2014/02/06 7.85 7.85 7.76 7.84 98 0 0 0 0 0 0 0 0 0 
2014/02/07 7.87 7.87 7.78 7.83 243 0 0 0 0 0 0 0 0 0 
2014/02/10 7.8 7.85 7.79 7.82 49 0 0 0 0 0 0 0 0 0 
2014/02/11 7.8 7.81 7.8 7.8 24 0 0 0 0 0 0 0 0 0 
2014/02/12 7.75 7.8 7.72 7.8 150 0 0 0 0 0 0 0 0 0 
2014/02/13 7.71 7.78 7.71 7.78 10 0 0 0 0 0 0 0 0 0 
2014/02/14 7.77 7.77 7.71 7.77 65 0 0 0 0 0 0 0 0 0 
2014/02/17 7.77 7.85 7.75 7.84 68 0 0 0 0 0 0 0 0 0 
2014/02/18 7.8 7.88 7.8 7.88 53 0 0 0 0 0 0 0 0 0 
2014/02/19 7.8 7.8 7.71 7.72 123 0 0 0 0 0 0 0 0 0 
2014/02/20 7.77 7.77 7.65 7.66 76 0 0 0 0 0 0 0 0 0 
2014/02/21 7.75 7.75 7.66 7.67 79 0 0 0 0 0 0 0 0 0 
2014/02/24 7.75 7.75 7.63 7.63 89 0 0 0 0 0 0 0 0 0 
2014/02/25 7.65 7.69 7.63 7.69 44 0 0 0 0 0 0 0 0 0 
2014/02/26 7.69 7.69 7.62 7.62 69 0 0 0 0 0 0 0 0 0 
2014/02/27 7.7 7.7 7.65 7.67 40 0 0 0 0 0 0 0 0 0 
2014/03/03 7.6 7.7 7.6 7.68 83 0 0 0 0 0 0 0 0 0 
2014/03/04 7.67 7.7 7.67 7.7 16 0 0 0 0 0 0 0 0 0 
2014/03/05 7.63 7.69 7.62 7.68 56 0 0 0 0 0 0 0 0 0 
2014/03/06 7.68 7.7 7.64 7.69 90 0 0 0 0 0 0 0 0 0 
2014/03/07 7.75 7.75 7.65 7.7 417 0 0 0 0 0 0 0 0 0 
2014/03/10 7.7 7.7 7.65 7.7 60 0 0 0 0 0 0 0 0 0 
2014/03/11 7.7 7.7 7.63 7.7 58 0 0 0 0 0 0 0 0 0 
2014/03/12 7.7 7.7 7.63 7.68 24 0 0 0 0 0 0 0 0 0 
2014/03/13 7.62 7.67 7.6 7.67 174 0 0 0 0 0 0 0 0 0 
2014/03/14 7.65 7.8 7.61 7.8 549 0 0 0 0 0 0 0 0 0 
2014/03/17 7.82 7.82 7.62 7.72 22 0 0 0 0 0 0 0 0 0 
2014/03/18 7.75 7.75 7.63 7.7 78 0 0 0 0 0 0 0 0 0 
2014/03/19 7.7 7.7 7.61 7.67 96 0 0 0 0 0 0 0 0 0 
2014/03/20 7.63 7.65 7.61 7.64 213 0 0 0 0 0 0 0 0 0 
2014/03/21 7.62 7.65 7.61 7.65 30 0 0 0 0 0 0 0 0 0 
2014/03/24 7.62 7.69 7.62 7.69 30 0 0 0 0 0 0 0 0 0 
2014/03/25 7.64 7.7 7.62 7.7 27 0 0 0 0 0 0 0 0 0 
2014/03/26 7.7 7.71 7.6 7.7 66 0 0 0 0 0 0 0 0 0 
2014/03/27 8.23 8.23 8.12 8.23 1189 0 0 0 0 0 0 0 0 0 
2014/03/28 8.23 8.23 7.9 8.1 750 0 0 0 0 0 0 0 0 0 
2014/03/31 8.2 8.2 8.05 8.06 447 0 0 0 0 0 0 0 0 0 
2014/04/01 8.16 8.16 8.1 8.1 122 0 0 0 0 0 0 0 0 0 
2014/04/02 8.15 8.18 8.11 8.14 123 0 0 0 0 0 0 0 0 0 
2014/04/03 8.14 8.17 8.12 8.15 120 0 0 0 0 0 0 0 0 0 
2014/04/07 8.13 8.19 7.95 8.11 79 0 0 0 0 0 0 0 0 0 
2014/04/08 8.11 8.13 8.07 8.13 140 0 0 0 0 0 0 0 0 0 
2014/04/09 8.14 8.15 8.05 8.06 172 0 0 0 0 0 0 0 0 0 
2014/04/10 8.1 8.1 8.06 8.06 137 0 0 0 0 0 0 0 0 0 
2014/04/11 8.06 8.1 7.92 7.96 179 0 0 0 0 0 0 0 0 0 
2014/04/14 7.84 7.98 7.78 7.88 187 0 0 0 0 0 0 0 0 0 
2014/04/15 7.92 7.92 7.83 7.84 57 0 0 0 0 0 0 0 0 0 
2014/04/16 7.84 7.9 7.82 7.89 86 0 0 0 0 0 0 0 0 0 
2014/04/17 7.93 7.93 7.84 7.9 101 0 0 0 0 0 0 0 0 0 
2014/04/18 8 8.06 7.95 8.06 398 0 0 0 0 0 0 0 0 0 
2014/04/21 8.1 8.2 8.05 8.07 432 0 0 0 0 0 0 0 0 0 
2014/04/22 8.07 8.07 7.97 8 1218 0 0 0 0 0 0 0 0 0 
2014/04/23 8.2 8.2 7.97 8.18 165 0 0 0 0 0 0 0 0 0 
2014/04/24 8.1 8.1 8 8 2198 0 0 0 0 0 0 0 0 0 
2014/04/25 8 8 7.63 8 201 0 0 0 0 0 0 0 0 0 
2014/04/28 7.75 7.99 7.75 7.99 92 0 0 0 0 0 0 0 0 0 
2014/04/29 7.9 7.97 7.88 7.97 103 0 0 0 0 0 0 0 0 0 
2014/04/30 7.9 7.9 7.8 7.86 150 0 0 0 0 0 0 0 0 0 
2014/05/02 7.79 7.89 7.77 7.89 21 0 0 0 0 0 0 0 0 0 
2014/05/05 7.89 8 7.8 7.82 91 0 0 0 0 0 0 0 0 0 
2014/05/06 7.89 7.89 7.76 7.84 184 0 0 0 0 0 0 0 0 0 
2014/05/07 7.84 7.84 7.78 7.78 75 0 0 0 0 0 0 0 0 0 
2014/05/08 7.88 7.95 7.83 7.86 58 0 0 0 0 0 0 0 0 0 
2014/05/09 7.89 7.89 7.8 7.85 81 0 0 0 0 0 0 0 0 0 
2014/05/12 7.95 7.95 7.81 7.94 109 0 0 0 0 0 0 0 0 0 
2014/05/13 7.9 7.97 7.86 7.96 162 0 0 0 0 0 0 0 0 0 
2014/05/14 7.96 7.96 7.86 7.95 127 0 0 0 0 0 0 0 0 0 
2014/05/15 7.95 7.95 7.92 7.94 88 0 0 0 0 0 0 0 0 0 
2014/05/16 7.93 7.93 7.86 7.93 72 0 0 0 0 0 0 0 0 0 
2014/05/19 7.93 7.95 7.83 7.86 205 0 0 0 0 0 0 0 0 0 
2014/05/20 7.85 7.93 7.85 7.9 145 0 0 0 0 0 0 0 0 0 
2014/05/21 7.96 8.45 7.9 8.39 715 0 0 0 0 0 0 0 0 0 
2014/05/22 8.39 8.8 8.2 8.67 2142 0 0 0 0 0 0 0 0 0 
2014/05/23 8.65 8.68 8.43 8.48 717 0 0 0 0 0 0 0 0 0 
2014/05/26 8.48 8.6 8.48 8.51 288 0 0 0 0 0 0 0 0 0 
2014/05/27 8.51 9.1 8.45 8.91 3421 0 0 0 0 0 0 0 0 0 
2014/05/28 8.9 9 8.72 9 1009 0 0 0 0 0 0 0 0 0 
2014/05/29 9 9.05 8.8 9.05 669 0 0 0 0 0 0 0 0 0 
2014/05/30 9.05 9.11 8.93 9.11 1035 0 0 0 0 0 0 0 0 0 
2014/06/03 9.11 9.11 8.99 9.05 768 0 0 0 0 0 0 0 0 0 
2014/06/04 9.05 9.18 8.93 9.01 416 0 0 0 0 0 0 0 0 0 
2014/06/05 9.01 9.16 8.96 9.09 750 0 0 0 0 0 0 0 0 0 
2014/06/06 9.01 9.18 9 9.18 828 0 0 0 0 0 0 0 0 0 
2014/06/09 9.18 9.28 9.18 9.27 443 0 0 0 0 0 0 0 0 0 
2014/06/10 9.3 9.45 9.13 9.45 846 0 0 0 0 0 0 0 0 0 
2014/06/11 9.47 9.58 9.47 9.58 1929 0 0 0 0 0 0 0 0 0 
2014/06/12 9.6 10 9.6 9.95 1525 0 0 0 0 0 0 0 0 0 
2014/06/13 9.99 9.99 9.83 9.9 664 0 0 0 0 0 0 0 0 0 
2014/06/16 9.9 9.9 9.75 9.9 567 0 0 0 0 0 0 0 0 0 
2014/06/17 9.8 9.89 9.75 9.8 253 0 0 0 0 0 0 0 0 0 
2014/06/18 9.83 9.85 9.76 9.8 577 0 0 0 0 0 0 0 0 0 
2014/06/19 9.8 9.8 9.77 9.8 249 0 0 0 0 0 0 0 0 0 
2014/06/20 9.77 9.85 9.77 9.8 183 0 0 0 0 0 0 0 0 0 
2014/06/23 9.83 9.86 9.45 9.59 402 0 0 0 0 0 0 0 0 0 
2014/06/24 9.78 9.8 9.42 9.65 364 0 0 0 0 0 0 0 0 0 
2014/06/25 9.6 9.65 9.5 9.56 235 0 0 0 0 0 0 0 0 0 
2014/06/26 9.6 9.8 9.5 9.63 1659 0 0 0 0 0 0 0 0 0 
2014/06/27 9.65 10.2 9.65 10.2 9499 0 0 0 0 0 0 0 0 0 
2014/06/30 10.6 10.6 9.7 9.81 2499 0 0 0 0 0 0 0 0 0 
2014/07/01 9.33 9.7 9.33 9.47 566 0 0 0 0 0 0 0 0 0 
2014/07/02 9.02 9.41 9 9.03 5976 0 0 0 0 0 0 0 0 0 
2014/07/03 9.05 9.4 9.05 9.4 477 0 0 0 0 0 0 0 0 0 
2014/07/04 9.4 9.55 9.3 9.5 276 0 0 0 0 0 0 0 0 0 
2014/07/07 9.8 9.8 9.43 9.47 218 0 0 0 0 0 0 0 0 0 
2014/07/08 9.47 9.47 9.25 9.32 281 0 0 0 0 0 0 0 0 0 
2014/07/09 9.6 9.6 9.3 9.36 85 0 0 0 0 0 0 0 0 0 
2014/07/10 9.38 9.47 9.3 9.31 118 0 0 0 0 0 0 0 0 0 
2014/07/11 9.3 9.46 9.15 9.31 402 0 0 0 0 0 0 0 0 0 
2014/07/14 9.32 9.45 9.27 9.3 101 0 0 0 0 0 0 0 0 0 
2014/07/15 9.31 9.4 9.24 9.25 231 0 0 0 0 0 0 0 0 0 
2014/07/16 9.26 9.4 9.26 9.27 246 0 0 0 0 0 0 0 0 0 
2014/07/17 9.35 9.65 9.35 9.65 370 0 0 0 0 0 0 0 0 0 
2014/07/18 9.63 9.68 9.57 9.65 164 0 0 0 0 0 0 0 0 0 
2014/07/21 9.65 9.65 9.4 9.61 34 0 0 0 0 0 0 0 0 0 
2014/07/22 9.6 9.67 9.46 9.46 64 0 0 0 0 0 0 0 0 0 
2014/07/24 9.5 9.98 9.5 9.87 547 0 0 0 0 0 0 0 0 0 
2014/07/25 9.9 9.9 9.56 9.56 209 0 0 0 0 0 0 0 0 0 
2014/07/28 9.51 9.79 9.4 9.59 826 0 0 0 0 0 0 0 0 0 
2014/07/29 9.58 9.6 9.25 9.39 647 0 0 0 0 0 0 0 0 0 
2014/07/30 9.4 9.47 9.31 9.36 581 0 0 0 0 0 0 0 0 0 
2014/07/31 9.36 9.38 9.3 9.32 564 0 0 0 0 0 0 0 0 0 
2014/08/01 9.28 9.55 9.28 9.5 1262 0 0 0 0 0 0 0 0 0 
2014/08/04 9.5 9.59 9.46 9.5 667 0 0 0 0 0 0 0 0 0 
2014/08/05 9.5 9.5 9.32 9.32 662 0 0 0 0 0 0 0 0 0 
2014/08/06 9.34 9.36 9.2 9.3 716 0 0 0 0 0 0 0 0 0 
2014/08/07 9.27 9.35 9.27 9.27 581 0 0 0 0 0 0 0 0 0 
2014/08/08 9.2 9.21 8.63 8.85 527 0 0 0 0 0 0 0 0 0 
2014/08/11 9.3 9.3 8.63 9.1 218 0 0 0 0 0 0 0 0 0 
2014/08/12 8.85 9.01 8.8 9.01 90 0 0 0 0 0 0 0 0 0 
2014/08/13 8.38 8.95 8.38 8.65 301 0 0 0 0 0 0 0 0 0 
2014/08/14 8.65 8.65 8.41 8.5 197 0 0 0 0 0 0 0 0 0 
2014/08/15 8.53 8.53 8.45 8.5 68 0 0 0 0 0 0 0 0 0 
2014/08/18 8.5 8.6 8.31 8.47 107 0 0 0 0 0 0 0 0 0 
2014/08/19 8.5 8.56 8.41 8.51 108 0 0 0 0 0 0 0 0 0 
2014/08/20 8.55 8.55 8.5 8.55 40 0 0 0 0 0 0 0 0 0 
2014/08/21 8.55 8.6 8.5 8.53 47 0 0 0 0 0 0 0 0 0 
2014/08/22 8.55 8.73 8.5 8.7 151 0 0 0 0 0 0 0 0 0 
2014/08/25 8.55 8.74 8.55 8.62 70 0 0 0 0 0 0 0 0 0 
2014/08/26 8.7 8.87 8.63 8.87 97 0 0 0 0 0 0 0 0 0 
2014/08/27 8.75 8.88 8.65 8.65 110 0 0 0 0 0 0 0 0 0 
2014/08/28 8.65 8.7 8.51 8.62 183 0 0 0 0 0 0 0 0 0 
2014/08/29 8.75 8.75 8.62 8.74 141 0 0 0 0 0 0 0 0 0 
2014/09/01 8.74 8.8 8.67 8.8 200 0 0 0 0 0 0 0 0 0 
2014/09/02 8.8 8.8 8.7 8.75 67 0 0 0 0 0 0 0 0 0 
2014/09/03 8.72 8.76 8.72 8.75 24 0 0 0 0 0 0 0 0 0 
2014/09/04 8.72 8.8 8.72 8.8 45 0 0 0 0 0 0 0 0 0 
2014/09/05 8.75 8.8 8.75 8.79 64 0 0 0 0 0 0 0 0 0 
2014/09/09 8.79 8.8 8.65 8.65 117 0 0 0 0 0 0 0 0 0 
2014/09/10 8.65 8.66 8.54 8.63 46 0 0 0 0 0 0 0 0 0 
2014/09/11 8.9 9.23 8.9 9.23 1129 0 0 0 0 0 0 0 0 0 
2014/09/12 9.4 9.79 9.25 9.67 1361 0 0 0 0 0 0 0 0 0 
2014/09/15 9.7 9.87 9.4 9.62 562 0 0 0 0 0 0 0 0 0 
2014/09/16 9.6 9.6 9.25 9.45 395 0 0 0 0 0 0 0 0 0 
2014/09/17 9.45 9.58 9.25 9.47 255 0 0 0 0 0 0 0 0 0 
2014/09/18 9.47 9.47 9.2 9.32 299 0 0 0 0 0 0 0 0 0 
2014/09/19 9.26 9.3 9.21 9.23 259 0 0 0 0 0 0 0 0 0 
2014/09/22 9.1 9.47 9.04 9.38 289 0 0 0 0 0 0 0 0 0 
2014/09/23 9.23 9.7 9.21 9.49 359 0 0 0 0 0 0 0 0 0 
2014/09/24 9.64 9.78 9.45 9.62 453 0 0 0 0 0 0 0 0 0 
2014/09/25 9.62 9.69 9.48 9.68 190 0 0 0 0 0 0 0 0 0 
2014/09/26 9.6 9.6 9.38 9.42 180 0 0 0 0 0 0 0 0 0 
2014/09/29 9.32 9.84 9.32 9.6 537 0 0 0 0 0 0 0 0 0 
2014/09/30 9.59 9.84 9.45 9.5 528 0 0 0 0 0 0 0 0 0 
2014/10/01 9.5 9.84 9.5 9.8 651 0 0 0 0 0 0 0 0 0 
2014/10/02 9.8 10.1 9.53 10 1215 0 0 0 0 0 0 0 0 0 
2014/10/03 9.7 10.1 9.7 10.1 1759 0 0 0 0 0 0 0 0 0 
2014/10/06 10 10.25 9.9 10.15 950 0 0 0 0 0 0 0 0 0 
2014/10/07 10.15 10.15 9.91 10.15 537 0 0 0 0 0 0 0 0 0 
2014/10/08 10.05 10.25 9.96 10.1 778 0 0 0 0 0 0 0 0 0 
2014/10/09 10.15 10.15 9.91 10.05 459 0 0 0 0 0 0 0 0 0 
2014/10/13 9.7 10.05 9.7 10.05 574 0 0 0 0 0 0 0 0 0 
2014/10/14 10 10.15 9.83 10.1 499 0 0 0 0 0 0 0 0 0 
2014/10/15 10 10.15 9.9 10.15 447 0 0 0 0 0 0 0 0 0 
2014/10/16 9.91 10.25 9.91 10.25 767 0 0 0 0 0 0 0 0 0 
2014/10/17 10.25 10.4 10 10.4 515 0 0 0 0 0 0 0 0 0 
2014/10/20 10.5 10.85 10.5 10.8 480 0 0 0 0 0 0 0 0 0 
2014/10/21 10.85 11.05 10.8 10.8 278 0 0 0 0 0 0 0 0 0 
2014/10/22 10.95 11 10.6 11 423 0 0 0 0 0 0 0 0 0 
2014/10/23 10.95 11.05 10.8 11.05 314 0 0 0 0 0 0 0 0 0 
2014/10/24 11.1 11.15 10.8 11.1 708 0 0 0 0 0 0 0 0 0 
2014/10/27 11.1 11.2 10.95 11.1 199 0 0 0 0 0 0 0 0 0 
2014/10/28 11.1 11.4 10.8 11.1 323 0 0 0 0 0 0 0 0 0 
2014/10/29 11.1 11.6 11.1 11.55 515 0 0 0 0 0 0 0 0 0 
2014/10/30 11.55 11.55 11.3 11.55 205 0 0 0 0 0 0 0 0 0 
2014/10/31 11.7 11.7 11.35 11.6 226 0 0 0 0 0 0 0 0 0 
2014/11/03 11.6 12 11.4 11.9 535 0 0 0 0 0 0 0 0 0 
2014/11/04 11.9 12 11.75 12 368 0 0 0 0 0 0 0 0 0 
2014/11/05 12 12.05 11.9 12 274 0 0 0 0 0 0 0 0 0 
2014/11/06 12 12 11.75 11.85 150 0 0 0 0 0 0 0 0 0 
2014/11/07 11.8 11.9 11.7 11.7 75 0 0 0 0 0 0 0 0 0 
2014/11/10 11 11.7 10.95 11.5 509 0 0 0 0 0 0 0 0 0 
2014/11/11 11.6 11.6 11.25 11.4 145 0 0 0 0 0 0 0 0 0 
2014/11/12 11.3 11.55 11 11.45 159 0 0 0 0 0 0 0 0 0 
2014/11/13 11.4 11.5 11.35 11.4 72 0 0 0 0 0 0 0 0 0 
2014/11/14 11.4 11.4 11.05 11.2 172 0 0 0 0 0 0 0 0 0 
2014/11/17 11.2 11.25 10.85 11.25 418 0 0 0 0 0 0 0 0 0 
2014/11/18 11.25 11.5 11.1 11.45 277 0 0 0 0 0 0 0 0 0 
2014/11/19 11.45 11.7 11.4 11.6 162 0 0 0 0 0 0 0 0 0 
2014/11/20 11.45 11.8 11.35 11.8 343 0 0 0 0 0 0 0 0 0 
2014/11/21 11.5 11.85 11.5 11.8 120 0 0 0 0 0 0 0 0 0 
2014/11/24 11.8 11.95 11.6 11.8 195 0 0 0 0 0 0 0 0 0 
2014/11/25 11.8 11.95 11.75 11.85 69 0 0 0 0 0 0 0 0 0 
2014/11/26 11.75 11.85 11.45 11.7 246 0 0 0 0 0 0 0 0 0 
2014/11/27 11.6 11.75 11.45 11.6 155 0 0 0 0 0 0 0 0 0 
2014/11/28 11.6 11.65 11 11.35 354 0 0 0 0 0 0 0 0 0 
2014/12/01 11.3 11.45 11.1 11.4 137 0 0 0 0 0 0 0 0 0 
2014/12/02 11.55 11.55 11.25 11.35 146 0 0 0 0 0 0 0 0 0 
2014/12/03 11.45 11.5 11.3 11.45 155 0 0 0 0 0 0 0 0 0 
2014/12/04 11.45 11.45 11.35 11.35 28 0 0 0 0 0 0 0 0 0 
2014/12/05 11.35 11.45 11.35 11.4 63 0 0 0 0 0 0 0 0 0 
2014/12/08 11.4 11.5 11.35 11.4 50 0 0 0 0 0 0 0 0 0 
2014/12/09 11.4 11.4 11 11.3 79 0 0 0 0 0 0 0 0 0 
2014/12/10 11.2 11.35 11.2 11.3 60 0 0 0 0 0 0 0 0 0 
2014/12/11 11.3 11.35 11.3 11.3 91 0 0 0 0 0 0 0 0 0 
2014/12/12 11.3 11.4 11.2 11.35 78 0 0 0 0 0 0 0 0 0 
2014/12/15 11.35 11.35 11.2 11.2 24 0 0 0 0 0 0 0 0 0 
2014/12/16 11.2 11.35 11.1 11.3 64 0 0 0 0 0 0 0 0 0 
2014/12/17 11.3 11.35 11.2 11.3 64 0 0 0 0 0 0 0 0 0 
2014/12/18 11.2 11.35 11 11.3 197 0 0 0 0 0 0 0 0 0 
2014/12/19 11.15 11.4 11.05 11.25 136 0 0 0 0 0 0 0 0 0 
2014/12/22 11.1 11.35 11.1 11.3 60 0 0 0 0 0 0 0 0 0 
2014/12/23 11.4 11.4 11.2 11.4 108 0 0 0 0 0 0 0 0 0 
2014/12/24 11.4 11.45 11.2 11.25 223 0 0 0 0 0 0 0 0 0 
2014/12/25 11.25 11.4 11.25 11.3 453 0 0 0 0 0 0 0 0 0 
2014/12/26 11.3 11.35 11.3 11.3 55 0 0 0 0 0 0 0 0 0 
2014/12/27 11.3 11.5 11.3 11.45 102 0 0 0 0 0 0 0 0 0 
2014/12/29 11.45 11.5 11.35 11.5 172 0 0 0 0 0 0 0 0 0 
2014/12/30 11.35 11.5 11.35 11.5 85 0 0 0 0 0 0 0 0 0 
2014/12/31 11.5 11.55 11.35 11.5 129 0 0 0 0 0 0 0 0 0 
2015/01/05 11.3 11.55 11.3 11.55 53 0 0 0 0 0 0 0 0 0 
2015/01/06 11.45 11.6 11.35 11.55 139 0 0 0 0 0 0 0 0 0 
2015/01/07 11.55 11.6 11.5 11.55 73 0 0 0 0 0 0 0 0 0 
2015/01/08 11.6 11.6 11.5 11.6 74 0 0 0 0 0 0 0 0 0 
2015/01/09 11.6 11.7 11.5 11.5 83 0 0 0 0 0 0 0 0 0 
2015/01/12 11.55 11.6 11.4 11.5 67 0 0 0 0 0 0 0 0 0 
2015/01/13 11.5 11.6 11.25 11.5 200 0 0 0 0 0 0 0 0 0 
2015/01/14 11.5 11.5 11.25 11.25 47 0 0 0 0 0 0 0 0 0 
2015/01/15 11.05 11.2 10.7 11.2 335 0 0 0 0 0 0 0 0 0 
2015/01/16 10.95 11.05 10.6 10.8 281 0 0 0 0 0 0 0 0 0 
2015/01/19 10.6 10.8 10.6 10.7 204 0 0 0 0 0 0 0 0 0 
2015/01/20 10.7 10.8 10.7 10.8 124 0 0 0 0 0 0 0 0 0 
2015/01/21 10.8 10.95 10.8 10.95 93 0 0 0 0 0 0 0 0 0 
2015/01/22 10.95 11 10.85 11 70 0 0 0 0 0 0 0 0 0 
2015/01/23 11.1 11.1 10.8 11.05 73 0 0 0 0 0 0 0 0 0 
2015/01/26 11.05 11.05 10.75 10.95 57 0 0 0 0 0 0 0 0 0 
2015/01/27 10.95 11 10.8 10.95 64 0 0 0 0 0 0 0 0 0 
2015/01/28 10.75 10.95 10.6 10.9 48 0 0 0 0 0 0 0 0 0 
2015/01/29 10.85 10.85 10.8 10.8 39 0 0 0 0 0 0 0 0 0 
2015/01/30 10.7 10.85 10.7 10.85 55 0 0 0 0 0 0 0 0 0 
2015/02/02 10.75 10.85 10.75 10.85 7 0 0 0 0 0 0 0 0 0 
2015/02/03 10.8 10.8 10.75 10.8 52 0 0 0 0 0 0 0 0 0 
2015/02/04 10.75 11 10.75 10.9 129 0 0 0 0 0 0 0 0 0 
2015/02/05 10.85 11 10.8 11 91 0 0 0 0 0 0 0 0 0 
2015/02/06 10.8 11 10.8 10.8 45 0 0 0 0 0 0 0 0 0 
2015/02/09 10.8 11 10.75 11 209 0 0 0 0 0 0 0 0 0 
2015/02/10 10.95 11.1 10.95 11.05 51 0 0 0 0 0 0 0 0 0 
2015/02/11 11.1 11.1 10.9 11.1 100 0 0 0 0 0 0 0 0 0 
2015/02/12 11.1 11.15 10.85 11.1 159 0 0 0 0 0 0 0 0 0 
2015/02/13 11.1 11.75 11.1 11.45 179 0 0 0 0 0 0 0 0 0 
2015/02/24 12 12 11.7 11.8 375 0 0 0 0 0 0 0 0 0 
2015/02/25 12 12 11.6 11.7 48 0 0 0 0 0 0 0 0 0 
2015/02/26 11.6 11.7 11.5 11.7 145 0 0 0 0 0 0 0 0 0 
2015/03/02 11.7 11.75 11.5 11.65 55 0 0 0 0 0 0 0 0 0 
2015/03/03 11.65 11.65 11.45 11.6 37 0 0 0 0 0 0 0 0 0 
2015/03/04 11.6 11.6 11.5 11.6 33 0 0 0 0 0 0 0 0 0 
2015/03/05 11.5 11.6 11.3 11.6 137 0 0 0 0 0 0 0 0 0 
2015/03/06 11.35 11.6 11.3 11.55 131 0 0 0 0 0 0 0 0 0 
2015/03/09 11.55 11.55 11.25 11.25 65 0 0 0 0 0 0 0 0 0 
2015/03/10 11.45 11.45 11.25 11.3 23 0 0 0 0 0 0 0 0 0 
2015/03/11 11.3 11.6 11.3 11.3 125 0 0 0 0 0 0 0 0 0 
2015/03/12 11.45 11.45 11.35 11.4 29 0 0 0 0 0 0 0 0 0 
2015/03/13 11.4 11.4 11.3 11.3 48 0 0 0 0 0 0 0 0 0 
2015/03/16 11.4 11.4 11.35 11.4 57 0 0 0 0 0 0 0 0 0 
2015/03/17 11.4 11.4 11.3 11.4 36 0 0 0 0 0 0 0 0 0 
2015/03/18 11.45 11.5 11.35 11.5 78 0 0 0 0 0 0 0 0 0 
2015/03/19 11.35 11.5 11.25 11.5 103 0 0 0 0 0 0 0 0 0 
2015/03/20 11.55 11.85 11.55 11.65 216 0 0 0 0 0 0 0 0 0 
2015/03/23 11.7 11.75 11.5 11.6 136 0 0 0 0 0 0 0 0 0 
2015/03/24 11.6 11.6 11.4 11.55 78 0 0 0 0 0 0 0 0 0 
2015/03/25 11.4 11.55 11.4 11.4 66 0 0 0 0 0 0 0 0 0 
2015/03/26 11.25 11.4 11.25 11.4 64 0 0 0 0 0 0 0 0 0 
2015/03/27 11.45 11.45 11.35 11.45 73 0 0 0 0 0 0 0 0 0 
2015/03/30 11.45 11.45 11.45 11.45 61 0 0 0 0 0 0 0 0 0 
2015/03/31 11.2 11.2 10.65 10.85 428 0 0 0 0 0 0 0 0 0 
2015/04/01 11 11 10.5 10.5 67 0 0 0 0 0 0 0 0 0 
2015/04/02 10.6 10.6 10.4 10.5 74 0 0 0 0 0 0 0 0 0 
2015/04/07 10.5 10.5 10.45 10.5 55 0 0 0 0 0 0 0 0 0 
2015/04/08 10.55 10.55 10.45 10.5 58 0 0 0 0 0 0 0 0 0 
2015/04/09 10.55 10.6 10.4 10.6 109 0 0 0 0 0 0 0 0 0 
2015/04/10 10.7 10.7 10.4 10.5 2166 0 0 0 0 0 0 0 0 0 
2015/04/13 10.55 10.6 10.5 10.5 1777 0 0 0 0 0 0 0 0 0 
2015/04/14 10.8 10.8 10.55 10.6 106 0 0 0 0 0 0 0 0 0 
2015/04/15 10.6 10.65 10.55 10.55 128 0 0 0 0 0 0 0 0 0 
2015/04/16 10.55 10.65 10.5 10.5 71 0 0 0 0 0 0 0 0 0 
2015/04/17 10.45 10.55 10.3 10.3 89 0 0 0 0 0 0 0 0 0 
2015/04/20 10.3 10.45 10.3 10.45 42 0 0 0 0 0 0 0 0 0 
2015/04/21 10.45 10.45 10.3 10.3 29 0 0 0 0 0 0 0 0 0 
2015/04/22 10.3 10.4 10.3 10.4 32 0 0 0 0 0 0 0 0 0 
2015/04/23 10.4 10.4 10.2 10.2 126 0 0 0 0 0 0 0 0 0 
2015/04/24 10.2 10.35 10.2 10.3 43 0 0 0 0 0 0 0 0 0 
2015/04/27 10.3 10.35 10.25 10.35 37 0 0 0 0 0 0 0 0 0 
2015/04/28 10.35 10.35 10.3 10.35 25 0 0 0 0 0 0 0 0 0 
2015/04/29 10.25 10.5 10.25 10.3 110 0 0 0 0 0 0 0 0 0 
2015/04/30 10.4 10.4 10.25 10.4 61 0 0 0 0 0 0 0 0 0 
2015/05/04 10.4 10.4 10.1 10.3 160 0 0 0 0 0 0 0 0 0 
2015/05/05 10.25 10.3 10.2 10.3 40 0 0 0 0 0 0 0 0 0 
2015/05/06 10.3 10.45 10.25 10.45 102 0 0 0 0 0 0 0 0 0 
2015/05/07 10.4 10.45 10.25 10.35 123 0 0 0 0 0 0 0 0 0 
2015/05/08 10.4 10.4 10.3 10.3 62 0 0 0 0 0 0 0 0 0 
2015/05/11 10.3 10.4 10.1 10.3 194 0 0 0 0 0 0 0 0 0 
2015/05/12 10.3 10.3 10.2 10.25 34 0 0 0 0 0 0 0 0 0 
2015/05/13 10.25 10.3 10.2 10.3 110 0 0 0 0 0 0 0 0 0 
2015/05/14 10.3 10.3 10.15 10.25 158 0 0 0 0 0 0 0 0 0 
2015/05/15 10.25 10.25 10.15 10.2 77 0 0 0 0 0 0 0 0 0 
2015/05/18 10.2 10.2 10.1 10.1 47 0 0 0 0 0 0 0 0 0 
2015/05/19 10.1 10.15 10.1 10.15 32 0 0 0 0 0 0 0 0 0 
2015/05/20 10.05 10.15 10.05 10.15 24 0 0 0 0 0 0 0 0 0 
2015/05/21 10.05 10.1 10 10.1 44 0 0 0 0 0 0 0 0 0 
2015/05/22 10.05 10.05 10 10.05 50 0 0 0 0 0 0 0 0 0 
2015/05/25 10 10 9.95 9.96 73 0 0 0 0 0 0 0 0 0 
2015/05/26 9.96 9.96 9.83 9.94 66 0 0 0 0 0 0 0 0 0 
2015/05/27 9.81 9.89 9.45 9.47 130 0 0 0 0 0 0 0 0 0 
2015/05/28 9.47 9.66 9.47 9.59 81 0 0 0 0 0 0 0 0 0 
2015/05/29 9.6 9.6 9.52 9.52 37 0 0 0 0 0 0 0 0 0 
2015/06/01 9.52 10 9.35 10 104 0 0 0 0 0 0 0 0 0 
2015/06/02 10 10.35 10 10.2 175 0 0 0 0 0 0 0 0 0 
2015/06/03 10.2 10.4 10.1 10.2 119 0 0 0 0 0 0 0 0 0 
2015/06/04 10.25 10.25 9.91 10 91 0 0 0 0 0 0 0 0 0 
2015/06/05 10.2 10.2 9.85 9.95 84 0 0 0 0 0 0 0 0 0 
2015/06/08 9.95 10.1 9.76 10.1 79 0 0 0 0 0 0 0 0 0 
2015/06/09 9.89 10 9.8 9.95 117 0 0 0 0 0 0 0 0 0 
2015/06/10 9.95 10.1 9.94 9.98 59 0 0 0 0 0 0 0 0 0 
2015/06/11 9.86 9.98 9.86 9.98 73 0 0 0 0 0 0 0 0 0 
2015/06/12 9.96 10.1 9.92 10.05 238 0 0 0 0 0 0 0 0 0 
2015/06/15 10.05 10.3 10 10.1 284 0 0 0 0 0 0 0 0 0 
2015/06/16 10.4 10.4 10.1 10.15 332 0 0 0 0 0 0 0 0 0 
2015/06/17 9.85 10.05 9.85 9.97 99 0 0 0 0 0 0 0 0 0 
2015/06/18 9.92 10.05 9.92 9.98 20 0 0 0 0 0 0 0 0 0 
2015/06/22 9.73 9.94 9.73 9.94 63 0 0 0 0 0 0 0 0 0 
2015/06/23 9.9 9.97 9.8 9.97 35 0 0 0 0 0 0 0 0 0 
2015/06/24 9.9 9.91 9.82 9.86 20 0 0 0 0 0 0 0 0 0 
2015/06/25 9.83 9.89 9.83 9.89 11 0 0 0 0 0 0 0 0 0 
2015/06/26 9.83 9.83 9.76 9.8 30 0 0 0 0 0 0 0 0 0 
2015/06/29 9.8 9.8 9.73 9.75 23 0 0 0 0 0 0 0 0 0 
2015/06/30 9.41 9.85 9.41 9.85 9 0 0 0 0 0 0 0 0 0 
2015/07/01 9.8 9.8 9.8 9.8 0 0 0 0 0 0 0 0 0 0 
2015/07/02 9.6 9.8 9.6 9.8 15 0 0 0 0 0 0 0 0 0 
2015/07/03 9.63 9.66 9.52 9.52 103 0 0 0 0 0 0 0 0 0 
2015/07/06 9.52 9.52 9.52 9.52 5 0 0 0 0 0 0 0 0 0 
2015/07/07 9.54 9.54 9.54 9.54 8 0 0 0 0 0 0 0 0 0 
2015/07/08 9.5 9.54 9.41 9.41 66 0 0 0 0 0 0 0 0 0 
2015/07/09 9.02 9.2 8.52 9 52 0 0 0 0 0 0 0 0 0 
2015/07/13 9.31 9.31 9.31 9.31 5 0 0 0 0 0 0 0 0 0 
2015/07/14 9.23 9.39 9.23 9.34 9 0 0 0 0 0 0 0 0 0 
2015/07/15 9.17 9.29 9.07 9.29 103 0 0 0 0 0 0 0 0 0 
2015/07/16 9.28 9.86 9.28 9.36 110 0 0 0 0 0 0 0 0 0 
2015/07/17 9.52 9.8 9.23 9.42 44 0 0 0 0 0 0 0 0 0 
2015/07/20 9.45 9.47 9.35 9.47 11 0 0 0 0 0 0 0 0 0 
2015/07/21 9.47 9.56 9.43 9.56 99 0 0 0 0 0 0 0 0 0 
2015/07/22 9.32 9.52 9.3 9.32 222 0 0 0 0 0 0 0 0 0 
2015/07/23 9.31 9.31 9.05 9.29 32 0 0 0 0 0 0 0 0 0 
2015/07/24 9.41 9.41 9.12 9.22 70 0 0 0 0 0 0 0 0 0 
2015/07/27 9.49 9.49 9.05 9.07 105 0 0 0 0 0 0 0 0 0 
2015/07/28 9.38 9.38 9.01 9.06 28 0 0 0 0 0 0 0 0 0 
2015/07/29 9.2 9.2 9.2 9.2 24 0 0 0 0 0 0 0 0 0 
2015/07/30 9.2 9.35 9.1 9.23 35 0 0 0 0 0 0 0 0 0 
2015/07/31 9.11 9.15 8.96 9.15 77 0 0 0 0 0 0 0 0 0 
2015/08/03 8.92 9.15 8.92 9 145 0 0 0 0 0 0 0 0 0 
2015/08/04 9 9.15 9 9.14 139 0 0 0 0 0 0 0 0 0 
2015/08/05 9.44 9.44 9.06 9.17 51 0 0 0 0 0 0 0 0 0 
2015/08/06 9.2 9.2 9.09 9.09 8 0 0 0 0 0 0 0 0 0 
2015/08/07 9 9.1 9 9.1 10 0 0 0 0 0 0 0 0 0 
2015/08/10 9 9.15 9 9.1 52 0 0 0 0 0 0 0 0 0 
2015/08/11 9.1 9.1 8.96 9.02 23 0 0 0 0 0 0 0 0 0 
2015/08/12 9.02 9.08 9.02 9.08 13 0 0 0 0 0 0 0 0 0 
2015/08/13 9.05 9.05 8.87 8.98 30 0 0 0 0 0 0 0 0 0 
2015/08/14 8.92 8.92 8.92 8.92 5 0 0 0 0 0 0 0 0 0 
2015/08/17 9.04 9.04 9 9 6 0 0 0 0 0 0 0 0 0 
2015/08/18 8.85 8.88 8.85 8.88 19 0 0 0 0 0 0 0 0 0 
2015/08/19 8.65 8.9 8.61 8.9 27 0 0 0 0 0 0 0 0 0 
2015/08/20 8.55 8.9 8.55 8.9 7 0 0 0 0 0 0 0 0 0 
2015/08/21 8.56 8.78 8.41 8.76 35 0 0 0 0 0 0 0 0 0 
2015/08/24 7.89 8.71 7.89 8.45 99 0 0 0 0 0 0 0 0 0 
2015/08/25 8.39 8.39 7.65 8.32 92 0 0 0 0 0 0 0 0 0 
2015/08/26 8.32 8.32 7.77 8.32 25 0 0 0 0 0 0 0 0 0 
2015/08/27 7.86 8.59 7.86 8.31 91 0 0 0 0 0 0 0 0 0 
2015/08/28 7.92 8.42 7.92 8.36 31 0 0 0 0 0 0 0 0 0 
2015/08/31 8.35 8.35 8.3 8.32 25 0 0 0 0 0 0 0 0 0 
2015/09/01 8.35 8.44 8.25 8.37 31 0 0 0 0 0 0 0 0 0 
2015/09/02 8.16 8.33 8.16 8.33 12 0 0 0 0 0 0 0 0 0 
2015/09/03 8.16 8.4 7.72 8.33 219 0 0 0 0 0 0 0 0 0 
2015/09/04 8.35 8.35 8.14 8.32 27 0 0 0 0 0 0 0 0 0 
2015/09/07 8.32 8.34 8.1 8.32 67 0 0 0 0 0 0 0 0 0 
2015/09/08 8.22 8.3 8.21 8.3 48 0 0 0 0 0 0 0 0 0 
2015/09/09 8.3 8.42 8.3 8.38 21 0 0 0 0 0 0 0 0 0 
2015/09/10 8.38 8.38 8.31 8.38 31 0 0 0 0 0 0 0 0 0 
2015/09/11 8.3 8.35 8.22 8.35 22 0 0 0 0 0 0 0 0 0 
2015/09/14 8.15 8.35 8.15 8.32 50 0 0 0 0 0 0 0 0 0 
2015/09/15 8.37 8.37 8.18 8.33 17 0 0 0 0 0 0 0 0 0 
2015/09/16 8.3 8.33 8.3 8.33 20 0 0 0 0 0 0 0 0 0 
2015/09/17 8.49 8.49 8.22 8.34 27 0 0 0 0 0 0 0 0 0 
2015/09/18 8.34 8.34 8.3 8.32 22 0 0 0 0 0 0 0 0 0 
2015/09/21 8.08 8.37 7.93 8.23 26 0 0 0 0 0 0 0 0 0 
2015/09/22 8.23 8.29 8.2 8.29 14 0 0 0 0 0 0 0 0 0 
2015/09/23 8.4 8.4 8.19 8.29 21 0 0 0 0 0 0 0 0 0 
2015/09/24 8.23 8.3 8.23 8.27 7 0 0 0 0 0 0 0 0 0 
2015/09/25 8.33 8.33 8.25 8.29 11 0 0 0 0 0 0 0 0 0 
2015/09/30 8.33 8.33 8.16 8.26 23 0 0 0 0 0 0 0 0 0 
2015/10/01 8.18 8.26 8.18 8.26 7 0 0 0 0 0 0 0 0 0 
2015/10/02 8.26 8.26 8.15 8.26 20 0 0 0 0 0 0 0 0 0 
2015/10/05 8.34 8.34 8.27 8.27 10 0 0 0 0 0 0 0 0 0 
2015/10/06 8.45 8.45 8.23 8.36 11 0 0 0 0 0 0 0 0 0 
2015/10/07 8.21 8.36 8.21 8.36 19 0 0 0 0 0 0 0 0 0 
2015/10/08 8.37 8.37 8.29 8.36 15 0 0 0 0 0 0 0 0 0 
2015/10/12 8.41 8.41 8.25 8.25 16 0 0 0 0 0 0 0 0 0 
2015/10/13 8.02 8.27 8.02 8.26 7 0 0 0 0 0 0 0 0 0 
2015/10/14 8.26 8.33 8.26 8.28 6 0 0 0 0 0 0 0 0 0 
2015/10/15 8.29 8.29 8.14 8.26 24 0 0 0 0 0 0 0 0 0 
2015/10/16 8.28 8.3 8.26 8.28 19 0 0 0 0 0 0 0 0 0 
2015/10/19 8.39 8.39 8.25 8.29 14 0 0 0 0 0 0 0 0 0 
2015/10/20 8.29 8.3 8.26 8.3 8 0 0 0 0 0 0 0 0 0 
2015/10/21 8.39 8.39 8.26 8.3 23 0 0 0 0 0 0 0 0 0 
2015/10/22 8.38 8.38 8.3 8.31 17 0 0 0 0 0 0 0 0 0 
2015/10/23 8.45 8.45 8.25 8.31 11 0 0 0 0 0 0 0 0 0 
2015/10/26 8.43 8.43 8.31 8.32 22 0 0 0 0 0 0 0 0 0 
2015/10/27 8.32 8.33 8.32 8.32 5 0 0 0 0 0 0 0 0 0 
2015/10/28 8.14 8.35 8.14 8.3 8 0 0 0 0 0 0 0 0 0 
2015/10/29 8.43 8.43 8.25 8.25 6 0 0 0 0 0 0 0 0 0 
2015/10/30 8.16 8.33 8.16 8.31 16 0 0 0 0 0 0 0 0 0 
2015/11/02 8.35 8.35 8.18 8.31 15 0 0 0 0 0 0 0 0 0 
2015/11/03 8.31 8.31 8.21 8.31 18 0 0 0 0 0 0 0 0 0 
2015/11/04 8.36 8.36 8.21 8.3 36 0 0 0 0 0 0 0 0 0 
2015/11/05 8.38 8.38 8.25 8.31 20 0 0 0 0 0 0 0 0 0 
2015/11/06 8.38 8.38 8.27 8.28 19 0 0 0 0 0 0 0 0 0 
2015/11/09 8.35 8.35 8.28 8.35 10 0 0 0 0 0 0 0 0 0 
2015/11/10 8.7 8.7 8.35 8.35 26 0 0 0 0 0 0 0 0 0 
2015/11/11 8.27 8.35 8.27 8.35 3 0 0 0 0 0 0 0 0 0 
2015/11/12 8.47 8.47 8.47 8.47 1 0 0 0 0 0 0 0 0 0 
2015/11/13 8.68 8.68 8.68 8.68 3 0 0 0 0 0 0 0 0 0 
2015/11/16 8.63 8.63 8.34 8.38 3 0 0 0 0 0 0 0 0 0 
2015/11/17 8.57 8.57 8.32 8.4 24 0 0 0 0 0 0 0 0 0 
2015/11/18 8.2 8.37 8.2 8.32 9 0 0 0 0 0 0 0 0 0 
2015/11/19 8.29 8.3 8.28 8.28 13 0 0 0 0 0 0 0 0 0 
2015/11/20 8.3 8.3 8.16 8.28 9 0 0 0 0 0 0 0 0 0 
2015/11/23 8.2 8.28 8.18 8.23 21 0 0 0 0 0 0 0 0 0 
2015/11/24 8.55 8.55 8.13 8.15 29 0 0 0 0 0 0 0 0 0 
2015/11/25 8.22 8.22 8.05 8.13 4 0 0 0 0 0 0 0 0 0 
2015/11/26 8.28 8.28 8.03 8.13 19 0 0 0 0 0 0 0 0 0 
2015/11/27 8.16 8.16 8.15 8.15 4 0 0 0 0 0 0 0 0 0 
2015/11/30 8.4 8.4 8.27 8.27 7 0 0 0 0 0 0 0 0 0 
2015/12/01 8.29 8.29 8.18 8.27 13 0 0 0 0 0 0 0 0 0 
2015/12/02 8.32 8.32 8.24 8.28 7 0 0 0 0 0 0 0 0 0 
2015/12/03 8.3 8.3 8.2 8.28 13 0 0 0 0 0 0 0 0 0 
2015/12/04 8.27 8.27 8.27 8.27 6 0 0 0 0 0 0 0 0 0 
2015/12/07 8.5 8.5 8.23 8.3 18 0 0 0 0 0 0 0 0 0 
2015/12/08 8.3 8.3 8.21 8.28 2807 0 0 0 0 0 0 0 0 0 
2015/12/09 8.21 8.36 8.18 8.28 39 0 0 0 0 0 0 0 0 0 
2015/12/10 8.2 8.28 8.2 8.28 6 0 0 0 0 0 0 0 0 0 
2015/12/11 8.28 8.3 8.19 8.27 21 0 0 0 0 0 0 0 0 0 
2015/12/14 8.27 8.27 8.16 8.27 33 0 0 0 0 0 0 0 0 0 
2015/12/15 8.2 8.29 8.2 8.27 24 0 0 0 0 0 0 0 0 0 
2015/12/16 8.3 8.3 8.22 8.25 10 0 0 0 0 0 0 0 0 0 
2015/12/17 8.3 8.48 8.21 8.48 39 0 0 0 0 0 0 0 0 0 
2015/12/18 8.4 8.4 8.3 8.35 7 0 0 0 0 0 0 0 0 0 
2015/12/21 8.28 8.32 8.28 8.32 7 0 0 0 0 0 0 0 0 0 
2015/12/22 8.32 8.32 8.32 8.32 23 0 0 0 0 0 0 0 0 0 
2015/12/23 8.47 8.47 8.2 8.32 13 0 0 0 0 0 0 0 0 0 
2015/12/24 8.32 8.34 8.3 8.33 16 0 0 0 0 0 0 0 0 0 
2015/12/25 8 8.25 8 8.25 8 0 0 0 0 0 0 0 0 0 
2015/12/28 8.33 8.33 8.25 8.25 14 0 0 0 0 0 0 0 0 0 
2015/12/29 8.27 8.27 8.27 8.27 2 0 0 0 0 0 0 0 0 0 
2015/12/30 8.29 8.29 8.29 8.29 2 0 0 0 0 0 0 0 0 0 
2015/12/31 8.29 8.33 8.29 8.33 14 0 0 0 0 0 0 0 0 0 
2016/01/04 8.32 8.32 8.32 8.32 0 0 0 0 0 0 0 0 0 0 
2016/01/05 8.33 8.33 8.2 8.28 26 0 0 0 0 0 0 0 0 0 
2016/01/06 8.28 8.28 8.2 8.27 13 0 0 0 0 0 0 0 0 0 
2016/01/07 8.27 8.27 8.03 8.21 50 0 0 0 0 0 0 0 0 0 
2016/01/08 8.21 8.21 8.2 8.2 24 0 0 0 0 0 0 0 0 0 
2016/01/11 8.19 8.19 8.07 8.09 27 0 0 0 0 0 0 0 0 0 
2016/01/12 8.1 8.23 8.1 8.22 115 0 0 0 0 0 0 0 0 0 
2016/01/13 8.21 8.21 8.11 8.11 9 0 0 0 0 0 0 0 0 0 
2016/01/14 7.8 7.99 7.5 7.99 36 0 0 0 0 0 0 0 0 0 
2016/01/15 7.78 8.04 7.78 8.04 20 0 0 0 0 0 0 0 0 0 
2016/01/18 8 8.23 8 8.04 42 0 0 0 0 0 0 0 0 0 
2016/01/19 8.22 8.22 8.07 8.07 14 0 0 0 0 0 0 0 0 0 
2016/01/20 8 8 7.92 8 11 0 0 0 0 0 0 0 0 0 
2016/01/21 8 8 7.98 7.98 5 0 0 0 0 0 0 0 0 0 
2016/01/22 8 8 7.95 8 13 0 0 0 0 0 0 0 0 0 
2016/01/25 8 8 8 8 18 0 0 0 0 0 0 0 0 0 
2016/01/26 8 8 8 8 10 0 0 0 0 0 0 0 0 0 
2016/01/27 8 8.13 8 8.13 16 0 0 0 0 0 0 0 0 0 
2016/01/28 8.1 8.1 7.95 8.03 58 0 0 0 0 0 0 0 0 0 
2016/01/29 8 8.08 8 8.08 15 0 0 0 0 0 0 0 0 0 
2016/01/30 8.02 8.13 8.02 8.09 24 0 0 0 0 0 0 0 0 0 
2016/02/01 7.93 8.06 7.93 8.06 12 0 0 0 0 0 0 0 0 0 
2016/02/02 8.06 8.06 8.06 8.06 18 0 0 0 0 0 0 0 0 0 
2016/02/03 8.06 8.06 8 8.06 12 0 0 0 0 0 0 0 0 0 
2016/02/15 8.11 8.38 8.11 8.11 68 0 0 0 0 0 0 0 0 0 
2016/02/16 8.2 8.22 8.14 8.22 33 0 0 0 0 0 0 0 0 0 
2016/02/17 8.2 8.2 8.2 8.2 0 0 0 0 0 0 0 0 0 0 
2016/02/18 8.2 8.2 8.12 8.2 31 0 0 0 0 0 0 0 0 0 
2016/02/19 8.19 8.19 8.19 8.19 3 0 0 0 0 0 0 0 0 0 
2016/02/22 8.3 8.3 8.06 8.24 35 3853 0 75 0 2 77 0 8.61 0 
2016/02/23 8.22 8.26 8.19 8.24 70 3899 0 75 0 2 77 0 8.71 0 
2016/02/24 8.12 8.17 8.12 8.14 86 3938 0 79 0 2 81 0 8.8 0 
2016/02/25 8.18 8.19 8.11 8.17 49 3970 0 79 0 2 81 0 8.87 0 
2016/02/26 8.17 8.19 8.17 8.19 20 3969 0 79 0 2 81 0 8.87 0 
2016/03/01 8.23 8.23 8.2 8.21 49 3964 0 79 0 2 81 0 8.86 0 
2016/03/02 8.35 8.35 8.18 8.2 80 3992 0 79 0 2 81 0 8.92 0 
2016/03/03 8.23 8.23 8.2 8.2 3 3993 0 79 0 2 81 0 8.92 0 
2016/03/04 8.29 8.29 8.2 8.23 48 4016 0 78 0 2 80 0 8.98 0 
2016/03/07 8.29 8.38 8.29 8.3 152 4065 0 73 0 2 75 0 9.08 0 
2016/03/08 8.3 8.36 8.25 8.3 102 4131 0 76 0 2 78 0 9.23 0 
2016/03/09 8.3 8.34 8.28 8.28 46 4163 0 75 0 2 77 0 9.3 0 
2016/03/10 8.33 8.33 8.3 8.33 20 4163 0 75 0 2 77 0 9.3 0 
2016/03/11 8.31 8.35 8.31 8.34 110 4224 0 75 0 2 77 0 9.44 0 
2016/03/14 8.34 8.37 8.3 8.3 86 4230 0 75 0 2 77 0 9.45 0 
2016/03/15 8.31 8.34 8.3 8.3 35 4241 0 75 0 2 77 0 9.48 0 
2016/03/16 8.33 8.35 8.3 8.34 50 4253 0 75 0 2 77 0 9.5 0 
2016/03/17 8.33 8.34 8.28 8.29 36 4257 0 75 0 2 77 0 9.51 0 
2016/03/18 8.34 8.35 8.3 8.3 44 4257 0 75 0 2 77 0 9.51 0 
2016/03/21 8.39 8.39 8.3 8.3 20 4257 0 75 0 2 77 0 9.51 0 
2016/03/22 8.3 8.3 8.3 8.3 16 4257 0 75 0 2 77 0 9.51 0 
2016/03/23 8.3 8.36 8.26 8.34 26 4262 0 79 0 2 81 0 9.53 0 
2016/03/24 8.34 8.38 8.31 8.37 40 4267 0 79 0 2 81 1 9.54 0 
2016/03/25 8.39 8.6 8.39 8.48 157 4292 0 79 0 2 81 1 9.59 0 
2016/03/28 8.48 8.58 8.43 8.52 78 4306 0 79 0 2 81 0 9.62 0 
2016/03/29 8.5 8.5 8.3 8.47 74 4314 0 70 0 2 72 0 9.64 0 
2016/03/30 8.54 9.15 8.54 8.97 222 4401 0 73 0 2 75 3 9.84 0 
2016/03/31 8.99 9.05 8.73 8.89 195 4398 0 69 0 2 71 0 9.83 0 
2016/04/01 8.95 8.95 8.65 8.82 21 4392 0 69 0 2 71 0 9.82 0 
2016/04/06 9.25 9.25 8.75 8.88 86 4419 0 69 0 2 71 0 9.88 0 
2016/04/07 8.88 8.95 8.78 8.84 83 4393 0 69 0 2 71 0 9.82 0 
2016/04/08 8.98 8.98 8.81 8.85 20 4378 0 69 0 2 71 0 9.78 0 
2016/04/11 8.86 8.86 8.76 8.8 32 4356 0 69 0 2 71 0 9.74 0 
2016/04/12 8.92 8.92 8.61 8.62 54 4322 0 69 0 2 71 0 9.66 0 
2016/04/13 8.84 8.84 8.61 8.67 42 4297 0 69 0 1 70 0 9.6 0 
2016/04/14 8.75 8.75 8.61 8.67 27 4275 0 73 0 1 74 0 9.55 0 
2016/04/15 8.77 8.77 8.32 8.34 191 4297 0 73 0 0 73 0 9.6 0 
2016/04/18 8.34 8.56 8.34 8.39 18 4293 0 73 0 0 73 0 9.59 0 
2016/04/19 8.45 8.45 8.35 8.39 12 4284 0 73 0 0 73 0 9.57 0 
2016/04/20 8.44 8.44 8.35 8.4 10 4278 0 73 0 0 73 0 9.56 0 
2016/04/21 8.46 8.46 8.32 8.41 134 4263 0 73 0 0 73 0 9.53 0 
2016/04/22 8.46 8.46 8.15 8.17 67 4266 0 73 0 0 73 0 9.53 0 
2016/04/25 8.18 8.32 8.18 8.25 60 4241 0 73 0 0 73 0 9.48 0 
2016/04/26 8.43 8.43 8.3 8.3 33 4219 0 73 0 0 73 0 9.43 0 
2016/04/27 8.25 8.38 8.25 8.33 87 4172 0 73 0 0 73 0 9.32 0 
2016/04/28 8.33 8.4 8.3 8.33 70 4152 0 73 0 0 73 0 9.28 0 
2016/04/29 8.39 8.39 8.35 8.36 72 4146 0 73 0 0 73 0 9.27 0 
2016/05/03 8.44 8.44 8.4 8.42 121 4143 0 73 0 0 73 0 9.26 0 
2016/05/04 8.45 8.5 8.35 8.5 162 4122 0 73 0 0 73 0 9.21 0 
2016/05/05 8.49 8.82 8.49 8.82 145 4122 0 87 0 0 87 0 9.21 0 
2016/05/06 8.89 9.06 8.8 8.94 128 4097 0 73 0 0 73 0 9.16 0 
2016/05/09 9.06 9.34 9.06 9.34 207 4088 3 83 0 0 83 2 9.14 0.07 
2016/05/10 9.49 9.84 9.34 9.79 283 4122 3 140 0 0 140 0 9.21 0.07 
2016/05/11 9.8 9.8 9.47 9.48 139 4119 3 131 0 0 131 2 9.21 0.07 
2016/05/12 9.6 9.6 9.32 9.49 230 4131 3 73 0 0 73 1 9.23 0.07 
2016/05/13 9.49 9.5 9.32 9.5 122 4137 3 74 0 0 74 0 9.25 0.07 
2016/05/16 9.5 9.5 9.4 9.44 50 4135 3 74 0 0 74 0 9.24 0.07 
2016/05/17 9.44 9.63 9.4 9.57 107 4134 11 73 0 0 73 0 9.24 0.27 
2016/05/18 9.46 10.3 9.4 9.8 215 4144 15 74 0 0 74 0 9.26 0.36 
2016/05/19 9.89 10 9.7 9.8 60 4144 15 74 0 0 74 0 9.26 0.36 
2016/05/20 9.8 10 9.7 10 408 4142 10 73 0 0 73 3 9.26 0.24 
2016/05/23 10 10.1 9.9 10 1311 5239 8 73 0 0 73 0 11.71 0.15 
2016/05/24 10.05 10.05 9.82 9.95 167 5238 8 73 0 0 73 0 11.71 0.15 
2016/05/25 9.95 10 9.8 9.87 161 5223 8 73 0 0 73 0 11.67 0.15 
2016/05/26 9.82 9.93 9.54 9.87 119 5222 8 73 0 0 73 2 11.67 0.15 
2016/05/27 9.86 10 9.86 10 680 5721 6 73 0 0 73 1 12.79 0.1 
2016/05/30 9.88 9.98 9.62 9.92 90 5721 11 73 0 0 73 0 12.79 0.19 
2016/05/31 9.83 9.92 9.75 9.75 66 5715 7 73 0 1 74 0 12.77 0.12 
2016/06/01 9.87 9.87 9.72 9.85 16 5715 9 73 0 0 73 0 12.77 0.16 
2016/06/02 9.98 9.98 9.82 9.93 15 5715 12 73 0 0 73 0 12.77 0.21 
2016/06/03 9.96 9.96 9.81 9.92 22 5715 12 73 0 0 73 0 12.77 0.21 
2016/06/04 9.97 9.97 9.85 9.9 16 5715 14 73 0 0 73 1 12.77 0.24 
2016/06/06 10.1 10.3 9.88 9.88 146 5715 3 73 0 0 73 4 12.77 0.05 
2016/06/07 9.95 10 9.82 9.88 535 6162 3 73 0 0 73 0 13.77 0.05 
2016/06/08 9.99 9.99 9.8 9.93 67 6193 3 73 0 0 73 0 13.84 0.05 
2016/06/13 9.98 9.98 9.64 9.8 26 6192 3 73 0 0 73 0 13.84 0.05 
2016/06/14 9.94 9.94 9.78 9.92 16 6192 3 73 0 0 73 0 13.84 0.05 
2016/06/15 9.94 9.94 9.7 9.93 27 6192 3 75 0 0 75 0 13.84 0.05 
2016/06/16 9.93 9.93 9.91 9.93 10 6189 3 75 0 0 75 0 13.83 0.05 
2016/06/17 9.95 9.96 9.8 9.94 12 6189 3 75 0 0 75 0 13.83 0.05 
2016/06/20 9.95 9.98 9.93 9.98 24 6189 3 75 0 1 76 0 13.83 0.05 
2016/06/21 9.98 10 9.95 10 75 6189 3 75 0 1 76 0 13.83 0.05 
2016/06/22 9.99 10.1 9.74 10.1 216 6170 5 75 0 1 76 1 13.79 0.08 
2016/06/23 10.1 10.5 10.1 10.5 321 6163 5 75 0 1 76 0 13.77 0.08 
2016/06/24 10.5 10.9 10.5 10.6 121 6164 3 75 0 1 76 4 13.78 0.05 
2016/06/27 10.6 10.8 10.5 10.8 141 6186 3 75 0 1 76 0 13.83 0.05 
2016/06/28 10.75 11 10.7 10.9 325 6091 3 75 0 1 76 0 13.61 0.05 
2016/06/29 10.9 11 10.8 10.8 99 6098 3 75 0 1 76 0 13.63 0.05 
2016/06/30 10.9 10.9 10.8 10.85 54 6092 3 75 0 1 76 0 13.61 0.05 
2016/07/01 10.85 10.85 10.6 10.8 78 6094 3 75 0 1 76 6 13.62 0.05 
2016/07/04 10.85 10.85 10.65 10.8 87 6101 3 75 0 1 76 0 13.64 0.05 
2016/07/05 10.8 10.8 10.7 10.75 35 6094 3 75 0 1 76 0 13.62 0.05 
2016/07/06 10.8 10.8 10.7 10.75 27 6092 3 75 0 1 76 0 13.61 0.05 
2016/07/07 10.4 10.7 10.4 10.6 152 6092 3 75 0 0 75 0 13.61 0.05 
2016/07/11 10.6 10.9 10.4 10.65 103 6091 3 75 0 0 75 0 13.61 0.05 
2016/07/12 10.85 10.85 10.7 10.7 77 6149 3 75 0 0 75 0 13.74 0.05 
2016/07/13 10.8 10.8 10.45 10.65 31 6149 3 75 0 0 75 0 13.74 0.05 
2016/07/14 10.75 10.75 10.45 10.55 37 6149 3 75 0 0 75 0 13.74 0.05 
2016/07/15 10.65 10.65 10.35 10.55 36 6148 3 75 0 0 75 0 13.74 0.05 
2016/07/18 10.8 10.8 10.45 10.5 64 6152 3 75 0 0 75 0 13.75 0.05 
2016/07/19 10.5 10.8 10.4 10.55 111 6157 3 75 0 0 75 3 13.76 0.05 
2016/07/20 10.55 10.6 10.5 10.6 50 6157 3 87 0 0 87 0 13.76 0.05 
2016/07/21 10.6 10.6 10.45 10.55 42 6158 3 82 0 5 87 0 13.76 0.05 
2016/07/22 10.55 10.55 10.35 10.55 22 6158 3 78 0 5 83 0 13.76 0.05 
2016/07/25 10.55 10.55 10.2 10.4 95 6158 3 78 0 5 83 0 13.76 0.05 
2016/07/26 10.45 10.45 10.25 10.3 33 6158 3 78 0 5 83 1 13.76 0.05 
2016/07/27 10.15 10.35 10.15 10.35 23 6158 3 78 0 5 83 0 13.76 0.05 
2016/07/28 10.35 10.35 10.2 10.3 39 6158 3 78 0 6 84 0 13.76 0.05 
2016/07/29 10.3 10.3 10.1 10.3 42 6158 3 85 0 6 91 0 13.76 0.05 
2016/08/01 10.1 10.65 9.96 10.15 102 6159 3 146 0 6 152 1 13.76 0.05 
2016/08/02 10.15 10.25 10.15 10.15 13 6158 3 143 0 6 149 0 13.76 0.05 
2016/08/03 10 10.1 9.95 10.1 21 6160 3 143 0 6 149 0 13.77 0.05 
2016/08/04 10.1 10.1 9.8 9.8 62 6160 3 143 0 3 146 0 13.77 0.05 
2016/08/05 9.9 9.99 9.72 9.97 266 6339 3 149 0 2 151 3 14.17 0.05 
2016/08/08 9.8 10.15 9.8 9.97 18 6339 3 149 0 2 151 0 14.17 0.05 
2016/08/09 10.2 10.2 9.9 10 18 6339 3 149 0 2 151 0 14.17 0.05 
2016/08/10 10.25 10.25 9.87 9.99 121 6439 3 150 0 2 152 0 14.39 0.05 
2016/08/11 10 10.25 9.89 9.94 27 6439 3 146 0 2 148 1 14.39 0.05 
2016/08/12 10 10 9.8 10 7 6439 3 149 0 2 151 0 14.39 0.05 
2016/08/15 9.88 10.05 9.88 10 7 6439 3 149 0 2 151 0 14.39 0.05 
2016/08/16 10.05 10.05 9.85 10.05 12 6439 3 147 0 2 149 0 14.39 0.05 
2016/08/17 10.1 10.3 10 10.3 43 6439 3 177 0 2 179 0 14.39 0.05 
2016/08/18 10.25 10.45 10.15 10.25 56 6437 3 174 0 2 176 0 14.39 0.05 
2016/08/19 10.2 10.3 10 10 47 6437 3 161 0 2 163 0 14.39 0.05 
2016/08/22 9.85 10.05 9.85 9.97 25 6437 3 146 0 2 148 0 14.39 0.05 
2016/08/23 10.2 10.3 10 10 36 6440 0 143 0 2 145 0 14.39 0 
2016/08/24 9.99 9.99 9.91 9.99 21 6440 0 143 0 0 143 0 14.39 0 
2016/08/25 9.9 9.98 9.9 9.9 21 6442 0 149 0 0 149 0 14.4 0 
2016/08/26 9.9 9.95 9.84 9.93 26 6441 0 157 0 0 157 0 14.39 0 
2016/08/29 10 10 9.8 9.98 49 6441 0 157 0 0 157 0 14.39 0 
2016/08/30 9.8 9.8 9.8 9.8 16 6440 0 157 0 0 157 0 14.39 0 
2016/08/31 9.97 9.97 9.74 9.8 11 6440 0 157 0 0 157 0 14.39 0 
2016/09/01 9.98 9.98 9.95 9.95 3 6440 0 157 0 0 157 0 14.39 0 
2016/09/02 9.95 9.95 9.95 9.95 9 6440 0 153 0 0 153 0 14.39 0 
2016/09/05 9.81 9.97 9.81 9.9 9 6440 0 153 0 0 153 0 14.39 0 
2016/09/06 9.95 9.95 9.75 9.88 6 6440 0 151 0 0 151 0 14.39 0 
2016/09/07 9.76 9.9 9.71 9.84 18 6440 0 151 0 0 151 0 14.39 0 
2016/09/08 9.87 9.87 9.87 9.87 3 6440 0 151 0 0 151 0 14.39 0 
2016/09/09 9.87 9.87 9.7 9.7 18 6440 0 147 0 0 147 0 14.39 0 
2016/09/10 9.82 9.82 9.74 9.74 5 6440 0 147 0 0 147 0 14.39 0 
2016/09/12 9.83 9.83 9.7 9.7 17 6440 0 145 0 0 145 0 14.39 0 
2016/09/13 9.82 9.82 9.63 9.7 11 6440 0 145 0 0 145 0 14.39 0 
2016/09/14 9.8 9.8 9.22 9.5 31 6437 0 145 0 0 145 1 14.39 0 
2016/09/19 9.65 9.65 9.34 9.34 13 6432 0 142 0 0 142 0 14.37 0 
2016/09/20 9.55 9.55 9.25 9.49 16 6426 0 141 0 0 141 0 14.36 0 
2016/09/21 8.97 9.78 8.97 9.48 54 6423 0 170 0 1 171 0 14.35 0 
2016/09/22 9.5 9.5 9.41 9.5 16 6428 0 167 0 1 168 0 14.37 0 
2016/09/23 9.6 9.6 9 9.23 103 6435 0 142 0 1 143 6 14.38 0 
2016/09/26 9.01 9.24 9.01 9.24 46 6428 2 144 0 1 145 2 14.37 0.03 
2016/09/29 9.4 9.4 9.4 9.4 2 6428 2 142 0 1 143 0 14.37 0.03 
2016/09/30 9.4 9.4 9.15 9.36 16 6428 0 142 0 1 143 0 14.37 0 
2016/10/03 9.36 9.38 9.2 9.38 22 6430 0 135 0 1 136 0 14.37 0 
2016/10/04 9.37 9.37 9.37 9.37 12 6430 0 125 0 1 126 0 14.37 0 
2016/10/05 9.37 9.37 9.16 9.3 25 6426 0 126 0 1 127 0 14.36 0 
2016/10/06 9.46 10.2 9.43 10 3206 7493 0 98 0 1 99 5 16.75 0 
2016/10/07 10 10.1 9.77 9.77 185 7460 0 98 0 0 98 1 16.67 0 
2016/10/11 9.77 9.78 9.5 9.51 55 7446 0 98 0 0 98 0 16.64 0 
2016/10/12 9.7 9.7 9.69 9.69 16 7446 0 98 0 0 98 0 16.64 0 
2016/10/13 9.76 9.76 9.53 9.63 715 7644 0 98 0 0 98 0 17.08 0 
2016/10/14 9.77 9.78 9.69 9.69 794 7864 0 98 0 0 98 0 17.58 0 
2016/10/17 9.75 9.75 9.6 9.63 876 8113 0 98 0 0 98 3 18.13 0 
2016/10/18 9.63 9.7 9.5 9.7 12 8111 0 98 0 0 98 0 18.13 0 
2016/10/19 9.7 9.7 9.5 9.69 469 8476 0 98 0 0 98 0 18.94 0 
2016/10/20 9.69 9.69 9.43 9.68 23 8476 0 94 0 0 94 0 18.94 0 
2016/10/21 9.67 9.69 9.6 9.69 84 8476 0 90 0 0 90 0 18.94 0 
2016/10/24 9.7 9.79 9.7 9.79 45 8491 0 90 0 0 90 0 18.98 0 
2016/10/25 9.6 9.85 9.36 9.4 64 8486 0 90 0 1 91 0 18.97 0 
2016/10/26 9.3 9.54 9.3 9.54 19 8478 0 91 0 1 92 1 18.95 0 
2016/10/27 9.56 9.56 9.56 9.56 2 8478 0 91 0 1 92 0 18.95 0 
2016/10/28 9.58 9.58 9.42 9.57 19 8476 0 91 0 1 92 0 18.94 0 
2016/10/31 9.59 9.59 9.57 9.57 12 8474 0 91 0 1 92 0 18.94 0 
2016/11/01 9.6 9.6 9.57 9.57 22 8474 0 91 0 0 91 0 18.94 0 
2016/11/02 9.73 9.73 9.4 9.4 7 8475 0 91 0 1 92 0 18.94 0 
2016/11/03 9.39 9.58 9.39 9.58 10 8474 0 91 0 0 91 1 18.94 0 
2016/11/04 9.5 9.5 9.43 9.49 4 8474 0 91 0 0 91 1 18.94 0 
2016/11/07 9.68 9.68 9.68 9.68 1 8474 0 91 0 0 91 0 18.94 0 
2016/11/08 9.65 9.7 9.5 9.7 23 8474 0 91 0 0 91 2 18.94 0 
2016/11/09 9.65 9.65 9.31 9.31 26 8470 0 92 0 1 93 1 18.93 0 
2016/11/10 9.62 9.62 9.34 9.46 17 8469 0 92 0 1 93 0 18.93 0 
2016/11/11 9.5 9.5 9.15 9.17 21 8471 0 92 0 2 94 0 18.93 0 
2016/11/14 9.35 9.35 9.1 9.28 34 8468 0 92 0 1 93 0 18.93 0 
2016/11/15 9.41 9.41 9.12 9.33 24 8470 0 80 0 1 81 2 18.93 0 
2016/11/16 9.33 9.33 9.1 9.16 18 8475 0 80 0 1 81 1 18.94 0 
2016/11/17 9.14 9.16 9.14 9.16 7 8468 0 80 0 1 81 0 18.93 0 
2016/11/18 9.03 9.03 9.01 9.01 77 8468 0 81 0 1 82 1 18.93 0 
2016/11/21 9.17 9.18 9 9.09 7 8468 0 81 0 1 82 0 18.93 0 
2016/11/22 9.17 9.25 9.17 9.25 14 8468 0 81 0 1 82 0 18.93 0 
2016/11/23 9.23 9.23 9.23 9.23 1 8468 0 81 0 1 82 0 18.93 0 
2016/11/24 9.22 9.22 9.03 9.1 18 8469 0 81 0 1 82 1 18.93 0 
2016/11/25 9.09 9.1 9.03 9.1 19 8450 0 81 0 1 82 0 18.88 0 
2016/11/28 9.28 9.29 9.2 9.2 8 8450 0 81 0 1 82 0 18.88 0 
2016/11/29 9.32 9.32 9.02 9.2 10 8450 0 81 0 1 82 1 18.88 0 
2016/11/30 9.29 9.32 9.22 9.24 37 8453 0 80 0 1 81 0 18.89 0 
2016/12/01 9.34 9.34 9.25 9.26 456 8905 0 80 0 1 81 0 19.9 0 
2016/12/02 9.37 9.37 9.29 9.33 5 8895 0 80 0 1 81 0 19.88 0 
2016/12/05 9.33 9.33 9.23 9.33 11 8895 0 80 0 1 81 0 19.88 0 
2016/12/06 9.36 9.36 9.36 9.36 4 8893 0 80 0 1 81 0 19.87 0 
2016/12/07 9.39 9.39 9.15 9.38 6 8891 0 80 0 1 81 0 19.87 0 
2016/12/08 9.38 9.38 9.15 9.19 11 8891 0 80 0 1 81 2 19.87 0 
2016/12/09 9.48 9.48 9.2 9.2 6 8891 0 80 0 1 81 0 19.87 0 
2016/12/12 9.38 9.38 9.2 9.3 15 8891 0 80 0 1 81 0 19.87 0 
2016/12/13 9.1 9.38 9.02 9.08 34 8891 0 80 0 1 81 6 19.87 0 
2016/12/14 9.27 9.27 9.07 9.18 240 9122 0 80 0 1 81 0 20.39 0 
2016/12/15 9.1 9.25 9.08 9.25 10 9122 0 80 0 1 81 0 20.39 0 
2016/12/16 9.25 9.26 9.24 9.24 3 9122 0 80 0 1 81 0 20.39 0 
2016/12/19 9.33 9.33 9.24 9.24 4 9122 0 80 0 1 81 0 20.39 0 
2016/12/20 9.29 9.29 9.02 9.26 17 9122 0 80 0 1 81 3 20.39 0 
2016/12/21 9.28 9.29 9.07 9.25 10 9122 0 76 0 1 77 1 20.39 0 
2016/12/22 9.23 9.26 9.23 9.25 12 9121 0 76 0 1 77 0 20.38 0 
2016/12/23 9.3 9.3 9.07 9.24 5 9121 0 76 0 1 77 1 20.38 0 
2016/12/26 9.24 9.25 9.24 9.25 6 9121 0 76 0 1 77 0 20.38 0 
2016/12/27 9.2 9.25 9.2 9.25 8 9125 0 76 0 1 77 0 20.39 0 
2016/12/28 9.25 9.25 9.07 9.24 18 9125 0 76 0 1 77 5 20.39 0 
2016/12/29 9.25 9.25 9.05 9.25 10 9123 0 77 0 0 77 1 20.39 0 
2016/12/30 9.25 9.25 9.15 9.25 5 9125 0 77 0 0 77 0 20.39 0 
2017/01/03 9.25 9.25 9.12 9.25 12 9130 0 77 0 0 77 0 20.4 0 
2017/01/04 9.24 9.24 9.12 9.2 21 9132 0 76 0 0 76 2 20.41 0 
2017/01/05 9.2 9.2 9.1 9.2 12 9130 0 76 0 0 76 0 20.4 0 
2017/01/06 9.44 9.44 9.11 9.2 15 9126 0 76 0 0 76 1 20.4 0 
2017/01/09 9.2 9.27 9.2 9.25 17 9116 0 76 0 0 76 0 20.37 0 
2017/01/10 9.24 9.24 9.11 9.23 10 9116 0 76 0 0 76 0 20.37 0 
2017/01/11 9.24 9.24 9.2 9.2 8 9116 0 76 0 0 76 0 20.37 0 
2017/01/12 9.21 9.21 9.19 9.19 16 9116 0 76 0 0 76 0 20.37 0 
2017/01/13 9.2 9.2 9.19 9.19 5 9116 0 76 0 0 76 0 20.37 0 
2017/01/16 9.19 9.19 9 9.05 54 9118 0 76 0 0 76 0 20.38 0 
2017/01/17 9.05 9.1 9.05 9.1 3 9116 0 76 0 0 76 0 20.37 0 
2017/01/18 9.1 9.1 9.1 9.1 4 9116 0 76 0 0 76 0 20.37 0 
2017/01/19 9.14 9.14 8.89 8.98 55 9123 0 74 0 0 74 7 20.39 0 
2017/01/20 9 9.04 8.86 9 15 9116 0 73 0 0 73 0 20.37 0 
2017/01/23 9.06 9.1 9.03 9.1 12 9116 0 73 0 0 73 0 20.37 0 
2017/01/24 9.1 9.1 9 9.1 11 9116 0 73 0 0 73 0 20.37 0 
2017/02/02 9.1 9.13 8.91 9.08 64 9116 0 71 0 0 71 7 20.37 0 
2017/02/03 9.1 9.1 8.92 8.97 94 9117 0 71 0 0 71 8 20.38 0 
2017/02/06 9.04 9.14 9.04 9.1 50 9118 0 69 0 0 69 0 20.38 0 
2017/02/07 9.1 9.12 9.01 9.1 12 9116 0 69 0 0 69 1 20.37 0 
2017/02/08 9.1 9.12 9.1 9.1 12 9116 0 66 0 0 66 0 20.37 0 
2017/02/09 9.11 9.11 9 9.1 22 9116 0 67 0 0 67 0 20.37 0 
2017/02/10 9.1 9.1 9 9 15 9116 0 66 0 0 66 1 20.37 0 
2017/02/13 9 9.13 9 9.13 11 9116 0 66 0 0 66 0 20.37 0 
2017/02/14 9.15 9.15 9.03 9.1 14 9116 0 66 0 0 66 0 20.37 0 
2017/02/15 9.12 9.12 9.05 9.12 15 9114 0 68 0 0 68 0 20.37 0 
2017/02/16 9.24 9.24 9.02 9.02 13 9109 0 68 0 0 68 1 20.36 0 
2017/02/17 9.09 9.09 8.99 9.06 11 9109 0 69 0 0 69 0 20.36 0 
2017/02/18 9.09 9.1 9 9.06 6 9109 0 69 0 0 69 0 20.36 0 
2017/02/20 9.01 9.06 8.92 9.04 23 9111 0 69 0 0 69 2 20.36 0 
2017/02/21 9.09 9.09 8.92 9.05 19 9110 0 68 0 0 68 2 20.36 0 
2017/02/22 9.04 9.05 8.96 9.05 8 9110 0 68 0 0 68 0 20.36 0 
2017/02/23 9.13 9.13 8.98 9.09 13 9111 0 68 0 0 68 0 20.36 0 
2017/02/24 9.08 9.08 9 9.08 23 9109 0 68 0 0 68 0 20.36 0 
2017/03/01 9.07 9.08 9.06 9.08 8 9109 0 68 0 0 68 0 20.36 0 
2017/03/02 9.1 9.1 9.06 9.1 13 9109 0 68 0 0 68 0 20.36 0 
2017/03/03 9.15 9.15 9.13 9.14 50 9109 0 68 0 0 68 0 20.36 0 
2017/03/06 9.13 9.14 9.1 9.12 17 9109 0 67 0 0 67 0 20.36 0 
2017/03/07 9.16 9.16 9.12 9.13 4 9109 0 67 0 0 67 0 20.36 0 
2017/03/08 9.15 9.15 9.12 9.12 9 9109 0 67 0 0 67 0 20.36 0 
2017/03/09 9.18 9.18 9.02 9.02 10 9109 0 67 0 0 67 0 20.36 0 
2017/03/10 9.18 9.18 8.85 9.05 18 9109 0 67 0 0 67 0 20.36 0 
2017/03/13 9.11 9.11 9 9.08 10 9074 0 67 0 0 67 0 20.28 0 
2017/03/14 9.08 9.1 9.05 9.05 19 9074 0 67 0 0 67 0 20.28 0 
2017/03/15 9.08 9.11 9.05 9.11 32 9074 0 67 0 0 67 0 20.28 0 
2017/03/16 9.12 9.15 9.11 9.13 36 9074 0 72 0 0 72 0 20.28 0 
2017/03/17 9.22 9.22 9.05 9.05 50 9074 0 77 0 0 77 0 20.28 0 
2017/03/20 9.14 9.15 9.07 9.1 39 9074 0 77 0 0 77 0 20.28 0 
2017/03/21 9.18 9.18 9.15 9.16 27 9074 0 77 0 0 77 0 20.28 0 
2017/03/22 9.16 9.16 9.1 9.11 5 9074 0 76 0 0 76 0 20.28 0 
2017/03/23 9.17 9.17 9.15 9.16 18 9074 0 75 0 0 75 0 20.28 0 
2017/03/24 9.18 9.32 9.17 9.2 36 9094 0 81 0 0 81 1 20.32 0 
2017/03/27 9.31 9.32 9.21 9.23 20 9096 0 91 0 0 91 0 20.33 0 
2017/03/28 9.3 9.3 9.28 9.28 9 9091 0 98 0 0 98 0 20.32 0 
2017/03/29 9.3 9.3 9.1 9.25 29 9076 0 104 0 0 104 0 20.28 0 
2017/03/30 9.24 9.24 9.15 9.15 10 9072 0 104 0 0 104 0 20.27 0 
2017/03/31 9.28 9.28 9.15 9.15 7 9069 0 103 0 0 103 0 20.27 0 
2017/04/05 9.2 9.2 9.15 9.17 18 9069 0 103 0 0 103 0 20.27 0 
2017/04/06 9.21 9.21 8.9 9.03 44 9073 0 96 0 0 96 2 20.28 0 
2017/04/07 9.13 9.13 9.08 9.13 9 9069 0 96 0 0 96 0 20.27 0 
2017/04/10 9.22 9.22 9.14 9.14 15 9069 0 96 0 0 96 0 20.27 0 
2017/04/11 9.19 9.19 9.08 9.1 34 9069 0 69 0 0 69 0 20.27 0 
2017/04/12 9.01 9.44 9.01 9.2 9 9069 1 69 0 0 69 0 20.27 0.01 
2017/04/13 9.2 9.2 9.09 9.1 5 9069 0 69 0 0 69 0 20.27 0 
2017/04/14 9.2 9.2 9.15 9.15 3 9069 0 69 0 0 69 0 20.27 0 
2017/04/17 9.27 9.27 9.27 9.27 2 9069 1 69 0 0 69 0 20.27 0.01 
2017/04/18 9.27 9.27 9.11 9.11 7 9070 0 69 0 0 69 0 20.27 0 
2017/04/19 9.2 9.25 9.2 9.25 6 9069 0 69 0 0 69 0 20.27 0 
2017/04/20 9.2 9.2 9.15 9.15 4 9069 0 68 0 0 68 0 20.27 0 
2017/04/21 9.2 9.2 9.05 9.05 8 9069 0 68 0 0 68 0 20.27 0 
2017/04/24 9 9.27 9 9.27 4 9069 0 68 0 0 68 0 20.27 0 
2017/04/25 9.1 9.27 9.1 9.15 8 9069 0 73 0 0 73 0 20.27 0 
2017/04/26 9.15 9.15 9.15 9.15 2 9069 0 73 0 0 73 0 20.27 0 
2017/04/27 9.3 9.3 9.15 9.15 6 9069 0 73 0 0 73 0 20.27 0 
2017/04/28 9.29 9.29 9.12 9.12 4 9069 0 73 0 0 73 0 20.27 0 
2017/05/02 9.2 9.2 9.08 9.08 3 9069 0 73 0 0 73 0 20.27 0 
2017/05/03 9.2 9.2 9.1 9.1 3 9069 0 73 0 0 73 0 20.27 0 
2017/05/04 9.15 9.15 9.15 9.15 3 9069 0 73 0 0 73 0 20.27 0 
2017/05/05 9.19 9.19 9.09 9.09 8 9069 0 70 0 0 70 0 20.27 0 
2017/05/08 9.4 9.4 9.1 9.15 6 9069 0 70 0 0 70 0 20.27 0 
2017/05/09 9.34 9.34 9.08 9.09 18 9070 0 71 0 0 71 0 20.27 0 
2017/05/10 9.2 9.2 9 9.13 27 9069 0 71 0 0 71 0 20.27 0 
2017/05/11 9.06 9.13 9 9.12 19 9069 0 71 0 0 71 0 20.27 0 
2017/05/12 9.15 9.15 9 9.02 17 9069 0 70 0 0 70 0 20.27 0 
2017/05/15 9.11 9.13 9.11 9.11 23 9079 0 70 0 0 70 0 20.29 0 
2017/05/16 9.18 9.18 9.1 9.15 7 9079 0 70 0 0 70 0 20.29 0 
2017/05/17 9.2 9.2 9.2 9.2 1 9079 0 70 0 0 70 0 20.29 0 
2017/05/18 9.2 9.2 9.05 9.05 3 9079 0 69 0 0 69 0 20.29 0 
2017/05/19 9.19 9.19 9.04 9.04 30 9079 0 87 0 0 87 0 20.29 0 
2017/05/22 9.15 9.15 9.05 9.05 3 9079 0 87 0 0 87 0 20.29 0 
2017/05/23 9.16 9.16 9.08 9.13 4 9079 0 87 0 0 87 0 20.29 0 
2017/05/24 9.13 9.18 9.04 9.18 45 9079 0 87 0 0 87 0 20.29 0 
2017/05/25 9.18 9.21 9.12 9.21 11 9079 0 87 0 0 87 0 20.29 0 
2017/05/26 9.19 9.19 9.04 9.05 12 9079 0 87 0 0 87 0 20.29 0 
2017/05/31 9.15 9.15 9.05 9.13 32 9079 0 87 0 0 87 0 20.29 0 
2017/06/01 9.16 9.16 9.01 9.12 166 9071 0 87 0 0 87 0 20.27 0 
2017/06/02 9.11 9.11 9.01 9.11 89 9071 0 87 0 0 87 0 20.27 0 
2017/06/03 9.11 9.11 9.03 9.04 79 9071 0 87 0 0 87 0 20.27 0 
2017/06/05 9.04 9.11 9.02 9.03 10 8983 0 87 0 0 87 0 20.08 0 
2017/06/06 9.02 9.1 9.01 9.1 9 8983 0 87 0 0 87 0 20.08 0 
2017/06/07 9.1 9.1 9.01 9.05 6 8983 0 87 0 0 87 0 20.08 0 
2017/06/08 9.1 9.1 8.88 9 40 8981 0 87 0 0 87 0 20.07 0 
2017/06/09 9 9.05 8.94 9.03 67 8981 0 85 0 0 85 0 20.07 0 
2017/06/12 9.06 9.06 8.96 9 26 8981 0 85 0 0 85 0 20.07 0 
2017/06/13 9.05 9.05 8.91 9.02 20 8981 0 85 0 0 85 0 20.07 0 
2017/06/14 9.02 9.02 9.02 9.02 2 8981 0 85 0 0 85 0 20.07 0 
2017/06/15 9.03 9.03 9.03 9.03 1 8981 0 85 0 0 85 0 20.07 0 
2017/06/16 9.03 9.03 8.93 9.02 5 8981 0 85 0 0 85 0 20.07 0 
2017/06/19 9.02 9.04 8.88 9.03 28 8981 0 83 0 0 83 0 20.07 0 
2017/06/20 9.07 9.07 8.92 9.04 294 8981 0 83 0 0 83 0 20.07 0 
2017/06/21 9.04 9.05 8.99 9.05 12 8981 0 87 0 0 87 0 20.07 0 
2017/06/22 9.04 9.05 9.04 9.05 7 8981 0 87 0 0 87 0 20.07 0 
2017/06/23 9.07 9.07 8.95 9.04 13 8981 0 87 0 0 87 0 20.07 0 
2017/06/26 9.08 9.08 9.03 9.03 10 8981 0 91 0 0 91 0 20.07 0 
2017/06/27 9.04 9.04 8.94 8.94 25 8983 0 90 0 0 90 0 20.08 0 
2017/06/28 9 9 8.94 8.94 38 8983 0 103 0 0 103 0 20.08 0 
2017/06/29 9.04 9.04 8.88 8.88 110 8983 0 105 0 0 105 0 20.08 0 
2017/06/30 8.93 8.96 8.86 8.86 32 9003 0 105 0 0 105 0 20.12 0 
2017/07/03 9.04 9.04 8.81 8.89 15 9003 0 108 0 0 108 0 20.12 0 
2017/07/04 9.03 9.05 8.95 9.05 33 9003 0 108 0 0 108 0 20.12 0 
2017/07/05 9.08 9.08 8.92 9.07 42 9006 0 92 0 0 92 0 20.13 0 
2017/07/06 9.07 9.07 9 9.06 7 9008 0 90 0 0 90 0 20.13 0 
2017/07/07 9.06 9.09 8.97 9 33 9008 0 89 0 0 89 0 20.13 0 
2017/07/10 9.02 9.03 8.96 9.03 4 9007 0 89 0 0 89 0 20.13 0 
2017/07/11 9.08 9.08 9.08 9.08 1 9007 0 89 0 0 89 0 20.13 0 
2017/07/12 9.06 9.06 9.05 9.05 12 9002 0 89 0 0 89 0 20.12 0 
2017/07/13 9.1 9.1 9.08 9.08 9 8997 0 89 0 0 89 0 20.11 0 
2017/07/14 8.78 8.87 8.78 8.84 8 8995 0 89 0 0 89 0 20.1 0 
2017/07/17 8.88 8.88 8.76 8.76 2 8995 0 89 0 0 89 0 20.1 0 
2017/07/18 8.79 8.79 8.79 8.79 2 8995 0 89 0 0 89 0 20.1 0 
2017/07/19 8.82 8.82 8.8 8.8 6 8994 0 88 0 0 88 0 20.1 0 
2017/07/20 8.87 8.87 8.8 8.85 7 8994 0 88 0 0 88 0 20.1 0 
2017/07/21 8.87 8.87 8.72 8.82 5 8993 0 87 0 0 87 0 20.1 0 
2017/07/24 8.8 8.89 8.8 8.86 11 8993 0 86 0 0 86 0 20.1 0 
2017/07/25 9.04 9.04 8.82 8.82 8 8993 0 86 0 0 86 0 20.1 0 
2017/07/26 8.96 8.96 8.88 8.88 3 8993 0 86 0 0 86 0 20.1 0 
2017/07/27 8.96 8.96 8.73 8.79 33 8993 0 86 0 0 86 0 20.1 0 
2017/07/28 8.8 8.8 8.65 8.65 18 8995 0 86 0 0 86 0 20.1 0 
2017/07/31 8.75 8.75 8.65 8.69 11 8995 0 84 0 0 84 0 20.1 0 
2017/08/01 8.81 8.81 8.75 8.75 4 8995 0 84 0 0 84 0 20.1 0 
2017/08/02 8.86 8.86 8.86 8.86 1 8995 0 84 0 0 84 0 20.1 0 
2017/08/03 8.8 8.8 8.68 8.68 2 8995 0 84 0 0 84 0 20.1 0 
2017/08/04 8.81 8.81 8.7 8.77 7 8995 0 84 0 0 84 0 20.1 0 
2017/08/07 8.89 8.89 8.85 8.85 4 8997 0 84 0 0 84 0 20.11 0 
2017/08/08 8.85 8.85 8.64 8.67 25 8999 0 94 0 0 94 0 20.11 0 
2017/08/09 8.77 8.77 8.26 8.4 65 9005 0 97 0 0 97 1 20.13 0 
2017/08/10 8.21 8.39 8.18 8.32 92 8987 0 97 0 0 97 0 20.08 0 
2017/08/11 8.32 8.45 8.32 8.4 14 8985 0 97 0 0 97 0 20.08 0 
2017/08/14 8.4 8.75 8.3 8.49 32 8987 0 97 0 0 97 1 20.08 0 
2017/08/15 8.53 8.53 8.31 8.48 9 8987 0 97 0 0 97 1 20.08 0 
2017/08/16 8.7 8.7 8.65 8.65 3 8987 0 97 0 0 97 0 20.08 0 
2017/08/17 8.6 8.75 8.49 8.6 18 8986 0 97 0 0 97 1 20.08 0 
2017/08/18 8.59 8.72 8.59 8.72 4 8987 0 97 0 0 97 0 20.08 0 
2017/08/21 8.81 8.81 8.51 8.76 15 8991 0 90 0 0 90 1 20.09 0 
2017/08/22 8.79 8.8 8.52 8.8 124 8985 0 90 0 0 90 0 20.08 0 
2017/08/23 8.8 8.8 8.23 8.38 221 9004 0 91 0 0 91 2 20.12 0 
2017/08/24 8.49 8.49 8.35 8.48 24 9002 0 90 0 0 90 0 20.12 0 
2017/08/25 8.14 8.5 8.14 8.44 14 9002 0 91 0 0 91 0 20.12 0 
2017/08/28 8.43 8.43 8.42 8.43 25 8995 0 91 0 0 91 0 20.1 0 
2017/08/29 8.58 8.58 8.34 8.48 17 8995 0 91 0 0 91 0 20.1 0 
2017/08/30 8.46 8.47 8.46 8.47 5 8995 0 91 0 0 91 0 20.1 0 
2017/08/31 8.78 8.78 8.45 8.63 15 8993 0 90 0 0 90 0 20.1 0 
2017/09/01 8.51 8.67 8.51 8.65 29 8990 0 92 0 0 92 0 20.09 0 
2017/09/04 8.64 8.64 8.5 8.5 11 8990 0 92 0 0 92 0 20.09 0 
2017/09/05 8.4 8.41 8.3 8.41 47 8964 0 118 0 0 118 0 20.03 0 
2017/09/06 8.41 8.41 8.28 8.41 49 8966 0 118 0 0 118 0 20.04 0 
2017/09/07 8.64 8.64 8.32 8.43 20 8968 0 118 0 0 118 0 20.04 0 
2017/09/08 8.5 8.5 8.4 8.44 20 8962 0 116 0 0 116 0 20.03 0 
2017/09/11 8.48 8.82 8.17 8.79 734 8965 0 397 0 0 397 0 20.04 0 
2017/09/12 8.56 8.94 8.47 8.83 1032 8949 0 521 0 0 521 4 20 0 
2017/09/13 8.95 8.95 8.7 8.75 44 8956 0 521 0 0 521 0 20.02 0 
2017/09/14 8.63 8.66 8.62 8.66 32 8945 0 521 0 0 521 0 19.99 0 
2017/09/15 8.52 8.7 8.52 8.7 8 8945 0 521 0 0 521 0 19.99 0 
2017/09/18 8.87 8.87 8.56 8.69 39 8947 0 520 0 0 520 0 20 0 
2017/09/19 8.78 8.78 8.74 8.75 18 8945 0 520 0 0 520 0 19.99 0 
2017/09/20 8.76 8.76 8.35 8.52 646 9362 0 68 0 0 68 0 20.92 0 
2017/09/21 8.56 8.76 8.52 8.58 538 8989 0 505 0 0 505 4 20.09 0 
2017/09/22 8.73 8.73 8.51 8.59 6 8989 0 504 0 0 504 0 20.09 0 
2017/09/25 8.79 8.79 8.5 8.51 23 8975 0 512 0 0 512 0 20.06 0 
2017/09/26 8.67 8.67 8.45 8.56 12 8977 0 512 0 0 512 0 20.06 0 
2017/09/27 8.65 8.65 8.65 8.65 3 8975 1 512 0 0 512 0 20.06 0.01 
2017/09/28 8.69 8.69 8.5 8.66 14 8977 0 505 0 0 505 0 20.06 0 
2017/09/29 8.66 8.66 8.47 8.48 24 8980 0 504 0 0 504 0 20.07 0 
2017/09/30 8.71 8.71 8.41 8.58 15 8958 0 504 0 0 504 0 20.02 0 
2017/10/02 8.64 8.64 8.5 8.59 17 8956 0 495 0 1 496 0 20.02 0 
2017/10/03 8.47 8.53 8.35 8.53 31 8962 0 471 0 0 471 0 20.03 0 
2017/10/05 8.55 8.68 8.48 8.68 530 8953 0 470 0 0 470 0 20.01 0 
2017/10/06 8.78 8.78 8.58 8.64 9 8957 0 465 0 0 465 0 20.02 0 
2017/10/11 8.68 8.68 8.52 8.6 17 8950 0 465 0 0 465 0 20 0 
2017/10/12 8.63 8.63 8.55 8.6 9 8949 0 463 0 0 463 0 20 0 
2017/10/13 8.61 8.61 8.61 8.61 3 8949 0 463 0 0 463 0 20 0 
2017/10/16 8.67 8.67 8.51 8.63 14 8949 0 457 0 0 457 0 20 0 
2017/10/17 8.65 8.65 8.5 8.6 7 8949 0 452 0 0 452 0 20 0 
2017/10/18 8.65 8.65 8.51 8.51 6 8948 0 452 0 0 452 0 20 0 
2017/10/19 8.51 8.51 8.45 8.45 5 8950 0 452 0 0 452 0 20 0 
2017/10/20 8.55 8.55 8.54 8.54 3 8947 0 452 0 0 452 0 20 0 
2017/10/23 8.68 8.68 8.68 8.68 2 8947 0 452 0 0 452 0 20 0 
2017/10/24 8.68 8.68 8.52 8.55 6 8951 0 452 0 0 452 0 20 0 
2017/10/25 8.61 8.61 8.48 8.48 3 8951 0 452 0 0 452 0 20 0 
2017/10/26 8.58 8.58 8.42 8.54 19 8947 0 452 0 0 452 0 20 0 
2017/10/27 8.64 8.64 8.54 8.54 3 8946 0 452 0 0 452 0 19.99 0 
2017/10/30 8.6 8.6 8.59 8.59 4 8942 0 452 0 0 452 0 19.98 0 
2017/10/31 8.6 8.6 8.21 8.41 809 8988 0 323 0 0 323 0 20.09 0 
2017/11/01 8.45 8.45 8.35 8.42 38 8963 0 320 0 0 320 0 20.03 0 
2017/11/02 8.4 8.4 8.3 8.4 32 8966 0 312 0 0 312 0 20.04 0 
2017/11/03 8.35 8.4 8.31 8.4 25 8954 0 312 0 0 312 0 20.01 0 
2017/11/06 8.4 8.4 8.4 8.4 3 8954 0 312 0 0 312 0 20.01 0 
2017/11/07 8.35 8.4 8 8.25 392 8947 0 167 0 0 167 0 20 0 
2017/11/08 8.21 8.23 8.1 8.2 164 8943 0 167 0 0 167 0 19.99 0 
2017/11/09 8.28 8.28 8.2 8.22 12 8942 0 169 0 0 169 0 19.98 0 
2017/11/10 8.35 8.35 8.1 8.24 44 8914 0 182 0 0 182 0 19.92 0 
2017/11/13 8.11 8.23 8.1 8.21 27 8899 0 192 0 0 192 0 19.89 0 
2017/11/14 8.23 8.23 8.05 8.2 79 8875 0 196 0 0 196 0 19.83 0 
2017/11/15 8.23 8.23 8.07 8.2 12 8873 0 201 0 0 201 0 19.83 0 
2017/11/16 8.1 8.15 8.1 8.15 6 8873 0 201 0 0 201 0 19.83 0 
2017/11/17 8.18 8.18 8.18 8.18 8 8871 0 200 0 0 200 0 19.83 0 
2017/11/20 8.27 8.27 8.1 8.19 13 8874 0 196 0 1 197 0 19.83 0 
2017/11/21 8.23 8.23 8.09 8.09 2 8875 0 196 0 0 196 0 19.83 0 
2017/11/22 8.16 8.16 8.1 8.12 14 8871 0 198 0 0 198 0 19.83 0 
2017/11/23 8.17 8.17 8.05 8.1 14 8871 0 201 0 0 201 0 19.83 0 
2017/11/24 8.15 8.15 8.09 8.09 28 8309 0 201 0 0 201 0 18.57 0 
2017/11/27 8.17 8.17 8.06 8.13 450 8307 0 201 0 0 201 0 18.57 0 
2017/11/28 8.27 8.27 8.18 8.18 5 8307 0 201 0 0 201 0 18.57 0 
2017/11/29 8.18 8.18 8.08 8.15 10 8307 0 201 0 0 201 0 18.57 0 
2017/11/30 8.2 8.2 8.17 8.18 304 8307 0 201 0 0 201 0 18.57 0 
2017/12/01 8.18 8.18 8.08 8.08 369 8306 0 201 0 0 201 0 18.56 0 
2017/12/04 8.08 8.09 8.02 8.09 16 8306 0 189 0 0 189 0 18.56 0 
2017/12/05 8.23 8.23 8.22 8.22 3 8306 0 189 0 0 189 0 13.73 0 
2017/12/06 8.26 8.26 8.1 8.19 11 8306 0 190 0 0 190 0 13.73 0 
2017/12/07 8.11 8.19 8.11 8.19 2 8306 0 190 0 0 190 0 13.73 0 
2017/12/08 8.19 8.19 8.19 8.19 1 8306 0 190 0 0 190 0 13.73 0 
2017/12/11 8.19 8.19 8.07 8.16 8 8305 0 190 0 0 190 0 13.73 0 
2017/12/12 8.14 8.16 8.08 8.14 48 8305 0 190 0 0 190 0 13.73 0 
2017/12/13 8.16 8.16 8.14 8.14 3 8304 1 190 0 0 190 0 13.73 0.01 
2017/12/14 8.14 8.14 8.09 8.09 21 8303 0 190 0 0 190 0 13.73 0 
2017/12/15 8.09 8.1 8.06 8.06 16 8302 0 190 0 0 190 0 13.72 0 
2017/12/18 8.12 8.12 8.1 8.1 7 8300 0 190 0 0 190 0 13.72 0 
2017/12/19 8.12 8.12 8.12 8.12 9 8300 0 190 0 0 190 0 13.72 0 
2017/12/20 8.18 8.18 8.05 8.14 6 8299 0 190 0 0 190 0 13.72 0 
2017/12/21 8.18 8.18 8.17 8.17 465 8299 0 190 0 0 190 0 13.72 0 
2017/12/22 8.17 8.17 8.07 8.16 4 8299 0 190 0 0 190 0 13.72 0 
2017/12/25 8.2 8.2 8.2 8.2 126 8299 0 190 0 0 190 0 13.72 0 
2017/12/26 8.28 8.28 8.25 8.25 29 8299 0 190 0 0 190 0 13.72 0 
2017/12/27 8.25 8.29 8.25 8.29 30 8299 0 190 0 0 190 0 13.72 0 
2017/12/28 8.29 8.29 8.13 8.28 53 8301 0 190 0 0 190 0 13.72 0 
2017/12/29 8.28 8.28 8.25 8.25 13 8301 0 191 0 0 191 0 13.72 0 
2018/01/02 8.28 8.35 8.28 8.29 65 8301 0 198 0 0 198 0 13.72 0 
2018/01/03 8.35 8.35 8.35 8.35 1 8301 0 198 0 0 198 0 13.72 0 
2018/01/04 8.37 8.37 8.24 8.24 12 8301 0 198 0 0 198 0 13.72 0 
2018/01/05 8.35 8.38 8.25 8.35 378 8301 0 188 0 0 188 0 13.72 0 
2018/01/08 8.4 8.4 8.38 8.38 7 8301 0 188 0 0 188 0 13.72 0 
2018/01/09 8.46 8.46 8.4 8.4 15 8301 0 188 0 0 188 0 13.72 0 
2018/01/10 8.45 8.48 8.4 8.4 18 8302 0 188 0 1 189 0 13.72 0 
2018/01/11 8.43 8.43 8.2 8.43 23 8302 0 188 0 0 188 0 13.72 0 
2018/01/12 8.45 8.45 8.39 8.41 10 8302 0 188 0 0 188 0 13.72 0 
2018/01/15 8.45 8.45 8.32 8.34 12 8302 0 188 0 0 188 0 13.72 0 
2018/01/16 8.36 8.39 8.36 8.39 13 8297 0 197 0 0 197 0 13.72 0 
2018/01/17 8.39 8.78 8.39 8.57 39 8297 0 226 0 2 228 0 13.72 0 
2018/01/18 8.59 8.59 8.35 8.38 21 8298 0 225 0 2 227 0 13.72 0 
2018/01/19 8.42 8.42 8.35 8.35 13 8297 0 225 0 2 227 0 13.72 0 
2018/01/22 8.44 8.44 8.25 8.25 101 8297 0 225 0 2 227 0 13.72 0 
2018/01/23 8.41 8.42 8.23 8.23 23 8297 0 235 0 3 238 0 13.72 0 
2018/01/24 8.35 8.35 8.22 8.22 16 8297 0 238 0 3 241 0 13.72 0 
2018/01/25 8.3 8.3 8.25 8.25 27 8297 0 255 0 3 258 0 13.72 0 
2018/01/26 8.3 8.3 8.26 8.26 19 8297 0 255 0 3 258 0 13.72 0 
2018/01/29 8.3 8.3 8.3 8.3 28 8297 0 255 0 3 258 0 13.72 0 
2018/01/30 8.25 8.25 8.25 8.25 1 8297 0 255 0 3 258 0 13.72 0 
2018/01/31 8.25 8.25 8.25 8.25 4 8300 0 255 0 3 258 0 13.72 0 
2018/02/01 8.25 8.25 8.25 8.25 2 8300 0 255 0 3 258 0 13.72 0 
2018/02/02 8.28 8.3 8.28 8.3 16 8300 1 255 0 3 258 0 13.72 0.01 
2018/02/05 8.29 8.29 8.27 8.27 2 8298 1 255 0 2 257 0 13.72 0.01 
2018/02/06 8.27 8.27 7.91 8.15 7 8299 0 252 0 2 254 0 13.72 0 
2018/02/07 8.26 8.26 8.03 8.06 24 8298 0 233 0 2 235 0 13.72 0 
2018/02/08 8.1 8.12 8.1 8.12 7 8298 0 228 0 2 230 0 13.72 0 
2018/02/09 8.25 8.25 8.2 8.2 5 8297 0 227 0 0 227 0 13.72 0 
2018/02/12 8.13 8.21 8.03 8.03 17 8299 0 222 0 0 222 0 13.72 0 
2018/02/21 8.03 8.22 8.03 8.22 42 8300 0 212 0 0 212 0 13.72 0 
2018/02/22 8.29 8.29 8.27 8.28 13 8299 0 211 0 0 211 0 13.72 0 
2018/02/23 8.28 8.28 8.28 8.28 4 8297 0 211 0 0 211 0 13.72 0 
2018/02/26 8.3 8.31 8.3 8.31 17 8297 0 211 0 0 211 0 13.72 0 
2018/02/27 8.42 8.42 8.31 8.31 9 8292 0 211 0 0 211 0 13.71 0 
2018/03/01 8.38 8.39 8.38 8.39 5 8292 0 211 0 0 211 0 13.71 0 
2018/03/02 8.39 8.39 8.39 8.39 3 8292 1 211 0 0 211 0 13.71 0.01 
2018/03/05 8.39 8.42 8.39 8.42 13 8292 0 211 0 0 211 0 13.71 0 
2018/03/06 8.41 8.42 8.24 8.24 13 8296 0 211 0 0 211 0 13.71 0 
2018/03/07 8.34 8.34 8.3 8.3 12 8292 0 211 0 0 211 0 13.71 0 
2018/03/08 8.39 8.39 8.3 8.38 21 8292 0 211 0 0 211 0 13.71 0 
2018/03/09 8.34 8.71 8.2 8.23 15 8296 0 211 0 0 211 0 13.71 0 
2018/03/12 8.12 8.26 8.12 8.23 13 8294 0 211 0 0 211 0 13.71 0 
2018/03/13 8.23 8.48 8.23 8.46 43 8294 1 233 0 0 233 1 13.71 0.01 
2018/03/14 8.4 8.4 8.28 8.3 29 8295 0 233 0 0 233 0 13.71 0 
2018/03/15 8.16 8.3 8.16 8.3 12 8295 1 233 0 0 233 0 13.71 0.01 
2018/03/16 8.29 8.29 8.15 8.26 29 8295 0 233 0 0 233 0 13.71 0 
2018/03/19 8.29 8.29 8.15 8.28 9 8295 0 233 0 0 233 0 13.71 0 
2018/03/20 8.29 8.29 8.13 8.29 11 8295 0 233 0 0 233 0 13.71 0 
2018/03/21 8.27 8.27 8.17 8.26 8 8295 0 234 0 0 234 0 13.71 0 
2018/03/22 8.27 8.3 8.27 8.3 6 8295 0 234 0 0 234 0 13.71 0 
2018/03/23 8.2 8.2 8.2 8.2 4 8293 0 234 0 0 234 0 13.71 0 
2018/03/26 8.29 8.29 8.29 8.29 1 8293 1 234 0 0 234 0 13.71 0.01 
2018/03/27 8.3 8.3 8.3 8.3 2 8293 0 234 0 0 234 0 13.71 0 
2018/03/28 8.3 8.3 8.28 8.28 4 8293 0 234 0 0 234 0 13.71 0 
2018/03/29 8.29 8.29 8.14 8.14 3 8293 0 234 0 0 234 0 13.71 0 
2018/03/30 8.27 8.28 8.11 8.12 11 8293 0 235 0 0 235 0 13.71 0 
2018/03/31 8.12 8.24 8.12 8.24 5 8293 0 235 0 0 235 0 13.71 0 
2018/04/02 8.52 8.52 8.52 8.52 1 8294 0 235 0 0 235 0 13.71 0 
2018/04/03 8.32 8.32 8.18 8.2 10 8295 0 235 0 0 235 1 13.71 0 
2018/04/09 8.33 8.33 8.25 8.3 117 8296 0 235 0 0 235 0 13.71 0 
2018/04/10 8.39 8.39 8.3 8.39 3017 8298 0 235 0 0 235 0 13.72 0 
2018/04/11 8.4 8.4 8.12 8.12 37 8298 0 235 0 3 238 1 13.72 0 
2018/04/12 8.17 8.2 8.17 8.2 5 8298 0 235 0 3 238 0 13.72 0 
2018/04/13 8.06 8.14 8.03 8.07 26 8295 0 235 0 3 238 0 13.71 0 
2018/04/16 8.07 8.14 7.27 7.58 41 8302 0 227 0 1 228 0 13.72 0 
2018/04/17 7.73 8.12 7.58 7.72 733 8295 0 217 0 6 223 0 13.71 0 
2018/04/18 7.93 8.1 7.7 7.95 806 8300 0 217 0 0 217 0 13.72 0 
2018/04/19 8.42 8.42 7.91 8.27 884 8304 0 217 0 0 217 0 13.73 0 
2018/04/20 8.12 8.29 8.12 8.23 13 8294 0 217 0 0 217 0 13.71 0 
2018/04/23 8.29 8.49 8.25 8.25 429 8294 1 217 0 2 219 0 13.71 0.01 
2018/04/24 8.46 8.46 8.27 8.27 5 8293 0 217 0 0 217 0 13.71 0 
2018/04/25 7.84 8 7.84 8 8 8294 0 213 0 1 214 0 13.71 0 
2018/04/26 8.35 8.35 7.92 7.92 11 8292 0 213 0 1 214 0 13.71 0 
2018/04/27 8.27 8.27 7.92 7.92 5 8293 0 213 0 0 213 0 13.71 0 
2018/04/30 8.34 8.34 7.93 8.15 3 8292 0 213 0 0 213 0 13.71 0 
2018/05/02 8.15 8.15 8 8 3 8292 0 213 0 0 213 0 13.71 0 
2018/05/03 8.25 8.25 8.03 8.03 14 8293 0 213 0 1 214 0 13.71 0 
2018/05/04 8.15 8.15 8.15 8.15 2 8292 0 213 0 0 213 0 13.71 0 
2018/05/07 8.23 8.23 8.15 8.22 4 8292 0 213 0 0 213 0 13.71 0 
2018/05/08 8.3 8.3 8.29 8.29 3 8292 0 213 0 0 213 0 13.71 0 
2018/05/09 8.3 8.3 8.3 8.3 1 8292 0 213 0 0 213 0 13.71 0 
2018/05/10 8.25 8.25 8.14 8.14 2 8293 0 213 0 0 213 0 13.71 0 
2018/05/11 8.25 8.25 8.02 8.23 13 8293 0 213 0 0 213 0 13.71 0 
2018/05/14 8.42 8.45 7.95 8.08 36 8293 0 213 0 1 214 0 13.71 0 
2018/05/15 8.17 8.17 8.05 8.05 5 8293 0 213 0 1 214 0 13.71 0 
2018/05/16 8.19 8.19 8.19 8.19 1 8293 0 213 0 0 213 0 13.71 0 
2018/05/17 8 8.12 8 8.12 6 8294 0 213 0 0 213 0 13.71 0 
2018/05/18 8.26 8.26 8.05 8.05 4 8294 0 213 0 0 213 0 13.71 0 
2018/05/21 8.19 8.19 8.19 8.19 1 8294 0 213 0 0 213 0 13.71 0 
2018/05/22 7.84 8.02 7.84 7.91 53 8294 0 214 0 0 214 0 13.71 0 
2018/05/23 8.15 8.15 7.89 8.07 11 8292 0 214 0 0 214 1 13.71 0 
2018/05/24 8 8 8 8 9 8292 0 214 0 0 214 0 13.71 0 
2018/05/25 8.38 8.38 8 8 12 8293 0 214 0 0 214 0 13.71 0 
2018/05/28 8.09 8.09 8.09 8.09 5 8292 0 214 0 0 214 0 13.71 0 
2018/05/29 8.09 8.1 8 8.1 11 8294 0 214 0 0 214 0 13.71 0 
2018/05/30 8.12 8.12 8.09 8.1 3 8292 0 214 0 0 214 0 13.71 0 
2018/05/31 8.1 8.1 8.1 8.1 42 8291 0 214 0 0 214 1 13.71 0 
2018/06/01 8.09 8.19 8.09 8.19 18 8292 0 214 0 0 214 0 13.71 0 
2018/06/04 8.19 8.19 8.15 8.15 4 8294 0 214 0 0 214 0 13.71 0 
2018/06/05 8.14 8.14 7.88 8.13 462 8297 0 214 0 0 214 1 13.72 0 
2018/06/06 8.1 8.1 8 8.1 5 8297 0 214 0 0 214 0 13.72 0 
2018/06/07 8.1 8.2 8 8.2 273 8297 0 214 0 0 214 0 13.72 0 
2018/06/08 8.29 8.29 8.2 8.2 2 8297 0 214 0 0 214 0 13.72 0 
2018/06/11 8 8.14 8 8.14 9 8297 0 214 0 0 214 0 13.72 0 
2018/06/12 8.14 8.14 8.06 8.06 29 8297 0 214 0 0 214 0 13.72 0 
2018/06/13 8.24 8.24 8.06 8.06 6 8297 0 214 0 1 215 0 13.72 0 
2018/06/14 8 8.02 8 8 60 8297 0 214 0 1 215 0 13.72 0 
2018/06/15 8 8.02 8 8 27 8297 0 214 0 1 215 0 13.72 0 
2018/06/19 8 8 7.9 7.9 7 8297 0 214 0 1 215 0 13.72 0 
2018/06/20 7.9 7.99 7.86 7.9 74 8297 0 217 0 0 217 0 13.72 0 
2018/06/21 7.82 7.99 7.81 7.9 20 8297 0 217 0 0 217 0 13.72 0 
2018/06/22 8.09 8.09 7.94 7.94 4 8297 0 220 0 0 220 0 13.72 0 
2018/06/25 7.94 7.94 7.92 7.93 57 8298 0 220 0 0 220 0 13.72 0 
2018/06/26 7.97 8.4 7.8 8.4 41 8296 0 252 0 0 252 0 13.71 0 
2018/06/27 8.21 8.21 7.94 7.94 19 8298 0 252 0 0 252 0 13.72 0 
2018/06/28 7.9 8.16 7.85 8.14 36 8296 1 277 0 0 277 0 13.71 0.01 
2018/06/29 8.09 8.09 8.03 8.03 51 8297 0 277 0 0 277 0 13.72 0 
2018/07/02 8.03 8.03 7.95 8.03 32 8297 0 274 0 0 274 0 13.72 0 
2018/07/03 7.95 7.97 7.9 7.97 18 8297 0 273 0 1 274 0 13.72 0 
2018/07/04 8.08 8.08 7.93 8.07 25 8296 0 275 0 0 275 0 13.71 0 
2018/07/05 8.07 8.07 7.81 7.86 23 8296 0 275 0 1 276 0 13.71 0 
2018/07/06 7.86 8.19 7.86 8.19 18 8296 0 283 0 0 283 0 13.71 0 
2018/07/09 8.26 8.26 8.23 8.25 11 8296 0 291 0 0 291 0 13.71 0 
2018/07/10 8.24 8.24 8.24 8.24 2 8296 0 291 0 0 291 0 13.71 0 
2018/07/11 8.23 8.23 7.96 8.01 4 8296 0 291 0 0 291 0 13.71 0 
2018/07/12 8.1 8.1 7.94 8 5 8297 0 291 0 0 291 0 13.72 0 
2018/07/13 8 8.1 7.99 8.1 5 8296 0 291 0 0 291 0 13.71 0 
2018/07/16 8.05 8.05 8.05 8.05 2 8296 0 291 0 0 291 0 13.71 0 
2018/07/17 8.23 8.23 8 8 2 8297 0 291 0 0 291 0 13.72 0 
2018/07/18 8.09 8.3 8 8.3 26 8294 0 314 0 0 314 0 13.71 0 
2018/07/19 8.28 8.28 8.02 8.02 3 8294 0 314 0 0 314 0 13.71 0 
2018/07/20 8.22 8.22 8.22 8.22 1 8294 0 314 0 0 314 0 13.71 0 
2018/07/23 8.2 8.2 8.13 8.13 2 8294 0 314 0 0 314 0 13.71 0 
2018/07/24 8.13 8.18 8.13 8.17 22 8294 0 314 0 0 314 0 13.71 0 
2018/07/25 8.36 8.36 8.02 8.02 5 8295 0 314 0 0 314 0 13.71 0 
2018/07/26 8.22 8.22 8.02 8.02 12 8295 0 314 0 0 314 0 13.71 0 
2018/07/27 8.16 8.16 7.91 8 27 8294 0 313 0 0 313 0 13.71 0 
2018/07/30 8.25 8.25 7.97 8.07 8 8295 0 311 0 0 311 0 13.71 0 
