2012/10/05 25.5 28.8 25.5 28.4 20609 0 0 0 0 0 0 0 0 0 
2012/10/08 28.7 30 28 29.05 17740 0 0 0 0 0 0 0 0 0 
2012/10/09 28.9 28.9 26 26.7 9725 0 0 0 0 0 0 0 0 0 
2012/10/11 25.9 26.6 25.25 26.45 5101 0 0 0 0 0 0 0 0 0 
2012/10/12 26.6 27.5 26.5 26.9 5981 0 0 0 0 0 0 0 0 0 
2012/10/15 26.9 26.9 25.05 25.05 7020 0 0 0 0 0 0 0 0 0 
2012/10/16 25.25 25.9 24.75 25.8 7549 0 0 0 0 0 0 0 0 0 
2012/10/17 26 26.2 25.55 25.65 4408 0 0 0 0 0 0 0 0 0 
2012/10/18 26.2 27.4 25.7 27.4 13172 0 0 0 0 0 0 0 0 0 
2012/10/19 27.7 28.5 27.6 27.7 12097 0 0 0 0 0 0 0 0 0 
2012/10/22 27.4 28.3 26.8 28.25 4963 0 0 0 0 0 0 0 0 0 
2012/10/23 28.4 28.85 27.8 27.8 7039 0 0 0 0 0 0 0 0 0 
2012/10/24 27.7 28.5 27.55 28 5903 0 0 0 0 0 0 0 0 0 
2012/10/25 28.1 28.2 26.05 26.55 5474 0 0 0 0 0 0 0 0 0 
2012/10/26 26.55 26.65 25.2 25.5 4358 0 0 0 0 0 0 0 0 0 
2012/10/29 25.7 25.8 23.8 23.9 3926 0 0 0 0 0 0 0 0 0 
2012/10/30 24.3 25.2 24.3 24.75 3212 0 0 0 0 0 0 0 0 0 
2012/10/31 25 25.5 23.85 24.2 3370 0 0 0 0 0 0 0 0 0 
2012/11/01 24 24.75 23.35 24.3 2548 0 0 0 0 0 0 0 0 0 
2012/11/02 24.65 25.35 24.4 24.55 3507 0 0 0 0 0 0 0 0 0 
2012/11/05 25 25.25 24.55 25.05 2464 0 0 0 0 0 0 0 0 0 
2012/11/06 25.4 26.35 25.15 26.1 3860 0 0 0 0 0 0 0 0 0 
2012/11/07 26.1 27.4 25.65 27.4 5084 0 0 0 0 0 0 0 0 0 
2012/11/08 26.5 26.95 26.2 26.9 3157 0 0 0 0 0 0 0 0 0 
2012/11/09 26.75 27.8 26.45 27.8 3991 0 0 0 0 0 0 0 0 0 
2012/11/12 27.8 28 26.9 27.1 3745 0 0 0 0 0 0 0 0 0 
2012/11/13 26.6 27 26.1 26.2 1773 0 0 0 0 0 0 0 0 0 
2012/11/14 26.3 27.4 26.3 27.4 2582 0 0 0 0 0 0 0 0 0 
2012/11/15 27.2 27.6 26.85 27.6 3261 0 0 0 0 0 0 0 0 0 
2012/11/16 27.9 28 27.15 27.4 5209 0 0 0 0 0 0 0 0 0 
2012/11/19 27.4 27.45 25.65 25.65 2747 0 0 0 0 0 0 0 0 0 
2012/11/20 26.1 26.1 25.2 25.3 2354 0 0 0 0 0 0 0 0 0 
2012/11/21 25.45 25.7 25.1 25.25 1400 0 0 0 0 0 0 0 0 0 
2012/11/22 25.95 25.95 25.2 25.25 1589 0 0 0 0 0 0 0 0 0 
2012/11/23 25.8 26.65 25.65 26.6 3026 0 0 0 0 0 0 0 0 0 
2012/11/26 26.85 27.25 26.5 26.95 3499 0 0 0 0 0 0 0 0 0 
2012/11/27 27.25 27.65 27.05 27.2 5830 0 0 0 0 0 0 0 0 0 
2012/11/28 27 29.1 27 29 9139 0 0 0 0 0 0 0 0 0 
2012/11/29 29 29.3 28.3 28.8 13086 0 0 0 0 0 0 0 0 0 
2012/11/30 28.65 29.1 28.4 28.5 5868 0 0 0 0 0 0 0 0 0 
2012/12/03 28.8 29.1 28.45 28.65 4106 0 0 0 0 0 0 0 0 0 
2012/12/04 28.9 30 28.45 30 11735 0 0 0 0 0 0 0 0 0 
2012/12/05 29.9 29.9 28.8 29.1 7003 0 0 0 0 0 0 0 0 0 
2012/12/06 29.3 29.3 28.35 28.4 4720 0 0 0 0 0 0 0 0 0 
2012/12/07 28.4 28.8 28.2 28.25 2568 0 0 0 0 0 0 0 0 0 
2012/12/10 28.25 28.6 28.1 28.1 2051 0 0 0 0 0 0 0 0 0 
2012/12/11 27.85 27.85 26.15 26.55 6832 0 0 0 0 0 0 0 0 0 
2012/12/12 26.7 27.15 26.55 27 3686 0 0 0 0 0 0 0 0 0 
2012/12/13 27 27.25 26.7 26.75 2750 0 0 0 0 0 0 0 0 0 
2012/12/14 26.6 27.1 26.6 26.95 2140 0 0 0 0 0 0 0 0 0 
2012/12/17 26.95 27.05 25.85 26 2560 0 0 0 0 0 0 0 0 0 
2012/12/18 26.05 26.4 26.05 26.25 1039 0 0 0 0 0 0 0 0 0 
2012/12/19 26.35 26.5 25.5 25.8 3218 0 0 0 0 0 0 0 0 0 
2012/12/20 25.7 26.15 25.4 25.5 2195 0 0 0 0 0 0 0 0 0 
2012/12/21 25.5 25.85 25.25 25.85 1761 0 0 0 0 0 0 0 0 0 
2012/12/22 26.2 26.3 25.85 26.1 1201 0 0 0 0 0 0 0 0 0 
2012/12/24 26.25 26.25 25.5 25.55 1954 0 0 0 0 0 0 0 0 0 
2012/12/25 25.6 26 25.5 25.85 1464 0 0 0 0 0 0 0 0 0 
2012/12/26 26 26.1 25.55 25.55 1642 0 0 0 0 0 0 0 0 0 
2012/12/27 25.55 25.75 25.5 25.6 1437 0 0 0 0 0 0 0 0 0 
2012/12/28 25.8 25.85 25.3 25.65 1846 0 0 0 0 0 0 0 0 0 
2013/01/02 25.9 26.45 25.8 26.4 2587 0 0 0 0 0 0 0 0 0 
2013/01/03 26.6 26.7 26.2 26.3 1976 0 0 0 0 0 0 0 0 0 
2013/01/04 26.3 26.35 25.85 26 2086 0 0 0 0 0 0 0 0 0 
2013/01/07 26.1 26.25 25.6 26 1651 0 0 0 0 0 0 0 0 0 
2013/01/08 26 26.05 25.6 25.8 2257 0 0 0 0 0 0 0 0 0 
2013/01/09 25.95 26.55 25.7 26.55 3481 0 0 0 0 0 0 0 0 0 
2013/01/10 26.65 27.15 26.25 26.95 3926 0 0 0 0 0 0 0 0 0 
2013/01/11 26.95 27.2 26.7 27 4799 0 0 0 0 0 0 0 0 0 
2013/01/14 26.9 26.9 26.15 26.25 2339 0 0 0 0 0 0 0 0 0 
2013/01/15 26.1 26.1 25.55 25.6 3143 0 0 0 0 0 0 0 0 0 
2013/01/16 25.6 25.8 25.35 25.4 1862 0 0 0 0 0 0 0 0 0 
2013/01/17 25.55 25.7 24.7 24.8 1821 0 0 0 0 0 0 0 0 0 
2013/01/18 25.1 25.25 25 25.1 899 0 0 0 0 0 0 0 0 0 
2013/01/21 25.2 25.45 24.95 25.05 645 0 0 0 0 0 0 0 0 0 
2013/01/22 25.5 25.5 25.05 25.15 1009 0 0 0 0 0 0 0 0 0 
2013/01/23 25.25 25.75 25.25 25.45 980 0 0 0 0 0 0 0 0 0 
2013/01/24 25.4 25.4 25.1 25.15 941 0 0 0 0 0 0 0 0 0 
2013/01/25 25.2 25.3 25.05 25.15 549 0 0 0 0 0 0 0 0 0 
2013/01/28 25.2 25.35 25.15 25.15 457 0 0 0 0 0 0 0 0 0 
2013/01/29 25.2 25.75 25.2 25.6 920 0 0 0 0 0 0 0 0 0 
2013/01/30 25.75 25.75 25.4 25.45 840 0 0 0 0 0 0 0 0 0 
2013/01/31 25.4 25.4 25.15 25.25 719 0 0 0 0 0 0 0 0 0 
2013/02/01 25.25 25.6 25.25 25.25 687 0 0 0 0 0 0 0 0 0 
2013/02/04 25.3 25.55 25.1 25.15 1033 0 0 0 0 0 0 0 0 0 
2013/02/05 25.8 26.45 25.7 26.3 4055 0 0 0 0 0 0 0 0 0 
2013/02/06 26.45 26.6 25.75 25.8 1767 0 0 0 0 0 0 0 0 0 
2013/02/18 26 26 25.65 25.65 694 0 0 0 0 0 0 0 0 0 
2013/02/19 25.8 26.2 25.6 25.75 1354 0 0 0 0 0 0 0 0 0 
2013/02/20 26 26.05 25.7 25.7 849 0 0 0 0 0 0 0 0 0 
2013/02/21 25.8 26.3 25.7 25.7 1503 0 0 0 0 0 0 0 0 0 
2013/02/22 25.9 25.9 25.3 25.5 1966 0 0 0 0 0 0 0 0 0 
2013/02/23 25.55 25.65 25.3 25.35 983 0 0 0 0 0 0 0 0 0 
2013/02/25 25.3 25.6 25.3 25.4 806 0 0 0 0 0 0 0 0 0 
2013/02/26 25.2 25.45 25.15 25.15 674 0 0 0 0 0 0 0 0 0 
2013/02/27 25.2 25.5 25.2 25.25 682 0 0 0 0 0 0 0 0 0 
2013/03/01 25.5 25.6 25.2 25.25 724 0 0 0 0 0 0 0 0 0 
2013/03/04 25.5 25.5 25.2 25.2 956 0 0 0 0 0 0 0 0 0 
2013/03/05 25.3 25.55 25.25 25.35 738 0 0 0 0 0 0 0 0 0 
2013/03/06 25.55 25.55 25.35 25.35 795 0 0 0 0 0 0 0 0 0 
2013/03/07 25.35 25.75 25.35 25.5 1252 0 0 0 0 0 0 0 0 0 
2013/03/08 25.5 25.6 24.9 25.4 2709 0 0 0 0 0 0 0 0 0 
2013/03/11 25.4 25.4 24.9 24.95 1497 0 0 0 0 0 0 0 0 0 
2013/03/12 24.95 25.1 24.8 24.8 1424 0 0 0 0 0 0 0 0 0 
2013/03/13 24.8 25.1 24.8 24.9 750 0 0 0 0 0 0 0 0 0 
2013/03/14 25 25 24.6 24.6 994 0 0 0 0 0 0 0 0 0 
2013/03/15 24.8 25.25 24.6 25.1 1527 0 0 0 0 0 0 0 0 0 
2013/03/18 25 25.1 24.75 24.8 1148 0 0 0 0 0 0 0 0 0 
2013/03/19 25 25.4 24.8 25 1458 0 0 0 0 0 0 0 0 0 
2013/03/20 25 25.1 24.75 24.85 1015 0 0 0 0 0 0 0 0 0 
2013/03/21 25.1 25.1 24.85 24.9 396 0 0 0 0 0 0 0 0 0 
2013/03/22 25.1 26.3 25.1 26.05 5660 0 0 0 0 0 0 0 0 0 
2013/03/25 26.4 26.45 25.75 26 2444 0 0 0 0 0 0 0 0 0 
2013/03/26 26.15 26.2 25.85 26.2 2123 0 0 0 0 0 0 0 0 0 
2013/03/27 26.25 27 26.25 26.65 4927 0 0 0 0 0 0 0 0 0 
2013/03/28 26.9 26.95 26.1 26.2 2974 0 0 0 0 0 0 0 0 0 
2013/03/29 27.2 27.8 26.7 27.45 8719 0 0 0 0 0 0 0 0 0 
2013/04/01 27.6 27.6 27 27.15 3575 0 0 0 0 0 0 0 0 0 
2013/04/02 27.15 27.5 27.05 27.15 2278 0 0 0 0 0 0 0 0 0 
2013/04/03 27.3 27.4 27.2 27.35 1935 0 0 0 0 0 0 0 0 0 
2013/04/08 26.85 26.9 26.2 26.4 2753 0 0 0 0 0 0 0 0 0 
2013/04/09 26.4 26.7 26.2 26.4 1235 0 0 0 0 0 0 0 0 0 
2013/04/10 26.4 26.8 26.3 26.45 1286 0 0 0 0 0 0 0 0 0 
2013/04/11 26.7 26.75 26.45 26.55 1062 0 0 0 0 0 0 0 0 0 
2013/04/12 26.7 27.35 26.65 27.1 2808 0 0 0 0 0 0 0 0 0 
2013/04/15 27.3 27.4 26.9 27.2 2146 0 0 0 0 0 0 0 0 0 
2013/04/16 27 27.45 26.75 27.4 2803 0 0 0 0 0 0 0 0 0 
2013/04/17 27.8 28.8 27.8 28 9016 0 0 0 0 0 0 0 0 0 
2013/04/18 28.1 28.4 27.45 27.55 6028 0 0 0 0 0 0 0 0 0 
2013/04/19 27.9 27.95 27.5 27.65 3471 0 0 0 0 0 0 0 0 0 
2013/04/22 27.8 27.85 27.35 27.4 2366 0 0 0 0 0 0 0 0 0 
2013/04/23 27.55 27.8 27.3 27.45 2192 0 0 0 0 0 0 0 0 0 
2013/04/24 27.7 28.2 27.5 28.2 4494 0 0 0 0 0 0 0 0 0 
2013/04/25 28 28.2 27.6 27.6 3800 0 0 0 0 0 0 0 0 0 
2013/04/26 27.8 28.9 27.7 28.65 12342 0 0 0 0 0 0 0 0 0 
2013/04/29 29 29.2 28.3 28.4 6183 0 0 0 0 0 0 0 0 0 
2013/04/30 28.4 28.8 28.05 28.8 4673 0 0 0 0 0 0 0 0 0 
2013/05/02 28.9 29.15 28.4 28.45 4222 0 0 0 0 0 0 0 0 0 
2013/05/03 28.45 28.6 28.05 28.05 2805 0 0 0 0 0 0 0 0 0 
2013/05/06 28.3 28.4 27.95 28 2476 0 0 0 0 0 0 0 0 0 
2013/05/07 28.2 28.7 28.1 28.5 5332 0 0 0 0 0 0 0 0 0 
2013/05/08 28.6 28.65 28.05 28.15 3135 0 0 0 0 0 0 0 0 0 
2013/05/09 28.45 28.45 27.6 27.65 4977 0 0 0 0 0 0 0 0 0 
2013/05/10 26.9 27 26.4 26.55 7828 0 0 0 0 0 0 0 0 0 
2013/05/13 26.5 26.5 26 26.1 2365 0 0 0 0 0 0 0 0 0 
2013/05/14 26.1 26.55 26.1 26.55 1812 0 0 0 0 0 0 0 0 0 
2013/05/15 26.9 26.9 26.2 26.2 1584 0 0 0 0 0 0 0 0 0 
2013/05/16 26.7 27.2 26.55 27.15 3842 0 0 0 0 0 0 0 0 0 
2013/05/17 27.05 27.25 26.75 26.8 2518 0 0 0 0 0 0 0 0 0 
2013/05/20 26.8 27 26.7 26.8 1489 0 0 0 0 0 0 0 0 0 
2013/05/21 27 27.4 26.85 27.1 2606 0 0 0 0 0 0 0 0 0 
2013/05/22 27.1 27.85 26.85 27.85 4258 0 0 0 0 0 0 0 0 0 
2013/05/23 27.85 27.85 27.2 27.3 3226 0 0 0 0 0 0 0 0 0 
2013/05/24 27.35 27.5 27 27.05 1383 0 0 0 0 0 0 0 0 0 
2013/05/27 27.3 27.8 27.25 27.5 3913 0 0 0 0 0 0 0 0 0 
2013/05/28 27.85 27.85 27.3 27.3 1248 0 0 0 0 0 0 0 0 0 
2013/05/29 27.6 27.6 27.2 27.3 1494 0 0 0 0 0 0 0 0 0 
2013/05/30 27.3 27.8 27.3 27.5 2690 0 0 0 0 0 0 0 0 0 
2013/05/31 27.6 28.8 27.45 28.6 11869 0 0 0 0 0 0 0 0 0 
2013/06/03 28.6 28.95 28.25 28.3 8803 0 0 0 0 0 0 0 0 0 
2013/06/04 28.35 28.4 27.45 27.5 4929 0 0 0 0 0 0 0 0 0 
2013/06/05 27.5 27.9 27.35 27.55 1813 0 0 0 0 0 0 0 0 0 
2013/06/06 27.55 27.7 27.15 27.25 1656 0 0 0 0 0 0 0 0 0 
2013/06/07 27.5 27.55 26.65 26.8 3254 0 0 0 0 0 0 0 0 0 
2013/06/10 27 27.05 26.65 26.65 1438 0 0 0 0 0 0 0 0 0 
2013/06/11 26.7 26.95 26.5 26.5 1431 0 0 0 0 0 0 0 0 0 
2013/06/13 26.3 26.45 26 26 1975 0 0 0 0 0 0 0 0 0 
2013/06/14 26.2 26.4 25.9 26.1 1051 0 0 0 0 0 0 0 0 0 
2013/06/17 26.15 26.35 26.1 26.2 601 0 0 0 0 0 0 0 0 0 
2013/06/18 26.3 26.6 26.25 26.3 800 0 0 0 0 0 0 0 0 0 
2013/06/19 26.3 26.9 26.3 26.7 1155 0 0 0 0 0 0 0 0 0 
2013/06/20 26.65 26.65 25.95 26.05 1343 0 0 0 0 0 0 0 0 0 
2013/06/21 25.35 25.8 25.25 25.55 1621 0 0 0 0 0 0 0 0 0 
2013/06/24 25.6 25.85 25.5 25.55 688 0 0 0 0 0 0 0 0 0 
2013/06/25 25.3 25.55 24.6 24.85 1556 0 0 0 0 0 0 0 0 0 
2013/06/26 25.55 25.55 25 25.4 691 0 0 0 0 0 0 0 0 0 
2013/06/27 25.55 25.85 25.45 25.65 927 0 0 0 0 0 0 0 0 0 
2013/06/28 25.9 25.95 25.55 25.55 464 0 0 0 0 0 0 0 0 0 
2013/07/01 25.6 25.85 25.6 25.8 448 0 0 0 0 0 0 0 0 0 
2013/07/02 25.9 25.95 25.65 25.7 745 0 0 0 0 0 0 0 0 0 
2013/07/03 25.8 25.85 25.65 25.8 662 0 0 0 0 0 0 0 0 0 
2013/07/04 26 26.3 25.85 25.85 1166 0 0 0 0 0 0 0 0 0 
2013/07/05 25.9 26.1 25.9 25.9 459 0 0 0 0 0 0 0 0 0 
2013/07/08 26.1 26.15 25.4 25.45 410 0 0 0 0 0 0 0 0 0 
2013/07/09 25.55 25.65 25.45 25.55 310 0 0 0 0 0 0 0 0 0 
2013/07/10 25.5 25.55 25.05 25.05 1078 0 0 0 0 0 0 0 0 0 
2013/07/11 25.3 25.45 24.8 25.05 1824 0 0 0 0 0 0 0 0 0 
2013/07/12 25.2 25.6 25.1 25.55 1990 0 0 0 0 0 0 0 0 0 
2013/07/15 24.2 24.65 24.1 24.6 2018 0 0 0 0 0 0 0 0 0 
2013/07/16 24.75 25.25 24.6 25.15 2305 0 0 0 0 0 0 0 0 0 
2013/07/17 25.15 25.15 24.75 24.75 1530 0 0 0 0 0 0 0 0 0 
2013/07/18 24.75 24.85 24.4 24.5 1166 0 0 0 0 0 0 0 0 0 
2013/07/19 24.3 24.65 24 24 1337 0 0 0 0 0 0 0 0 0 
2013/07/22 24.1 24.5 24 24.5 783 0 0 0 0 0 0 0 0 0 
2013/07/23 24.7 24.9 24.55 24.9 788 0 0 0 0 0 0 0 0 0 
2013/07/24 24.75 25 24.75 24.85 652 0 0 0 0 0 0 0 0 0 
2013/07/25 24.95 25.8 24.7 25.7 3073 0 0 0 0 0 0 0 0 0 
2013/07/26 26 27.1 26 26 7712 0 0 0 0 0 0 0 0 0 
2013/07/29 25.9 26.05 25.15 25.2 1645 0 0 0 0 0 0 0 0 0 
2013/07/30 25.15 25.35 25 25.1 1324 0 0 0 0 0 0 0 0 0 
2013/07/31 25.1 25.1 24.55 24.55 1448 0 0 0 0 0 0 0 0 0 
2013/08/01 25 25 24.5 24.6 834 0 0 0 0 0 0 0 0 0 
2013/08/02 24.8 24.9 24.55 24.6 644 0 0 0 0 0 0 0 0 0 
2013/08/05 24.65 24.75 24.5 24.65 504 0 0 0 0 0 0 0 0 0 
2013/08/06 24.6 24.7 24.5 24.65 679 0 0 0 0 0 0 0 0 0 
2013/08/07 24.45 24.55 24.15 24.15 834 0 0 0 0 0 0 0 0 0 
2013/08/08 24.15 24.3 24.1 24.2 608 0 0 0 0 0 0 0 0 0 
2013/08/09 24.1 24.35 23.65 23.65 1114 0 0 0 0 0 0 0 0 0 
2013/08/12 23.65 23.95 23.65 23.85 382 0 0 0 0 0 0 0 0 0 
2013/08/13 23.65 24.5 23.65 24.15 1295 0 0 0 0 0 0 0 0 0 
2013/08/14 24.15 24.65 24.15 24.35 731 0 0 0 0 0 0 0 0 0 
2013/08/15 24.1 24.35 24.05 24.05 713 0 0 0 0 0 0 0 0 0 
2013/08/16 24 24.05 23.85 23.85 1072 0 0 0 0 0 0 0 0 0 
2013/08/19 23.85 24.1 23.8 23.8 899 0 0 0 0 0 0 0 0 0 
2013/08/20 23.8 23.95 22.55 22.65 2009 0 0 0 0 0 0 0 0 0 
2013/08/22 22.6 22.8 22.35 22.35 1555 0 0 0 0 0 0 0 0 0 
2013/08/23 22.4 22.85 22.4 22.75 953 0 0 0 0 0 0 0 0 0 
2013/08/26 22.85 23 22.75 22.9 568 0 0 0 0 0 0 0 0 0 
2013/08/27 22.9 23 22.8 22.8 639 0 0 0 0 0 0 0 0 0 
2013/08/28 22.7 22.7 22 22.1 1659 0 0 0 0 0 0 0 0 0 
2013/08/29 22.2 22.4 21.9 22 1158 0 0 0 0 0 0 0 0 0 
2013/08/30 22.05 22.35 22.05 22.25 569 0 0 0 0 0 0 0 0 0 
2013/09/02 22.25 22.4 22.25 22.3 669 0 0 0 0 0 0 0 0 0 
2013/09/03 22.4 23.75 22.4 23.7 3342 0 0 0 0 0 0 0 0 0 
2013/09/04 23.7 23.7 23.05 23.35 1612 0 0 0 0 0 0 0 0 0 
2013/09/05 23.45 23.95 23.45 23.5 2166 0 0 0 0 0 0 0 0 0 
2013/09/06 23.6 23.7 23.35 23.35 842 0 0 0 0 0 0 0 0 0 
2013/09/09 23.35 23.35 22.9 23.1 867 0 0 0 0 0 0 0 0 0 
2013/09/10 23.15 23.3 22.6 22.65 949 0 0 0 0 0 0 0 0 0 
2013/09/11 22.65 22.85 22.5 22.7 425 0 0 0 0 0 0 0 0 0 
2013/09/12 22.6 22.9 22.55 22.8 475 0 0 0 0 0 0 0 0 0 
2013/09/13 22.8 22.85 22.5 22.55 472 0 0 0 0 0 0 0 0 0 
2013/09/14 22.5 22.7 22.5 22.6 190 0 0 0 0 0 0 0 0 0 
2013/09/16 22.65 23 22.6 22.75 709 0 0 0 0 0 0 0 0 0 
2013/09/17 23 23 22.5 22.5 665 0 0 0 0 0 0 0 0 0 
2013/09/18 22.55 22.55 22.35 22.4 688 0 0 0 0 0 0 0 0 0 
2013/09/23 22.6 22.8 22.45 22.75 638 0 0 0 0 0 0 0 0 0 
2013/09/24 22.75 23.65 22.75 23.65 3012 0 0 0 0 0 0 0 0 0 
2013/09/25 23.65 23.65 23.15 23.2 1597 0 0 0 0 0 0 0 0 0 
2013/09/26 23.2 23.3 22.85 22.9 657 0 0 0 0 0 0 0 0 0 
2013/09/27 23 23.25 22.6 22.75 827 0 0 0 0 0 0 0 0 0 
2013/09/30 22.6 23.05 22.55 22.95 587 0 0 0 0 0 0 0 0 0 
2013/10/01 22.75 23.1 22.75 22.8 574 0 0 0 0 0 0 0 0 0 
2013/10/02 22.9 23.1 22.8 22.85 490 0 0 0 0 0 0 0 0 0 
2013/10/03 22.9 23.25 22.85 23.1 851 0 0 0 0 0 0 0 0 0 
2013/10/04 23.1 23.1 22.9 23 896 0 0 0 0 0 0 0 0 0 
2013/10/07 23 23.6 23 23.25 1528 0 0 0 0 0 0 0 0 0 
2013/10/08 23.5 23.55 23.15 23.45 1565 0 0 0 0 0 0 0 0 0 
2013/10/09 23.6 24.55 23.6 23.95 5444 0 0 0 0 0 0 0 0 0 
2013/10/11 24.2 24.2 23.55 23.55 1973 0 0 0 0 0 0 0 0 0 
2013/10/14 23.6 23.6 22.9 23.15 1057 0 0 0 0 0 0 0 0 0 
2013/10/15 23.15 24.45 23.15 24.45 4093 0 0 0 0 0 0 0 0 0 
2013/10/16 24.7 24.85 24.15 24.2 3625 0 0 0 0 0 0 0 0 0 
2013/10/17 24.45 24.5 24 24.2 1216 0 0 0 0 0 0 0 0 0 
2013/10/18 24.3 24.95 24.25 24.9 3730 0 0 0 0 0 0 0 0 0 
2013/10/21 24.9 25.1 24.6 24.6 1824 0 0 0 0 0 0 0 0 0 
2013/10/22 24.6 24.7 24.15 24.6 1301 0 0 0 0 0 0 0 0 0 
2013/10/23 24.8 25.6 24.65 25.1 7433 0 0 0 0 0 0 0 0 0 
2013/10/24 24.95 25.45 24.9 25.4 3448 0 0 0 0 0 0 0 0 0 
2013/10/25 25.35 25.35 24.9 24.95 1802 0 0 0 0 0 0 0 0 0 
2013/10/28 25.15 25.15 24.75 25 969 0 0 0 0 0 0 0 0 0 
2013/10/29 25.25 25.95 25.1 25.95 5168 0 0 0 0 0 0 0 0 0 
2013/10/30 26.5 26.8 26 26 8894 0 0 0 0 0 0 0 0 0 
2013/10/31 26.5 27.1 26.5 27 10733 0 0 0 0 0 0 0 0 0 
2013/11/01 27.3 27.65 26.7 26.75 7354 0 0 0 0 0 0 0 0 0 
2013/11/04 26.75 27.05 26.5 26.5 3806 0 0 0 0 0 0 0 0 0 
2013/11/05 26.8 27.6 26.45 27 6393 0 0 0 0 0 0 0 0 0 
2013/11/06 27.4 27.45 26 26.45 3949 0 0 0 0 0 0 0 0 0 
2013/11/07 26.7 27 26.15 26.25 2147 0 0 0 0 0 0 0 0 0 
2013/11/08 25.65 25.95 24.75 24.9 3802 0 0 0 0 0 0 0 0 0 
2013/11/11 25.2 25.3 24.75 24.95 1385 0 0 0 0 0 0 0 0 0 
2013/11/12 25.3 25.75 24.9 25.75 2819 0 0 0 0 0 0 0 0 0 
2013/11/13 25.55 26.3 25.45 25.7 4385 0 0 0 0 0 0 0 0 0 
2013/11/14 25.7 25.8 25.15 25.4 1960 0 0 0 0 0 0 0 0 0 
2013/11/15 25.5 25.6 24.95 24.95 1879 0 0 0 0 0 0 0 0 0 
2013/11/18 25.1 25.4 24.8 24.95 788 0 0 0 0 0 0 0 0 0 
2013/11/19 24.95 25.7 24.9 25.7 1902 0 0 0 0 0 0 0 0 0 
2013/11/20 25.2 25.5 24.85 25.15 2504 0 0 0 0 0 0 0 0 0 
2013/11/21 24.85 25 23.8 23.9 3533 0 0 0 0 0 0 0 0 0 
2013/11/22 23.6 24.5 23.6 24.25 2263 0 0 0 0 0 0 0 0 0 
2013/11/25 24.3 24.45 23.75 23.9 1498 0 0 0 0 0 0 0 0 0 
2013/11/26 23.6 24.5 23.6 24.05 1896 0 0 0 0 0 0 0 0 0 
2013/11/27 23.8 24.7 23.8 24.45 1772 0 0 0 0 0 0 0 0 0 
2013/11/28 24.8 25.3 24.7 24.8 3469 0 0 0 0 0 0 0 0 0 
2013/11/29 25.25 25.25 24.65 24.85 1570 0 0 0 0 0 0 0 0 0 
2013/12/02 24.85 24.85 24.35 24.35 1824 0 0 0 0 0 0 0 0 0 
2013/12/03 24.35 24.65 24.35 24.65 646 0 0 0 0 0 0 0 0 0 
2013/12/04 24.65 24.9 24.45 24.5 1078 0 0 0 0 0 0 0 0 0 
2013/12/05 24.5 24.75 24.3 24.5 1074 0 0 0 0 0 0 0 0 0 
2013/12/06 24.8 25.3 24.4 25.3 2754 0 0 0 0 0 0 0 0 0 
2013/12/09 25.8 25.8 25.25 25.25 2632 0 0 0 0 0 0 0 0 0 
2013/12/10 25.5 26.2 25.4 26.15 4965 0 0 0 0 0 0 0 0 0 
2013/12/11 26.1 26.4 25.75 26.2 4175 0 0 0 0 0 0 0 0 0 
2013/12/12 26.45 26.7 26.15 26.3 2989 0 0 0 0 0 0 0 0 0 
2013/12/13 26.4 26.6 25.9 26.05 2831 0 0 0 0 0 0 0 0 0 
2013/12/16 26.2 26.7 26.2 26.25 4728 0 0 0 0 0 0 0 0 0 
2013/12/17 26.5 27.4 26.5 27.35 9217 0 0 0 0 0 0 0 0 0 
2013/12/18 27.3 27.65 27.05 27.05 6546 0 0 0 0 0 0 0 0 0 
2013/12/19 28 28.3 27.35 27.65 10885 0 0 0 0 0 0 0 0 0 
2013/12/20 27.9 28 27.1 27.25 4770 0 0 0 0 0 0 0 0 0 
2013/12/23 27.45 27.7 27.25 27.35 2626 0 0 0 0 0 0 0 0 0 
2013/12/24 27.5 27.9 26.85 27.7 5928 0 0 0 0 0 0 0 0 0 
2013/12/25 27.95 28.4 27.55 27.55 5138 0 0 0 0 0 0 0 0 0 
2013/12/26 27.55 27.7 26.75 26.85 4825 0 0 0 0 0 0 0 0 0 
2013/12/27 27 27.2 26.6 27.05 3040 0 0 0 0 0 0 0 0 0 
2013/12/30 27.35 27.55 26.8 27.3 3526 0 0 0 0 0 0 0 0 0 
2013/12/31 27.5 27.55 27.15 27.15 2018 0 0 0 0 0 0 0 0 0 
2014/01/02 27.4 27.9 27.2 27.25 5497 0 0 0 0 0 0 0 0 0 
2014/01/03 27.2 28.3 27 28.2 9003 0 0 0 0 0 0 0 0 0 
2014/01/06 28.5 29.15 28.1 28.1 9649 0 0 0 0 0 0 0 0 0 
2014/01/07 28.5 28.95 28.4 28.65 7112 0 0 0 0 0 0 0 0 0 
2014/01/08 28.8 28.85 28 28.1 6551 0 0 0 0 0 0 0 0 0 
2014/01/09 28.1 28.5 27.45 27.5 4510 0 0 0 0 0 0 0 0 0 
2014/01/10 27.5 28.15 27.4 27.65 4069 0 0 0 0 0 0 0 0 0 
2014/01/13 27.75 28.05 27.3 27.35 3346 0 0 0 0 0 0 0 0 0 
2014/01/14 27.3 27.3 26.5 26.7 4365 0 0 0 0 0 0 0 0 0 
2014/01/15 26.7 27.15 26.65 27.05 5497 0 0 0 0 0 0 0 0 0 
2014/01/16 27.2 27.5 26.45 26.5 8778 0 0 0 0 0 0 0 0 0 
2014/01/17 26.5 26.8 26.2 26.3 3763 0 0 0 0 0 0 0 0 0 
2014/01/20 26.3 27.25 26.2 27 5922 0 0 0 0 0 0 0 0 0 
2014/01/21 26.9 27.25 26.85 27.05 3276 0 0 0 0 0 0 0 0 0 
2014/01/22 27.05 27.3 27 27.1 2196 0 0 0 0 0 0 0 0 0 
2014/01/23 27.3 27.3 26.95 27 1459 0 0 0 0 0 0 0 0 0 
2014/01/24 27.2 27.4 27 27 2352 0 0 0 0 0 0 0 0 0 
2014/01/27 26.6 26.8 26.4 26.55 1905 0 0 0 0 0 0 0 0 0 
2014/02/05 25.5 26.4 25.5 25.9 3341 0 0 0 0 0 0 0 0 0 
2014/02/06 26 26.2 25.95 26.2 1486 0 0 0 0 0 0 0 0 0 
2014/02/07 26.35 26.75 26.3 26.5 1833 0 0 0 0 0 0 0 0 0 
2014/02/10 27 27.5 26.7 27.3 4181 0 0 0 0 0 0 0 0 0 
2014/02/11 27.45 27.55 27.1 27.25 4761 0 0 0 0 0 0 0 0 0 
2014/02/12 27.4 27.5 27.1 27.45 3078 0 0 0 0 0 0 0 0 0 
2014/02/13 27.45 27.45 26.8 26.8 2313 0 0 0 0 0 0 0 0 0 
2014/02/14 26.85 27 26.5 26.5 2502 0 0 0 0 0 0 0 0 0 
2014/02/17 26.5 26.8 25.8 26 2554 0 0 0 0 0 0 0 0 0 
2014/02/18 25.8 26.7 25.8 26.4 5386 0 0 0 0 0 0 0 0 0 
2014/02/19 26.3 26.35 25.9 26.05 3425 0 0 0 0 0 0 0 0 0 
2014/02/20 26 26.5 26 26.2 2653 0 0 0 0 0 0 0 0 0 
2014/02/21 26.4 27.9 26.4 27.2 11021 0 0 0 0 0 0 0 0 0 
2014/02/24 27.25 27.5 26.85 26.9 2372 0 0 0 0 0 0 0 0 0 
2014/02/25 27.1 27.4 27.1 27.15 1881 0 0 0 0 0 0 0 0 0 
2014/02/26 27.3 27.6 27.2 27.2 3005 0 0 0 0 0 0 0 0 0 
2014/02/27 27.4 28.4 27.3 27.45 9081 0 0 0 0 0 0 0 0 0 
2014/03/03 27.3 27.35 26.9 26.95 2648 0 0 0 0 0 0 0 0 0 
2014/03/04 26.9 27.2 26.6 26.7 2148 0 0 0 0 0 0 0 0 0 
2014/03/05 27 27.1 26.8 26.9 1994 0 0 0 0 0 0 0 0 0 
2014/03/06 27.1 27.7 26.9 27.6 4857 0 0 0 0 0 0 0 0 0 
2014/03/07 27.6 28.15 26.75 26.9 10422 0 0 0 0 0 0 0 0 0 
2014/03/10 26.9 27 26.5 26.5 2817 0 0 0 0 0 0 0 0 0 
2014/03/11 26.5 26.65 26.25 26.45 3091 0 0 0 0 0 0 0 0 0 
2014/03/12 26.6 27.2 26.6 27.15 3901 0 0 0 0 0 0 0 0 0 
2014/03/13 27.4 27.7 27.15 27.4 6574 0 0 0 0 0 0 0 0 0 
2014/03/14 27.3 27.7 27.1 27.6 3615 0 0 0 0 0 0 0 0 0 
2014/03/17 27.75 29.2 27.65 29.2 22953 0 0 0 0 0 0 0 0 0 
2014/03/18 29.25 29.4 28.5 29 13117 0 0 0 0 0 0 0 0 0 
2014/03/19 29.4 31 29.3 31 42770 0 0 0 0 0 0 0 0 0 
2014/03/20 31.8 32.8 31.75 32.5 35399 0 0 0 0 0 0 0 0 0 
2014/03/21 32.9 32.9 31.25 32.05 17648 0 0 0 0 0 0 0 0 0 
2014/03/24 31.75 33.8 31.25 33.8 21849 0 0 0 0 0 0 0 0 0 
2014/03/25 33.5 33.6 32.8 33.3 14958 0 0 0 0 0 0 0 0 0 
2014/03/26 33.2 33.65 32.1 32.25 15543 0 0 0 0 0 0 0 0 0 
2014/03/27 32 33 32 32.1 9468 0 0 0 0 0 0 0 0 0 
2014/03/28 31.8 32.5 31.4 31.45 9128 0 0 0 0 0 0 0 0 0 
2014/03/31 31.75 33.2 31.7 32.75 14937 0 0 0 0 0 0 0 0 0 
2014/04/01 33.1 33.1 32.25 32.4 6770 0 0 0 0 0 0 0 0 0 
2014/04/02 32.4 33.25 32.35 32.6 12182 0 0 0 0 0 0 0 0 0 
2014/04/03 32.6 32.8 31.2 31.95 9394 0 0 0 0 0 0 0 0 0 
2014/04/07 31.85 32.95 31.6 32.9 9143 0 0 0 0 0 0 0 0 0 
2014/04/08 33.5 35.2 33.25 34.3 33400 0 0 0 0 0 0 0 0 0 
2014/04/09 34.2 34.25 33.15 33.55 9962 0 0 0 0 0 0 0 0 0 
2014/04/10 33.9 34.2 33.5 33.5 9202 0 0 0 0 0 0 0 0 0 
2014/04/11 32.9 34.3 32.8 33.4 7067 0 0 0 0 0 0 0 0 0 
2014/04/14 33.55 34.65 33.2 33.8 13501 0 0 0 0 0 0 0 0 0 
2014/04/15 34.45 36.15 34.45 36.15 18948 0 0 0 0 0 0 0 0 0 
2014/04/16 37.15 38.4 36.6 36.75 28882 0 0 0 0 0 0 0 0 0 
2014/04/17 37.15 37.8 36 36.75 12488 0 0 0 0 0 0 0 0 0 
2014/04/18 36.85 38.3 36.6 38.2 9515 0 0 0 0 0 0 0 0 0 
2014/04/21 37.8 39 37.2 38.1 7316 0 0 0 0 0 0 0 0 0 
2014/04/22 38.1 39.8 38.1 39.3 9573 0 0 0 0 0 0 0 0 0 
2014/04/23 39.8 39.8 37 37.65 9188 0 0 0 0 0 0 0 0 0 
2014/04/24 38.7 39.45 37.85 38.4 13853 0 0 0 0 0 0 0 0 0 
2014/04/25 38.6 40.3 37.5 39.1 21022 0 0 0 0 0 0 0 0 0 
2014/04/28 38.5 38.75 37.5 38.25 12940 0 0 0 0 0 0 0 0 0 
2014/04/29 38.7 39.9 38.5 39.2 13182 0 0 0 0 0 0 0 0 0 
2014/04/30 39.5 39.5 37 37.95 10814 0 0 0 0 0 0 0 0 0 
2014/05/02 38.8 38.9 37.4 37.95 12849 0 0 0 0 0 0 0 0 0 
2014/05/05 37.95 38 36.3 36.7 12659 0 0 0 0 0 0 0 0 0 
2014/05/06 37.3 37.85 36.85 37.2 11360 0 0 0 0 0 0 0 0 0 
2014/05/07 37.15 37.35 36.2 36.2 9634 0 0 0 0 0 0 0 0 0 
2014/05/08 37.6 38.25 37.05 37.5 27566 0 0 0 0 0 0 0 0 0 
2014/05/09 36.5 36.6 34.9 34.9 24546 0 0 0 0 0 0 0 0 0 
2014/05/12 34.9 35.15 32.5 33.7 11963 0 0 0 0 0 0 0 0 0 
2014/05/13 34.2 35 33.9 34.75 11755 0 0 0 0 0 0 0 0 0 
2014/05/14 36 36.5 35.3 35.3 18854 0 0 0 0 0 0 0 0 0 
2014/05/15 35.05 36.25 34.8 36.05 11423 0 0 0 0 0 0 0 0 0 
2014/05/16 36 37.25 35.75 35.75 21266 0 0 0 0 0 0 0 0 0 
2014/05/19 36.3 37.8 36 37.25 69359 0 0 0 0 0 0 0 0 0 
2014/05/20 37.75 39.5 37.5 37.5 25311 0 0 0 0 0 0 0 0 0 
2014/05/21 37.5 37.65 36.65 36.7 18167 0 0 0 0 0 0 0 0 0 
2014/05/22 37 37.45 36.8 37.05 11074 0 0 0 0 0 0 0 0 0 
2014/05/23 37.55 37.95 37.3 37.35 8300 0 0 0 0 0 0 0 0 0 
2014/05/26 37.7 38.6 37.6 37.9 13541 0 0 0 0 0 0 0 0 0 
2014/05/27 38 38.45 37.55 37.8 8148 0 0 0 0 0 0 0 0 0 
2014/05/28 37.8 38.8 37.8 38.2 11917 0 0 0 0 0 0 0 0 0 
2014/05/29 38.4 39.45 38.2 39.2 20311 0 0 0 0 0 0 0 0 0 
2014/05/30 40 40.5 39.6 40 14796 0 0 0 0 0 0 0 0 0 
2014/06/03 40.35 40.35 38.75 39.2 8382 0 0 0 0 0 0 0 0 0 
2014/06/04 39.6 40.1 38.9 39.1 6322 0 0 0 0 0 0 0 0 0 
2014/06/05 39.5 39.7 38.95 39.45 5272 0 0 0 0 0 0 0 0 0 
2014/06/06 40.7 42.2 40 42.2 17228 0 0 0 0 0 0 0 0 0 
2014/06/09 42.5 43.3 40.5 42.8 21955 0 0 0 0 0 0 0 0 0 
2014/06/10 43.6 45.75 42.95 44.5 22874 0 0 0 0 0 0 0 0 0 
2014/06/11 45.3 47.6 44.4 47 24337 0 0 0 0 0 0 0 0 0 
2014/06/12 46.95 46.95 45.6 45.9 12107 0 0 0 0 0 0 0 0 0 
2014/06/13 45 46.4 44.5 45.6 13499 0 0 0 0 0 0 0 0 0 
2014/06/16 44.55 44.7 42.95 42.95 111480 0 0 0 0 0 0 0 0 0 
2014/06/17 43.6 45.3 42 42.45 35546 0 0 0 0 0 0 0 0 0 
2014/06/18 42.55 43.6 42.4 43 14736 0 0 0 0 0 0 0 0 0 
2014/06/19 43.4 44.2 42.55 43.95 14108 0 0 0 0 0 0 0 0 0 
2014/06/20 44.3 46.55 44 45.15 35379 0 0 0 0 0 0 0 0 0 
2014/06/23 45.15 46 43.05 44.1 16299 0 0 0 0 0 0 0 0 0 
2014/06/24 45 45 43.5 43.5 10792 0 0 0 0 0 0 0 0 0 
2014/06/25 43.05 43.7 42.65 43.35 9849 0 0 0 0 0 0 0 0 0 
2014/06/26 43.5 45.3 43.5 44.3 16038 0 0 0 0 0 0 0 0 0 
2014/06/27 44.3 45.1 44.05 44.35 10603 0 0 0 0 0 0 0 0 0 
2014/06/30 44.65 47 44.6 46.2 24073 0 0 0 0 0 0 0 0 0 
2014/07/01 47 48.65 46.2 46.5 22689 0 0 0 0 0 0 0 0 0 
2014/07/02 47.5 47.7 44.1 45.35 19446 0 0 0 0 0 0 0 0 0 
2014/07/03 45.35 46.45 45 46.3 9032 0 0 0 0 0 0 0 0 0 
2014/07/04 46.6 47.2 45.5 46.35 7260 0 0 0 0 0 0 0 0 0 
2014/07/07 46.2 46.3 45.2 45.7 5005 0 0 0 0 0 0 0 0 0 
2014/07/08 46.1 46.25 45.45 45.75 4817 0 0 0 0 0 0 0 0 0 
2014/07/09 45.5 46.15 44.3 45.5 8635 0 0 0 0 0 0 0 0 0 
2014/07/10 46.05 46.95 45.2 46.95 12875 0 0 0 0 0 0 0 0 0 
2014/07/11 46.6 49.35 46.6 49.35 33891 0 0 0 0 0 0 0 0 0 
2014/07/14 50.6 52.7 49.95 51 29007 0 0 0 0 0 0 0 0 0 
2014/07/15 51 52.2 50.4 52 15642 0 0 0 0 0 0 0 0 0 
2014/07/16 52.3 54.2 50.9 51.5 21274 0 0 0 0 0 0 0 0 0 
2014/07/17 52.2 53.5 50.4 52 20845 0 0 0 0 0 0 0 0 0 
2014/07/18 51 51.5 49.6 50.1 14918 0 0 0 0 0 0 0 0 0 
2014/07/21 50.6 51.3 49.65 49.75 11609 0 0 0 0 0 0 0 0 0 
2014/07/22 49.5 49.75 48.5 49.5 9651 0 0 0 0 0 0 0 0 0 
2014/07/24 50.8 51.5 50.5 50.5 12739 0 0 0 0 0 0 0 0 0 
2014/07/25 51 51 49 49.15 7929 0 0 0 0 0 0 0 0 0 
2014/07/28 48.6 49 46.6 47.15 9895 0 0 0 0 0 0 0 0 0 
2014/07/29 47.7 47.75 43.85 43.85 16064 0 0 0 0 0 0 0 0 0 
2014/07/30 44.05 46.8 43.35 46.7 13467 0 0 0 0 0 0 0 0 0 
2014/07/31 46.7 47.4 45.45 46.85 8576 0 0 0 0 0 0 0 0 0 
2014/08/01 45.3 46.3 45.3 45.8 7164 0 0 0 0 0 0 0 0 0 
2014/08/04 45 46.4 44.7 45.65 5404 0 0 0 0 0 0 0 0 0 
2014/08/05 45.2 46.6 45.2 45.5 5334 0 0 0 0 0 0 0 0 0 
2014/08/06 46.2 46.9 43.8 45 14574 0 0 0 0 0 0 0 0 0 
2014/08/07 45.7 46 43.6 44.7 7320 0 0 0 0 0 0 0 0 0 
2014/08/08 45 46.45 44.1 46.4 12388 0 0 0 0 0 0 0 0 0 
2014/08/11 47 47.4 46.15 47.15 12570 0 0 0 0 0 0 0 0 0 
2014/08/12 47 47.45 45.85 46.1 7928 0 0 0 0 0 0 0 0 0 
2014/08/13 46.1 47.8 45.9 47.5 11782 0 0 0 0 0 0 0 0 0 
2014/08/14 46.55 46.55 44.2 44.2 21008 0 0 0 0 0 0 0 0 0 
2014/08/15 43.7 44.5 43.1 43.55 14156 0 0 0 0 0 0 0 0 0 
2014/08/18 43.2 43.4 40.55 40.55 21498 0 0 0 0 0 0 0 0 0 
2014/08/19 40.75 42.7 40.75 42.2 16594 0 0 0 0 0 0 0 0 0 
2014/08/20 42.5 42.5 41 41.35 9831 0 0 0 0 0 0 0 0 0 
2014/08/21 41 41.3 39.7 41.3 7652 0 0 0 0 0 0 0 0 0 
2014/08/22 41.7 44.15 41.65 44 16144 0 0 0 0 0 0 0 0 0 
2014/08/25 43.5 43.8 43.15 43.45 9394 0 0 0 0 0 0 0 0 0 
2014/08/26 43.5 44.35 43.15 43.2 6642 0 0 0 0 0 0 0 0 0 
2014/08/27 43.7 43.85 42.2 43.2 11111 0 0 0 0 0 0 0 0 0 
2014/08/28 44.3 44.3 43.35 43.5 8542 0 0 0 0 0 0 0 0 0 
2014/08/29 43.5 43.9 42.7 43.9 5943 0 0 0 0 0 0 0 0 0 
2014/09/01 44.35 44.5 43.2 43.2 6509 0 0 0 0 0 0 0 0 0 
2014/09/02 43.45 43.45 41.2 41.45 10396 0 0 0 0 0 0 0 0 0 
2014/09/03 41.45 41.45 39.75 40.25 16752 0 0 0 0 0 0 0 0 0 
2014/09/04 38.65 39.7 37.45 37.6 30866 0 0 0 0 0 0 0 0 0 
2014/09/05 37.9 38.5 37.8 38.5 11271 0 0 0 0 0 0 0 0 0 
2014/09/09 38.8 38.85 37.6 37.95 10930 0 0 0 0 0 0 0 0 0 
2014/09/10 37.85 38.8 37.1 38.8 11473 0 0 0 0 0 0 0 0 0 
2014/09/11 38.8 38.9 37.7 38 10368 0 0 0 0 0 0 0 0 0 
2014/09/12 38 38.35 36.7 37.1 10714 0 0 0 0 0 0 0 0 0 
2014/09/15 36.6 37.5 36.4 37.4 7133 0 0 0 0 0 0 0 0 0 
2014/09/16 37.4 37.8 35.3 36 12865 0 0 0 0 0 0 0 0 0 
2014/09/17 36.35 37.25 36.3 36.7 10248 0 0 0 0 0 0 0 0 0 
2014/09/18 36.4 36.7 35.7 35.95 10991 0 0 0 0 0 0 0 0 0 
2014/09/19 36.15 36.9 36.15 36.9 10173 0 0 0 0 0 0 0 0 0 
2014/09/22 36.45 36.9 36.05 36.3 7856 0 0 0 0 0 0 0 0 0 
2014/09/23 36.4 36.9 36.1 36.25 7014 0 0 0 0 0 0 0 0 0 
2014/09/24 36.25 37.7 36.25 37 15142 0 0 0 0 0 0 0 0 0 
2014/09/25 37.35 37.45 35.15 36.1 9906 0 0 0 0 0 0 0 0 0 
2014/09/26 35.55 36.35 35.55 36.35 4428 0 0 0 0 0 0 0 0 0 
2014/09/29 36.7 36.85 35.6 35.85 4753 0 0 0 0 0 0 0 0 0 
2014/09/30 36 36.25 34.7 35.3 5914 0 0 0 0 0 0 0 0 0 
2014/10/01 35 36.2 35 35.6 7525 0 0 0 0 0 0 0 0 0 
2014/10/02 35 35.45 34.7 34.9 8581 0 0 0 0 0 0 0 0 0 
2014/10/03 35.4 36.55 35.15 36.4 12500 0 0 0 0 0 0 0 0 0 
2014/10/06 36.7 37.8 36.6 37.8 14673 0 0 0 0 0 0 0 0 0 
2014/10/07 37.6 37.8 37.1 37.35 10479 0 0 0 0 0 0 0 0 0 
2014/10/08 37.6 38.3 36.55 36.6 16541 0 0 0 0 0 0 0 0 0 
2014/10/09 37.55 37.65 36.7 36.7 8014 0 0 0 0 0 0 0 0 0 
2014/10/13 35.1 35.75 34.15 34.25 7994 0 0 0 0 0 0 0 0 0 
2014/10/14 34.25 34.75 34 34.4 7142 0 0 0 0 0 0 0 0 0 
2014/10/15 34.65 34.65 32 32.05 13935 0 0 0 0 0 0 0 0 0 
2014/10/16 31.2 32.4 30.25 32.05 15133 0 0 0 0 0 0 0 0 0 
2014/10/17 32.5 32.7 30.5 30.8 7457 0 0 0 0 0 0 0 0 0 
2014/10/20 32 32.35 31.5 31.9 5514 0 0 0 0 0 0 0 0 0 
2014/10/21 31.8 32.95 31.5 32.6 8199 0 0 0 0 0 0 0 0 0 
2014/10/22 33.45 33.5 31.95 32 9880 0 0 0 0 0 0 0 0 0 
2014/10/23 31.3 32.35 31.3 32.3 4880 0 0 0 0 0 0 0 0 0 
2014/10/24 32.6 32.75 31.55 31.6 6559 0 0 0 0 0 0 0 0 0 
2014/10/27 32 32.15 30.6 30.7 5495 0 0 0 0 0 0 0 0 0 
2014/10/28 31.5 32.8 31.3 32.8 8281 0 0 0 0 0 0 0 0 0 
2014/10/29 33.2 35.05 33.2 35.05 20102 0 0 0 0 0 0 0 0 0 
2014/10/30 35.3 36.1 34.9 35.3 19937 0 0 0 0 0 0 0 0 0 
2014/10/31 36 37.15 35.35 37 23878 0 0 0 0 0 0 0 0 0 
2014/11/03 37.45 37.9 37.15 37.45 13788 0 0 0 0 0 0 0 0 0 
2014/11/04 37.45 37.45 36.2 36.75 10793 0 0 0 0 0 0 0 0 0 
2014/11/05 36.75 37.5 36.6 37.15 12360 0 0 0 0 0 0 0 0 0 
2014/11/06 37.15 37.3 36.2 36.4 7696 0 0 0 0 0 0 0 0 0 
2014/11/07 36.3 37 36.3 36.4 5944 0 0 0 0 0 0 0 0 0 
2014/11/10 36.6 37.05 36.45 36.7 4426 0 0 0 0 0 0 0 0 0 
2014/11/11 37 38.5 36.7 37.9 17696 0 0 0 0 0 0 0 0 0 
2014/11/12 37.6 37.65 36.5 36.65 9603 0 0 0 0 0 0 0 0 0 
2014/11/13 37.6 38.65 37.35 38.1 23044 0 0 0 0 0 0 0 0 0 
2014/11/14 39 39.25 38.4 38.75 16874 0 0 0 0 0 0 0 0 0 
2014/11/17 38.9 39 37.8 37.95 6852 0 0 0 0 0 0 0 0 0 
2014/11/18 38.25 38.75 37.25 37.35 7355 0 0 0 0 0 0 0 0 0 
2014/11/19 37.9 38.65 37.5 38.3 7611 0 0 0 0 0 0 0 0 0 
2014/11/20 38.5 39.45 38.5 39.2 12985 0 0 0 0 0 0 0 0 0 
2014/11/21 39.4 39.5 38.6 38.8 6565 0 0 0 0 0 0 0 0 0 
2014/11/24 39.3 39.4 38.35 38.5 4206 0 0 0 0 0 0 0 0 0 
2014/11/25 38.65 39.4 38.55 38.65 9009 0 0 0 0 0 0 0 0 0 
2014/11/26 39.1 39.95 38.8 39.4 14134 0 0 0 0 0 0 0 0 0 
2014/11/27 40 40.5 39.25 39.25 11614 0 0 0 0 0 0 0 0 0 
2014/11/28 39.45 39.6 38.7 39.15 4700 0 0 0 0 0 0 0 0 0 
2014/12/01 37.8 40.35 37.75 40 8184 0 0 0 0 0 0 0 0 0 
2014/12/02 39.9 41.25 39.6 40.55 12484 0 0 0 0 0 0 0 0 0 
2014/12/03 41 41.15 40.15 40.3 10642 0 0 0 0 0 0 0 0 0 
2014/12/04 40.2 40.65 39.3 39.55 8485 0 0 0 0 0 0 0 0 0 
2014/12/05 39.35 39.95 38.6 38.7 12496 0 0 0 0 0 0 0 0 0 
2014/12/08 38.6 38.6 37.55 37.85 12817 0 0 0 0 0 0 0 0 0 
2014/12/09 38.2 38.65 38 38.4 5985 0 0 0 0 0 0 0 0 0 
2014/12/10 38.4 38.7 37.6 37.75 4918 0 0 0 0 0 0 0 0 0 
2014/12/11 37.5 38 37 37.75 3226 0 0 0 0 0 0 0 0 0 
2014/12/12 38.4 39.7 38.3 39.7 11154 0 0 0 0 0 0 0 0 0 
2014/12/15 39.4 40.3 39.4 40.25 11360 0 0 0 0 0 0 0 0 0 
2014/12/16 40.2 40.35 39.3 39.3 6082 0 0 0 0 0 0 0 0 0 
2014/12/17 39.35 40.15 39.35 39.4 6017 0 0 0 0 0 0 0 0 0 
2014/12/18 40.3 41.5 39.75 39.75 15486 0 0 0 0 0 0 0 0 0 
2014/12/19 41 41 38.6 38.75 11911 0 0 0 0 0 0 0 0 0 
2014/12/22 38.9 39.1 38.4 39 7399 0 0 0 0 0 0 0 0 0 
2014/12/23 38.9 38.95 38.2 38.55 5582 0 0 0 0 0 0 0 0 0 
2014/12/24 38.7 39.2 38.7 39.15 4777 0 0 0 0 0 0 0 0 0 
2014/12/25 39.15 39.25 38.3 38.5 5294 0 0 0 0 0 0 0 0 0 
2014/12/26 38.5 38.75 38.3 38.65 4335 0 0 0 0 0 0 0 0 0 
2014/12/27 38.75 39 38.55 38.7 2681 0 0 0 0 0 0 0 0 0 
2014/12/29 38.95 39.6 38.8 38.85 6038 0 0 0 0 0 0 0 0 0 
2014/12/30 39.3 39.35 38.65 38.8 3285 0 0 0 0 0 0 0 0 0 
2014/12/31 38.8 39.05 38.65 38.85 2316 0 0 0 0 0 0 0 0 0 
2015/01/05 38.8 39.25 38.65 39 4407 0 0 0 0 0 0 0 0 0 
2015/01/06 38.5 38.7 37.75 37.8 7636 0 0 0 0 0 0 0 0 0 
2015/01/07 37.8 38.8 37.7 38.8 4096 0 0 0 0 0 0 0 0 0 
2015/01/08 39.7 40.15 39 39.1 14374 0 0 0 0 0 0 0 0 0 
2015/01/09 39.55 39.8 38.9 38.95 6360 0 0 0 0 0 0 0 0 0 
2015/01/12 39.3 39.3 38.45 38.8 5258 0 0 0 0 0 0 0 0 0 
2015/01/13 38.85 39 38.4 38.45 6355 0 0 0 0 0 0 0 0 0 
2015/01/14 38.65 39.25 38.55 39.25 7723 0 0 0 0 0 0 0 0 0 
2015/01/15 39.6 41.95 39.3 41.95 38139 0 0 0 0 0 0 0 0 0 
2015/01/16 42.75 43.05 41.5 41.5 41017 0 0 0 0 0 0 0 0 0 
2015/01/19 42.5 42.9 41.7 41.9 17157 0 0 0 0 0 0 0 0 0 
2015/01/20 42.5 44.6 42.5 44.5 37410 0 0 0 0 0 0 0 0 0 
2015/01/21 45 45.4 44.05 44.65 26459 0 0 0 0 0 0 0 0 0 
2015/01/22 45.15 45.6 44.3 44.3 16873 0 0 0 0 0 0 0 0 0 
2015/01/23 45.25 45.25 43.6 43.8 15092 0 0 0 0 0 0 0 0 0 
2015/01/26 43.8 44.35 43.55 43.75 9707 0 0 0 0 0 0 0 0 0 
2015/01/27 43.9 44 43.05 43.1 9960 0 0 0 0 0 0 0 0 0 
2015/01/28 43 44.35 42.9 44 12025 0 0 0 0 0 0 0 0 0 
2015/01/29 43.8 43.95 43.1 43.15 6945 0 0 0 0 0 0 0 0 0 
2015/01/30 43.1 43.45 42.15 42.45 7506 0 0 0 0 0 0 0 0 0 
2015/02/02 42.25 43.2 41.8 42.65 8150 0 0 0 0 0 0 0 0 0 
2015/02/03 42.9 43.15 42.5 42.6 5614 0 0 0 0 0 0 0 0 0 
2015/02/04 43.05 43.65 42.8 43.5 8244 0 0 0 0 0 0 0 0 0 
2015/02/05 43.5 43.9 43.1 43.85 7808 0 0 0 0 0 0 0 0 0 
2015/02/06 44 44.15 43.15 43.15 10354 0 0 0 0 0 0 0 0 0 
2015/02/09 42.9 43.65 42.55 43.6 5195 0 0 0 0 0 0 0 0 0 
2015/02/10 43.9 43.9 43.2 43.2 4644 0 0 0 0 0 0 0 0 0 
2015/02/11 43.4 44.1 43.2 43.25 5938 0 0 0 0 0 0 0 0 0 
2015/02/12 43.3 43.8 43.3 43.3 6858 0 0 0 0 0 0 0 0 0 
2015/02/13 43.5 43.75 42.7 42.7 6982 0 0 0 0 0 0 0 0 0 
2015/02/24 43.3 43.9 42.85 43.7 6032 0 0 0 0 0 0 0 0 0 
2015/02/25 43.9 44.45 43.5 44.1 9321 0 0 0 0 0 0 0 0 0 
2015/02/26 44.45 44.45 43.95 44.2 4264 0 0 0 0 0 0 0 0 0 
2015/03/02 44.3 44.35 43.6 43.6 6199 0 0 0 0 0 0 0 0 0 
2015/03/03 43.6 43.9 42.8 42.9 7040 0 0 0 0 0 0 0 0 0 
2015/03/04 42.9 43.45 42.8 42.85 5061 0 0 0 0 0 0 0 0 0 
2015/03/05 42.95 43.35 42.8 43.35 3532 0 0 0 0 0 0 0 0 0 
2015/03/06 43.7 46.35 43.35 46.35 30599 0 0 0 0 0 0 0 0 0 
2015/03/09 46.25 46.25 45.1 45.25 14768 0 0 0 0 0 0 0 0 0 
2015/03/10 45.2 45.25 44.1 45.25 12796 0 0 0 0 0 0 0 0 0 
2015/03/11 44.5 45.45 44.5 45.15 8792 0 0 0 0 0 0 0 0 0 
2015/03/12 46 47.5 46 46.1 25124 0 0 0 0 0 0 0 0 0 
2015/03/13 46.95 46.95 45.55 45.6 11033 0 0 0 0 0 0 0 0 0 
2015/03/16 45.4 46.45 45.4 45.5 8836 0 0 0 0 0 0 0 0 0 
2015/03/17 46.2 46.2 45.35 45.55 5194 0 0 0 0 0 0 0 0 0 
2015/03/18 45.85 47.35 45.85 46.6 19134 0 0 0 0 0 0 0 0 0 
2015/03/19 47 48.1 46.85 47 18201 0 0 0 0 0 0 0 0 0 
2015/03/20 47 47.9 46.7 47.05 11160 0 0 0 0 0 0 0 0 0 
2015/03/23 47.5 48.5 47.3 47.6 12556 0 0 0 0 0 0 0 0 0 
2015/03/24 48.05 48.3 47.05 47.5 7323 0 0 0 0 0 0 0 0 0 
2015/03/25 46.5 46.5 44.2 44.2 25301 0 0 0 0 0 0 0 0 0 
2015/03/26 43 43.5 41.7 42 22726 0 0 0 0 0 0 0 0 0 
2015/03/27 42.1 42.85 41.6 41.8 9938 0 0 0 0 0 0 0 0 0 
2015/03/30 42 42.55 41.65 41.9 5892 0 0 0 0 0 0 0 0 0 
2015/03/31 42.8 43 42.2 43 8223 0 0 0 0 0 0 0 0 0 
2015/04/01 42.95 43.75 42.65 43.4 9652 0 0 0 0 0 0 0 0 0 
2015/04/02 43.6 44.15 43.1 44 10562 0 0 0 0 0 0 0 0 0 
2015/04/07 43.9 44.05 42.9 42.9 8130 0 0 0 0 0 0 0 0 0 
2015/04/08 43.5 43.75 43.2 43.7 6098 0 0 0 0 0 0 0 0 0 
2015/04/09 43.9 44.1 43 43 5762 0 0 0 0 0 0 0 0 0 
2015/04/10 43.55 44.5 43.2 44.35 10517 0 0 0 0 0 0 0 0 0 
2015/04/13 44.55 45 43.75 45 8338 0 0 0 0 0 0 0 0 0 
2015/04/14 45 45.3 44.45 44.9 5122 0 0 0 0 0 0 0 0 0 
2015/04/15 45 45.2 44.2 44.3 3444 0 0 0 0 0 0 0 0 0 
2015/04/16 45.1 45.4 44.45 45 6671 0 0 0 0 0 0 0 0 0 
2015/04/17 44.7 45.05 44.5 44.5 2237 0 0 0 0 0 0 0 0 0 
2015/04/20 43.8 44.1 42 42.6 8916 0 0 0 0 0 0 0 0 0 
2015/04/21 43 43.15 40 41.5 13421 0 0 0 0 0 0 0 0 0 
2015/04/22 42 42 41 41.8 6230 0 0 0 0 0 0 0 0 0 
2015/04/23 41.75 42.35 41 41.8 7197 0 0 0 0 0 0 0 0 0 
2015/04/24 42 42.45 41.2 42.45 5730 0 0 0 0 0 0 0 0 0 
2015/04/27 42.4 42.65 41.5 41.6 4216 0 0 0 0 0 0 0 0 0 
2015/04/28 41.3 41.6 40.5 40.5 4449 0 0 0 0 0 0 0 0 0 
2015/04/29 40.5 40.55 39 39.2 6350 0 0 0 0 0 0 0 0 0 
2015/04/30 39.25 40.6 39.2 40.6 3822 0 0 0 0 0 0 0 0 0 
2015/05/04 41 41.15 40.15 40.7 2668 0 0 0 0 0 0 0 0 0 
2015/05/05 40.6 40.85 40.1 40.1 3351 0 0 0 0 0 0 0 0 0 
2015/05/06 39.5 40.7 39.5 40.3 2980 0 0 0 0 0 0 0 0 0 
2015/05/07 39.8 40.7 39.8 40.4 2088 0 0 0 0 0 0 0 0 0 
2015/05/08 40.9 40.95 39.85 39.9 2838 0 0 0 0 0 0 0 0 0 
2015/05/11 40.4 40.5 37.5 37.7 5920 0 0 0 0 0 0 0 0 0 
2015/05/12 37.5 38.25 36.6 37.2 9499 0 0 0 0 0 0 0 0 0 
2015/05/13 37.3 39.35 36.9 38.8 8474 0 0 0 0 0 0 0 0 0 
2015/05/14 39.1 40.1 38.65 39.8 7845 0 0 0 0 0 0 0 0 0 
2015/05/15 40.1 40.1 39.65 39.9 4145 0 0 0 0 0 0 0 0 0 
2015/05/18 39.95 40.3 39.25 40.2 3226 0 0 0 0 0 0 0 0 0 
2015/05/19 40.2 41.05 40 40.9 4722 0 0 0 0 0 0 0 0 0 
2015/05/20 41 42.85 41 42.3 8914 0 0 0 0 0 0 0 0 0 
2015/05/21 42.2 43.15 41.8 42.65 9958 0 0 0 0 0 0 0 0 0 
2015/05/22 43 43.35 42.6 42.9 9721 0 0 0 0 0 0 0 0 0 
2015/05/25 43.3 43.65 42.6 42.6 7263 0 0 0 0 0 0 0 0 0 
2015/05/26 43 43.45 42.6 42.65 4572 0 0 0 0 0 0 0 0 0 
2015/05/27 42.6 42.9 42.1 42.8 4629 0 0 0 0 0 0 0 0 0 
2015/05/28 43.05 43.35 42.7 43.1 3585 0 0 0 0 0 0 0 0 0 
2015/05/29 43.3 43.4 42.85 43.35 3988 0 0 0 0 0 0 0 0 0 
2015/06/01 43.5 43.55 42.95 43.25 4088 0 0 0 0 0 0 0 0 0 
2015/06/02 43.35 44.8 42.7 43.4 8487 0 0 0 0 0 0 0 0 0 
2015/06/03 43.5 43.9 42.4 42.45 7648 0 0 0 0 0 0 0 0 0 
2015/06/04 42.45 42.8 39.65 39.9 8523 0 0 0 0 0 0 0 0 0 
2015/06/05 38.5 41.25 38.4 40.85 7207 0 0 0 0 0 0 0 0 0 
2015/06/08 40.2 41.5 39.8 40.6 3755 0 0 0 0 0 0 0 0 0 
2015/06/09 40 40.4 37.45 37.8 6495 0 0 0 0 0 0 0 0 0 
2015/06/10 38 39.3 37.8 38.35 5568 0 0 0 0 0 0 0 0 0 
2015/06/11 38.95 38.95 36 36.8 7409 0 0 0 0 0 0 0 0 0 
2015/06/12 36.8 37.5 36.5 37.3 3027 0 0 0 0 0 0 0 0 0 
2015/06/15 37.5 37.8 37.1 37.7 2192 0 0 0 0 0 0 0 0 0 
2015/06/16 37.6 37.65 35.6 36 5747 0 0 0 0 0 0 0 0 0 
2015/06/17 36.4 36.8 36.05 36.25 2022 0 0 0 0 0 0 0 0 0 
2015/06/18 36.8 37.8 36.55 37.8 2584 0 0 0 0 0 0 0 0 0 
2015/06/22 38.6 38.6 37.55 37.7 3342 0 0 0 0 0 0 0 0 0 
2015/06/23 37.7 38.7 37.7 37.85 3614 0 0 0 0 0 0 0 0 0 
2015/06/24 37.85 38.35 37.7 37.75 1822 0 0 0 0 0 0 0 0 0 
2015/06/25 37.9 40.9 37.9 40.9 9749 0 0 0 0 0 0 0 0 0 
2015/06/26 40.9 41.2 39.4 39.5 5913 0 0 0 0 0 0 0 0 0 
2015/06/29 38.8 38.95 38.05 38.5 3518 0 0 0 0 0 0 0 0 0 
2015/06/30 39.5 39.9 39.1 39.1 3510 0 0 0 0 0 0 0 0 0 
2015/07/01 39.2 39.9 39.2 39.7 2469 0 0 0 0 0 0 0 0 0 
2015/07/02 40.15 40.15 39.25 39.25 1766 0 0 0 0 0 0 0 0 0 
2015/07/03 39.25 39.95 39.25 39.35 2014 0 0 0 0 0 0 0 0 0 
2015/07/06 38.7 39.4 38.7 39.15 1576 0 0 0 0 0 0 0 0 0 
2015/07/07 39.7 39.75 39.2 39.35 1294 0 0 0 0 0 0 0 0 0 
2015/07/08 41.5 41.7 39.75 40.2 10260 0 0 0 0 0 0 0 0 0 
2015/07/09 40 41.7 38 41.5 9662 0 0 0 0 0 0 0 0 0 
2015/07/13 42 42.1 40.3 40.6 6183 0 0 0 0 0 0 0 0 0 
2015/07/14 41 41.3 40.2 40.2 3428 0 0 0 0 0 0 0 0 0 
2015/07/15 40.6 40.75 39.7 39.8 2356 0 0 0 0 0 0 0 0 0 
2015/07/16 40.3 41 39.7 41 3611 0 0 0 0 0 0 0 0 0 
2015/07/17 41.45 41.45 40.6 40.6 3273 0 0 0 0 0 0 0 0 0 
2015/07/20 41.35 41.8 40.8 41 3772 0 0 0 0 0 0 0 0 0 
2015/07/21 41.3 41.55 39.85 40 2755 0 0 0 0 0 0 0 0 0 
2015/07/22 39.7 39.9 37 38.5 4007 0 0 0 0 0 0 0 0 0 
2015/07/23 38.5 39.25 38.1 38.7 3527 0 0 0 0 0 0 0 0 0 
2015/07/24 38.9 39.2 38.3 38.75 2148 0 0 0 0 0 0 0 0 0 
2015/07/27 38.95 38.95 35.2 35.2 4165 0 0 0 0 0 0 0 0 0 
2015/07/28 35.3 36.45 33.7 36.15 3489 0 0 0 0 0 0 0 0 0 
2015/07/29 36.4 37.35 35.75 37 3407 0 0 0 0 0 0 0 0 0 
2015/07/30 35.8 36 35.35 35.35 4082 0 0 0 0 0 0 0 0 0 
2015/07/31 35.5 35.6 34.1 34.75 1425 0 0 0 0 0 0 0 0 0 
2015/08/03 35.1 35.2 34.2 34.2 1719 0 0 0 0 0 0 0 0 0 
2015/08/04 34.5 34.8 31.65 32.7 2867 0 0 0 0 0 0 0 0 0 
2015/08/05 31.1 33.1 30.8 33.1 5355 0 0 0 0 0 0 0 0 0 
2015/08/06 33.5 33.7 32.65 33.5 3643 0 0 0 0 0 0 0 0 0 
2015/08/07 33.1 34.75 32.6 34.7 2694 0 0 0 0 0 0 0 0 0 
2015/08/10 35.7 36.95 34.8 36.3 5177 0 0 0 0 0 0 0 0 0 
2015/08/11 37.25 37.8 36.7 36.7 4908 0 0 0 0 0 0 0 0 0 
2015/08/12 36.6 37.5 36.25 37.2 3566 0 0 0 0 0 0 0 0 0 
2015/08/13 37.55 39.1 37.2 39 5818 0 0 0 0 0 0 0 0 0 
2015/08/14 38.5 38.55 37.4 37.45 4507 0 0 0 0 0 0 0 0 0 
2015/08/17 38 39 37.95 38.5 8293 0 0 0 0 0 0 0 0 0 
2015/08/18 39.3 39.7 38.4 38.4 4937 0 0 0 0 0 0 0 0 0 
2015/08/19 39 39.05 38.4 38.95 5232 0 0 0 0 0 0 0 0 0 
2015/08/20 39 39.9 38.65 39.6 8131 0 0 0 0 0 0 0 0 0 
2015/08/21 38.95 39 37.2 37.4 6422 0 0 0 0 0 0 0 0 0 
2015/08/24 36.8 36.8 33.8 34.5 6576 0 0 0 0 0 0 0 0 0 
2015/08/25 33 37.25 33 36.7 5026 0 0 0 0 0 0 0 0 0 
2015/08/26 36.7 38 35.9 37.6 3863 0 0 0 0 0 0 0 0 0 
2015/08/27 38.3 38.55 37.1 37.25 5788 0 0 0 0 0 0 0 0 0 
2015/08/28 37.9 38.25 37.7 38.15 3693 0 0 0 0 0 0 0 0 0 
2015/08/31 38.05 38.7 37.8 38.5 5457 0 0 0 0 0 0 0 0 0 
2015/09/01 38.9 40.6 38.75 40.1 11223 0 0 0 0 0 0 0 0 0 
2015/09/02 39.8 40.2 39.25 40.2 7761 0 0 0 0 0 0 0 0 0 
2015/09/03 40.75 41.5 40.6 40.8 9145 0 0 0 0 0 0 0 0 0 
2015/09/04 41.05 41.2 39.75 39.95 5554 0 0 0 0 0 0 0 0 0 
2015/09/07 40 40.5 39.5 40.4 3728 0 0 0 0 0 0 0 0 0 
2015/09/08 40.5 41.5 40.4 41.35 6627 0 0 0 0 0 0 0 0 0 
2015/09/09 42 42.25 41.15 41.35 7809 0 0 0 0 0 0 0 0 0 
2015/09/10 41.35 42.5 41.25 41.8 7451 0 0 0 0 0 0 0 0 0 
2015/09/11 42.05 42.3 41.5 41.5 4134 0 0 0 0 0 0 0 0 0 
2015/09/14 42.15 42.15 41.7 41.9 3074 0 0 0 0 0 0 0 0 0 
2015/09/15 42.1 42.35 41.65 41.7 3361 0 0 0 0 0 0 0 0 0 
2015/09/16 42.25 42.25 41.3 41.3 5541 0 0 0 0 0 0 0 0 0 
2015/09/17 41.75 43.2 41.7 42.95 12739 0 0 0 0 0 0 0 0 0 
2015/09/18 43.05 43.05 42.3 42.8 4629 0 0 0 0 0 0 0 0 0 
2015/09/21 42.2 42.2 41.8 42.1 3290 0 0 0 0 0 0 0 0 0 
2015/09/22 42.5 43.45 42.5 43.05 4894 0 0 0 0 0 0 0 0 0 
2015/09/23 42.8 43.35 42.6 42.75 4794 0 0 0 0 0 0 0 0 0 
2015/09/24 43.2 43.4 41.5 41.65 5383 0 0 0 0 0 0 0 0 0 
2015/09/25 41.55 41.75 39.85 41.55 7967 0 0 0 0 0 0 0 0 0 
2015/09/30 41.4 43.1 41.4 42.7 6660 0 0 0 0 0 0 0 0 0 
2015/10/01 43.2 44.95 42.85 43.2 12177 0 0 0 0 0 0 0 0 0 
2015/10/02 43.5 44.4 42.9 44.4 10676 0 0 0 0 0 0 0 0 0 
2015/10/05 45.2 45.35 44.2 44.3 6652 0 0 0 0 0 0 0 0 0 
2015/10/06 45 45.7 44.55 44.55 11457 0 0 0 0 0 0 0 0 0 
2015/10/07 44.55 45.5 44.25 45.4 7459 0 0 0 0 0 0 0 0 0 
2015/10/08 46 46.6 43.8 44 13481 0 0 0 0 0 0 0 0 0 
2015/10/12 45.35 45.35 44.3 44.4 5035 0 0 0 0 0 0 0 0 0 
2015/10/13 44.7 45.15 43.75 44.1 4737 0 0 0 0 0 0 0 0 0 
2015/10/14 44.6 45 44.2 44.2 4355 0 0 0 0 0 0 0 0 0 
2015/10/15 44.7 45.15 44.4 44.9 4754 0 0 0 0 0 0 0 0 0 
2015/10/16 44.9 45 43.85 44.4 5276 0 0 0 0 0 0 0 0 0 
2015/10/19 44.1 44.4 42.9 43 4401 0 0 0 0 0 0 0 0 0 
2015/10/20 43.35 43.7 43.15 43.3 2964 0 0 0 0 0 0 0 0 0 
2015/10/21 43.65 44.05 43.4 43.7 3305 0 0 0 0 0 0 0 0 0 
2015/10/22 43.3 44.1 43.3 44 2474 0 0 0 0 0 0 0 0 0 
2015/10/23 44.85 44.95 44.3 44.8 6641 0 0 0 0 0 0 0 0 0 
2015/10/26 45 45.15 44.45 44.8 4552 0 0 0 0 0 0 0 0 0 
2015/10/27 44.5 44.55 43.7 43.75 3662 0 0 0 0 0 0 0 0 0 
2015/10/28 43.8 44.05 42.8 42.9 5993 0 0 0 0 0 0 0 0 0 
2015/10/29 43.2 43.3 41.8 42.2 5706 0 0 0 0 0 0 0 0 0 
2015/10/30 42.2 42.7 41.7 42.7 3954 0 0 0 0 0 0 0 0 0 
2015/11/02 42.5 42.75 41.85 42.2 4450 0 0 0 0 0 0 0 0 0 
2015/11/03 42.3 42.95 42.1 42.95 4921 0 0 0 0 0 0 0 0 0 
2015/11/04 43.3 43.6 43.05 43.15 7387 0 0 0 0 0 0 0 0 0 
2015/11/05 43.4 43.5 43.05 43.15 2429 0 0 0 0 0 0 0 0 0 
2015/11/06 43.45 44 43.1 43.2 4234 0 0 0 0 0 0 0 0 0 
2015/11/09 43.35 43.55 42.45 42.65 4088 0 0 0 0 0 0 0 0 0 
2015/11/10 43.8 44.4 43.2 43.25 8399 0 0 0 0 0 0 0 0 0 
2015/11/11 43.3 43.65 42.65 42.65 4581 0 0 0 0 0 0 0 0 0 
2015/11/12 42.9 43 41.3 41.85 4672 0 0 0 0 0 0 0 0 0 
2015/11/13 41.5 42.4 41.2 41.95 3871 0 0 0 0 0 0 0 0 0 
2015/11/16 41.4 41.45 39.8 40.1 10107 0 0 0 0 0 0 0 0 0 
2015/11/17 40.8 41.45 40.5 41.1 7033 0 0 0 0 0 0 0 0 0 
2015/11/18 41.1 41.1 39.9 40.05 5316 0 0 0 0 0 0 0 0 0 
2015/11/19 40.75 41.8 40.3 41.55 5917 0 0 0 0 0 0 0 0 0 
2015/11/20 41.55 42.5 41.25 42.4 5142 0 0 0 0 0 0 0 0 0 
2015/11/23 43.2 43.45 42.35 42.8 6714 0 0 0 0 0 0 0 0 0 
2015/11/24 42.5 42.6 41 41.05 5480 0 0 0 0 0 0 0 0 0 
2015/11/25 41.25 41.7 40.7 41.5 3139 0 0 0 0 0 0 0 0 0 
2015/11/26 41.8 42.1 41.2 41.4 2156 0 0 0 0 0 0 0 0 0 
2015/11/27 41.55 41.9 40.95 41.1 1941 0 0 0 0 0 0 0 0 0 
2015/11/30 40.6 41 40.3 40.5 2629 0 0 0 0 0 0 0 0 0 
2015/12/01 41 41.5 40.85 41.5 1569 0 0 0 0 0 0 0 0 0 
2015/12/02 41.7 42.3 41.6 41.8 3891 0 0 0 0 0 0 0 0 0 
2015/12/03 41.5 41.6 41 41.4 2831 0 0 0 0 0 0 0 0 0 
2015/12/04 40.95 41.3 40.55 40.55 4709 0 0 0 0 0 0 0 0 0 
2015/12/07 40.85 42.05 40.85 42 2709 0 0 0 0 0 0 0 0 0 
2015/12/08 42.4 42.7 42.1 42.35 6528 0 0 0 0 0 0 0 0 0 
2015/12/09 42.4 43 41.55 41.55 3165 0 0 0 0 0 0 0 0 0 
2015/12/10 41.8 42.7 41.3 42.3 3725 0 0 0 0 0 0 0 0 0 
2015/12/11 42.6 43.1 41 41 4014 0 0 0 0 0 0 0 0 0 
2015/12/14 40.5 42 39.95 41.4 3059 0 0 0 0 0 0 0 0 0 
2015/12/15 41.9 42.35 41.5 41.55 1927 0 0 0 0 0 0 0 0 0 
2015/12/16 42.2 43.7 41.85 43.7 9883 0 0 0 0 0 0 0 0 0 
2015/12/17 43.9 44.25 43.15 43.7 7724 0 0 0 0 0 0 0 0 0 
2015/12/18 43.4 44.3 43.05 43.9 4167 0 0 0 0 0 0 0 0 0 
2015/12/21 43.5 44.3 43.4 43.75 2868 0 0 0 0 0 0 0 0 0 
2015/12/22 44 44.15 43 43.1 3250 0 0 0 0 0 0 0 0 0 
2015/12/23 43.25 43.7 43.25 43.25 3445 0 0 0 0 0 0 0 0 0 
2015/12/24 43.6 44.35 42.5 43.1 6097 0 0 0 0 0 0 0 0 0 
2015/12/25 43.1 43.15 41.7 42.45 3554 0 0 0 0 0 0 0 0 0 
2015/12/28 42.1 43.2 41.9 43.2 3690 0 0 0 0 0 0 0 0 0 
2015/12/29 42.8 43.45 42.25 42.7 3492 0 0 0 0 0 0 0 0 0 
2015/12/30 43 43.1 41.2 41.5 3391 0 0 0 0 0 0 0 0 0 
2015/12/31 41.4 42.3 41 41.85 4070 0 0 0 0 0 0 0 0 0 
2016/01/04 42.2 42.3 41.15 41.15 3496 0 0 0 0 0 0 0 0 0 
2016/01/05 41.15 42.1 41.1 41.8 3437 0 0 0 0 0 0 0 0 0 
2016/01/06 41.5 41.7 40.3 40.55 4649 0 0 0 0 0 0 0 0 0 
2016/01/07 40.05 40.5 37.5 38 10293 0 0 0 0 0 0 0 0 0 
2016/01/08 37.3 40 37.3 40 4537 0 0 0 0 0 0 0 0 0 
2016/01/11 40 40 38.6 38.6 2905 0 0 0 0 0 0 0 0 0 
2016/01/12 38.9 39.75 38 38 2300 0 0 0 0 0 0 0 0 0 
2016/01/13 39.1 39.1 37.45 38.05 3041 0 0 0 0 0 0 0 0 0 
2016/01/14 37 37.05 36 36.25 4471 0 0 0 0 0 0 0 0 0 
2016/01/15 37.1 37.15 36.05 36.05 2733 0 0 0 0 0 0 0 0 0 
2016/01/18 34.85 36.3 34.85 36 3834 0 0 0 0 0 0 0 0 0 
2016/01/19 36.2 37.1 36.1 36.85 5086 0 0 0 0 0 0 0 0 0 
2016/01/20 36.9 37.75 36.15 36.15 4302 0 0 0 0 0 0 0 0 0 
2016/01/21 36.65 37.15 36.05 36.5 2399 0 0 0 0 0 0 0 0 0 
2016/01/22 37.1 37.4 36.7 36.75 1337 0 0 0 0 0 0 0 0 0 
2016/01/25 37.25 38.2 37.25 37.65 2306 0 0 0 0 0 0 0 0 0 
2016/01/26 36.7 37.7 36.7 37.3 2346 0 0 0 0 0 0 0 0 0 
2016/01/27 37.9 37.9 37.1 37.1 1643 0 0 0 0 0 0 0 0 0 
2016/01/28 37.15 37.65 36.7 37.3 1608 0 0 0 0 0 0 0 0 0 
2016/01/29 37.3 38.25 37.2 38 3438 0 0 0 0 0 0 0 0 0 
2016/01/30 38.5 39 38.15 38.75 2122 0 0 0 0 0 0 0 0 0 
2016/02/01 38.9 38.9 37.85 38.7 2567 0 0 0 0 0 0 0 0 0 
2016/02/02 38.9 39.15 38.25 38.4 2679 0 0 0 0 0 0 0 0 0 
2016/02/03 38 38.9 37.7 38.2 1487 0 0 0 0 0 0 0 0 0 
2016/02/15 37.6 38.1 37.5 37.75 2028 0 0 0 0 0 0 0 0 0 
2016/02/16 38 38.75 37.95 38.5 1944 0 0 0 0 0 0 0 0 0 
2016/02/17 38 38.7 37.65 38 3482 0 0 0 0 0 0 0 0 0 
2016/02/18 38.4 38.5 37.9 38.3 4380 0 0 0 0 0 0 0 0 0 
2016/02/19 38.5 39.35 38.2 39.1 6519 0 0 0 0 0 0 0 0 0 
2016/02/22 39.1 39.3 38.3 38.6 2326 16089 816 238863 3519 3101 245483 130 14.56 5.07 
2016/02/23 38.7 39.25 38.7 38.9 3375 16073 829 239088 3519 3153 245760 97 14.55 5.16 
2016/02/24 39 39.3 38.55 38.6 3074 16020 821 239087 3519 3093 245699 100 14.5 5.12 
2016/02/25 38.9 39.45 38.9 39.4 3382 15812 828 240276 3524 3155 246955 73 14.31 5.24 
2016/02/26 39.5 40.15 39.15 39.55 4000 15849 839 239920 3524 3506 246950 255 14.34 5.29 
2016/03/01 39.7 41.25 39.65 41 6332 15422 865 241605 3524 3921 249050 390 13.96 5.61 
2016/03/02 41.45 41.6 40.45 40.7 6169 15913 866 240300 3639 3720 247659 156 14.4 5.44 
2016/03/03 40.5 41 40.15 40.6 3703 15615 839 240950 3659 3610 248219 52 14.13 5.37 
2016/03/04 41 41.2 40.35 40.95 3857 15550 846 241395 3659 3773 248827 107 14.07 5.44 
2016/03/07 41.25 41.9 40.95 41 5435 15554 849 241433 3577 3593 248603 140 14.08 5.46 
2016/03/08 40 40.1 39.05 39.55 10188 15461 822 241485 3426 3306 248217 335 13.99 5.32 
2016/03/09 39.6 39.8 39.15 39.4 3926 15536 821 240543 3204 3121 246868 89 14.06 5.28 
2016/03/10 39.5 39.8 39.4 39.5 2660 15368 830 240877 3434 3229 247540 20 13.91 5.4 
2016/03/11 39.5 39.8 39.1 39.1 3475 15535 809 239599 3434 3256 246289 50 14.06 5.21 
2016/03/14 39.35 40.4 39.3 40 5531 15279 814 240220 3434 3570 247224 74 13.83 5.33 
2016/03/15 40 40.2 39.3 39.3 2777 15011 825 239809 3444 3467 246720 28 13.59 5.5 
2016/03/16 39.5 41.2 39.5 40.8 5641 14521 961 242235 3444 3885 249564 175 13.14 6.62 
2016/03/17 41.2 41.25 39.55 39.55 4435 14881 933 240560 3454 3365 247379 121 13.47 6.27 
2016/03/18 39.85 40.1 39.5 39.95 1362 14946 934 240332 3454 3270 247057 31 13.53 6.25 
2016/03/21 39.95 40.15 39.45 39.45 3032 15196 874 239662 3367 3051 246081 51 13.75 5.75 
2016/03/22 39.5 40.25 39.35 39.75 2560 15224 856 240346 3367 2910 246623 37 13.78 5.62 
2016/03/23 39.75 39.9 39.3 39.6 2366 15430 937 239597 3377 2927 245901 33 13.97 6.07 
2016/03/24 39.6 39.7 39.3 39.4 1412 15333 883 239433 3377 2946 245756 15 13.88 5.76 
2016/03/25 39.05 39.45 38.6 39.05 4961 15431 867 239103 2880 2579 244562 218 13.97 5.62 
2016/03/28 39.05 39.15 37.85 37.9 5142 15581 914 237415 2880 2365 242660 235 14.1 5.87 
2016/03/29 38 38.15 36.6 36.8 4778 15678 1129 235519 2890 2389 240798 94 14.19 7.2 
2016/03/30 36.9 37.8 36.9 37.55 3189 15686 1022 235389 2890 2405 240684 36 14.2 6.52 
2016/03/31 37.8 37.8 37.05 37.75 2938 15801 1006 234479 3055 2424 239958 67 14.3 6.37 
2016/04/01 37.65 37.7 37.1 37.2 3610 15966 1168 234237 3055 2400 239692 16 14.45 7.32 
2016/04/06 37 38.1 36.8 38 3643 15805 1119 235030 3055 2531 240616 63 14.31 7.08 
2016/04/07 38.15 38.35 37.8 38.1 2766 15750 1023 235462 3055 2550 241067 35 14.26 6.5 
2016/04/08 38.6 38.85 38.25 38.3 3999 15563 1013 235677 3055 2586 241318 161 14.09 6.51 
2016/04/11 38.3 38.7 38 38.15 2394 15594 807 235214 3055 2592 240861 25 14.12 5.18 
2016/04/12 38.4 38.7 37.35 37.95 4077 14444 603 234720 3065 2617 240401 138 13.08 4.17 
2016/04/13 38.25 38.65 37.95 38.6 2159 14233 512 235482 3065 2616 241162 43 12.89 3.6 
2016/04/14 38.85 39.05 38.65 38.95 4508 14177 0 236599 3065 2506 242169 0 12.84 0 
2016/04/15 38.95 38.95 38.4 38.85 4136 14221 0 236047 3533 2490 242069 0 12.88 0 
2016/04/18 38.5 38.55 37.8 37.85 4644 14389 0 234835 3533 2351 240719 0 13.03 0 
2016/04/19 37.95 38.1 36.7 36.7 9811 14668 0 230185 2844 2271 235300 0 13.28 0 
2016/04/20 36.4 36.4 34.2 35 16761 16162 523 224741 818 1902 227461 885 14.63 3.24 
2016/04/21 36.2 37.75 36.2 37.65 14062 15251 1212 231445 741 2437 234623 1165 13.81 7.95 
2016/04/22 38 38.15 37.3 37.35 7581 15271 1248 232964 1551 1804 236319 396 13.83 8.17 
2016/04/25 38 38.5 37.9 38.3 5190 15250 1332 235816 1551 1776 239143 149 13.81 8.73 
2016/04/26 38.45 38.6 37.9 38.3 2755 15000 1251 236624 1501 1758 239883 80 13.58 8.34 
2016/04/27 38.3 38.5 37.8 38 1612 14806 1254 237130 1451 1747 240328 68 13.41 8.47 
2016/04/28 38.1 38.25 37.1 37.25 2267 14789 1078 236387 1451 1695 239533 67 13.39 7.29 
2016/04/29 37 38.1 36.65 38 5033 14599 1161 235659 1455 1713 238827 79 13.22 7.95 
2016/05/03 37.7 37.8 36.95 37 3077 14674 1449 234676 1461 1688 237825 76 13.29 9.87 
2016/05/04 36.8 37.35 36.8 37 3154 14614 1405 233857 1461 1701 237019 63 13.23 9.61 
2016/05/05 37.05 37.2 36.5 36.8 3538 14549 1233 233158 1362 1662 236182 98 13.17 8.47 
2016/05/06 36.7 37.45 36.65 37.15 3038 14322 1129 233068 1362 1660 236090 36 12.97 7.88 
2016/05/09 36.9 37.15 36.45 36.8 2618 14274 1598 232725 1362 1589 235676 48 12.92 11.2 
2016/05/10 36.45 37.4 36.15 37.25 3019 13844 1276 233384 1361 1672 236417 68 12.53 9.22 
2016/05/11 37.2 37.5 36.55 36.8 3942 14100 1209 232105 1371 1675 235150 112 12.77 8.57 
2016/05/12 36.8 37.15 36.55 36.55 3056 13975 1291 232294 1371 1612 235276 115 12.65 9.24 
2016/05/13 37.65 38.15 37.35 37.7 5348 13726 1261 234514 1371 1680 237564 226 12.42 9.19 
2016/05/16 37.9 38.85 37.75 38.4 4006 13640 1257 236093 1693 2045 239830 75 12.34 9.22 
2016/05/17 38.7 38.95 38.55 38.7 3021 13520 1058 236471 1693 2055 240218 64 12.23 7.83 
2016/05/18 38.3 38.3 37.7 38 4545 13844 1066 236381 1492 2070 239943 98 12.53 7.7 
2016/05/19 38.1 38.6 37.75 38.2 2394 13723 1103 236833 1501 2033 240367 37 12.42 8.04 
2016/05/20 38.4 38.65 38.05 38.45 2603 13451 1148 237750 1697 1994 241441 36 12.17 8.53 
2016/05/23 38.55 39.15 38.3 39 4014 13505 1098 239368 1705 1942 243015 114 12.22 8.13 
2016/05/24 39 39.35 38.65 39.1 2675 13885 1032 238942 1705 1954 242601 64 12.56 7.43 
2016/05/25 39.2 39.4 38.75 38.85 3413 13908 937 238433 1705 1985 242123 181 12.59 6.74 
2016/05/26 39.25 39.45 38.9 39 3245 13985 1010 238780 1705 1972 242457 356 12.66 7.22 
2016/05/27 39.3 39.3 38.6 38.65 2702 13741 959 238239 1705 1940 241884 67 12.43 6.98 
2016/05/30 38.9 39.55 38.75 39.45 4402 13328 958 240680 1705 1940 244325 90 12.06 7.19 
2016/05/31 39.7 41.2 39.65 40.35 8055 13238 938 241509 1705 2518 245732 533 11.98 7.09 
2016/06/01 40 40.55 39.95 40.15 2650 13263 927 241120 2030 2390 245540 100 12 6.99 
2016/06/02 40.5 40.6 39.4 39.45 2633 13084 919 241020 2130 2266 245416 114 11.84 7.02 
2016/06/03 39.85 40 39.05 39.3 1052 12945 938 241186 2280 2085 245551 32 11.71 7.25 
2016/06/04 39.65 39.75 39.4 39.5 297 12926 939 241186 2280 2058 245524 7 11.7 7.26 
2016/06/06 39.9 40.2 39.2 40 1659 12869 932 241568 2666 2084 246318 43 11.65 7.24 
2016/06/07 40.5 40.75 39.2 39.3 7094 13586 833 238331 2964 2894 244189 265 12.29 6.13 
2016/06/08 39.6 40.1 39.25 40.1 4143 13083 886 236683 3114 2292 242089 294 11.84 6.77 
2016/06/13 39.3 39.7 38.9 38.9 2313 13203 808 236009 3114 2235 241358 61 11.95 6.12 
2016/06/14 38.9 39.35 38.85 39.15 813 13139 810 235947 3114 2201 241262 30 11.89 6.16 
2016/06/15 39.15 39.4 38.6 39.1 1569 13177 804 235921 3114 2142 241177 28 11.92 6.1 
2016/06/16 39.1 39.2 38.65 38.65 1552 13145 805 235737 3114 2122 240973 18 11.9 6.12 
2016/06/17 38.85 39.2 38.85 39.1 1371 13155 780 235835 3114 2099 241048 30 11.91 5.93 
2016/06/20 39.3 39.4 38.85 39.2 2053 13334 780 235459 3214 2243 240916 52 12.07 5.85 
2016/06/21 39.6 42.3 39.6 41.85 18790 14436 921 237646 3705 3666 245017 1777 13.07 6.38 
2016/06/22 42.4 43.3 42.25 42.65 12882 14173 941 237253 4446 2983 244681 1225 12.83 6.64 
2016/06/23 42.75 42.95 42.35 42.5 4255 14048 927 237802 4546 2977 245324 298 12.72 6.6 
2016/06/24 42.95 43.5 39.1 41 9151 14277 828 237145 4569 3345 245058 710 12.92 5.8 
2016/06/27 41 41.8 40.5 40.9 4890 13936 792 236779 4540 3177 244495 212 12.61 5.68 
2016/06/28 40.4 42.35 40.4 42.1 4299 13977 834 237493 4540 3365 245397 226 12.65 5.97 
2016/06/29 42.5 42.55 41.8 41.85 4046 13685 844 237886 4540 3217 245642 80 12.39 6.17 
2016/06/30 42.2 42.3 41.6 42.05 2949 13387 842 238858 4573 3138 246568 51 12.12 6.29 
2016/07/01 42.3 43.4 42.25 43.2 7191 12791 930 239575 4932 4079 248585 467 11.58 7.27 
2016/07/04 43.45 43.5 42.55 43 6395 13230 896 238527 4932 3523 246981 314 11.98 6.77 
2016/07/05 42.7 42.95 42.2 42.35 4786 13086 1014 237890 4952 3227 246068 101 11.85 7.75 
2016/07/06 42.55 42.55 42 42.05 2383 13032 836 237663 4952 3178 245792 89 11.8 6.41 
2016/07/07 42.1 42.15 41.2 41.7 3741 12921 810 238028 4744 2810 245581 108 11.7 6.27 
2016/07/11 42.15 43.55 41.95 42.85 5765 12539 621 237072 4744 3398 245213 166 11.35 4.95 
2016/07/12 42.6 42.95 42.25 42.5 2565 12547 359 237085 4744 2821 244649 68 11.36 2.86 
2016/07/13 42.8 43.2 42.6 43.1 3893 12178 16 236983 4774 3249 245005 0 11.02 0.13 
2016/07/14 43 43.35 42.1 43 3873 11633 0 237487 4827 3656 245969 0 10.53 0 
2016/07/15 43.3 43.5 42.85 43.3 4280 11264 0 237604 4987 4272 246863 0 10.2 0 
2016/07/18 44 44.95 43.9 44.75 12956 10445 0 239270 5087 6873 251230 0 9.45 0 
2016/07/19 43.2 43.3 42.7 43 8100 10755 13 240468 5107 3829 249404 319 9.74 0.12 
2016/07/20 43.1 43.5 42.6 42.85 3770 10458 55 241662 5106 3387 250155 76 9.47 0.53 
2016/07/21 43.4 43.4 42.75 42.75 2595 10367 57 241333 5135 3298 249766 55 9.38 0.55 
2016/07/22 42.75 42.85 42.05 42.5 2375 10110 63 242174 5134 3175 250483 18 9.15 0.62 
2016/07/25 42.7 42.75 41.5 41.7 2147 9980 56 242320 4884 3159 250363 38 9.03 0.56 
2016/07/26 41.7 43 41.65 42.75 2831 9749 126 243736 4879 3124 251739 95 8.82 1.29 
2016/07/27 42.55 43.3 42.55 42.85 1962 9651 131 244593 4654 3150 252397 53 8.74 1.36 
2016/07/28 43.2 43.2 42.7 42.7 1405 9619 149 245136 4654 3164 252954 21 8.71 1.55 
2016/07/29 43.25 44.1 43 43.75 7219 9131 265 246915 4688 3771 255374 268 8.27 2.9 
2016/08/01 43.75 43.95 43.25 43.6 3303 9368 264 247240 4768 3454 255462 103 8.48 2.82 
2016/08/02 43.8 43.9 42.8 43.1 3445 9698 211 247798 4518 3317 255633 55 8.78 2.18 
2016/08/03 42.5 43.1 42.5 42.7 1065 9529 197 248075 4517 3285 255877 15 8.63 2.07 
2016/08/04 43 43.5 42.3 42.3 3625 9769 179 248591 4517 3337 256445 181 8.84 1.83 
2016/08/05 42.7 43.1 42.6 42.9 1847 9798 185 249027 4571 3344 256942 58 8.87 1.89 
2016/08/08 43.3 43.85 43.2 43.65 3330 9965 217 248766 4571 3895 257232 64 9.02 2.18 
2016/08/09 43.45 44.9 43.25 44.05 7750 9384 288 249688 5001 4677 259366 377 8.49 3.07 
2016/08/10 44.4 45.35 44.2 45 11220 10100 518 249098 5606 5960 260664 566 9.14 5.13 
2016/08/11 45 45.15 43.25 43.25 6228 10265 245 248712 5678 4987 259377 257 9.29 2.39 
2016/08/12 43.65 43.75 42.2 42.5 4742 10363 201 248711 5678 4251 258640 202 9.38 1.94 
2016/08/15 42.9 43.05 42.2 42.75 2431 10416 204 248557 5748 4126 258431 102 9.43 1.96 
2016/08/16 42.95 43.2 42.6 42.75 2194 10472 211 249324 5694 4079 259097 59 9.48 2.01 
2016/08/17 42.75 42.95 42.15 42.35 2364 10359 198 249733 5694 4014 259440 53 9.38 1.91 
2016/08/18 42.75 42.9 42.45 42.55 1029 10354 196 249495 5644 4085 259223 31 9.37 1.89 
2016/08/19 42.35 42.85 42.2 42.5 2100 10345 201 249102 5645 4591 259338 77 9.36 1.94 
2016/08/22 42.5 43.45 42.5 43 5851 10400 329 249652 5645 4249 259546 638 9.41 3.16 
2016/08/23 42.95 44.2 42.7 44.15 4902 10035 330 250514 5817 4481 260812 321 9.08 3.29 
2016/08/24 44.7 45.2 43.55 43.6 7390 10225 384 250924 5908 4253 261085 545 9.26 3.76 
2016/08/25 43.7 44.3 43.7 44 1998 10127 442 251744 5901 4181 261826 79 9.17 4.36 
2016/08/26 44.7 44.7 43.8 43.9 1912 10054 434 252072 6137 4059 262268 83 9.1 4.32 
2016/08/29 44.35 44.95 43.9 44.8 3357 10121 495 252052 5940 4319 262311 101 9.16 4.89 
2016/08/30 45.05 45.4 44.6 45.4 7922 9881 789 254812 5974 4485 265271 435 8.94 7.99 
2016/08/31 45.4 45.8 45.15 45.15 5808 10069 597 256835 5303 3800 265938 342 9.11 5.93 
2016/09/01 45.45 45.45 44.3 44.55 3335 10108 544 256865 5168 3799 265832 103 9.15 5.38 
2016/09/02 44.55 44.95 43.8 43.95 2632 10049 443 257979 5149 3670 266798 60 9.1 4.41 
2016/09/05 44.4 44.8 43.95 44.7 3703 10442 483 258961 5139 4333 268433 169 9.45 4.63 
2016/09/06 45.1 46.2 45.1 46.2 13955 10769 637 262854 5139 4689 272682 903 9.75 5.92 
2016/09/07 46.8 47.4 45.6 45.8 9516 10389 603 265782 5339 3995 275116 367 9.4 5.8 
2016/09/08 46.2 46.85 45.65 45.8 9246 10603 618 269142 5509 4016 278667 374 9.6 5.83 
2016/09/09 46.1 46.65 45.85 46.2 6340 10334 658 271587 5469 4603 281658 246 9.35 6.37 
2016/09/10 45.3 45.4 44.8 44.95 3958 10769 538 271552 5389 4460 281400 99 9.75 5 
2016/09/12 45.15 45.2 44.1 44.2 3304 11185 480 271749 5368 4452 281568 59 10.12 4.29 
2016/09/13 45.2 45.2 43.6 43.85 3605 11051 432 272496 5361 4397 282253 155 10 3.91 
2016/09/14 44.1 44.2 43.35 43.45 3270 11182 381 273455 5361 4343 283158 59 10.11 3.41 
2016/09/19 44.3 45.3 44 45.25 6087 10745 678 275078 5339 5463 285879 416 9.72 6.31 
2016/09/20 45.1 45.5 44.7 44.75 5823 11246 494 275609 5421 4770 285799 575 10.17 4.39 
2016/09/21 45.1 45.1 44.25 44.55 3547 11523 454 274566 5405 4715 284685 155 10.42 3.94 
2016/09/22 44.9 44.95 44.25 44.25 2249 11450 458 274622 5395 4696 284712 135 10.36 4 
2016/09/23 44.75 46.1 44.6 45.9 7926 11057 786 275692 5380 6235 287306 359 10 7.11 
2016/09/26 45.65 45.65 44.85 44.9 4501 11563 491 275408 5380 5246 286033 179 10.46 4.25 
2016/09/29 45.4 45.6 45 45.4 4142 11100 506 277359 5380 5160 287898 108 10.04 4.56 
2016/09/30 45.2 46.2 45 45.95 4987 10959 549 277982 5715 5927 289624 185 9.91 5.01 
2016/10/03 47 47.15 45.45 45.45 8111 11353 550 278038 5915 5401 289354 420 10.27 4.84 
2016/10/04 45.7 46.2 45.4 45.6 3031 11372 535 278660 5915 5272 289847 181 10.29 4.7 
2016/10/05 45.25 46.3 45.2 46.2 4387 10536 593 280963 5915 5136 292014 141 9.54 5.63 
2016/10/06 46.3 46.3 45.6 45.6 3201 10557 567 281078 5915 5294 292287 58 9.56 5.37 
2016/10/07 45.8 45.8 44.85 45.1 2378 10418 573 281456 5915 5241 292612 22 9.43 5.5 
2016/10/11 45.5 45.5 44.1 44.85 5014 9868 569 283385 5915 5115 294415 100 8.94 5.77 
2016/10/12 44.85 45.35 44.65 45 2726 9848 576 284115 5915 5274 295304 29 8.92 5.85 
2016/10/13 45.3 45.9 44.85 45.5 2904 10058 620 284736 5915 5571 296222 198 9.11 6.16 
2016/10/14 45.3 45.3 44.6 44.7 3930 9978 665 285662 5915 5140 296717 176 9.04 6.66 
2016/10/17 45 45.4 44.6 45.15 2837 9858 657 286753 5915 5301 297969 115 8.93 6.66 
2016/10/18 45.5 45.95 45.35 45.45 3510 10216 705 287635 5915 5293 298843 121 9.25 6.9 
2016/10/19 45.8 45.9 45.6 45.75 2313 9960 774 288441 5915 5281 299637 30 9.02 7.77 
2016/10/20 45.8 45.85 45.5 45.55 1451 9903 770 288496 5722 5306 299524 19 8.97 7.78 
2016/10/21 45.85 47.2 45.8 47.2 12255 10008 949 292844 6062 5513 304419 411 9.06 9.48 
2016/10/24 48.3 51.2 48.15 50.6 22575 9289 1299 300766 6608 5260 312634 2399 8.41 13.98 
2016/10/25 51.1 51.5 49.85 51.2 12105 9131 1374 303056 7217 3971 314244 1217 8.27 15.05 
2016/10/26 50.6 50.9 49.7 49.85 8710 9462 1257 300482 7312 4202 311996 487 8.57 13.28 
2016/10/27 49.85 50.2 49.1 49.2 5718 9523 1177 301962 7312 4321 313595 314 8.62 12.36 
2016/10/28 49.9 51.1 49.75 50.5 11431 8552 1327 304239 7367 4955 316561 1170 7.74 15.52 
2016/10/31 49.95 51.2 49.75 50 6935 8677 1286 305618 7573 4515 317706 341 7.86 14.82 
2016/11/01 50.2 51.4 49.8 51 5720 8859 1389 307070 7573 4333 318976 412 8.02 15.68 
2016/11/02 50.5 50.7 48.95 48.95 5077 8377 1198 307040 8273 3926 319239 284 7.59 14.3 
2016/11/03 48.95 49.15 47.8 48.6 3838 8038 1083 307878 8164 3692 319734 290 7.28 13.47 
2016/11/04 48.9 48.9 47.5 47.9 4701 8598 990 307744 8108 3611 319462 198 7.79 11.51 
2016/11/07 48.6 50 48.4 49.7 3838 8189 1012 307752 8177 3653 319581 213 7.42 12.36 
2016/11/08 48.2 48.2 45.55 46.4 13334 8434 1026 309448 7105 3416 319968 954 7.64 12.17 
2016/11/09 46.8 46.9 43.85 44.15 6871 7820 927 310350 6327 3009 319685 441 7.08 11.85 
2016/11/10 45.8 46 45.15 45.5 3248 7739 953 310805 6167 2964 319935 112 7.01 12.31 
2016/11/11 45 46.1 44.55 45.25 5098 7553 1031 310630 6167 3578 320375 326 6.84 13.65 
2016/11/14 45.3 46.15 45.3 45.7 5163 7863 1081 310225 6467 3113 319805 407 7.11 13.75 
2016/11/15 45.9 45.9 44.85 45 4887 7974 1491 310282 6467 2988 319737 270 7.21 18.7 
2016/11/16 45.3 45.45 44.6 45 3643 8244 1724 310286 6467 2967 319720 166 7.46 20.91 
2016/11/17 44.7 45.05 44.25 44.5 3366 8323 1688 310469 6467 2929 319865 91 7.53 20.28 
2016/11/18 44.35 45.2 44.3 45.2 1976 8278 1545 310323 6467 2972 319762 67 7.49 18.66 
2016/11/21 45.2 45.2 44.3 44.45 3321 8525 1428 309847 6403 3106 319356 89 7.71 16.75 
2016/11/22 44 45.2 44 44.55 4311 8659 1269 310478 5703 3294 319475 276 7.83 14.66 
2016/11/23 44.85 45.6 44.7 44.95 4208 8642 1269 311338 5658 3520 320516 184 7.82 14.68 
2016/11/24 45.4 45.4 44.95 45.05 2130 8712 1271 311447 5658 3538 320643 96 7.88 14.59 
2016/11/25 45.05 45.2 44.8 44.85 1634 8701 1253 311430 5658 3442 320530 22 7.87 14.4 
2016/11/28 45.3 46.5 45.1 45.55 3752 8597 1273 312071 5658 3891 321620 120 7.78 14.81 
2016/11/29 45.8 45.9 45.4 45.5 1529 8711 1243 312062 5658 3603 321323 76 7.88 14.27 
2016/11/30 45.55 46.5 45.4 45.8 3546 8610 1187 312864 5158 3718 321740 90 7.79 13.79 
2016/12/01 45.95 45.95 45.05 45.05 3112 8930 1137 312679 4890 3671 321240 37 8.08 12.73 
2016/12/02 44.6 44.6 43.85 44.2 3862 8831 1209 312233 4890 3109 320232 162 7.99 13.69 
2016/12/05 44.45 44.95 44.3 44.75 1796 8726 1230 313242 4696 3091 321029 69 7.89 14.1 
2016/12/06 45 46.25 45 46.2 4168 8347 1443 314472 4696 3759 322927 133 7.55 17.29 
2016/12/07 46.3 46.35 45.75 45.95 2745 8177 1224 315330 4696 3082 323108 99 7.4 14.97 
2016/12/08 46.35 46.6 45.95 46 2648 8130 1206 315927 4696 3141 323764 116 7.35 14.83 
2016/12/09 46.25 46.5 45.55 45.75 1740 8231 1171 316077 4696 3118 323891 60 7.45 14.23 
2016/12/12 45.65 46 44.9 44.9 1694 8253 1090 315882 4696 3153 323731 17 7.47 13.21 
2016/12/13 44.9 45.2 44.75 44.9 3795 8350 1055 315840 4696 2966 323502 48 7.55 12.63 
2016/12/14 45 45.1 44.6 44.6 2099 8575 1029 315323 4696 2981 323000 31 7.76 12 
2016/12/15 44.35 45.1 44.35 44.85 1516 8460 1032 315103 4696 2966 322765 38 7.65 12.2 
2016/12/16 44.7 45.5 44.7 45 1819 8363 1020 314894 4696 2983 322573 36 7.56 12.2 
2016/12/19 45 45.3 44.7 44.85 1193 8388 1023 314975 4656 2961 322592 21 7.59 12.2 
2016/12/20 44.8 44.9 44.15 44.15 2286 8654 1051 314301 4350 2924 321575 25 7.83 12.14 
2016/12/21 43.6 43.6 42.2 42.55 7472 8703 1161 311721 4274 2744 318739 430 7.87 13.34 
2016/12/22 42.3 42.95 42.25 42.9 2137 8392 1195 312476 3934 2705 319115 83 7.59 14.24 
2016/12/23 43.1 43.15 42.55 42.55 1024 8514 1209 312126 3934 2708 318768 45 7.7 14.2 
2016/12/26 42.8 42.9 42.5 42.55 890 8593 1153 312101 3854 2707 318662 22 7.77 13.42 
2016/12/27 42.6 43.1 42.6 42.75 558 8508 1071 311819 3954 2697 318470 7 7.7 12.59 
2016/12/28 42.9 43.4 42.8 43.25 904 8382 995 311853 3954 2691 318498 32 7.58 11.87 
2016/12/29 43.15 43.65 43.05 43.4 831 8287 958 312035 3954 2684 318673 21 7.5 11.56 
2016/12/30 43.4 44.15 43.3 44.1 2194 8348 1243 312136 3854 2981 318971 65 7.55 14.89 
2017/01/03 43.9 44.05 43.5 43.6 2347 8389 841 311385 3609 2844 317838 55 7.59 10.03 
2017/01/04 43.75 43.75 42.9 42.9 1930 8755 829 310797 3359 2705 316861 32 7.92 9.47 
2017/01/05 42.55 43.2 41.9 42.8 5119 9037 781 308971 3385 2770 315126 226 8.17 8.64 
2017/01/06 42.5 43.6 42.5 43.4 3632 8854 750 307804 3559 2763 314126 83 8.01 8.47 
2017/01/09 43.3 44.25 43.3 44 2756 8439 584 308614 3689 2813 315116 19 7.63 6.92 
2017/01/10 44.1 44.15 43.55 43.6 1513 8354 536 308513 3689 2774 314976 14 7.56 6.42 
2017/01/11 43.8 43.8 43.35 43.55 1042 8380 536 307957 3689 2691 314337 14 7.58 6.4 
2017/01/12 43.6 44.15 43.6 44 2524 8131 542 307904 3739 2681 314324 13 7.35 6.67 
2017/01/13 44 44.6 43.75 44.35 2706 8142 534 308510 3739 2697 314946 75 7.36 6.56 
2017/01/16 44.1 44.1 43.6 43.6 1577 8212 526 307864 3739 2667 314270 37 7.43 6.41 
2017/01/17 43.6 43.85 43.5 43.6 1720 8276 528 307066 3739 2663 313468 6 7.49 6.38 
2017/01/18 43.6 45.1 43.25 44.85 3958 8019 529 306468 4668 2870 314005 174 7.25 6.6 
2017/01/19 44.8 44.85 44.05 44.05 2786 8228 476 304929 4668 2769 312366 50 7.44 5.79 
2017/01/20 44 44.25 43.85 44 2006 8294 453 303822 4668 2766 311256 35 7.5 5.46 
2017/01/23 44 44.55 43.8 44.2 1908 8168 454 302967 4768 2938 310674 13 7.39 5.56 
2017/01/24 44.2 44.5 44.1 44.45 1106 7953 449 303349 4768 2864 310981 0 7.19 5.65 
2017/02/02 44.5 44.8 42.95 43 4890 8634 453 300054 4768 2804 307626 67 7.81 5.25 
2017/02/03 43.25 43.55 42.95 43.4 3093 8576 459 299627 4876 2839 307342 28 7.76 5.35 
2017/02/06 43.65 44.5 43.55 44.3 2686 8317 485 300206 4876 2781 307863 161 7.52 5.83 
2017/02/07 44.5 45 44.3 44.45 3366 8369 483 299724 4876 2853 307453 50 7.57 5.77 
2017/02/08 44.6 44.75 44.2 44.5 1530 8296 471 299996 4876 2741 307613 15 7.5 5.68 
2017/02/09 44.7 46.45 44.5 46.1 7166 7931 587 301754 5603 3146 310503 476 7.17 7.4 
2017/02/10 46 46 44.85 45.15 5247 7910 545 300969 5904 2851 309724 122 7.15 6.89 
2017/02/13 45.3 46.25 45.3 45.8 3361 7909 558 300439 6485 2984 309908 67 7.15 7.06 
2017/02/14 46.65 47.7 46.45 46.9 7952 8076 583 298759 7442 3789 309990 367 7.3 7.22 
2017/02/15 46.9 47.2 46.2 46.8 3212 7966 549 299164 7450 3094 309708 123 7.2 6.89 
2017/02/16 47 47.1 46.25 46.25 1900 7837 527 298977 7450 2916 309343 42 7.09 6.72 
2017/02/17 46.25 46.5 45.75 45.75 1975 7922 516 298651 7379 2900 308930 8 7.17 6.51 
2017/02/18 45.9 46.4 45.9 46.05 1238 7774 476 298671 7344 2961 308976 167 7.03 6.12 
2017/02/20 46.05 46.2 45.5 45.6 1886 7742 456 298546 7344 2913 308803 24 7 5.89 
2017/02/21 45.7 46.8 45.65 46.2 2686 7589 500 299433 7344 2974 309751 152 6.86 6.59 
2017/02/22 46.25 47.3 46.25 47.25 4826 7456 499 301280 7344 3180 311804 87 6.74 6.69 
2017/02/23 48 49.1 47.7 48.05 9994 7035 554 304541 7344 3468 315353 612 6.36 7.87 
2017/02/24 48.3 48.3 47 47 3794 7487 527 302703 7344 3078 313125 93 6.77 7.04 
2017/03/01 46.5 47.25 46.5 46.65 2393 7321 508 302884 7344 2915 313144 8 6.62 6.94 
2017/03/02 47.2 47.6 46.85 47.25 2462 6760 501 304154 7344 2909 314408 30 6.11 7.41 
2017/03/03 47.4 48.1 47.05 47.9 3209 6616 512 304963 7344 3315 315623 101 5.98 7.74 
2017/03/06 48.5 48.95 47.8 48.6 4497 6373 568 306590 7344 3212 317147 57 5.76 8.91 
2017/03/07 49 49.1 48.15 48.55 2498 6051 565 307763 7344 2781 317888 23 5.47 9.34 
2017/03/08 48.7 48.8 47.5 48 2410 6150 568 307720 7344 2743 317807 32 5.56 9.24 
2017/03/09 48 48.2 47.75 48.1 1417 6051 538 308285 7344 2658 318288 12 5.47 8.89 
2017/03/10 48.2 48.2 47.2 47.5 2084 6086 450 309196 7344 2604 319144 23 5.5 7.39 
2017/03/13 47.95 49.4 47.65 49.35 4276 5950 772 310281 7344 3475 321100 112 5.38 12.97 
2017/03/14 49.9 50.4 49.15 49.55 8121 5646 475 312475 6607 2717 321799 299 5.11 8.41 
2017/03/15 49.8 49.85 49.2 49.3 1898 5630 334 313312 6539 2377 322228 24 5.09 5.93 
2017/03/16 49.7 49.8 49.3 49.35 2247 5341 275 314463 6204 2353 323020 39 4.83 5.15 
2017/03/17 49.5 50.8 49.4 50.7 3688 5104 1 315691 6204 2938 324833 0 4.62 0.02 
2017/03/20 50.4 50.5 49.7 50.2 3686 5329 0 316379 6208 2449 325036 0 4.82 0 
2017/03/21 50.5 50.5 49.35 49.35 1813 5237 0 316474 6105 2404 324983 0 4.74 0 
2017/03/22 48.85 49.8 48.65 49.55 1729 5311 0 316548 6105 2366 325019 0 4.8 0 
2017/03/23 49.6 49.95 49.3 49.4 1309 5351 21 316618 6105 2352 325075 11 4.84 0.39 
2017/03/24 49.3 49.55 48.6 48.8 1976 5528 30 315909 6105 2306 324320 9 5 0.54 
2017/03/27 48.8 49.95 48.8 49.5 1824 5382 148 317028 6085 2385 325499 36 4.87 2.75 
2017/03/28 49.75 50.6 48.8 49.8 3366 5250 198 318300 6085 2454 326840 99 4.75 3.77 
2017/03/29 50.4 50.4 49.6 49.9 2011 5113 254 319168 5585 2320 327074 29 4.6 4.97 
2017/03/30 50 50 49 49.2 2287 5250 209 319656 4829 2292 326778 3 4.72 3.98 
2017/03/31 49.45 49.75 49.15 49.75 1767 5190 208 320381 5353 2287 328021 14 4.67 4.01 
2017/04/05 50.2 50.4 49.75 50.2 2351 5086 183 321327 5353 2311 328991 22 4.57 3.6 
2017/04/06 50 51 49.7 50.6 4088 5157 223 321799 5353 2718 329870 153 4.64 4.32 
2017/04/07 50.6 52 50.5 51.5 4038 5431 309 323075 5353 2789 331217 149 4.88 5.69 
2017/04/10 51.7 52.2 51.1 52 2844 5373 390 323730 5353 2530 331613 143 4.83 7.26 
2017/04/11 51.9 52.3 50.8 50.9 1886 5595 422 323975 5353 2367 331695 20 5.03 7.54 
2017/04/12 51.2 51.3 50.5 50.8 2371 5516 457 324538 5353 2323 332214 25 4.96 8.28 
2017/04/13 49 49 46.4 47.9 10403 5014 566 324385 5353 2209 331947 464 4.51 11.29 
2017/04/14 47.9 48.75 47.5 48.5 2269 4837 676 325761 5350 2048 333159 22 4.35 13.98 
2017/04/17 48 48.05 46.65 47 3020 5030 458 324684 4984 2020 331688 74 4.52 9.11 
2017/04/18 47.1 48.45 47.05 48 2272 4965 495 325442 4696 1959 332097 28 4.47 9.97 
2017/04/19 47.5 47.9 47.3 47.4 1158 4938 460 324699 4696 1930 331325 4 4.44 9.32 
2017/04/20 47.8 48.1 47.6 47.7 1244 4753 462 324790 4696 1960 331446 17 4.27 9.72 
2017/04/21 48.2 48.3 47.7 47.7 505 4740 460 324641 4627 1960 331227 10 4.26 9.7 
2017/04/24 47.4 48.15 47.1 47.7 922 4715 464 324750 4627 1969 331345 25 4.24 9.84 
2017/04/25 48.1 49.2 48.1 48.7 1166 4579 471 325161 4627 2015 331802 32 4.12 10.29 
2017/04/26 49 49.95 48.9 49.5 1528 4566 515 325748 4627 1968 332342 28 4.11 11.28 
2017/04/27 50.2 50.3 49.4 49.75 1039 4549 509 325973 4627 1962 332562 14 4.09 11.19 
2017/04/28 50.1 50.3 49.8 50.3 1555 4510 453 326461 4627 2067 333154 6 4.06 10.04 
2017/05/02 52 55.3 51.2 53.6 7770 4427 500 328712 4627 2645 335983 52 3.98 11.29 
2017/05/03 54.4 55.3 53.4 55 5788 4596 982 328703 4627 3130 336459 30 4.13 21.37 
2017/05/04 54.9 55.1 54.3 54.3 3362 4539 603 329401 4627 2638 336665 6 4.08 13.28 
2017/05/05 54.6 55.4 54.1 54.2 2731 4719 612 329609 4627 2542 336777 18 4.24 12.97 
2017/05/08 54.4 54.5 53.3 54.5 1420 4772 598 329962 4627 2538 337126 1 4.29 12.53 
2017/05/09 56.5 57 54.3 54.9 8055 5383 681 328975 4627 2771 336372 64 4.84 12.65 
2017/05/10 52.2 54.5 50.8 54.2 5503 5070 607 328438 4627 2558 335622 72 4.56 11.97 
2017/05/11 54.1 55.2 53.8 54.5 1872 4899 644 329349 4627 2449 336424 17 4.41 13.15 
2017/05/12 54.9 55.5 54.4 55 1898 4787 715 330157 4627 2471 337254 7 4.31 14.94 
2017/05/15 55.5 60 55.5 58.9 8192 5616 835 329132 4627 3593 337351 59 5.05 14.87 
2017/05/16 58.9 59.2 55.7 55.9 4897 5958 762 325401 4627 2983 333011 41 5.36 12.79 
2017/05/17 56 57.3 55.5 56.6 2866 6027 776 325786 4627 2799 333212 21 5.42 12.88 
2017/05/18 55.6 56.9 55.6 55.6 2648 6062 745 326201 4627 2800 333628 4 5.45 12.29 
2017/05/19 55.8 56.8 55.5 56 2484 5900 757 327175 4631 2837 334643 17 5.31 12.83 
2017/05/22 56.9 56.9 56 56.2 1524 5764 754 326978 4631 2838 334447 3 5.18 13.08 
2017/05/23 57.1 57.6 55.8 56 2353 5757 762 327139 4631 2818 334588 37 5.18 13.24 
2017/05/24 56.4 56.8 56 56.6 1203 5627 767 327370 4631 2846 334847 1 5.06 13.63 
2017/05/25 57.2 57.4 55.9 56 2652 5779 741 326303 4631 2900 333834 33 5.2 12.82 
2017/05/26 56.5 56.6 55.6 55.8 1394 5672 765 326432 4631 2902 333964 45 5.1 13.49 
2017/05/31 57 58.5 56.8 58.5 5313 5327 897 328664 4631 2968 336262 76 4.79 16.84 
2017/06/01 58.5 58.7 57.7 58.1 2890 5501 891 328813 4816 2802 336430 2 4.95 16.2 
2017/06/02 58.1 58.8 57.6 57.7 2622 5323 859 329023 4753 2762 336538 19 4.79 16.14 
2017/06/03 57.8 57.9 57.1 57.2 665 5253 838 328875 4753 2674 336302 4 4.72 15.95 
2017/06/05 57 57.7 56.9 57.4 1156 5165 826 328855 4653 2778 336286 7 4.65 15.99 
2017/06/06 57.1 57.5 56.6 56.6 1022 5046 768 328958 4549 2699 336206 1 4.54 15.22 
2017/06/07 57.5 57.5 56.8 57 2592 4635 761 328549 4549 2834 335932 2 4.17 16.42 
2017/06/08 57.1 57.5 57 57.3 1402 4252 775 329261 4549 2705 336515 1 3.82 18.23 
2017/06/09 57.6 58.8 57.5 58.2 3004 4123 797 329648 4549 2766 336963 13 3.71 19.33 
2017/06/12 58.2 60.1 57.8 60.1 3026 4237 811 330484 4549 2986 338019 6 3.81 19.14 
2017/06/13 60.6 61.6 59.6 59.7 5061 3938 810 330281 4525 2783 337589 12 3.54 20.57 
2017/06/14 60 60.7 59.5 59.8 4991 3606 777 330006 4705 2639 337350 13 3.24 21.55 
2017/06/15 59.8 59.8 57.8 58.8 2037 3473 668 329571 4665 2669 336905 9 3.12 19.23 
2017/06/16 59 59.9 58.3 59.8 1284 3296 647 329749 4665 2623 337036 9 2.96 19.63 
2017/06/19 60 65.7 59.9 65.7 7103 3559 753 329966 4665 3104 337734 15 3.2 21.16 
2017/06/20 66.9 70.2 63.5 63.5 19503 3622 7 328950 4665 2363 335978 0 3.26 0.19 
2017/06/21 63.5 64.7 62.7 64.2 4221 3356 0 327491 4800 2406 334697 0 3.02 0 
2017/06/22 64.7 66.5 64.7 65.5 4901 3230 0 326521 4796 2649 333966 0 2.9 0 
2017/06/23 65.9 67.8 65.9 66.7 3630 2970 0 325854 4796 3256 333906 0 2.67 0 
2017/06/26 64.5 64.6 63 63.2 3472 3084 76 325582 4796 2776 333154 92 2.77 2.46 
2017/06/27 63.2 63.8 62.8 63 2010 3197 144 325381 4796 2692 332869 34 2.88 4.5 
2017/06/28 62.8 62.8 60.8 61.2 3212 3207 169 325081 4790 2509 332380 4 2.88 5.27 
2017/06/29 61.8 62.4 61.3 62.1 1823 3230 226 326054 4745 2657 333456 6 2.9 7 
2017/06/30 62.1 62.6 61.5 62.4 1802 3263 252 326626 4149 2678 333453 2 2.93 7.72 
2017/07/03 62.1 63.5 61.6 63.3 1402 3208 302 326757 4149 2687 333593 5 2.89 9.41 
2017/07/04 63.3 63.6 61.5 61.5 2169 3344 320 326248 4149 2682 333079 3 3.01 9.57 
2017/07/05 61.9 62.2 61.2 61.9 1381 3356 308 326785 4137 2605 333527 10 3.02 9.18 
2017/07/06 61.3 61.3 59.5 60.2 3856 3756 271 325622 4137 2580 332339 7 3.38 7.22 
2017/07/07 59.5 60.7 59.2 59.9 2559 3648 317 326139 4103 2552 332794 9 3.28 8.69 
2017/07/10 60.2 60.4 58.9 59 2285 3724 299 325756 4103 2654 332513 3 3.35 8.03 
2017/07/11 59.5 61.3 59.5 61.3 2449 3440 445 326589 4048 2773 333410 2 3.09 12.94 
2017/07/12 61 63.4 60.8 63 2618 3310 583 327678 4048 2870 334596 7 2.98 17.61 
2017/07/13 63.2 64.5 63.2 64.5 4293 3255 692 329531 4048 2617 336196 14 2.93 21.26 
2017/07/14 64.5 65.3 63.8 65.3 2402 3082 751 329961 4048 2558 336567 2 2.77 24.37 
2017/07/17 65.3 65.3 63.9 64.1 2216 3305 738 329645 3641 2594 335879 2 2.97 22.33 
2017/07/18 64.1 64.3 61.3 62.1 3479 3646 653 329557 3239 2458 335253 6 3.28 17.91 
2017/07/19 62.2 62.7 61.3 61.7 2747 3666 628 329584 2711 2447 334741 12 3.3 17.13 
2017/07/20 62.4 62.4 61.4 62 1317 3608 639 329977 2711 2399 335086 5 3.24 17.71 
2017/07/21 62.3 62.7 61.2 62.7 1351 3496 607 330350 2658 2446 335453 1 3.14 17.36 
2017/07/24 62.6 63.2 61.9 63 1061 3296 630 330516 2658 2465 335638 4 2.96 19.11 
2017/07/25 63.3 64.9 63.2 63.2 2706 3420 611 330132 2658 2693 335482 6 3.08 17.87 
2017/07/26 63.5 64.3 62.7 63.5 1411 3444 609 330296 2728 2453 335476 4 3.1 17.68 
2017/07/27 63.7 65.5 63.5 64.9 3502 3543 678 330632 2898 2731 336260 3 3.19 19.14 
2017/07/28 65.3 65.7 63.7 63.7 2740 3540 702 330339 3246 2547 336131 14 3.18 19.83 
2017/07/31 64 66 63.3 66 2140 3551 772 330594 3278 2784 336655 6 3.19 21.74 
2017/08/01 65.6 68.6 64.6 67.9 4401 3669 853 331363 3620 2700 337682 45 3.3 23.25 
2017/08/02 68.8 72.9 68 69.5 8531 3745 858 330235 4070 3110 337414 74 3.37 22.91 
2017/08/03 69.8 72.7 69.5 71.3 6244 3508 974 330201 4147 3026 337373 46 3.15 27.77 
2017/08/04 71.8 71.8 70.4 70.5 2675 3359 944 330866 4209 2624 337698 10 3.02 28.1 
2017/08/07 71.7 73.9 71.3 72 2892 3438 968 331058 4319 2789 338165 28 3.09 28.16 
2017/08/08 71.3 71.4 69.6 70.5 3438 3325 962 332142 4319 2407 338868 4 2.99 28.93 
2017/08/09 70 70.4 69.1 69.2 2319 3074 924 332249 4319 2394 338961 2 2.76 30.06 
2017/08/10 69.4 70.3 66.8 67.5 3102 2901 828 332661 4319 2200 339179 7 2.61 28.54 
2017/08/11 66.6 68.8 66.6 68.5 1835 2885 814 332570 4319 2193 339081 7 2.59 28.21 
2017/08/14 68.5 69.8 67 67.5 1409 2877 834 332869 4319 2164 339351 6 2.59 28.99 
2017/08/15 69 70.2 68.2 69.7 1369 2974 890 332725 4282 2375 339382 4 2.67 29.93 
2017/08/16 69.7 71.5 68.5 68.6 1949 3084 830 332428 4332 2227 338987 14 2.77 26.91 
2017/08/17 69.2 69.9 68.8 69.1 781 3081 838 332469 4332 2258 339059 3 2.77 27.2 
2017/08/18 69.1 69.7 68.3 69 966 3013 797 332712 4334 2195 339241 17 2.71 26.45 
2017/08/21 69.5 69.5 68 69 1049 3073 816 332600 4334 2298 339232 12 2.76 26.55 
2017/08/22 69.3 70.5 69 70 1775 3046 781 332200 4334 2312 338846 10 2.74 25.64 
2017/08/23 70.3 72.9 69.5 72.1 3458 3253 804 331815 4330 2626 338771 22 2.92 24.72 
2017/08/24 74.3 78.7 73.6 73.8 8103 3719 807 331239 4321 2568 338128 76 3.34 21.7 
2017/08/25 74 75.4 73 75 2898 3412 939 331923 4321 2452 338696 13 3.07 27.52 
2017/08/28 75.5 75.6 73.2 73.2 2485 3535 918 331342 4321 2330 337993 10 3.18 25.97 
2017/08/29 73.1 73.1 70.5 71.1 3676 3639 803 330183 4421 2244 336847 3 3.27 22.07 
2017/08/30 71.9 72 70.5 70.9 3842 3760 757 329578 4203 2260 336041 9 3.38 20.13 
2017/08/31 71.9 72 71.2 71.6 1413 3780 764 329419 4138 2311 335868 11 3.4 20.21 
2017/09/01 72.6 74.5 72 74.5 4276 3717 825 329838 4138 2608 336584 32 3.34 22.2 
2017/09/04 74.2 74.2 72.2 73.8 3242 3797 808 329223 4138 2428 335789 17 3.41 21.28 
2017/09/05 73.8 74.9 73.6 74 1844 3983 821 328969 4288 2526 335783 16 3.58 20.61 
2017/09/06 73 74.2 72.1 73.8 2207 3886 815 329674 4049 2472 336195 16 3.49 20.97 
2017/09/07 75 75 72.3 72.4 1191 3849 825 329496 4049 2466 336011 1 3.46 21.43 
2017/09/08 72.1 73.4 72.1 72.9 693 3856 823 329507 4048 2499 336054 4 3.47 21.34 
2017/09/11 73.5 73.5 70.3 70.3 1920 3745 782 329096 4048 2440 335583 4 3.37 20.88 
2017/09/12 71 71.7 70.1 70.2 1505 3762 797 329119 3933 2431 335482 1 3.38 21.19 
2017/09/13 70.3 70.8 69 70.8 2055 3728 851 329255 3933 2329 335516 2 3.35 22.83 
2017/09/14 70.8 71.3 69.6 69.6 1645 3826 854 328558 3973 2383 334913 2 3.44 22.32 
2017/09/15 69.6 70.1 68.8 68.8 2714 3819 852 328328 3790 2422 334539 3 3.43 22.31 
2017/09/18 69.2 69.3 68.1 68.8 1649 3741 686 328312 3654 2440 334405 5 3.36 18.34 
2017/09/19 68.8 69.1 67.9 68.8 1193 3703 686 328102 3654 2414 334170 2 3.33 18.53 
2017/09/20 68.7 69 67.2 67.6 2675 3691 690 327886 3654 2397 333937 2 3.32 18.69 
2017/09/21 67.3 69.2 67.2 68.5 1873 3683 691 327900 3654 2499 334053 2 3.31 18.76 
2017/09/22 68.6 68.8 67.5 67.6 1435 3646 662 327806 3654 2435 333895 2 3.28 18.16 
2017/09/25 67.3 67.5 63.9 66.5 3162 3632 614 327762 3196 2267 333225 0 3.26 16.91 
2017/09/26 67.8 68.8 66.1 66.2 2592 3679 623 327478 3196 2187 332861 6 3.31 16.93 
2017/09/27 67 68.5 67 68.2 1579 3619 654 327810 3196 2211 333217 2 3.25 18.07 
2017/09/28 68.4 72.8 68.4 71.8 4299 3491 763 328837 3247 2924 335008 9 3.14 21.86 
2017/09/29 72.5 75.2 71.7 75 6547 3311 932 331068 3302 3140 337510 14 2.98 28.15 
2017/09/30 75.1 75.1 73.5 74.2 1586 3220 893 331361 3426 2895 337682 16 2.89 27.73 
2017/10/02 75.1 75.8 74.4 74.7 1935 3122 917 331886 3426 2892 338204 4 2.81 29.37 
2017/10/03 75 75.5 74.3 74.3 1241 3132 916 332258 3435 2823 338516 0 2.81 29.25 
2017/10/05 74.6 74.8 71.7 72.3 2514 3112 851 332004 3442 2598 338044 8 2.8 27.35 
2017/10/06 72.5 78.1 72.5 78.1 7279 2768 1012 334400 3442 2720 340562 11 2.49 36.56 
2017/10/11 80 81.2 76 77 6722 2978 995 335400 3442 2518 341360 25 2.68 33.41 
2017/10/12 79.9 79.9 77 77.8 3047 2996 997 336175 3442 2411 342028 15 2.69 33.28 
2017/10/13 78.4 79.2 77.7 79 1946 2855 1030 337311 3442 2428 343181 5 2.57 36.08 
2017/10/16 79.1 79.2 76.7 77.1 3366 2721 988 337626 3442 2366 343434 16 2.45 36.31 
2017/10/17 77.8 79.4 77.3 78.1 2466 2548 992 338353 3892 2475 344720 1 2.29 38.93 
2017/10/18 79.9 81.3 78.3 79 4838 2757 1008 338804 4464 2601 345869 15 2.48 36.56 
2017/10/19 80.5 80.5 78.2 78.5 2476 2991 1001 338642 4946 2528 346117 11 2.69 33.47 
2017/10/20 78.5 78.8 77 77 2559 3083 986 338850 4946 2491 346287 4 2.77 31.98 
2017/10/23 77.5 78.1 77.1 78 734 3053 995 339240 4946 2496 346682 3 2.74 32.59 
2017/10/24 77.5 78.4 77.2 78 822 3061 997 339612 4900 2442 346954 0 2.75 32.57 
2017/10/25 78.5 78.6 76.1 76.1 1849 3025 979 340009 4900 2360 347269 3 2.72 32.36 
2017/10/26 76.1 77.5 75 77.5 2265 3066 973 341162 4863 2323 348348 3 2.75 31.74 
2017/10/27 79.4 79.4 76.3 76.6 3952 3019 972 341009 6004 2292 349305 12 2.71 32.2 
2017/10/30 78 82.3 77.5 81 8148 3316 1059 341619 6472 3015 351106 39 2.98 31.94 
2017/10/31 80.5 80.6 77.6 78.2 7898 3741 1071 342471 6013 2650 351134 24 3.36 28.63 
2017/11/01 79.2 80.5 77.5 77.8 6915 3807 975 345038 5139 2683 352860 21 3.42 25.61 
2017/11/02 78.3 78.4 75.4 75.8 4618 4150 938 344187 4904 2587 351678 23 3.72 22.6 
2017/11/03 76 76.8 74.2 74.2 2577 4153 927 344197 4831 2566 351594 3 3.73 22.32 
2017/11/06 75 75 72.9 73 1995 4238 900 343397 4810 2614 350821 4 3.8 21.24 
2017/11/07 74.3 76.9 74.2 76 4037 3978 935 343723 5200 2738 351661 21 3.57 23.5 
2017/11/08 75.7 77.4 75.3 77.1 1767 3834 950 343975 5528 2706 352209 4 3.44 24.78 
2017/11/09 77.3 77.3 75.1 76 2360 3705 946 344302 5532 2611 352445 10 3.33 25.53 
2017/11/10 75.6 75.8 75.1 75.7 1103 3714 925 344044 5536 2628 352208 1 3.33 24.91 
2017/11/13 75.7 75.7 72.9 73 2583 3849 905 343281 5549 2662 351492 1 3.45 23.51 
2017/11/14 73 74 72 73.4 1465 3741 891 342904 5509 2690 351103 5 3.36 23.82 
2017/11/15 73.4 74 72.4 73 582 3745 865 342907 5509 2661 351077 0 3.36 23.1 
2017/11/16 72.5 73.7 72.4 73 366 3735 858 342903 5509 2664 351076 0 3.35 22.97 
2017/11/17 73.2 74.2 73.1 73.5 1247 3838 848 342413 5509 2764 350686 2 3.44 22.09 
2017/11/20 73.8 73.9 71.7 72.7 1428 3947 855 342291 5439 2655 350385 2 3.54 21.66 
2017/11/21 73.2 74.9 72.1 74.9 1661 4058 881 341906 5334 3108 350348 5 3.64 21.71 
2017/11/22 75 82.2 75 82 14677 3979 1050 345564 6917 3459 355940 60 3.57 26.39 
2017/11/23 82.1 89.7 81 89.5 16694 3262 1195 348039 8147 3191 359377 103 2.93 36.63 
2017/11/24 90 90 85.8 86.4 5796 3643 1112 346941 8344 2733 358018 24 3.27 30.52 
2017/11/27 86.6 87.7 84.2 85.1 2315 3846 989 346482 8344 2737 357563 4 3.45 25.72 
2017/11/28 85.7 87.2 83.8 83.8 3520 4152 937 345312 8221 2856 356389 25 3.73 22.57 
2017/11/29 84.3 84.4 82.2 83.3 3879 4059 872 345675 8221 2821 356717 12 3.64 21.48 
2017/11/30 83.5 84.5 81.5 83 6687 4282 859 346911 7761 2839 357511 12 3.84 20.06 
2017/12/01 84.1 84.2 79 80.6 5077 4380 828 346783 7761 2683 357227 8 3.93 18.9 
2017/12/04 81 81.8 79.9 80.9 2591 4365 837 347317 7761 2770 357848 0 3.92 19.18 
2017/12/05 80.9 82.6 80.5 81.5 2413 4218 839 347220 7721 2893 357834 6 3.79 19.89 
2017/12/06 82 82.3 74.1 74.1 7201 4483 779 346422 7656 2732 356810 49 4.02 17.38 
2017/12/07 75.5 77.7 75.1 76.2 5213 4160 823 348146 7666 2808 358620 23 3.73 19.78 
2017/12/08 77.2 77.5 74.9 77.3 2385 4199 821 347436 7666 2787 357889 20 3.77 19.55 
2017/12/11 77.8 82.1 77.6 81.2 5313 3737 856 348188 7666 3223 359077 30 3.35 22.91 
2017/12/12 81.2 81.9 80 80 3349 3541 876 348288 7866 3068 359223 9 3.18 24.74 
2017/12/13 80.1 83.6 79.6 81.1 3657 3201 890 348780 7866 2761 359407 36 2.87 27.8 
2017/12/14 83 83.1 81.4 81.9 1922 3351 897 348744 7866 2616 359226 3 3.01 26.77 
2017/12/15 82.5 83.8 81.7 83 3639 3380 922 349155 8203 2794 360152 5 3.03 27.28 
2017/12/18 84.3 84.3 80.5 80.7 2975 3511 873 348809 7897 2671 359377 10 3.15 24.86 
2017/12/19 81.5 81.6 78 79 2912 3394 858 349121 7463 2319 358903 5 3.05 25.28 
2017/12/20 79 81.8 78.1 81.4 2304 3542 882 349320 7463 2321 359104 6 3.18 24.9 
2017/12/21 81.4 81.5 80.2 81.5 1734 3897 894 349055 7463 2382 358900 0 3.5 22.94 
2017/12/22 81.3 81.3 80.3 80.7 693 3934 887 348863 7463 2466 358792 4 3.53 22.55 
2017/12/25 80.3 83 79.7 80.9 1083 4031 882 348760 7463 2723 358946 6 3.62 21.88 
2017/12/26 80.9 80.9 79.2 79.3 1000 3974 879 348952 7463 2607 359022 5 3.57 22.12 
2017/12/27 79.3 80.3 78.1 78.4 1338 4039 850 349043 7463 2566 359072 1 3.62 21.04 
2017/12/28 79.5 80.3 78.5 80.2 2619 4026 847 348959 7591 2440 358990 7 3.61 21.04 
2017/12/29 80.4 80.6 78.4 79 1649 4094 825 349207 6494 2355 358056 1 3.67 20.15 
2018/01/02 79.3 83 79.3 82.6 2751 3804 857 350563 6476 2503 359542 5 3.41 22.53 
2018/01/03 83.4 89.5 83.2 87.3 9324 3764 952 352156 6526 2453 361135 25 3.38 25.29 
2018/01/04 87.3 89 86.6 88 4614 3493 961 353564 6976 2273 362813 16 3.13 27.51 
2018/01/05 89.6 92.9 87 88.3 8928 4055 971 354340 7079 2190 363610 17 3.64 23.95 
2018/01/08 87.3 87.5 83.8 84 5997 3758 890 354509 6629 1806 362945 5 3.37 23.68 
2018/01/09 83.8 83.8 77.7 79.3 10423 4768 904 352945 4482 1830 359258 31 4.28 18.96 
2018/01/10 78.9 79 74 74 14898 5756 873 349902 2952 2150 355005 68 5.16 15.17 
2018/01/11 74.8 75.8 73.5 74.4 7516 6279 972 348453 2709 2438 353600 26 5.63 15.48 
2018/01/12 74.6 77.4 74.6 76.4 6757 6743 922 348212 2004 2497 352713 11 6.05 13.67 
2018/01/15 80.1 80.1 77.9 79 8085 6057 984 349595 1964 2532 354091 10 5.43 16.25 
2018/01/16 80.4 82.6 80.1 80.3 7990 5541 947 349751 1883 2656 354290 68 4.97 17.09 
2018/01/17 79.6 79.8 76.8 77.9 6951 5859 908 349902 1119 2583 353604 21 5.26 15.5 
2018/01/18 78.2 79 75.5 75.8 5458 6321 895 348220 639 2457 351316 7 5.67 14.16 
2018/01/19 76.2 78.2 76.2 77.5 6284 6138 988 348574 409 2512 351495 8 5.51 16.1 
2018/01/22 78.9 80.1 78.2 79.4 5531 5750 990 349640 409 2565 352614 4 5.16 17.22 
2018/01/23 81 82.3 80.1 81.4 9481 5269 1079 351212 137 2781 354130 16 4.73 20.48 
2018/01/24 82.2 83 81.5 82.4 6671 4930 1135 353176 0 2493 355669 6 4.42 23.02 
2018/01/25 83 83.3 81.7 82 4473 4416 1131 355164 0 2349 357513 6 3.96 25.61 
2018/01/26 82.6 83.3 81.9 82 4976 4373 1146 356189 0 2427 358616 7 3.92 26.21 
2018/01/29 82.8 83.5 80.2 80.8 5152 4366 1124 356465 0 2642 359108 6 3.92 25.74 
2018/01/30 81.2 84 81 82.7 4207 4146 1182 357569 0 2643 360213 19 3.72 28.51 
2018/01/31 83 83.1 81.6 82.6 3463 4198 1181 357519 0 2462 359982 1 3.77 28.13 
2018/02/01 83.1 83.1 81.6 81.9 1465 4136 1199 357556 0 2413 359969 1 3.71 28.99 
2018/02/02 82 82 79.7 79.9 3690 4047 1125 356959 66 2378 359403 1 3.63 27.8 
2018/02/05 77.5 79.9 77.1 79.4 2958 3939 950 357180 66 2285 359531 9 3.53 24.12 
2018/02/06 75.1 77.1 73.9 74.3 3662 3627 721 357114 64 1946 359124 23 3.25 19.88 
2018/02/07 77 78.9 76.6 78.9 3986 3471 794 357446 445 1967 359858 6 3.11 22.88 
2018/02/08 78.2 78.3 76.4 76.7 2153 3473 803 356996 595 1967 359558 3 3.12 23.12 
2018/02/09 74 75.5 73.3 74.6 3209 3385 717 356690 596 1941 359227 8 3.04 21.18 
2018/02/12 75.9 76 73.2 73.3 2048 3554 640 355843 555 1916 358314 3 3.19 18.01 
2018/02/21 73 74.3 72.8 72.8 4914 3767 700 355133 535 2005 357673 3 3.38 18.58 
2018/02/22 72.8 74.9 72.7 74 4271 3764 780 355292 447 2037 357776 11 3.38 20.72 
2018/02/23 74.1 74.8 73.6 74.2 2779 3927 748 354925 447 2040 357412 11 3.52 19.05 
2018/02/26 77.9 78 75 77 8457 4900 770 353395 447 2245 356087 32 4.4 15.71 
2018/02/27 77 77 74.8 75 4420 5118 743 352532 389 2197 355118 12 4.59 14.52 
2018/03/01 73.5 74.3 72.8 74 4643 5195 674 351191 127 2148 353466 41 4.66 12.97 
2018/03/02 72.5 73 71.7 72.6 3124 5153 718 350428 25 2050 352503 2 4.62 13.93 
2018/03/05 72.7 72.9 70.2 70.6 3298 5077 816 350378 25 1912 352315 14 4.56 16.07 
2018/03/06 69.9 71.1 69 70.5 4241 5204 747 349335 25 1881 351242 9 4.67 14.35 
2018/03/07 70 71.4 69.5 70.7 1309 5101 708 349470 25 1883 351379 4 4.58 13.88 
2018/03/08 71.2 71.2 70 70 1158 5207 654 348883 25 1876 350785 0 4.67 12.56 
2018/03/09 70.1 70.6 69.6 69.6 1769 5178 601 348232 25 1885 350143 0 4.65 11.61 
2018/03/12 70 70 68.1 68.3 3474 5235 570 346718 25 1843 348587 2 4.7 10.89 
2018/03/13 68.3 70.6 68.1 69.9 3256 5279 542 346539 21 1861 348421 8 4.74 10.27 
2018/03/14 69.3 69.4 68.6 69 2038 5336 476 345951 21 1852 347824 3 4.79 8.92 
2018/03/15 68.4 69.6 68.4 68.8 953 5419 460 345526 23 1850 347399 1 4.86 8.49 
2018/03/16 68.8 71.4 68.6 71.4 3476 5319 462 346110 0 1842 347952 2 4.77 8.69 
2018/03/19 70.6 70.7 69 69 2247 5657 397 344945 0 1802 346747 8 5.08 7.02 
2018/03/20 68.3 68.3 65.7 66 3308 5754 404 344444 0 1746 346190 6 5.16 7.02 
2018/03/21 65.8 67.2 65.6 65.8 2607 5810 324 343973 2 1748 345723 23 5.2 5.58 
2018/03/22 66 66.2 63.3 63.3 3851 6034 407 343068 2 1685 344755 13 5.4 6.75 
2018/03/23 60.5 64.8 59.7 64.5 4280 5735 368 344201 2 1622 345826 16 5.13 6.42 
2018/03/26 64 65.3 63 63 2001 5892 0 343365 2 1610 344978 0 5.27 0 
2018/03/27 63.9 63.9 63.2 63.3 1526 5929 0 343120 3 1613 344736 0 5.31 0 
2018/03/28 63.5 64.7 63.5 63.9 1452 5707 0 343487 6 1613 345106 0 5.11 0 
2018/03/29 64 64.7 63.9 64.4 920 5661 0 343402 6 1614 345022 0 5.07 0 
2018/03/30 64.8 65 62.2 62.2 1947 5740 18 342881 4 1681 344566 1 5.14 0.31 
2018/03/31 62.7 63 62.2 62.5 281 5767 19 342877 722 1686 345286 5 5.16 0.33 
2018/04/02 62.9 65.1 62.8 64.2 1502 5555 36 343511 732 1678 345922 0 4.97 0.65 
2018/04/03 63.5 63.6 63 63.2 1074 5554 54 343492 732 1670 345894 0 4.97 0.97 
2018/04/09 63.2 63.2 61.4 61.4 2726 5653 123 343015 732 1662 345410 1 5.06 2.18 
2018/04/10 61.5 62.2 60.9 61.3 2491 5689 132 343062 728 1641 345431 2 5.09 2.32 
2018/04/11 61.6 63.2 61.6 62.1 2183 5565 142 343315 728 1661 345704 0 4.98 2.55 
2018/04/12 62.5 62.8 61.8 62.3 1014 5515 124 343334 728 1641 345703 0 4.94 2.25 
2018/04/13 62.3 62.8 61.2 61.4 1355 5520 119 343604 728 1658 345990 2 4.94 2.16 
2018/04/16 61.2 62.2 60.8 61.2 1591 5438 404 343930 728 1697 346355 0 4.87 7.43 
2018/04/17 61.3 62.4 61.2 62 2971 5401 453 344942 426 1639 347007 2 4.83 8.39 
2018/04/18 62.5 62.9 61.1 61.1 2418 5424 480 345205 384 1636 347226 2 4.85 8.85 
2018/04/19 61.3 61.7 60.7 61.2 1783 5480 805 345790 384 1635 347810 0 4.9 14.69 
2018/04/20 61.2 63.2 60.9 61.2 3002 5445 227 345076 386 1687 347149 5 4.87 4.17 
2018/04/23 61.2 62 60.8 60.8 2409 5441 161 345190 388 1656 347234 0 4.87 2.96 
2018/04/24 61 61.2 57.1 57.8 3368 5397 251 345251 264 1641 347156 5 4.83 4.65 
2018/04/25 57.6 58.3 56.5 57.8 2574 5363 194 345389 266 1630 347284 2 4.8 3.62 
2018/04/26 58.7 60.3 58.4 58.6 2213 5171 217 345787 266 1636 347688 6 4.63 4.2 
2018/04/27 59.1 59.6 56.6 56.6 1845 5231 238 345244 266 1665 347174 3 4.68 4.55 
2018/04/30 57 60.9 55.1 60.5 2861 5038 113 345852 266 1675 347792 7 4.51 2.24 
2018/05/02 60.1 60.5 59.1 59.6 1974 5111 120 345554 266 1675 347494 1 4.57 2.35 
2018/05/03 59.1 60 58 58 1683 5212 100 345141 238 1695 347074 1 4.66 1.92 
2018/05/04 57.4 58.4 56.7 56.7 1692 5433 88 344553 238 1691 346482 1 4.86 1.62 
2018/05/07 57.6 59.9 57.2 59 3466 5192 96 345107 238 1690 347035 0 4.65 1.85 
2018/05/08 58.8 59.7 58.3 59.2 2363 5294 85 344588 238 1686 346512 0 4.74 1.61 
2018/05/09 58.7 59.7 58.5 58.5 1029 5458 83 344294 238 1685 346217 0 4.89 1.52 
2018/05/10 58.7 61 58.3 60.8 2243 5270 77 344907 238 1672 346817 2 4.72 1.46 
2018/05/11 60.2 60.6 58 58.2 3857 5789 112 342435 230 1696 344361 3 5.18 1.93 
2018/05/14 58.2 58.2 57 57.2 2111 5928 101 341714 230 1630 343574 3 5.31 1.7 
2018/05/15 57.1 57.7 56.5 56.9 1868 6006 62 341283 230 1626 343139 1 5.38 1.03 
2018/05/16 57.5 57.5 56.4 56.4 1210 6065 70 341027 229 1625 342881 0 5.43 1.15 
2018/05/17 56.4 57.2 56.1 56.3 1156 6101 79 338355 229 1603 340187 1 5.46 1.29 
2018/05/18 56.3 56.7 55.3 55.3 1778 6198 76 337920 227 1599 339746 0 5.55 1.23 
2018/05/21 55.3 57.4 54.1 56.9 4192 6098 68 338054 227 1612 339893 17 5.46 1.12 
2018/05/22 56.6 56.9 56 56.7 2021 6473 58 337374 227 1624 339225 0 5.79 0.9 
2018/05/23 56 57.3 55.7 56.5 1726 6354 60 337498 227 1621 339347 10 5.69 0.94 
2018/05/24 56.5 58 55.5 57.5 2467 6350 64 337549 225 1668 339443 6 5.68 1.01 
2018/05/25 57.9 58.3 56.9 57.7 1480 6583 56 337059 225 1673 338958 5 5.89 0.85 
2018/05/28 58 59.5 57.7 58.5 2277 6532 56 336773 225 1707 338706 1 5.85 0.86 
2018/05/29 58.5 59.3 58.1 58.2 1262 6421 55 336631 225 1658 338515 0 5.75 0.86 
2018/05/30 58 58 57.2 57.2 798 6349 54 336678 223 1649 338551 1 5.68 0.85 
2018/05/31 57.3 58.5 57.3 58.3 996 6326 54 336861 223 1629 338713 10 5.66 0.85 
2018/06/01 58.3 58.3 57.5 57.6 961 6427 53 336475 223 1627 338325 0 5.75 0.82 
2018/06/04 57.5 59.3 57.5 58.8 1158 6414 53 336700 223 1627 338550 1 5.74 0.83 
2018/06/05 58.8 60.3 58.8 59.2 2198 6403 49 336721 193 1679 338593 6 5.73 0.77 
2018/06/06 60 62.6 59.6 62.6 4423 6062 68 337622 192 1705 339519 6 5.43 1.12 
2018/06/07 63.3 64.5 62.5 63.1 5120 6155 70 337066 192 1663 338921 4 5.51 1.14 
2018/06/08 62.9 63.1 62 62.1 2525 6121 63 336602 190 1643 338435 0 5.48 1.03 
2018/06/11 62.1 62.6 61.1 61.7 1005 6175 48 336320 190 1640 338150 0 5.53 0.78 
2018/06/12 62.1 62.2 60.8 60.8 1163 6270 41 335939 190 1640 337769 0 5.61 0.65 
2018/06/13 61.1 62.4 61 61.8 1379 6405 43 335535 188 1638 337361 0 5.73 0.67 
2018/06/14 61.6 63.2 60.6 61.1 2839 6407 42 335227 188 1641 337056 1 5.74 0.66 
2018/06/15 61.2 61.8 61.2 61.5 1007 6419 42 335075 152 1626 336853 3 5.75 0.65 
2018/06/19 61.4 63 61.1 61.3 2854 6357 39 335027 150 1649 336825 5 5.69 0.61 
2018/06/20 61.1 61.4 59.2 60.5 2014 6367 31 333824 150 1672 335646 1 5.7 0.49 
2018/06/21 60.5 61 59 59 2878 6457 40 332944 150 1678 334772 1 5.78 0.62 
2018/06/22 58.6 59.4 57.6 58.9 1454 6462 37 332457 150 1682 334289 3 5.78 0.57 
2018/06/25 58.7 58.7 57.5 58.1 1675 6477 36 331146 150 1670 332966 3 5.8 0.56 
2018/06/26 57.6 59.4 57.3 58.2 1251 6414 26 331182 150 1666 332998 0 5.74 0.41 
2018/06/27 58.4 59.2 57.9 58.8 1292 6395 26 330840 150 1666 332656 0 5.73 0.41 
2018/06/28 58.2 60.4 57.8 59.7 1649 6502 12 330389 150 1635 332174 8 5.82 0.18 
2018/06/29 60.6 64.2 60.6 61.8 5624 6277 0 330375 142 1831 332348 0 5.62 0 
2018/07/02 62.7 62.7 60 60 2006 6219 0 329598 107 1768 331473 0 5.57 0 
2018/07/03 60.3 60.9 59.5 59.8 1288 6233 0 329431 98 1720 331249 0 5.58 0 
2018/07/04 59.7 60 59 59 1068 6111 0 329154 98 1810 331062 0 5.47 0 
2018/07/05 56 56.7 54.6 54.9 1514 6291 60 328438 149 1739 330326 52 5.63 0.95 
2018/07/06 55.7 55.7 54 54.9 1611 6334 49 327911 149 1710 329770 8 5.67 0.77 
2018/07/09 55.8 56.1 55.1 55.2 780 6320 57 327675 149 1706 329530 0 5.66 0.9 
2018/07/10 55.5 55.5 53.9 54.3 1184 6358 88 327233 149 1705 329087 1 5.69 1.38 
2018/07/11 54 54 53 53 1874 6410 82 326787 149 1682 328618 5 5.74 1.28 
2018/07/12 52.7 53 52.3 52.5 1199 6616 94 326409 149 1681 328239 0 5.92 1.42 
2018/07/13 53.2 54.5 53.1 54.2 3682 6599 88 326275 149 1703 328127 0 5.91 1.33 
2018/07/16 54.3 54.4 52.8 52.9 1685 6881 100 325608 149 1684 327441 0 6.16 1.45 
2018/07/17 52.9 53.6 52.7 53.1 1397 7017 100 325442 149 1669 327260 0 6.28 1.43 
2018/07/18 54.1 54.3 52.5 52.6 2856 7622 91 323904 149 1707 325760 3 6.82 1.19 
2018/07/19 53.6 54.6 53 53.4 5900 7728 86 322324 149 1829 324302 18 6.92 1.11 
2018/07/20 53.5 55.8 53.5 55.8 5095 7844 103 322052 149 1778 323979 9 7.02 1.31 
2018/07/23 56.8 57.5 55 55.2 5047 7866 106 321710 149 1737 323596 17 7.04 1.35 
2018/07/24 55.2 55.7 54.3 55.7 1636 7785 100 321831 149 1738 323718 5 6.97 1.28 
2018/07/25 56 56.1 54.5 54.5 1951 8050 106 321244 149 1734 323127 2 7.21 1.32 
2018/07/26 54.7 55.3 54.4 54.8 2045 8048 166 322009 149 1745 323903 7 7.2 2.06 
2018/07/27 55.2 56.5 55.1 56.4 2642 8114 176 322268 149 1755 324172 1 7.26 2.17 
2018/07/30 56.7 58 56.1 56.5 3640 7973 134 322811 149 1812 324772 7 7.14 1.68 
