1995/02/03 34.2 34.2 34.2 34.2 1 
1995/02/10 36.5 42.9 36.5 42.9 6262 
1995/02/17 43 45.5 43 44.9 4695 
1995/02/24 44.9 45.6 43.3 44.5 2537 
1995/03/03 44 44 41.7 43.1 1358 
1995/03/10 43.2 43.2 41.2 41.2 977 
1995/03/17 41.8 42 41 41.5 1047 
1995/03/24 41.6 43.5 40.3 43.4 2163 
1995/03/31 43.2 44.5 42.9 44.5 1519 
1995/04/07 44.1 44.4 42.7 43.1 457 
1995/04/14 43.1 43.1 41.2 41.6 752 
1995/04/21 42 42.1 40.2 40.9 727 
1995/04/28 41 41 38.7 40.4 817 
1995/05/05 40.4 40.4 38.4 38.5 983 
1995/05/12 38.4 38.6 37 38.4 749 
1995/05/19 38.4 38.8 37.8 38 606 
1995/05/26 38.4 38.4 34.5 36.1 869 
1995/06/02 36.1 37.5 35.6 37.5 630 
1995/06/09 37.5 37.5 35.9 36.9 451 
1995/06/16 36.7 36.8 32.4 33.3 369 
1995/06/23 32.8 34 32.1 32.5 378 
1995/06/30 32.9 32.9 30.3 31 396 
1995/07/07 31.2 31.4 29.7 30.4 269 
1995/07/14 30.4 31.9 29.6 30.9 664 
1995/07/21 30.9 30.9 29.1 29.6 205 
1995/07/28 30.2 31.5 29.6 30 634 
1995/08/04 30 30.5 28.5 28.7 455 
1995/08/11 28.1 30.5 27.5 30 381 
1995/08/18 30 30.5 26.1 27 417 
1995/08/25 26.9 27.6 25.8 27.1 229 
1995/09/01 27 27 26.3 26.5 83 
1995/09/08 26.4 27 25.4 26.6 321 
1995/09/15 26.6 26.6 24.7 24.9 202 
1995/09/22 24.8 25.2 23.7 24.6 95 
1995/09/29 24.6 25.2 24.5 25 259 
1995/10/06 25.1 34.3 24.6 34.3 2317 
1995/10/13 34.3 34.3 31.3 31.3 2051 
1995/10/20 31.6 33.5 31.4 33 2068 
1995/10/27 33.1 34 32.6 33.9 3077 
1995/11/03 33.6 35 32.9 33.3 2737 
1995/11/10 33 34.2 32.4 32.5 3908 
1995/11/17 32.5 33.5 30.7 33.3 3028 
1995/11/24 32.9 33.2 31.1 32.3 313 
1995/12/01 32.5 33 30.9 31.9 720 
1995/12/08 31.7 34.4 30.3 34.2 5081 
1995/12/15 34 36.2 33 33.7 18709 
1995/12/22 33.7 34.1 30.5 31 9533 
1995/12/29 31.5 31.5 29.1 30.5 7177 
1996/01/05 30.8 31 26 26 4704 
1996/01/12 26.3 26.8 25 26 10890 
1996/01/19 26.2 26.9 25.8 26.1 4528 
1996/01/26 26.1 26.2 24.7 24.7 1533 
1996/02/02 24.7 24.7 22.7 23.7 1361 
1996/02/09 23.4 23.4 22 22.7 1222 
1996/02/16 23 23.3 22.5 22.6 833 
1996/02/23 23.2 23.2 22.5 22.6 125 
1996/03/01 22.6 22.8 21.8 22.4 764 
1996/03/08 22.4 22.5 21.1 21.9 1012 
1996/03/15 21.8 24.6 21 23.8 2685 
1996/03/22 24.2 24.2 23 23.4 1783 
1996/03/29 24 24.8 23.3 24.8 1707 
1996/04/05 25 26.1 24.8 25.8 2954 
1996/04/12 25.7 27.2 25.1 26.5 5564 
1996/04/19 25.5 26.5 24.1 25.6 4054 
1996/04/26 25.8 26.6 25.2 26 4312 
1996/05/03 26.3 26.6 25.5 25.7 3008 
1996/05/10 25.6 26 24.7 25.8 2642 
1996/05/17 25.5 27.8 25.4 27.2 10604 
1996/05/24 27.8 27.8 25.4 26.7 4832 
1996/05/31 26.7 27.5 26 27.3 5339 
1996/06/07 27.5 27.8 26.8 27.7 3943 
1996/06/14 27.7 27.7 26.5 26.9 3600 
1996/06/21 26.8 28.4 26.6 28 3236 
1996/06/28 28 28 26.6 27.5 3088 
1996/07/05 27.5 27.8 26.6 27.8 3032 
1996/07/12 27.6 29 27.3 28.4 7630 
1996/07/19 28.4 28.6 27.2 27.6 4879 
1996/07/26 27.7 28.4 27.5 28.1 4690 
1996/08/02 28.3 28.6 26.5 26.8 7421 
1996/08/09 23.5 27.8 23 24.8 13392 
1996/08/16 25.2 26.8 24 24.3 8298 
1996/08/23 24.3 25 23.3 24 5288 
1996/08/30 24.3 24.5 23.4 24.2 2744 
1996/09/06 23.5 24.1 23 24 2268 
1996/09/13 24.2 24.3 23.7 23.9 3132 
1996/09/20 23.9 25.1 23.8 24.8 4794 
1996/09/27 24.8 24.9 24.2 24.9 2560 
1996/10/04 24.9 26.2 24.3 25.3 7025 
1996/10/11 25.3 25.7 24.8 25.6 6093 
1996/10/18 25.8 26.4 25.2 25.6 9901 
1996/10/25 25.7 25.8 25.1 25.6 2466 
1996/11/01 25.6 26.3 25.2 26.2 5773 
1996/11/08 26.3 26.8 26.1 26.4 9044 
1996/11/15 26.5 28.5 26.4 28 14850 
1996/11/22 28.3 29.7 28.3 28.8 14956 
1996/11/29 28.7 31.7 28.1 31.3 17820 
1996/12/06 31.5 32.2 28.4 29.8 14198 
1996/12/13 29.5 30.9 28.3 28.6 9201 
1996/12/20 28.7 29.6 28.7 28.9 7170 
1996/12/27 29.1 29.2 28.2 28.8 4542 
1997/01/03 28.8 29.2 28 28.8 2236 
1997/01/10 28.8 33.5 28.2 33.2 22388 
1997/01/17 33.5 34.7 32.5 33.9 21133 
1997/01/24 34 34 31.3 31.6 12543 
1997/01/31 31.8 32.6 31.5 32.1 11808 
1997/02/07 32 32.5 32 32.5 1434 
1997/02/14 32.8 36.3 32.7 36 20135 
1997/02/21 36.4 40.7 35.6 40.1 35633 
1997/02/28 40.7 41.2 37.6 38 21204 
1997/03/07 37.8 42.4 37.2 40.1 27384 
1997/03/14 40.9 43.8 40.2 42 24219 
1997/03/21 42.2 43.1 40.5 42 20474 
1997/03/28 41.8 41.8 39 40.9 11592 
1997/04/04 40.6 41 39.2 39.5 9935 
1997/04/11 39.6 40.5 38 38 10721 
1997/04/18 38 41.9 37.5 40.9 25621 
1997/04/25 40.8 42.7 40.3 41.2 20949 
1997/05/02 41.5 43.5 40.5 42.5 26385 
1997/05/09 42.7 43.2 38.6 39.5 12982 
1997/05/16 40 40.5 37.1 38.7 9199 
1997/05/23 38 39.2 37.9 38.3 7147 
1997/05/30 37.6 38.5 33.8 35 13326 
1997/06/06 35.6 36.8 34.2 36.6 11665 
1997/06/13 37 37.9 35.9 36.6 8668 
1997/06/20 36.7 38.5 34.6 38.5 11770 
1997/06/27 37.2 39.8 37.2 39.7 6168 
1997/07/04 39.4 41.1 38.8 40.8 5740 
1997/07/11 40.3 42.5 39.6 42.4 9974 
1997/07/18 42.5 42.6 39.1 40.8 5821 
1997/07/25 40.7 41 33.9 34.1 5420 
1997/08/01 34.3 36.9 33.2 33.8 7948 
1997/08/08 33.5 34.2 32 32.3 8909 
1997/08/15 32.3 33 31.4 32.7 8678 
1997/08/22 32.9 33.4 31.5 32.4 6911 
1997/08/29 32.6 36.5 32 35 24666 
1997/09/05 35 35.3 31.6 32.4 7902 
1997/09/12 32.6 34.6 31.7 33.2 10196 
1997/09/19 33.4 34.4 32.3 32.9 10034 
1997/09/26 32.2 35 32.2 33.6 13586 
1997/10/03 33.8 34 32.2 33 5888 
1997/10/10 33.1 33.2 31.6 33.2 5588 
1997/10/17 33.4 34 31.1 32 9976 
1997/10/24 31.3 32.9 29.8 31.9 9002 
1997/10/31 31.6 32.5 30.3 31.8 5708 
1997/11/07 31.6 34 31.5 31.7 9896 
1997/11/14 31.2 37.5 31.2 34.9 19666 
1997/11/21 35 38 33.3 34.2 14276 
1997/11/28 34.2 34.2 32.1 33.9 18078 
1997/12/05 32.4 36.3 32.4 34.6 24574 
1997/12/12 34.6 39.9 34.4 37.1 41024 
1997/12/19 37.1 37.8 36 37.2 16306 
1997/12/26 37.4 38.5 36.1 37.8 12018 
1998/01/02 38.3 42.9 37.8 42.8 28601 
1998/01/09 42.8 44.5 40.6 44 35853 
1998/01/16 43.8 48.5 43.2 48.1 41607 
1998/01/23 48.3 51 46.3 50.5 21056 
1998/02/06 51 51 46.1 48 19106 
1998/02/13 48.5 55.5 47.4 53.5 22420 
1998/02/20 53.5 54 50 54 22621 
1998/02/27 54.5 66.5 52.5 65.5 37536 
1998/03/06 64.5 66.5 58 65.5 23504 
1998/03/13 65.5 70 64 68 25365 
1998/03/20 68 71 66 67 21729 
1998/03/27 67 72 65.5 71.5 20955 
1998/04/03 73.5 74 70.5 71.5 19426 
1998/04/10 71 74 70 71 11387 
1998/04/17 72 72 64 68 14021 
1998/04/24 68 68.5 64 68.5 11186 
1998/05/01 68.5 69 65 66.5 4192 
1998/05/08 67 71 67 70 12528 
1998/05/15 71 76.5 70 75.5 26053 
1998/05/22 76 83 76 81 25903 
1998/05/29 80 83 78 79.5 23709 
1998/06/05 79.5 80 69 78.5 28158 
1998/06/12 78.5 82.5 76 76.5 14226 
1998/06/19 76.5 86.5 75 86 26380 
1998/06/26 85.5 91.5 84 89.5 17538 
1998/07/03 90.5 90.5 85 87.5 7527 
1998/07/10 89 100 87 96 18565 
1998/07/17 95 108 95 104 21813 
1998/07/24 105 107 100 106 14248 
1998/07/31 106 106 83 86 27393 
1998/08/07 87 91 86.5 90.5 20722 
1998/08/14 92 92 82 86.5 19554 
1998/08/21 87 90.5 84.5 89 11078 
1998/08/28 88 89 84 87.5 9685 
1998/09/04 88 88 66 75.5 29093 
1998/09/11 75.5 78 73 75 10059 
1998/09/18 76 76 70.5 74.5 9546 
1998/09/25 75 76 71.5 73 7112 
1998/10/02 73 73 61 64 12882 
1998/10/09 64 64 53 57.5 11699 
1998/10/16 58 62.5 56.5 61 16220 
1998/10/23 61 64 59 62.5 11128 
1998/10/30 63 65 60 62.5 12471 
1998/11/06 63 69 63 64.5 20068 
1998/11/13 64.5 66 63 65 6402 
1998/11/20 65 69.5 64.5 65 14407 
1998/11/27 65 67.5 62.5 64.5 7964 
1998/12/04 64 65.5 63 63.5 3309 
1998/12/11 64.5 64.5 59 61.5 6633 
1998/12/18 62 62.5 54 55 5209 
1998/12/25 54 60.5 54 59 5938 
1999/01/01 59 59 55 57.5 8330 
1999/01/08 58.5 62 55.5 61 9147 
1999/01/15 61 67.5 60 66.5 16308 
1999/01/22 66.5 66.5 61.5 63 7289 
1999/01/29 62.5 62.5 49.8 52 9102 
1999/02/05 50.5 51 39 46.1 18721 
1999/02/12 49.3 52.5 48.1 52.5 18256 
1999/02/19 56 56 55 56 4372 
1999/02/26 57 58 50.5 52 11554 
1999/03/05 52 59.5 52 58.5 24448 
1999/03/12 58 58.5 56.5 56.5 8731 
1999/03/19 56.5 61.5 56.5 60 21904 
1999/03/26 60 63 58 60 10717 
1999/04/02 60 61.5 58 59.5 13953 
1999/04/09 59 65 59 63.5 25651 
1999/04/16 63.5 64 59 60 23616 
1999/04/23 60 60.5 56 58.5 13998 
1999/04/30 59 59 55 56.5 12286 
1999/05/07 56.5 60 54.5 59.5 20306 
1999/05/14 59.5 61 57 58 18786 
1999/05/21 58 63 57.5 61 23710 
1999/05/28 61.5 66 61.5 65.5 43681 
1999/06/04 66.5 67 62.5 63.5 24380 
1999/06/11 63.5 64 60 61 23941 
1999/06/18 61 61 56 57.5 11254 
1999/06/25 58 63 56 56.5 15504 
1999/07/02 56.5 59.5 55 59.5 13843 
1999/07/09 61 64.5 59 61 23299 
1999/07/16 62 63.5 49.3 49.3 15522 
1999/07/23 49.5 54.5 49.3 54 8331 
1999/07/30 54 55 45.5 45.5 10143 
1999/08/06 45.5 46.4 34.1 36.6 16424 
1999/08/13 39 39 36.4 37.9 13330 
1999/08/20 38.4 40.4 37.9 39.3 20272 
1999/08/27 39.3 40.4 38 39 17346 
1999/09/03 39 39 36.3 37 9472 
1999/09/10 37 38.3 36.1 37.1 9010 
1999/09/17 37.5 37.8 35.6 36 8752 
1999/09/24 36.2 36.3 35.5 35.6 345 
1999/10/01 34.4 34.4 31.8 32.2 6844 
1999/10/08 32.5 34.5 32.5 33.9 13460 
1999/10/15 34 35 33 33.9 14339 
1999/10/22 34.1 34.1 32 32.4 6453 
1999/10/29 32.4 32.8 31 31.6 8515 
1999/11/05 32 32 26 27.3 11916 
1999/11/12 27.3 28.2 26.6 27.9 7264 
1999/11/19 27.9 28.4 27 27.2 5206 
1999/11/26 27.5 30.3 27 27.3 8661 
1999/12/03 27.4 28.5 27.2 27.8 4719 
1999/12/10 27.9 28.4 26.5 27.3 6266 
1999/12/17 28.1 29.7 27 28.4 16825 
1999/12/24 28.6 29.6 27.6 29 21031 
1999/12/31 29.2 31.5 29.2 30.3 14654 
2000/01/07 31 31 28 29.5 15885 
2000/01/14 30.4 31.4 29.1 30.3 19269 
2000/01/21 30.6 34.9 30.4 32.4 25357 
2000/01/28 32.5 34.8 31.9 32.4 22353 
2000/02/04 32.8 32.8 32 32.4 3128 
2000/02/11 32.6 34.1 32.1 33.5 8699 
2000/02/18 33.8 36.1 33.3 35.6 32600 
2000/02/25 36.1 36.6 30.1 30.5 16417 
2000/03/03 30.7 31.5 29.2 30.7 8986 
2000/03/10 31 31 29.6 29.6 6453 
2000/03/17 29.6 29.6 26 28 5832 
2000/03/24 27.1 32.5 27.1 31.3 17419 
2000/03/31 31.1 32 30.3 31 11843 
2000/04/07 31.6 36.9 31 34 42149 
2000/04/14 34.1 44.5 33.6 39 75092 
2000/04/21 38 42.8 38 39.7 41187 
2000/04/28 39.7 39.9 32.8 33.8 22677 
2000/05/05 34.2 34.7 29.9 34.3 21034 
2000/05/12 34.3 36.1 32.5 35.1 15648 
2000/05/19 35.1 36 32.9 33.4 19133 
2000/05/26 34.2 34.2 31.1 32.5 7358 
2000/06/02 32.5 33.5 31.8 31.9 15045 
2000/06/09 32.5 33.3 31.7 32.1 13709 
2000/06/16 32.1 32.4 28 30.9 28893 
2000/06/23 30.9 31.5 28.7 29 11168 
2000/06/30 29.6 29.6 26.5 27.5 10345 
2000/07/07 27 28 26 26.7 13290 
2000/07/14 26.7 29.3 26.1 28.2 28867 
2000/07/21 28.3 28.7 26.9 28.5 18485 
2000/07/28 28.7 28.7 24.5 25.6 10919 
2000/08/04 26.1 26.1 22 22.6 11624 
2000/08/11 22.5 22.8 22 22 10793 
2000/08/18 22 22 16.9 18.4 22096 
2000/08/25 18.5 18.8 16.9 17.9 6084 
2000/09/01 17.1 17.7 14.25 15.9 19395 
2000/09/08 15.8 16.2 14.6 14.85 3476 
2000/09/15 14.85 15.6 13.85 14.8 3927 
2000/09/22 14.8 14.8 13 13.25 10075 
2000/09/29 13 13.25 11.35 11.35 4683 
2000/10/06 11 11.95 10.5 11.95 10105 
2000/10/13 12 12.45 10.25 10.85 2742 
2000/10/20 11.6 11.6 10 10.9 5223 
2000/10/27 10.85 11 10.25 10.5 3223 
2000/11/03 10.15 10.15 9.45 9.65 2436 
2000/11/10 9.35 10.4 9.15 10.4 3744 
2000/11/17 10.2 10.2 8.25 8.6 3777 
2000/11/24 8 8.5 7.75 8.25 3548 
2000/12/01 8 8.7 7.95 8.7 3103 
2000/12/08 8.75 9 8.3 8.65 1591 
2000/12/15 8.6 10.3 8.45 10.05 10986 
2000/12/22 10.35 10.8 9.95 10.6 6866 
2000/12/29 10.6 11.15 9.9 10.7 6821 
2001/01/05 10.6 11 10.2 10.65 4849 
2001/01/12 10.2 10.5 9.55 9.95 7013 
2001/01/19 9.9 10.3 9.7 10.1 5404 
2001/02/02 10.25 10.5 9.5 10.5 8443 
2001/02/09 10.8 12.05 10.5 12.05 27032 
2001/02/16 12.3 12.65 11 11.45 21143 
2001/02/23 10.65 11.75 10.65 11.1 13523 
2001/03/02 11.3 12.55 11.15 11.45 26617 
2001/03/09 11.2 11.8 10.9 11.1 10945 
2001/03/16 10.9 12.15 10.85 11.8 19912 
2001/03/23 11.75 12.35 11.1 11.9 24029 
2001/03/30 12 12.9 11.5 11.55 24973 
2001/04/06 11.7 11.9 11 11.35 6793 
2001/04/13 11 11.4 8.9 9.25 11402 
2001/04/20 9 9.2 8.2 8.35 8705 
2001/04/27 8.35 9.05 8 8.3 8386 
2001/05/04 8.2 8.4 6.9 6.9 5274 
2001/05/11 6.55 7.35 6.5 7.35 5353 
2001/05/18 7.3 7.55 6.9 7.45 2864 
2001/05/25 7.3 7.8 7 7.4 3213 
2001/06/01 7.5 9.2 7.5 8.35 12855 
2001/06/08 8.3 8.35 7.8 7.85 4361 
2001/06/15 8 8.75 7.85 8.55 6968 
2001/06/22 8.55 8.9 8.3 8.5 5159 
2001/06/29 8.5 8.6 7.1 7.4 3540 
2001/07/06 7.35 7.35 6.5 6.9 2873 
2001/07/13 6.9 7.2 6.5 6.5 2858 
2001/07/20 6.55 6.65 5.85 6.3 3691 
2001/07/27 6.2 6.3 5.65 6.2 4134 
2001/08/03 6.2 6.2 5.85 6.15 1184 
2001/08/10 6.1 6.25 5.8 6.1 2172 
2001/08/17 6.05 6.8 6.05 6.65 6269 
2001/08/24 6.65 7.1 6.5 6.5 6909 
2001/08/31 6.3 6.55 6.1 6.45 4679 
2001/09/07 6.45 6.7 5.9 6 4537 
2001/09/14 5.8 5.8 4.7 4.7 3301 
2001/09/21 4.56 4.65 4.48 4.55 3503 
2001/09/28 4.31 4.7 4.25 4.68 4174 
2001/10/05 4.6 4.66 4.48 4.64 1883 
2001/10/12 4.5 4.92 4.34 4.92 1837 
2001/10/19 4.9 5.3 4.85 5.1 1538 
2001/10/26 5.1 5.3 4.95 5.1 1789 
2001/11/02 5.05 5.05 4.7 4.77 696 
2001/11/09 4.8 5.45 4.71 5.1 3375 
2001/11/16 5 5.4 5 5.2 2083 
2001/11/23 5.25 5.85 5.1 5.2 2997 
2001/11/30 5 5.2 4.55 4.7 1879 
2001/12/07 4.9 5.25 4.65 5.2 3177 
2001/12/14 5.2 5.7 5 5.4 5380 
2001/12/21 5.3 5.75 5.05 5.05 4077 
2001/12/28 5.1 5.4 5.1 5.3 2913 
2002/01/04 5.3 5.7 5.2 5.7 4898 
2002/01/11 5.95 7.1 5.9 6.55 16244 
2002/01/18 6.5 6.5 5.85 6.2 4915 
2002/01/25 6.2 6.4 6 6.25 3176 
2002/02/01 6.35 6.95 6.15 6.55 7050 
2002/02/08 6.6 6.6 6.05 6.25 1452 
2002/02/22 6.35 6.4 5.9 6.05 2290 
2002/03/01 6.05 6.1 5.85 5.95 1470 
2002/03/08 6.15 6.4 5.95 6.3 4135 
2002/03/15 6.4 7.25 6.3 6.7 8198 
2002/03/22 6.7 7.75 6.6 7.45 11635 
2002/03/29 7.45 8.45 7.1 7.35 15853 
2002/04/05 7.25 8.45 7.25 8.45 15959 
2002/04/12 8.8 9.6 8.1 8.8 30193 
2002/04/19 8.85 9.6 8.8 9.4 14849 
2002/04/26 9.5 10.35 9 9.75 19834 
2002/05/03 9.75 9.85 8.35 8.8 7905 
2002/05/10 8.8 9.05 8.15 8.75 5715 
2002/05/17 8.8 10.2 8.2 9.8 13673 
2002/05/24 9.8 10 8.3 9.2 13146 
2002/05/31 9 10.3 8.9 10.3 16787 
2002/06/07 10.7 11.65 10 10.6 41995 
2002/06/14 10.7 13.5 10.4 13 49429 
2002/06/21 13.3 13.9 12.2 13.25 28165 
2002/06/28 13.3 13.4 10.6 11.55 19980 
2002/07/05 11.55 12.7 10.8 12.3 18786 
2002/07/12 12.6 12.6 10.7 11.05 12880 
2002/07/19 11.1 11.2 10.4 10.6 11632 
2002/07/26 10.5 10.5 9.3 9.35 8077 
2002/08/02 9.45 9.95 9.35 9.55 4412 
2002/08/09 9 9 8 8.1 7331 
2002/08/16 8.2 9.1 7.75 8.7 14246 
2002/08/23 8.95 9.7 8.85 9.1 18428 
2002/08/30 9.1 9.8 9 9.45 9310 
2002/09/06 9.2 9.4 8.1 8.1 5810 
2002/09/13 8 9.2 8 8.5 5708 
2002/09/20 8.3 9.2 8.3 8.8 4710 
2002/09/27 9.2 9.4 8.45 8.85 11311 
2002/10/04 8.7 8.9 8.25 8.55 3793 
2002/10/11 8.45 8.65 7.9 8.3 2332 
2002/10/18 8.3 8.9 8.1 8.85 5822 
2002/10/25 8.85 10.45 8.8 9.9 20313 
2002/11/01 10 11.8 9.9 11.4 26998 
2002/11/08 11.6 12.2 11.1 12.15 23339 
2002/11/15 12.5 13 12.2 12.65 21921 
2002/11/22 12.65 13 11.5 12.2 16274 
2002/11/29 12.45 12.55 11.9 12.45 13502 
2002/12/06 12.5 12.8 11.9 12 10622 
2002/12/13 12.2 13.4 11.65 11.65 29004 
2002/12/20 11.55 11.95 11.05 11.5 8984 
2002/12/27 11.5 11.7 10.95 11.7 6964 
2003/01/03 11.5 12.1 11.3 11.8 6811 
2003/01/10 11.8 12.35 11.65 11.65 11018 
2003/01/17 11.65 13.1 11.5 12.7 28011 
2003/01/24 12.9 15.7 12.75 14.9 60530 
2003/01/31 15 15.2 13.7 14.4 11325 
2003/02/07 14.8 14.8 12.65 12.7 8060 
2003/02/14 12.7 13.15 11.35 11.75 18049 
2003/02/21 11.95 12.5 11.65 11.9 9884 
2003/02/28 12 12.3 11.45 11.55 4560 
2003/03/07 11.65 13.45 11.6 12.7 21693 
2003/03/14 12.7 12.8 11.9 12.55 11984 
2003/03/21 12.45 12.7 11.75 12.1 8647 
2003/03/28 12.2 12.3 11.9 12.1 3074 
2003/04/04 12 12 11.3 12 5300 
2003/04/11 12 12.8 11.85 12.8 18919 
2003/04/18 13 13.95 12.8 13.95 36348 
2003/04/25 14 14.05 12.45 12.8 15519 
2003/05/02 12.5 13.4 11.95 13.1 12195 
2003/05/09 13.3 13.9 12.9 13.55 10749 
2003/05/16 13.8 13.95 13.15 13.3 11273 
2003/05/23 13.3 13.7 12.6 13.3 6064 
2003/05/30 13.5 15.2 13.35 15 38526 
2003/06/06 15.1 15.1 14.05 14.4 12414 
2003/06/13 14.3 15.3 13.85 15 20370 
2003/06/20 15 15.2 13.8 13.95 13486 
2003/06/27 14.2 15.7 14.1 15 30172 
2003/07/04 15 15.5 14.75 15 9229 
2003/07/11 15.1 15.7 14.7 14.9 8270 
2003/07/18 15 15.3 14.6 14.6 6788 
2003/07/25 14.65 14.75 14.05 14.1 6168 
2003/08/01 14.15 14.5 13.9 14.05 5725 
2003/08/08 14 14.15 13.25 13.5 5539 
2003/08/15 13.5 13.75 12.8 13.4 9464 
2003/08/22 13.1 13.8 13.1 13.55 6669 
2003/08/29 13.55 13.6 13 13.45 3507 
2003/09/05 13.3 14.1 13.25 13.35 10105 
2003/09/12 13.35 13.35 12.45 12.6 3912 
2003/09/19 12.6 12.95 12.5 12.7 4276 
2003/09/26 12.8 12.85 12.05 12.15 6765 
2003/10/03 12.15 12.35 11.8 12.35 5848 
2003/10/10 12.3 12.7 12.2 12.6 4576 
2003/10/17 12.55 12.65 12.15 12.4 3833 
2003/10/24 12.4 12.8 12.15 12.35 5248 
2003/10/31 12.35 13 12.3 12.5 7521 
2003/11/07 12.45 12.7 12.2 12.35 4801 
2003/11/14 12.3 12.35 12 12.2 3426 
2003/11/21 12.2 12.2 11.4 12 3917 
2003/11/28 11.9 12.3 11.6 12.05 11375 
2003/12/05 12.05 12.2 11.8 11.9 9587 
2003/12/12 11.8 11.95 11.65 11.7 2651 
2003/12/19 11.8 11.85 11.5 11.7 2002 
2003/12/26 11.7 12.25 11.55 12.05 10314 
2004/01/02 11.95 12.15 11.85 12.05 7459 
2004/01/09 12 12.6 11.85 12.3 14584 
2004/01/16 12.3 12.4 12.1 12.3 6951 
2004/01/30 12.4 12.55 12.2 12.45 6112 
2004/02/06 12.4 12.9 12.2 12.45 13174 
2004/02/13 12.5 13.95 12.5 12.9 31669 
2004/02/20 12.9 13.55 12.7 13.3 15745 
2004/02/27 13.45 16 13.45 16 40156 
2004/03/05 16.5 16.5 15.3 15.6 31073 
2004/03/12 15.9 16.4 14.75 15 33210 
2004/03/19 15.3 15.3 13.75 14.4 11872 
2004/03/26 13.4 13.45 12.6 13 8132 
2004/04/02 13.1 13.8 13.05 13.6 11401 
2004/04/09 13.6 14.25 13.1 13.1 17636 
2004/04/16 13.2 13.5 13.15 13.2 6324 
2004/04/23 13.2 13.3 12.8 12.95 5586 
2004/04/30 12.8 12.8 11.45 12 6267 
2004/05/07 12 12.1 11.3 11.75 4574 
2004/05/14 11.65 12.25 11.45 11.95 3578 
2004/05/21 11.85 12.3 11.05 12.3 5285 
2004/05/28 12.2 12.3 11.8 11.95 2471 
2004/06/04 11.9 11.9 11.3 11.6 1212 
2004/06/11 11.6 11.75 11.3 11.6 1194 
2004/06/18 11.6 11.6 10.7 11 3585 
2004/06/25 11 11 10.3 10.65 2659 
2004/07/02 10.55 10.8 10.3 10.75 2183 
2004/07/09 10.55 10.7 10.5 10.7 1230 
2004/07/16 10.7 11.05 10.6 10.85 2057 
2004/07/23 10.6 10.8 10.3 10.55 1341 
2004/07/30 10.45 10.6 10.4 10.5 1077 
2004/08/06 10.5 10.65 10.25 10.5 1171 
2004/08/13 10.35 10.5 10.2 10.4 952 
2004/08/20 10.4 10.4 10.05 10.3 1882 
2004/08/27 10.3 10.5 10.15 10.35 906 
2004/09/03 10.25 11.95 10.25 11.95 6014 
2004/09/10 11.9 12.15 11.65 11.8 4499 
2004/09/17 11.8 11.9 11.5 11.65 2925 
2004/09/24 11.65 12.15 11.5 12.1 2713 
2004/10/01 12 12.55 11.9 12.55 3786 
2004/10/08 12.55 12.85 12.15 12.45 4576 
2004/10/15 12.45 12.75 12.2 12.35 2854 
2004/10/22 12.4 12.4 12.2 12.3 1120 
2004/10/29 12 12.2 11.9 12 767 
2004/11/05 12 12.2 11.7 12.2 1425 
2004/11/12 12.1 12.15 11.9 12 665 
2004/11/19 12 12 11.5 11.9 1647 
2004/11/26 11.8 11.85 11.5 11.8 1165 
2004/12/03 11.6 11.75 11.55 11.65 697 
2004/12/10 11.55 11.65 11.2 11.35 533 
2004/12/17 11.35 11.35 10.9 11.1 954 
2004/12/24 10.9 11.3 10.9 11.3 941 
2004/12/31 11.2 11.3 11.15 11.3 1126 
2005/01/07 11.2 11.25 10.9 10.9 765 
2005/01/14 10.9 11 10.1 10.45 1069 
2005/01/21 10 10.6 10 10.3 648 
2005/01/28 10.25 10.25 9.6 10 1271 
2005/02/04 10.05 10.85 9.9 10.75 1065 
2005/02/18 10.85 11.45 10.6 11.3 3056 
2005/02/25 11.45 12.05 11.2 11.35 6204 
2005/03/04 11.4 11.45 11 11.1 2566 
2005/03/11 11.1 11.25 10.5 10.5 3039 
2005/03/18 10.5 10.7 10.35 10.5 1798 
2005/03/25 10.5 10.5 10.2 10.25 1390 
2005/04/01 10.25 10.25 10 10.1 1231 
2005/04/08 10.05 10.1 9.9 10 1226 
2005/04/15 10 10.15 9.9 10 1165 
2005/04/22 10 10.05 9.85 10 815 
2005/04/29 10 10.45 9.9 10.2 2048 
2005/05/06 10.05 10.15 9.8 10 1501 
2005/05/13 9.9 10 9.83 10 1245 
2005/05/20 9.99 9.99 9.7 9.95 1312 
2005/05/27 9.9 9.93 9.72 9.87 1033 
2005/06/03 9.87 9.87 9.56 9.67 1247 
2005/06/10 9.67 9.85 9.6 9.83 1913 
2005/06/17 9.76 9.84 9.67 9.81 1857 
2005/06/24 9.81 9.95 9.71 9.95 2508 
2005/07/01 9.95 10.6 9.76 9.99 2074 
2005/07/08 10 10.05 9.56 9.56 1721 
2005/07/15 9.58 9.59 9.5 9.55 1775 
2005/07/22 9.54 9.57 9.11 9.56 2238 
2005/07/29 8.96 8.96 8.79 8.9 1579 
2005/08/05 8.91 8.91 8.73 8.73 788 
2005/08/12 8.9 8.9 8.63 8.77 1320 
2005/08/19 8.77 8.77 8.66 8.69 1032 
2005/08/26 8.7 8.7 8.58 8.66 952 
2005/09/02 8.66 8.66 8.46 8.55 897 
2005/09/09 8.55 8.55 8.45 8.5 1047 
2005/09/16 8.51 8.51 8.25 8.36 2275 
2005/09/23 8.45 8.45 8.33 8.43 1034 
2005/09/30 8.44 8.44 8.32 8.4 965 
2005/10/07 8.4 8.4 8.25 8.3 1187 
2005/10/14 8.29 8.31 8.22 8.29 713 
2005/10/21 8.3 8.3 8.1 8.2 1297 
2005/10/28 8.19 8.27 8 8.15 1171 
2005/11/04 8.15 8.15 8.05 8.13 1232 
2005/11/11 8.13 8.3 8.06 8.13 1059 
2005/11/18 8.13 8.13 8.08 8.13 893 
2005/11/25 8.13 8.13 8.07 8.1 781 
2005/12/02 8.1 8.1 8.05 8.1 654 
2005/12/09 8.1 8.1 8.02 8.09 783 
2005/12/16 8.09 8.13 8.04 8.1 663 
2005/12/23 8.1 8.21 8.03 8.2 1065 
2005/12/30 8.19 8.19 8.03 8.1 830 
2006/01/06 8.1 8.12 8.01 8.09 1076 
2006/01/13 8.1 8.11 8 8.05 1240 
2006/01/20 8.05 8.05 7.91 8.02 832 
2006/01/27 8.01 8.05 7.95 8.05 1055 
2006/02/03 8.05 8.05 7.91 8.05 245 
2006/02/10 8.04 8.1 7.91 8.01 1155 
2006/02/17 8.01 8.01 7.85 7.91 937 
2006/02/24 7.91 7.98 7.75 7.85 1226 
2006/03/03 7.85 7.85 7.71 7.75 786 
2006/03/10 7.75 7.75 7.35 7.45 1542 
2006/03/17 7.44 7.47 7.1 7.18 1252 
2006/03/24 7.17 7.18 7.1 7.1 834 
2006/03/31 7.11 7.14 7.03 7.12 1051 
2006/04/07 7.12 7.14 7.08 7.14 793 
2006/04/14 7.13 7.57 7.07 7.57 2024 
2006/04/21 7.58 8.08 7.57 7.64 1916 
2006/04/28 7.65 7.65 7.45 7.57 808 
2006/05/05 7.57 7.63 7.49 7.62 1240 
2006/05/12 7.63 8.2 7.55 8.13 3194 
2006/05/19 8.13 8.45 7.8 8.03 2010 
2006/05/26 8.01 8.03 7.6 7.8 874 
2006/06/02 7.78 7.82 7.62 7.79 513 
2006/06/09 7.78 7.78 7.5 7.59 723 
2006/06/16 7.59 7.59 7.41 7.54 893 
2006/06/23 7.54 7.54 6.92 6.92 1409 
2006/06/30 6.92 7.01 6.91 7 1693 
2006/07/07 6.99 6.99 6.63 6.75 1331 
2006/07/14 6.82 6.82 6.64 6.73 1071 
2006/07/21 6.73 6.73 6.08 6.26 1359 
2006/07/28 6.13 6.27 6.13 6.27 999 
2006/08/04 6.27 6.46 6.26 6.46 1017 
2006/08/11 6.46 6.5 6.36 6.47 928 
2006/08/18 6.47 6.65 6.38 6.65 1157 
2006/08/25 6.65 6.73 6.45 6.73 1284 
2006/09/01 6.73 7.44 6.69 7.42 1644 
2006/09/08 7.43 7.47 7.24 7.3 973 
2006/09/15 7.3 7.3 7 7.15 1328 
2006/09/22 7.15 7.19 7.01 7.17 1253 
2006/09/29 7.17 7.49 7.16 7.48 1264 
2006/10/06 7.48 8.29 7.38 8.21 1796 
2006/10/13 8.23 8.55 8.2 8.39 2518 
2006/10/20 8.39 8.67 8.38 8.67 1899 
2006/10/27 8.68 9.31 8.65 8.85 2481 
2006/11/03 8.8 9.13 8.57 9.06 1717 
2006/11/10 8.95 9.06 8.62 8.7 1570 
2006/11/17 8.7 8.74 8.35 8.7 1354 
2006/11/24 8.68 8.84 8.62 8.8 1455 
2006/12/01 8.8 8.94 8.35 8.45 1690 
2006/12/08 8.46 8.95 8.46 8.73 1884 
2006/12/15 8.73 10.3 8.7 10.3 4475 
2006/12/22 11 11.75 10.6 11.4 11196 
2006/12/29 11.4 12.05 11.2 11.45 6635 
2007/01/05 11.55 11.65 11 11.2 2883 
2007/01/12 11.2 11.2 10 10 2220 
2007/01/19 10 10.15 8.7 9.92 5085 
2007/01/26 9.95 9.99 9.3 9.45 2134 
2007/02/02 9.45 9.5 9 9.12 1026 
2007/02/09 9.11 9.95 8.92 9.81 1599 
2007/02/16 9.85 9.86 9.36 9.46 1425 
2007/03/02 9.5 10.3 9.5 9.82 2505 
2007/03/09 9.8 9.8 9.14 9.39 1521 
2007/03/16 9.39 10.85 9.39 10.7 6643 
2007/03/23 10.8 11.4 10.7 10.95 7076 
2007/03/30 10.95 12.8 10.8 12.3 17316 
2007/04/06 12.5 13.8 12.5 13.05 13523 
2007/04/13 13.05 13.5 12.35 12.65 7831 
2007/04/20 12.7 13.2 11.65 11.95 4719 
2007/04/27 12 12.15 11.4 11.55 3270 
2007/05/04 11.6 11.6 9.95 10.4 4264 
2007/05/11 10.5 11.1 10 10.55 5409 
2007/05/18 10.55 11.9 10.35 11.75 8854 
2007/05/25 11.4 11.95 11.05 11.45 4368 
2007/06/01 11.4 11.4 10.65 10.8 2572 
2007/06/08 10.8 11.05 10.35 10.6 2594 
2007/06/15 10.6 10.9 10.5 10.65 2594 
2007/06/22 10.65 10.9 10.4 10.5 3369 
2007/06/29 10.55 12.05 10.55 11.45 8938 
2007/07/06 11.4 12.5 11.1 12.5 9377 
2007/07/13 12.8 13.25 11.6 13.25 11581 
2007/07/20 14.15 17.5 13.85 15.85 68651 
2007/07/27 15.1 16.2 13.4 13.4 28904 
2007/08/03 13.4 14.25 12.5 12.6 11404 
2007/08/10 12.5 13.35 12 12.35 9461 
2007/08/17 12.45 12.95 10.55 10.55 9053 
2007/08/24 11 11.25 10.2 10.75 6114 
2007/08/31 10.95 11.7 10.5 11.7 4729 
2007/09/07 12.5 12.5 11 11.8 7103 
2007/09/14 11.65 12.2 11.5 11.85 3701 
2007/09/21 11.85 12 11.1 11.65 3976 
2007/09/28 11.6 12.2 11.45 12 3900 
2007/10/05 12.15 12.15 11.55 11.7 3273 
2007/10/12 11.65 11.8 10.65 10.8 2714 
2007/10/19 10.8 10.9 10.5 10.75 2510 
2007/10/26 10.3 10.7 10.25 10.3 2214 
2007/11/02 10.35 10.85 9.61 9.9 3596 
2007/11/09 9.62 9.88 8.35 8.4 3894 
2007/11/16 7.82 8.8 7.71 8.8 4410 
2007/11/23 8.8 9.26 8.51 8.73 2499 
2007/11/30 8.75 8.97 8.2 8.34 2024 
2007/12/07 8.34 9.5 8.34 9.12 2329 
2007/12/14 9.15 9.16 8.04 8.04 1410 
2007/12/21 8.04 8.23 7 7.37 4057 
2007/12/28 7.51 8 7.37 7.9 1346 
2008/01/04 7.9 8.25 7.7 8.05 1283 
2008/01/11 8 8.1 7.72 8 1008 
2008/01/18 8.05 8.5 7.72 7.95 1512 
2008/01/25 7.94 8.06 6.91 7.24 1794 
2008/02/01 7.08 7.3 6.9 7.1 790 
2008/02/15 7.1 7.5 7 7.41 583 
2008/02/22 7.5 7.9 7.5 7.86 1068 
2008/02/29 7.96 8.91 7.9 8.91 2237 
2008/03/07 8.83 10.4 8.8 9.1 9077 
2008/03/14 9.19 9.22 8.4 8.51 2126 
2008/03/21 8.48 8.97 8.48 8.72 2004 
2008/03/28 9.28 9.52 8.76 9 3480 
2008/04/04 9.12 9.12 8.71 8.72 637 
2008/04/11 8.8 9.25 8.75 8.86 1974 
2008/04/18 8.71 9.2 8.4 9.11 2120 
2008/04/25 9.4 9.4 8.7 8.78 1516 
2008/05/02 8.78 8.78 8.3 8.3 1248 
2008/05/09 8.2 8.33 7.7 7.84 2045 
2008/05/16 7.84 8.98 7.76 8.63 5471 
2008/05/23 8.7 8.77 8.2 8.42 1648 
2008/05/30 8.42 8.6 7.61 7.75 1311 
2008/06/06 7.61 8.25 7.6 7.76 1408 
2008/06/13 7.55 8.02 7.05 7.26 4053 
2008/06/20 7.27 8.1 7.27 7.92 3343 
2008/06/27 8.47 8.79 7.1 7.13 10202 
2008/07/04 7.13 7.35 6.2 6.9 6930 
2008/07/11 6.9 7 6.45 6.78 2719 
2008/07/18 6.78 6.88 5.77 5.77 4056 
2008/07/25 5.4 6.3 5.4 5.92 3278 
2008/08/01 5.87 6.1 5.64 5.77 1924 
2008/08/08 5.76 5.88 5.55 5.77 1750 
2008/08/15 5.84 6.19 5.6 5.89 3822 
2008/08/22 5.95 5.97 5.22 5.3 2793 
2008/08/29 5.3 5.48 5.27 5.34 1132 
2008/09/05 5.33 5.33 4.19 4.3 5760 
2008/09/12 4.5 4.55 3.91 4.2 2005 
2008/09/19 4.19 4.37 3.57 3.9 3964 
2008/09/26 3.83 4.25 3.71 4.04 1740 
2008/10/03 3.76 4.01 3.55 3.82 852 
2008/10/10 3.7 3.95 3.4 3.6 1228 
2008/10/17 3.6 3.71 3.44 3.49 1519 
2008/10/24 3.37 3.61 3.19 3.19 1375 
2008/10/31 2.97 3.15 2.54 3.09 3129 
2008/11/07 3.1 3.35 2.9 3.16 1757 
2008/11/14 3.13 3.28 3 3.1 1472 
2008/11/21 2.91 3.22 2.91 3.1 1075 
2008/11/28 3.1 3.15 3.01 3.13 759 
2008/12/05 2.94 3.1 2.94 3.02 679 
2008/12/12 2.95 3.5 2.95 3.5 1401 
2008/12/19 3.72 4 3.45 3.5 3429 
2008/12/26 3.5 3.53 2.98 3.12 1028 
2009/01/02 3.12 3.17 3.07 3.09 618 
2009/01/09 3.08 3.23 3 3.06 844 
2009/01/16 3.02 3.22 2.98 3.05 1444 
2009/01/23 3.05 3.1 2.86 3.1 489 
2009/02/06 3.04 3.3 2.94 3.3 831 
2009/02/13 3.3 3.3 2.94 3 527 
2009/02/20 3 3.15 2.95 3.03 774 
2009/02/27 2.98 3.07 2.95 3.07 307 
2009/03/06 3.09 3.49 2.98 3.48 1205 
2009/03/13 3.52 3.98 3.3 3.5 4245 
2009/03/20 3.53 3.86 3.53 3.7 1792 
2009/03/27 3.68 4.05 3.66 3.96 1499 
2009/04/03 3.96 4.06 3.72 3.97 1731 
2009/04/10 3.99 4.9 3.99 4.73 5396 
2009/04/17 4.73 5.11 4.51 4.71 2612 
2009/04/24 4.51 5.17 4.42 5.08 1692 
2009/05/01 4.95 5.04 4.35 4.9 1385 
2009/05/08 4.6 5.02 4.6 4.79 1469 
2009/05/15 4.7 5.05 4.5 5.05 3179 
2009/05/22 5.13 5.55 4.91 5.1 2178 
2009/05/29 5.1 5.12 4.77 5.1 1184 
2009/06/05 5.21 6.74 5.1 6.74 8564 
2009/06/12 7.21 7.21 6.13 6.38 10521 
2009/06/19 6.3 6.38 5.58 5.86 3178 
2009/06/26 5.85 6.53 5.6 6.35 2981 
2009/07/03 6.35 6.4 5.9 6.04 2102 
2009/07/10 6.05 6.22 5.93 6.22 1742 
2009/07/17 6.28 7.04 6.01 6.9 2980 
2009/07/24 6.9 7.38 6.61 7.38 3905 
2009/07/31 7.38 7.6 7.05 7.5 3761 
2009/08/07 7.59 7.61 6.66 7 1717 
2009/08/14 6.76 7.2 6.76 7.1 1603 
2009/08/21 7.07 7.9 6.74 7.88 8371 
2009/08/28 7.95 8.3 7.78 7.98 5175 
2009/09/04 7.43 8.06 7.43 7.7 2563 
2009/09/11 7.72 8.34 7.65 8.01 3505 
2009/09/18 8.01 8.15 7.9 8.01 2503 
2009/09/25 8.01 8.33 8 8.16 2426 
2009/10/02 8.16 9.28 8.03 9.14 3299 
2009/10/09 9.14 10.2 9 10.1 3165 
2009/10/16 10.1 10.15 9.38 9.66 2512 
2009/10/23 9.41 9.76 9.41 9.68 1689 
2009/10/30 9.67 10.05 9.31 10 2963 
2009/11/06 9.9 10.8 9.59 10.3 3815 
2009/11/13 10.4 10.8 10 10.65 7079 
2009/11/20 10.65 11.05 10.45 10.65 6544 
2009/11/27 10.75 10.75 9.94 10.4 6056 
2009/12/04 10.3 10.9 9.91 9.96 7158 
2009/12/11 9.96 10.1 9.7 9.91 3731 
2009/12/18 10.3 10.9 10 10.05 9497 
2009/12/25 10.2 10.35 9.83 9.98 5053 
2010/01/01 10.05 10.25 9.92 10.1 3583 
2010/01/08 10 10.5 9.84 10.45 6308 
2010/01/15 10.6 10.75 9.99 10.1 9893 
2010/01/22 10 10.4 9.74 9.74 4334 
2010/01/29 9.6 9.85 8.93 9.09 2538 
2010/02/05 9.09 9.09 7.92 8.28 2292 
2010/02/12 8 8.77 8 8.72 1709 
2010/02/26 8.8 8.84 8.4 8.67 1680 
2010/03/05 8.67 9.05 8.58 8.94 2384 
2010/03/12 8.94 10.15 8.9 10.05 5686 
2010/03/19 10.2 10.3 9.91 10.3 4461 
2010/03/26 10.3 10.3 10 10.2 3308 
2010/04/02 10.05 12 10.05 11.5 15674 
2010/04/09 11.55 12.8 10.9 12.55 18118 
2010/04/16 12.55 12.95 11.55 11.6 10979 
2010/04/23 11.3 12.6 10.6 12.5 10986 
2010/04/30 12.65 13.1 11.7 12 8261 
2010/05/07 11.9 12.9 11.5 12.8 6266 
2010/05/14 12.6 13.5 12.45 13.15 8933 
2010/05/21 13 13 11.55 12.35 4360 
2010/05/28 12.35 12.4 11.3 12.15 2485 
2010/06/04 12.15 12.6 11.7 12.5 2522 
2010/06/11 12.2 12.2 11.4 11.8 1912 
2010/06/18 11.5 11.7 11.05 11.45 2261 
2010/06/25 11.05 12.35 11.05 12.35 6510 
2010/07/02 12.4 12.45 11.05 11.4 2792 
2010/07/09 11.6 11.65 11.15 11.2 2913 
2010/07/16 11.2 11.9 11.1 11.5 2698 
2010/07/23 11.55 11.55 11.2 11.2 3004 
2010/07/30 11.2 11.4 11.05 11.25 2300 
2010/08/06 11.25 11.7 11.15 11.4 3467 
2010/08/13 11.5 11.6 11.05 11.2 4034 
2010/08/20 11.2 11.45 11.1 11.2 3089 
2010/08/27 11 11.2 10.1 10.25 3257 
2010/09/03 10.25 10.4 9.31 10.4 2579 
2010/09/10 10.4 10.55 9.93 10.05 2214 
2010/09/17 10.05 10.7 9.96 10.55 2888 
2010/09/24 10.35 10.5 10.1 10.15 1394 
2010/10/01 10.15 10.35 10.15 10.2 1240 
2010/10/08 10.2 10.35 10 10.1 1816 
2010/10/15 10.1 10.2 9.8 9.8 2025 
2010/10/22 9.8 9.92 9.33 9.85 1364 
2010/10/29 9.61 10.2 9.61 10.1 1151 
2010/11/05 10.1 10.5 9.91 10 1832 
2010/11/12 9.97 10 9.87 9.92 473 
2010/11/19 9.9 10.1 9.9 10.1 1343 
2010/11/26 10.1 10.4 9.9 10.35 1898 
2010/12/03 10.4 10.4 9.98 10 1147 
2010/12/10 10 10 9.8 9.85 1392 
2010/12/17 9.85 10.05 9.75 9.93 1710 
2010/12/24 9.93 10.05 9.77 10 1505 
2010/12/31 10 10.3 9.8 9.97 3931 
2011/01/07 10.05 11.05 9.97 10.1 7729 
2011/01/14 10.15 10.3 9.95 9.97 2953 
2011/01/21 9.97 10 9.84 9.89 1365 
2011/01/28 9.89 9.95 9.76 9.83 1040 
2011/02/11 9.16 9.85 8.81 9.04 1083 
2011/02/18 9 9.07 8.9 8.9 717 
2011/02/25 8.92 8.95 7.9 8.22 1695 
2011/03/04 8.62 8.62 8.18 8.38 2046 
2011/03/11 8.4 8.4 8 8.12 1871 
2011/03/18 8.01 8.1 7.45 7.68 1208 
2011/03/25 7.68 8.32 7.67 8.1 1383 
2011/04/01 8.1 8.1 7.81 7.93 472 
2011/04/08 7.93 8.22 7.88 8.2 768 
2011/04/15 8.22 8.22 8 8.13 573 
2011/04/22 8.07 8.19 7.89 8.19 1250 
2011/04/29 8.19 8.23 7.95 8.02 846 
2011/05/06 8 8 7.61 7.8 990 
2011/05/13 7.66 7.8 7.2 7.29 1559 
2011/05/20 7.28 7.62 7.08 7.1 3004 
2011/05/27 7 7.05 6.43 6.43 2425 
2011/06/03 6.32 6.43 6.1 6.22 2299 
2011/06/10 6.22 6.22 5.91 6 1662 
2011/06/17 6 6 5.26 5.3 5035 
2011/06/24 5.35 5.35 4.8 5.3 6019 
2011/07/01 5.26 5.62 5.09 5.35 7183 
2011/07/08 5.38 5.39 5.15 5.35 1591 
2011/07/15 5.33 5.36 5.11 5.35 1128 
2011/07/22 5.35 5.85 5.27 5.7 3609 
2011/07/29 5.7 5.73 5.52 5.66 1051 
2011/08/05 5.66 5.78 5.19 5.25 1777 
2011/08/12 5.25 5.27 4.73 5.05 2083 
2011/08/19 5.05 5.27 4.91 5.08 764 
2011/08/26 5.1 5.16 4.81 5.07 699 
2011/09/02 5.07 5.13 5 5.1 632 
2011/09/09 5.01 5.03 4.82 5.01 522 
2011/09/16 5 5 4.75 4.96 634 
2011/09/23 4.96 4.96 4.51 4.81 745 
2011/09/30 4.75 4.78 4.5 4.63 393 
2011/10/07 4.65 4.65 4.35 4.44 959 
2011/10/14 4.44 4.55 4.44 4.53 494 
2011/10/21 4.53 4.56 4.35 4.55 950 
2011/10/28 4.55 4.71 4.5 4.6 1639 
2011/11/04 4.62 4.73 4.45 4.73 1056 
2011/11/11 4.73 4.76 4.5 4.57 703 
2011/11/18 4.57 4.94 4.56 4.79 1050 
2011/11/25 4.78 4.82 4.3 4.5 1039 
2011/12/02 4.49 4.72 4.45 4.72 557 
2011/12/09 4.72 4.79 4.6 4.72 626 
2011/12/16 4.65 4.69 4.53 4.65 509 
2011/12/23 4.6 4.7 4.51 4.7 375 
2011/12/30 4.65 4.82 4.52 4.8 1232 
2012/01/06 4.75 4.8 4.53 4.6 370 
2012/01/13 4.51 4.63 4.48 4.58 476 
2012/01/20 4.52 4.59 4.51 4.53 433 
2012/02/03 4.59 5.5 4.57 5.32 3303 
2012/02/10 5.27 5.33 5.11 5.19 1856 
2012/02/17 5.22 5.62 5.22 5.47 2223 
2012/02/24 5.48 6.3 5.36 6.25 4116 
2012/03/02 6.19 6.19 5.85 6.18 1890 
2012/03/09 6.17 6.22 5.64 5.98 1246 
2012/03/16 6 6.2 5.85 6.1 1396 
2012/03/23 6.1 6.14 5.81 5.93 1064 
2012/03/30 5.91 5.95 5.42 5.6 945 
2012/04/06 5.51 5.56 4.76 4.96 1581 
2012/04/13 4.92 5.1 4.81 5.07 1030 
2012/04/20 5.07 5.1 4.9 5.01 808 
2012/04/27 5 5 4.8 4.91 392 
2012/05/04 4.91 5.03 4.83 5.03 322 
2012/05/11 5.03 5.38 4.88 5.38 1067 
2012/05/18 5.6 5.66 5.04 5.1 2321 
2012/05/25 5.1 5.13 5 5.03 822 
2012/06/01 5.03 5.11 4.95 4.97 1007 
2012/06/08 4.88 4.92 4.7 4.9 834 
2012/06/15 4.88 5.01 4.81 5 545 
2012/06/22 5.02 5.15 4.94 5.05 651 
2012/06/29 5 5.07 4.81 5.01 529 
2012/07/06 5.01 5.02 4.86 4.98 1192 
2012/07/13 4.97 4.98 4.85 4.9 2200 
2012/07/20 4.87 4.94 4.75 4.85 1258 
2012/07/27 4.77 4.9 4.75 4.9 744 
2012/08/03 4.9 4.91 4.82 4.82 123 
2012/08/10 4.83 4.92 4.8 4.9 378 
2012/08/17 4.9 5.27 4.88 5.18 1112 
2012/08/24 5.11 5.16 5.02 5.14 634 
2012/08/31 5.14 5.18 5.03 5.17 623 
2012/09/07 5.17 5.49 5.07 5.49 2537 
2012/09/14 5.47 5.78 5.1 5.55 3242 
2012/09/21 5.5 6.34 5.48 6.34 2448 
2012/09/28 6.35 6.64 6.31 6.45 3395 
2012/10/05 6.45 6.45 5.98 6.16 2161 
2012/10/12 6.12 6.18 5.95 6.05 1265 
2012/10/19 6.02 6.31 6 6.11 969 
2012/10/26 6.08 6.11 5.7 5.92 930 
2012/11/02 5.92 5.92 5.06 5.3 1344 
2012/11/09 5.27 5.34 4.94 5.11 1520 
2012/11/16 5.12 5.57 5.12 5.37 1966 
2012/11/23 5.37 5.4 4.99 5.19 1728 
2012/12/07 6.99 6.99 6.99 6.99 209 
2012/12/14 7.47 7.99 7.4 7.54 3269 
2012/12/21 7.54 7.56 7.08 7.52 1664 
2012/12/28 7.49 7.75 7.44 7.75 920 
2013/01/04 7.69 7.83 7.66 7.8 468 
2013/01/11 7.75 7.86 7.43 7.85 941 
2013/01/18 7.85 8.95 7.85 8.74 3107 
2013/01/25 8.74 9.8 8.68 9.78 2122 
2013/02/01 9.61 9.79 9.21 9.33 1957 
2013/02/08 9.33 9.7 9.22 9.68 1023 
2013/02/22 9.7 9.8 9.3 9.45 1331 
2013/03/01 9.32 9.39 8.87 9 1014 
2013/03/08 9 9 8.26 8.4 1391 
2013/03/15 8.42 8.42 7.98 8.25 1578 
2013/03/22 8.25 8.25 8.01 8.2 641 
2013/03/29 8.2 8.38 8.14 8.28 595 
2013/04/05 8.29 8.35 8.21 8.35 467 
2013/04/12 8.2 8.47 8.07 8.16 1475 
2013/04/19 8.11 8.23 8.1 8.18 782 
2013/04/26 8.18 8.26 8.07 8.25 763 
2013/05/03 8.2 8.2 8.1 8.2 356 
2013/05/10 8.17 8.95 8.17 8.95 3114 
2013/05/17 8.9 8.9 8.67 8.88 2387 
2013/05/24 8.88 8.89 8.5 8.78 1914 
2013/05/31 8.77 8.97 8.7 8.97 1700 
2013/06/07 8.93 9.44 8.8 8.88 3653 
2013/06/14 8.9 9 8.45 8.77 1362 
2013/06/21 8.78 8.87 8.7 8.86 1747 
2013/06/28 8.86 8.88 8.65 8.88 925 
2013/07/05 8.88 8.88 8.66 8.84 596 
2013/07/12 8.84 8.84 8.19 8.75 916 
2013/07/19 8.7 9.51 8.7 9.35 5276 
2013/07/26 9.35 9.77 9.01 9.63 4564 
2013/08/02 9.63 10.6 9.06 10.6 17361 
2013/08/09 10.8 10.8 9.55 9.95 12230 
2013/08/16 10.55 11.65 10.25 11 23260 
2013/08/23 11 11.5 10.8 11.2 6265 
2013/08/30 11.2 11.3 10.05 10.65 6995 
2013/09/06 10.65 11.05 10.45 10.6 4479 
2013/09/13 10.6 10.6 10 10.4 3620 
2013/09/20 10.45 10.55 10.2 10.45 1537 
2013/09/27 10.45 11.7 10.25 10.9 9523 
2013/10/04 10.7 11.25 10.5 10.9 6512 
2013/10/11 11 11.3 10.75 11 3812 
2013/10/18 11.05 12.45 11 12.45 23338 
2013/10/25 12.85 13.7 12.45 13.45 27546 
2013/11/01 13.45 13.8 12.6 12.95 9675 
2013/11/08 12.95 12.95 11.6 12.45 8276 
2013/11/15 12.45 12.45 11.05 11.7 6899 
2013/11/22 11.5 11.8 11.4 11.75 3236 
2013/11/29 11.75 12.15 11.6 12.1 3934 
2013/12/06 12.1 12.35 11.85 12.1 2433 
2013/12/13 12.1 12.15 11.4 11.5 1877 
2013/12/20 11.5 12.3 11.25 12.3 3514 
2013/12/27 12.5 12.75 12.05 12.5 6678 
2014/01/03 12.45 12.75 12.1 12.3 3155 
2014/01/10 12.3 12.85 12.05 12.05 7995 
2014/01/17 12.05 12.6 11.75 12.1 5283 
2014/01/24 12.1 12.1 11.55 11.7 2187 
2014/01/31 11.5 11.6 11.4 11.45 445 
2014/02/07 11 11.45 11 11.45 1045 
2014/02/14 11.4 11.75 11.35 11.65 1474 
2014/02/21 11.65 12 11.6 11.7 2750 
2014/02/28 11.7 11.8 11.5 11.65 1500 
2014/03/07 11.5 11.75 11.4 11.45 1548 
2014/03/14 11.35 11.5 11.05 11.35 2680 
2014/03/21 11.35 11.35 10.95 11.15 1807 
2014/03/28 11 12.25 10.95 11.95 8732 
2014/04/04 11.95 12 11.7 11.9 1729 
2014/04/11 11.8 12.3 11.55 11.8 4274 
2014/04/18 11.7 11.75 11.45 11.65 1566 
2014/04/25 11.55 11.65 10.9 11.1 2864 
2014/05/02 10.85 11.4 10.75 11.25 1001 
2014/05/09 11.2 11.25 10.95 11.1 2132 
2014/05/16 11.1 11.15 10.85 10.95 999 
2014/05/23 10.9 10.95 10.7 10.95 1086 
2014/05/30 10.95 11.25 10.9 11 1238 
2014/06/06 11 11.05 10.8 10.95 593 
2014/06/13 10.95 10.95 10.7 10.8 987 
2014/06/20 10.8 11.5 10.8 11.15 2555 
2014/06/27 11.1 11.25 10.95 11.1 2675 
2014/07/04 11.1 11.2 10.5 10.65 2281 
2014/07/11 10.5 10.6 10.1 10.15 1305 
2014/07/18 10.15 10.2 9.99 10.05 1223 
2014/07/25 10 10.25 9.98 10 1348 
2014/08/01 10 10.3 10 10.3 914 
2014/08/08 10.2 10.25 9.51 9.96 1190 
2014/08/15 9.95 9.95 9.01 9.36 2347 
2014/08/22 9.36 9.37 9.2 9.34 549 
2014/08/29 9.3 9.62 9.3 9.54 926 
2014/09/05 9.51 9.54 9.45 9.54 544 
2014/09/12 9.54 9.58 9.46 9.55 491 
2014/09/19 9.5 9.55 9.39 9.55 691 
2014/09/26 9.5 9.67 9.49 9.58 539 
2014/10/03 9.55 9.69 9.4 9.68 417 
2014/10/10 9.7 10.8 9.64 10.5 5384 
2014/10/17 10.15 11.65 10.05 11.25 9503 
2014/10/24 11.6 11.8 10.9 11.7 10981 
2014/10/31 11.75 11.85 11.45 11.65 5964 
2014/11/07 11.55 11.8 11 11.65 4456 
2014/11/14 11.6 11.95 11 11.1 4590 
2014/11/21 11.1 11.15 10.3 10.35 3171 
2014/11/28 10.35 10.4 10 10.3 1458 
2014/12/05 10.2 10.5 10.2 10.4 826 
2014/12/12 10.45 10.45 9.91 10.35 1680 
2014/12/19 10.2 10.4 10.1 10.15 930 
2014/12/26 10.15 10.55 10.15 10.45 1150 
2015/01/02 10.45 10.7 10.45 10.7 809 
2015/01/09 10.65 10.8 10.5 10.75 1000 
2015/01/16 10.75 10.75 10.45 10.55 962 
2015/01/23 10.55 11.2 10.4 11 1895 
2015/01/30 11 11.3 10.9 11 1665 
2015/02/06 11 11.1 10.8 11 740 
2015/02/13 10.85 11 10.55 11 1048 
2015/02/27 11 11 10.8 10.95 493 
2015/03/06 10.85 10.95 10.75 10.9 539 
2015/03/13 10.85 11.2 10.7 10.85 1025 
2015/03/20 10.8 10.95 10.7 10.7 724 
2015/03/27 10.7 11.45 10.65 11.1 5394 
2015/04/03 11.1 11.1 10.8 10.95 1361 
2015/04/10 10.9 11.15 10.7 10.75 945 
2015/04/17 10.75 11 10.7 10.85 1528 
2015/04/24 10.85 10.85 10.5 10.55 1003 
2015/05/01 10.55 10.75 10.5 10.75 775 
2015/05/08 10.75 10.8 10 10.25 1203 
2015/05/15 10.25 10.25 9.55 9.69 1277 
2015/05/22 9.56 9.64 9.02 9.28 1740 
2015/05/29 9.18 9.59 9.1 9.44 931 
2015/06/05 9.44 9.6 9.21 9.49 1274 
2015/06/12 9.34 9.72 9.18 9.7 885 
2015/06/19 9.7 9.71 9.48 9.67 545 
2015/06/26 9.52 9.69 9.52 9.65 551 
2015/07/03 9.65 9.77 9.26 9.67 831 
2015/07/10 9.67 9.79 9.05 9.45 682 
2015/07/17 9.45 10 9.45 9.98 961 
2015/07/24 10.2 10.4 9.84 10.2 1117 
2015/07/31 10 10.3 9.76 10.15 1029 
2015/08/07 10 10.25 9.95 10.2 769 
2015/08/14 10 10.35 9.6 9.6 769 
2015/08/21 9.62 10.2 9.6 10 1175 
2015/08/28 10 10 8.5 9.49 794 
2015/09/04 9.35 10.2 9.35 9.95 632 
2015/09/11 9.99 11.2 9.99 10.45 3889 
2015/09/18 10.25 12.95 10.25 12.35 17613 
2015/09/25 12.3 12.85 11.35 11.65 10361 
2015/10/02 11.45 12.75 11.35 12.45 9268 
2015/10/09 12.7 13.9 12.3 12.7 16531 
2015/10/16 12.8 13 12.3 12.3 5888 
2015/10/23 12.35 13.45 12.25 13 13662 
2015/10/30 13.1 13.35 11.3 11.6 7820 
2015/11/06 11.6 12.15 11.55 11.95 2950 
2015/11/13 11.85 11.95 10.8 11.25 4904 
2015/11/20 10.85 11.3 10.75 11.05 2713 
2015/11/27 11.2 11.25 10.65 10.95 1475 
2015/12/04 10.75 10.85 10.4 10.45 1661 
2015/12/11 10.5 10.6 9.8 10 2246 
2015/12/18 9.85 10.35 9.82 10.35 1859 
2015/12/25 10.3 10.65 10.25 10.45 1942 
2016/01/01 10.3 10.5 10.1 10.45 1461 
2016/01/08 10.4 10.4 9.85 10.1 1228 
2016/01/15 10 10.1 9.76 9.85 1066 
2016/01/22 9.74 10.2 9.74 10.15 1263 
2016/01/29 10.15 10.25 9.99 10.15 1184 
2016/02/05 10.15 10.15 9.98 10.15 465 
2016/02/19 10.15 10.6 10.15 10.5 1060 
2016/02/26 10.5 10.65 10.45 10.55 1133 
2016/03/04 10.55 11.25 10.55 11.05 1519 
2016/03/11 11.05 11.05 10.75 10.9 900 
2016/03/18 10.9 11 10.45 10.5 1128 
2016/03/25 10.5 11.5 10.5 11.15 2346 
2016/04/01 11.15 11.2 10.65 10.95 923 
2016/04/08 10.95 10.95 10.4 10.75 782 
2016/04/15 10.65 10.8 10.55 10.75 828 
2016/04/22 10.7 10.75 10.5 10.65 655 
2016/04/29 10.55 10.65 10.45 10.5 538 
2016/05/06 10.45 10.45 10.2 10.3 449 
2016/05/13 10.15 10.6 10.05 10.05 715 
2016/05/20 10.05 10.6 10.05 10.6 578 
2016/05/27 10.5 11.7 10.45 11.55 2242 
2016/06/03 11.55 12.7 11.55 12.55 6612 
2016/06/10 12.55 12.8 11.75 11.95 3725 
2016/06/17 11.75 12.25 11.7 12.1 1476 
2016/06/24 12.15 13.35 12.15 12.9 6417 
2016/07/01 13.1 14.3 13.1 13.5 16796 
2016/07/08 13.5 14.95 13.25 14 12521 
2016/07/15 14.1 15.65 13.9 15.35 18223 
2016/07/22 15.45 16.05 15.15 15.55 10852 
2016/07/29 15.5 15.55 14.8 15.2 4281 
2016/08/05 15.2 15.95 14.35 14.45 7681 
2016/08/12 14.45 14.65 13.8 14.3 8904 
2016/08/19 14.45 15.25 14.05 14.8 10173 
2016/08/26 14.8 15.75 14.5 15.55 5671 
2016/09/02 15.75 18.1 15.75 16.85 29769 
2016/09/09 16.95 17.5 15.55 15.6 16192 
2016/09/16 15.6 15.8 15.1 15.35 3815 
2016/09/23 15.35 16.25 15.3 15.85 7405 
2016/09/30 15.85 15.95 15.1 15.3 2167 
2016/10/07 15.3 15.9 15.25 15.6 3972 
2016/10/14 15.4 15.4 12.2 12.45 7705 
2016/10/21 12.35 12.9 12.15 12.65 2835 
2016/10/28 12.65 13.05 12.65 12.7 1619 
2016/11/04 12.7 12.75 11.4 11.75 1801 
2016/11/11 11.65 12.85 11.5 12.2 5212 
2016/11/18 12.2 12.5 11.8 12.35 1714 
2016/11/25 12.35 12.75 12.3 12.7 2312 
2016/12/02 12.6 13.85 12.5 13.55 7585 
2016/12/09 13.55 14.25 13.45 14.25 4898 
2016/12/16 14.25 15.15 14.05 14.8 4279 
2016/12/23 14.6 15.35 14.45 15.1 5131 
2016/12/30 14.85 15.3 14.65 15.05 3587 
2017/01/06 15 15.5 14.8 15.3 2191 
2017/01/13 15.3 15.6 14.6 15 3461 
2017/01/20 14.95 15.35 14.75 15.15 1748 
2017/01/27 15.15 15.2 14.85 15.15 1260 
2017/02/03 15.15 15.2 14.95 15.1 885 
2017/02/10 15.2 16.7 15.2 15.45 5793 
2017/02/17 15.35 15.85 15.25 15.55 2511 
2017/02/24 15.5 15.55 15.2 15.25 1999 
2017/03/03 15.3 16.55 15.25 16.45 4415 
2017/03/10 16.45 17.05 15.95 16.6 5812 
2017/03/17 16.6 16.65 16.15 16.3 2478 
2017/03/24 16.3 18.9 16.1 17.7 13404 
2017/03/31 17.7 19.4 16.6 19.1 10420 
2017/04/07 19.15 21 18.8 21 5126 
2017/04/14 21.85 25.75 21 23.1 44739 
2017/04/21 24 24.7 23.3 23.6 8291 
2017/04/28 21.75 22.2 21.3 21.3 2603 
2017/05/05 20.45 22.3 20.35 22.3 6597 
2017/05/12 22.25 22.65 20.7 21.8 11692 
2017/05/19 21.75 22.35 21.45 21.8 4905 
2017/05/26 21.8 24.85 21.55 23.9 24481 
2017/06/02 24.1 24.3 22.7 23.25 6393 
2017/06/09 22.85 22.95 22.55 22.6 2340 
2017/06/16 22.35 24.2 22.05 23.9 17106 
2017/06/23 24.1 24.35 22.95 23 7064 
2017/06/30 23 23.35 22.4 22.95 5402 
2017/07/07 22.95 23.4 22.95 23.25 656 
2017/07/14 23.25 25.15 22.75 24.35 13108 
2017/07/21 27.5 28 26.45 26.75 11168 
2017/07/28 27.3 29.35 27.3 28.85 7117 
2017/08/04 27.5 33.1 27 32.3 33491 
2017/08/11 32.3 32.9 31.4 32.3 6585 
2017/08/18 31.9 31.95 30.15 31.45 7480 
2017/08/25 33.25 34.4 32.7 33.05 5193 
2017/09/01 35.3 35.65 34.8 35.5 1880 
2017/09/08 39.2 40.4 38.55 39.1 9751 
2017/09/15 44 44 42.55 42.55 4975 
2017/09/22 41.4 41.55 39.6 41.25 5152 
2017/09/29 42.9 43.6 40.7 40.8 4465 
2017/10/06 45.3 49.35 45.3 49.35 13330 
2017/10/13 53.8 55.6 52.2 53.2 7810 
2017/10/20 54.5 54.6 52.6 53 4631 
2017/10/27 64.5 64.5 60.2 61.2 31005 
2017/11/03 61.3 70.9 60.4 68 32638 
2017/11/10 67.9 75 66 68.6 22195 
2017/11/17 69.1 69.1 66 66 1924 
2017/11/24 66.4 67.4 65.6 66.6 1209 
2017/12/01 60.4 62 59.3 59.6 6642 
2017/12/08 56 59.1 53.8 55.8 14715 
2017/12/15 54.2 60.5 53.9 57.8 19413 
2017/12/22 57.7 62.3 55.9 56.5 20686 
2017/12/29 56 56.4 50.5 51.8 18411 
2018/01/05 52 55.4 50.3 54.5 16362 
2018/01/12 54 54 45.25 48.4 28499 
2018/01/19 48.55 48.75 46.25 47.65 8881 
2018/01/26 48 48.05 42.95 45 8455 
2018/02/02 45 45.25 42.75 44.2 8043 
2018/02/09 43 44.15 35.65 38.95 15193 
2018/02/16 39.6 39.65 38.55 39.1 1491 
2018/02/23 39.9 46.85 39.55 45 10083 
2018/03/02 45.15 45.7 43.4 44.4 5149 
2018/03/09 44.8 49.2 44.55 46.6 16187 
2018/03/16 46.55 48.6 45 45.05 8311 
2018/03/23 45.2 46.8 39.2 40.2 8868 
2018/03/30 39.7 42.8 39.6 42.25 6163 
2018/04/06 42.45 44.65 42.45 44.35 2711 
2018/04/13 44.5 48.4 44.5 46.85 14221 
2018/04/20 46.9 50.9 45.9 49 16069 
2018/04/27 49.1 49.7 42.85 43.6 7691 
2018/05/04 43.9 46.4 43.05 45.1 3658 
2018/05/11 45.15 46 41.1 43.5 8244 
2018/05/18 43.65 43.8 39.7 39.9 10103 
2018/05/25 40 40.5 37.6 39.85 7704 
2018/06/01 40.2 42.45 38.4 40.6 7963 
2018/06/08 40.6 40.85 39.1 39.6 4595 
2018/06/15 40.25 40.3 39 39.2 3525 
2018/06/22 39.1 39.15 37.95 38.05 1705 
2018/06/29 38.5 41.1 37.95 40.1 4660 
2018/07/06 40.3 41.95 38.7 39.15 4590 
2018/07/13 39.25 43.65 38.5 43.65 6662 
2018/07/20 44.8 50.7 44.8 49.2 39696 
2018/07/27 48.75 57.2 46.55 54.5 35339 
2018/08/03 55 57.6 52.8 55.1 24209 
2018/08/10 54.6 56.4 51.8 54.3 20909 
2018/08/17 54 54.3 48.7 50.2 15761 
2018/08/24 50.2 50.2 45.1 45.6 9167 
2018/08/31 45.6 48.7 45.6 48 5218 
2018/09/07 48.1 53.8 47 48.85 23165 
2018/09/14 49.3 49.4 42.25 47.2 14467 
2018/09/21 47.2 53.5 47.2 53 21036 
2018/09/28 53.8 59 52 57.6 47925 
2018/10/05 57.4 58.2 47 48.2 52887 
2018/10/12 47 50.3 44.65 50.3 21655 
2018/10/19 50.3 54.3 49.35 54.3 29013 
2018/10/26 53.8 55.3 47.2 48.75 19644 
2018/11/02 49.4 55.7 46.6 53.7 21467 
2018/11/09 53.3 57.2 51.5 54.6 22848 
2018/11/16 55 59.3 52.3 54.5 31175 
2018/11/23 55 58.9 54.5 54.5 26674 
2018/11/30 55 58.4 53.5 57.8 15160 
2018/12/07 58.3 69.5 58 69 70891 
2018/12/14 67.9 77.7 67 74.9 72046 
2018/12/21 75.3 76.5 66.5 70 47003 
2018/12/28 69.5 72.3 65 71.5 29767 
2019/01/04 71.6 74.2 70.5 71.3 19680 
2019/01/11 72.5 74.8 66.6 68.5 29483 
2019/01/18 68.3 71.6 68.2 71.2 13315 
2019/01/25 73 86.6 71.6 85.2 54688 
2019/02/01 85.2 89.9 82.8 89.1 25265 
2019/02/15 89.9 93.1 83.6 85.9 36483 
2019/02/22 85.9 86.9 82.5 85.1 19780 
2019/03/01 85.9 90.4 85.3 87.8 23558 
2019/03/08 89.6 94.1 84.8 84.9 40308 
2019/03/15 84.8 93.2 83.1 88.6 34835 
2019/03/22 91.4 91.8 87.6 88 9885 
2019/03/29 86 87.2 83.1 83.1 16380 
2019/04/05 83.4 83.6 77.4 79.1 17285 
2019/04/12 79 83.6 77.6 80.2 21102 
2019/04/19 80.9 82.6 78.1 79.5 9211 
2019/04/26 80.3 81.9 78.1 80.5 7050 
2019/05/03 80.3 80.4 71.1 74.9 15770 
2019/05/10 73 80.3 72.9 76.6 13477 
2019/05/17 75.7 78.8 67.4 78 15799 
2019/05/24 79.3 84.1 75.5 83 25062 
2019/05/31 84.3 85.8 79.9 80.8 15228 
2019/06/07 81 82.3 78.3 80.7 7639 
2019/06/14 80.2 87 80.2 82.8 16547 
2019/06/21 82.8 85.6 82.3 84.1 6985 
2019/06/28 84.2 90.3 82.9 84.6 18701 
2019/07/05 84.4 88.1 83.5 85.6 10215 
2019/07/12 85.8 89.5 85.6 87.8 12592 
2019/07/19 88.5 93.2 87.6 90.7 15874 
2019/07/26 90.7 91.8 87.7 88.9 7944 
2019/08/02 89.8 92 87 89.2 7441 
2019/08/09 89.5 91.4 86.5 90.5 3840 
2019/08/16 91 107 90.2 97.7 33864 
2019/08/23 98.3 98.3 93 93.2 9728 
2019/08/30 92.5 95.8 88.2 88.2 12649 
2019/09/06 88.4 92.8 88 92.6 8277 
2019/09/13 92.5 94.5 90.7 91.3 5724 
2019/09/20 91 93.9 90.8 91.1 8351 
2019/09/27 90.9 98.7 89 89 17311 
2019/10/04 88.6 88.7 86.1 86.5 8563 
2019/10/11 86.7 87.6 83.2 83.5 3966 
2019/10/18 85.1 88.5 83.4 85.2 6102 
2019/10/25 84.9 85.5 83.5 83.9 2864 
2019/11/01 84 84.7 82 82.2 10450 
2019/11/08 82.3 84.7 77.6 83.7 13376 
2019/11/15 83.2 83.6 78.4 79.1 9317 
2019/11/22 79.5 81.1 78.7 80.1 4502 
2019/11/29 80.9 83.1 78.5 78.8 9290 
2019/12/06 78.8 78.8 73.5 76 5775 
2019/12/13 76.9 76.9 72.6 72.6 5519 
2019/12/20 72.8 74.8 71.8 72 3960 
2019/12/27 72.3 72.3 70.1 71.3 3338 
2020/01/03 71.3 72.7 71 71.7 2010 
2020/01/10 71 73 68.1 72.5 4936 
2020/01/17 72 72.7 71.1 71.1 3154 
2020/01/24 71.1 71.8 70.6 71.8 528 
2020/01/31 67 68.4 63.1 65 3378 
2020/02/07 63.6 64 59.5 61.8 6727 
2020/02/14 59.9 62.5 59.9 61.4 2239 
2020/02/21 61 63.4 60.5 62 3304 
2020/02/28 62 62 56.5 56.8 4088 
2020/03/06 53.2 62 52.4 59.3 10660 
2020/03/13 58.5 58.5 44.9 44.9 9327 
2020/03/20 45.5 47.75 39.8 40 11175 
2020/03/27 37.15 42.95 36 41.4 11296 
2020/04/03 41.2 43.75 39.9 42.1 3613 
2020/04/10 42.5 47 41.1 44.6 10649 
2020/04/17 44.9 62 44.1 60.5 28079 
2020/04/24 60.5 68.6 59.5 62 45292 
2020/05/01 63.1 77.5 62.5 72.2 51622 
2020/05/08 70.5 79.8 69.4 74.8 40297 
2020/05/15 74.2 75.5 67.3 68.5 26069 
2020/05/22 68.5 76.2 67.9 74.2 21850 
2020/05/29 75.8 81.4 75 80.4 39286 
2020/06/05 79 85.3 78.7 81.1 24881 
2020/06/12 81.8 82.2 75.7 80.7 16621 
2020/06/19 81.2 87.9 79.5 85.9 33719 
2020/06/26 86 86.3 81.5 81.9 7464 
2020/07/03 81 81.9 77.4 78.9 15899 
2020/07/10 79.2 82.5 77.3 77.4 14128 
2020/07/17 78.7 81.3 75.2 75.2 16207 
2020/07/24 75.2 87.4 73 85.7 35546 
2020/07/31 86.2 87.2 78 80.5 23474 
2020/08/07 80.6 92.2 80.6 91 46633 
2020/08/14 91 93.3 83 85.4 21030 
2020/08/21 86.4 91 80.1 86 23842 
2020/08/28 86.2 93.2 85.6 91.5 30709 
2020/09/04 93.1 104 92.6 96.3 63630 
2020/09/11 96.1 100.5 91 91.3 37692 
2020/09/18 92.3 93 85.8 88.3 23146 
2020/09/25 88.2 89.2 78 79 17180 
2020/10/02 80 84.3 79.8 82.5 5505 
2020/10/09 83.5 88.8 82.8 85.9 8484 
2020/10/16 87.1 87.5 80.7 80.8 10909 
2020/10/23 82 82.2 79.5 80.1 3965 
