2001/08/17 14.95 14.95 14 14.95 14095 
2001/08/24 14.95 15.2 11.8 12 26814 
2001/08/31 12.2 12.25 9.35 9.35 17970 
2001/09/07 8.7 9.7 8.5 8.85 16625 
2001/09/14 8.8 8.9 7.15 7.15 7066 
2001/09/21 6.9 6.9 6.5 6.5 2824 
2001/09/28 6.05 7.9 6.05 7.9 18431 
2001/10/05 7.6 7.8 6.8 7.25 7912 
2001/10/12 6.95 7.9 6.7 7.6 7549 
2001/10/19 7.4 7.75 6.9 7.5 9565 
2001/10/26 7.8 8.45 7.65 8.3 18455 
2001/11/02 8.4 8.5 7.3 7.9 8802 
2001/11/09 8 10 7.9 10 34894 
2001/11/16 10.7 12.25 10.5 12.25 80645 
2001/11/23 12.2 13 11 12.15 86158 
2001/11/30 12.2 14.85 12.15 13 163838 
2001/12/07 13.25 15.7 13.2 15.7 165713 
2001/12/14 15.2 17.3 14.45 16.9 261855 
2001/12/21 16.9 16.9 13.7 14.65 141215 
2001/12/28 15.2 18.9 14.8 18.9 255244 
2002/01/04 20.1 22.4 18.7 20.1 231399 
2002/01/11 20.1 23.8 19.2 21.7 274615 
2002/01/18 21.7 23.2 19.9 23 249382 
2002/01/25 22.9 28.5 22.9 28.5 364406 
2002/02/01 28.8 29.5 26.1 28.1 207003 
2002/02/08 28 30.5 26.6 30.5 98530 
2002/02/22 32.6 34.8 27.9 27.9 220967 
2002/03/01 27.9 32.5 27.9 30.6 136654 
2002/03/08 31.7 33 28.8 29.3 186253 
2002/03/15 29 30.3 26.5 26.5 122860 
2002/03/22 27.2 27.6 25 27 114523 
2002/03/29 28.8 31.5 25.7 28 160954 
2002/04/05 27.5 30.9 27.5 30 151454 
2002/04/12 30 33.1 29.5 33.1 254815 
2002/04/19 33.5 37.8 33.5 35.5 297299 
2002/04/26 35.5 38.3 35.5 36.2 237794 
2002/05/03 35.5 35.6 29.6 31.1 153422 
2002/05/10 30.2 32.9 28 32.3 300557 
2002/05/17 31.8 34.6 30.8 31.2 273643 
2002/05/24 30 30.7 27.1 29.7 234931 
2002/05/31 29.7 30.4 27.5 28.2 171949 
2002/06/07 28 29.2 27.5 27.5 147422 
2002/06/14 28 29 26 26.1 200300 
2002/06/21 26.1 26.7 22.1 23.3 178666 
2002/06/28 23.2 23.5 20.2 22.1 175170 
2002/07/05 21.8 23.5 18.7 23.4 170506 
2002/07/12 23.9 25.2 22.1 24.5 226105 
2002/07/19 24.8 26.4 23.5 25.5 212913 
2002/07/26 25 25.2 21.6 21.6 144793 
2002/08/02 21.3 23.1 21 21.6 85966 
2002/08/09 20.1 20.4 17.9 18.3 120099 
2002/08/16 18.1 20.2 17.7 19.9 98981 
2002/08/23 20.2 20.5 18.2 19.2 85747 
2002/08/30 19.2 20.4 18.2 18.5 125646 
2002/09/06 18.7 18.9 14.55 14.55 121834 
2002/09/13 14.6 16.1 14.25 14.7 109692 
2002/09/20 14.9 14.9 12.2 12.55 133104 
2002/09/27 12.5 12.6 11.05 11.5 93239 
2002/10/04 11.4 12.3 10.95 11.6 89890 
2002/10/11 11.4 11.8 10.9 11 69356 
2002/10/18 11 13.45 11 13.45 255779 
2002/10/25 13.35 13.9 11.65 12.1 292101 
2002/11/01 12.4 13.65 12 12.8 411642 
2002/11/08 12.8 13.35 11.9 12.65 306672 
2002/11/15 12.55 12.8 11.3 12.8 246627 
2002/11/22 13.65 14.45 13.3 14.15 401452 
2002/11/29 14.25 14.25 12.7 12.75 147330 
2002/12/06 12.8 13.5 12.15 12.2 122509 
2002/12/13 12.3 12.75 10.4 10.4 157865 
2002/12/20 10 10.55 9.1 10 130336 
2002/12/27 10 11.1 9.7 10.55 131483 
2003/01/03 10.3 11.35 10 11.3 83148 
2003/01/10 11.3 11.85 10.8 11.5 119363 
2003/01/17 11.7 12.1 11.3 11.3 112177 
2003/01/24 11.1 11.3 10.45 10.5 86941 
2003/01/31 10.1 10.65 10.1 10.6 21518 
2003/02/07 10.55 10.55 9.9 10.55 40697 
2003/02/14 10.55 10.9 10.3 10.4 68379 
2003/02/21 10.85 11.55 10.7 11.2 126035 
2003/02/28 11.4 11.4 10.5 10.5 44033 
2003/03/07 10.6 10.9 10 10.15 43762 
2003/03/14 10.15 10.85 10 10.4 46656 
2003/03/21 10.4 10.75 10.05 10.4 64226 
2003/03/28 10.45 10.6 10.05 10.15 31016 
2003/04/04 10.1 10.1 9.55 10.05 49813 
2003/04/11 10.1 10.35 9.65 9.75 48478 
2003/04/18 9.75 10.15 9.65 10 61143 
2003/04/25 10.05 10.15 8.65 8.65 78493 
2003/05/02 8.05 8.2 6.6 6.7 75093 
2003/05/09 6.6 7.8 6.5 7.5 72536 
2003/05/16 7.45 8.15 7.45 7.6 49017 
2003/05/23 7.5 7.7 7.2 7.55 27826 
2003/05/30 7.75 8.8 7.7 8.8 90870 
2003/06/06 9.35 10.5 9 10.45 232416 
2003/06/13 10.3 12.25 10.25 11.55 419813 
2003/06/20 11.4 12.8 11.15 12.2 429848 
2003/06/27 12.2 12.3 10.6 10.7 221010 
2003/07/04 10.7 13.6 10.45 13.6 528411 
2003/07/11 14.1 16.1 14 16.1 820021 
2003/07/18 16.2 17.1 14.5 15 692785 
2003/07/25 15.3 15.4 13.7 14.65 367148 
2003/08/01 15.3 15.3 13.6 14.1 262700 
2003/08/08 14.25 14.75 13.3 14 267487 
2003/08/15 14 16.4 13.8 15.3 552476 
2003/08/22 15.9 16.2 14.35 14.9 395103 
2003/08/29 14.9 15.1 13.9 14.95 228333 
2003/09/05 15.4 15.8 14.45 14.5 297913 
2003/09/12 14.45 14.9 13.95 14.15 115925 
2003/09/19 14.1 15 14 14.8 320130 
2003/09/26 14.8 14.9 14.2 14.5 219550 
2003/10/03 14.4 14.6 13.85 14.3 241893 
2003/10/10 14.6 15.2 14.2 14.9 354175 
2003/10/17 15 15.7 14.85 15.2 466651 
2003/10/24 15.1 15.3 14.6 14.65 200255 
2003/10/31 14.65 15.1 14 14.25 193285 
2003/11/07 14.4 14.8 14.1 14.6 170745 
2003/11/14 14.8 15.3 14.5 15.3 294413 
2003/11/21 15.1 15.2 13.55 14.2 269666 
2003/11/28 14.2 14.4 13.85 14.05 107122 
2003/12/05 14.2 14.35 13.9 14.05 89506 
2003/12/12 14 14.2 13.8 14.05 56732 
2003/12/19 14.25 14.25 12.75 12.8 150453 
2003/12/26 12.9 13.6 12.75 13 94834 
2004/01/02 13 13.5 12.85 13.5 69277 
2004/01/09 13.55 13.9 13.35 13.7 180159 
2004/01/16 13.7 14.15 13.5 13.55 216508 
2004/01/30 13.7 14.7 13.65 14.25 247479 
2004/02/06 14.3 14.35 13.3 13.55 277557 
2004/02/13 13.6 14.15 13.05 13.55 463379 
2004/02/20 13.6 15.6 13.45 15.5 809561 
2004/02/27 15.7 16.8 15 16.6 926415 
2004/03/05 16.9 19.2 16.7 17.4 1230272 
2004/03/12 17.5 18.5 17 17.7 648005 
2004/03/19 17.9 18 16.3 17.6 460579 
2004/03/26 16.4 16.9 15.1 15.3 573395 
2004/04/02 16.2 17.7 15.9 17.1 618619 
2004/04/09 17.3 18.3 17 18 688013 
2004/04/16 18.2 22.7 18.2 22.7 1499893 
2004/04/23 24.1 24.2 20.5 21.4 1402676 
2004/04/30 21.1 21.8 18.3 18.7 754943 
2004/05/07 18.5 19.3 17.5 18.9 542517 
2004/05/14 18.4 18.7 16.8 17 397235 
2004/05/21 16.1 18.8 15.8 18.6 428747 
2004/05/28 18 19 17.9 18.3 389712 
2004/06/04 18.1 18.1 15.8 16.1 320828 
2004/06/11 16.4 17.4 16 16.6 218880 
2004/06/18 16.7 17.3 15.7 16.9 312942 
2004/06/25 17.3 17.5 16.2 17.2 190801 
2004/07/02 17.2 17.3 16.2 16.5 161550 
2004/07/09 16.2 16.9 15.8 16.7 139111 
2004/07/16 16.8 16.8 15.3 15.3 149470 
2004/07/23 15.2 15.5 13.4 13.95 187615 
2004/07/30 13.8 14.35 13.4 13.5 116462 
2004/08/06 13.3 14 12.5 13.4 197911 
2004/08/13 13 13.25 12.5 12.6 92448 
2004/08/20 12.6 13.6 12.25 13.2 169664 
2004/08/27 13.2 13.7 12.85 13.2 156412 
2004/09/03 13.2 13.55 12.55 12.95 196951 
2004/09/10 12.95 13 11.6 11.8 222890 
2004/09/17 11.75 12.25 11.1 11.75 245061 
2004/09/24 11.85 12.15 11.6 11.7 131978 
2004/10/01 11.7 11.75 10.5 10.9 112682 
2004/10/08 11.1 12.3 10.9 12.25 255846 
2004/10/15 12.1 12.15 11 11.05 117924 
2004/10/22 11.05 11.25 10.6 10.65 69185 
2004/10/29 9.95 10.1 9.3 9.65 138597 
2004/11/05 9.65 10.1 9.15 9.6 157411 
2004/11/12 9.4 10.3 9.1 10.05 154073 
2004/11/19 10.15 10.55 9.8 10.2 195037 
2004/11/26 10.1 10.5 9.7 9.85 120738 
2004/12/03 9.85 10.05 9.75 9.9 56616 
2004/12/10 9.85 10 9.65 9.7 55997 
2004/12/17 9.8 10.65 9.8 10.3 228354 
2004/12/24 10 10.25 9.95 10.05 86703 
2004/12/31 10.1 10.5 9.9 10.5 107321 
2005/01/07 10.55 10.8 10.25 10.35 176421 
2005/01/14 10.45 10.45 9.7 10 73564 
2005/01/21 10.3 10.6 10.1 10.25 99901 
2005/01/28 10.4 11 10.05 11 152421 
2005/02/04 11.1 11.9 11.05 11.9 311751 
2005/02/18 12.5 12.5 11.35 11.75 285812 
2005/02/25 11.85 11.9 11 11.15 214076 
2005/03/04 11.2 11.3 10.5 10.75 122485 
2005/03/11 10.75 11.3 10.5 11.05 138390 
2005/03/18 10.8 10.9 9.92 10 240829 
2005/03/25 9.9 10.05 9.61 10 272453 
2005/04/01 10.1 10.1 9.27 9.95 290356 
2005/04/08 9.99 10.4 9.85 9.99 342471 
2005/04/15 9.97 9.97 9.3 9.39 243902 
2005/04/22 9.3 9.3 8.35 9.1 277897 
2005/04/29 9.1 9.68 8.8 9.45 238531 
2005/05/06 9.6 9.61 8.97 9.15 243003 
2005/05/13 9.16 9.52 8.89 9.52 384563 
2005/05/20 9.6 9.66 9.25 9.37 352858 
2005/05/27 9.37 9.9 9.18 9.74 290085 
2005/06/03 9.83 10.85 9.74 10.8 819355 
2005/06/10 10.95 11.2 10.5 10.55 549018 
2005/06/17 10.7 11.55 10.55 11 610282 
2005/06/24 11.2 11.2 10.7 10.75 270243 
2005/07/01 10.7 10.9 10.35 10.7 236667 
2005/07/08 10.7 10.7 10.1 10.4 187064 
2005/07/15 10.6 11.35 10.3 11.3 450117 
2005/07/22 11.3 11.35 10.3 10.35 482484 
2005/07/29 10.4 10.5 9.97 9.97 227952 
2005/08/05 9.97 10.5 9.6 10.15 197736 
2005/08/12 10 10.1 9.25 9.47 215135 
2005/08/19 9.47 9.69 9 9.17 287851 
2005/08/26 9.2 9.34 8.05 8.2 289143 
2005/09/02 8.11 8.59 8.06 8.41 168757 
2005/09/09 8.46 8.79 8.12 8.15 155959 
2005/09/16 8.16 8.24 7.1 7.47 241876 
2005/09/23 7.49 7.7 7.3 7.36 147867 
2005/09/30 7.49 7.6 7.28 7.6 132133 
2005/10/07 7.65 7.65 7.24 7.25 116409 
2005/10/14 7.26 7.34 6.51 6.51 157232 
2005/10/21 6.6 6.74 6.16 6.6 182920 
2005/10/28 6.6 6.65 6.1 6.19 135879 
2005/11/04 6.5 7.15 6.42 7 231046 
2005/11/11 7 7.28 6.76 7.15 168439 
2005/11/18 7.15 7.2 6.88 6.97 133688 
2005/11/25 7 7.3 6.95 7.01 163549 
2005/12/02 7.09 7.17 6.95 6.96 145113 
2005/12/09 7.05 7.08 6.66 6.78 134178 
2005/12/16 6.8 6.98 6.59 6.88 106675 
2005/12/23 6.95 7.09 6.89 6.99 154959 
2005/12/30 7.04 7.74 7.04 7.7 413099 
2006/01/06 7.65 7.99 7.2 7.26 396342 
2006/01/13 7.36 7.72 7.22 7.26 241494 
2006/01/20 7.27 7.36 6.76 6.76 205888 
2006/01/27 6.6 6.7 6.5 6.66 60553 
2006/02/03 6.8 6.85 6.7 6.84 21309 
2006/02/10 6.83 7.25 6.73 6.93 124138 
2006/02/17 6.93 6.99 6.6 6.61 139781 
2006/02/24 6.55 6.58 6.05 6.2 162721 
2006/03/03 6.1 6.31 6 6.03 124555 
2006/03/10 6.03 6.09 5.65 5.66 123622 
2006/03/17 5.69 5.9 5.45 5.7 183672 
2006/03/24 5.8 5.8 5.45 5.5 86712 
2006/03/31 5.55 5.88 5.5 5.82 109056 
2006/04/07 5.92 6.42 5.87 6.36 197238 
2006/04/14 6.5 6.54 6.1 6.25 160750 
2006/04/21 6.27 6.97 6.27 6.6 334871 
2006/04/28 6.65 6.66 6.2 6.34 187290 
2006/05/05 6.34 6.34 6.05 6.24 156924 
2006/05/12 6.3 6.31 5.96 6.02 187721 
2006/05/19 6 6.05 5.55 5.7 160021 
2006/05/26 5.78 6.05 5.59 5.89 149276 
2006/06/02 5.98 6.02 5.65 5.75 99910 
2006/06/09 5.7 5.74 4.65 5.01 167989 
2006/06/16 4.85 5.2 4.7 5.12 96576 
2006/06/23 5.19 5.22 4.83 5.1 94377 
2006/06/30 5.1 5.23 4.99 5.12 63688 
2006/07/07 5.12 5.17 4.99 5.02 53200 
2006/07/14 5 5.04 4.67 4.72 70563 
2006/07/21 4.72 4.85 4.56 4.78 90443 
2006/07/28 4.73 4.8 4.63 4.65 55801 
2006/08/04 4.67 4.72 4.54 4.57 65449 
2006/08/11 4.57 4.92 4.56 4.75 83335 
2006/08/18 4.75 4.9 4.72 4.79 88723 
2006/08/25 4.85 4.85 4.37 4.37 91233 
2006/09/01 4.37 4.71 4.04 4.67 154671 
2006/09/08 4.84 4.99 4.55 4.92 169419 
2006/09/15 4.95 5.1 4.57 4.72 154198 
2006/09/22 5 5.38 4.93 5.14 181329 
2006/09/29 5.16 5.24 4.98 5.04 90540 
2006/10/06 5.01 5.13 4.9 4.94 71288 
2006/10/13 4.94 5.01 4.83 4.85 94091 
2006/10/20 4.85 4.95 4.78 4.8 88136 
2006/10/27 4.8 5.05 4.72 4.91 113312 
2006/11/03 4.84 5.05 4.76 4.9 118288 
2006/11/10 4.7 4.95 4.7 4.91 90285 
2006/11/17 4.9 5.75 4.87 5.27 348401 
2006/11/24 5.22 5.5 5.2 5.44 148805 
2006/12/01 5.5 6.3 5.5 6.24 403109 
2006/12/08 6.3 6.44 5.99 6.19 269059 
2006/12/15 6.2 6.23 5.53 5.71 205666 
2006/12/22 5.71 5.8 5.59 5.67 122585 
2006/12/29 5.68 6.39 5.68 6.18 252899 
2007/01/05 6.2 6.45 6.12 6.18 193124 
2007/01/12 6.14 6.16 5.55 5.94 215698 
2007/01/19 6.15 6.24 5.75 5.78 200254 
2007/01/26 5.78 6.11 5.66 5.8 157265 
2007/02/02 5.8 6.05 5.7 5.93 132961 
2007/02/09 5.9 6 5.78 5.9 97639 
2007/02/16 5.99 5.99 5.65 5.72 109507 
2007/03/02 5.8 5.82 5.15 5.28 195336 
2007/03/09 5.25 5.25 4.92 5 159952 
2007/03/16 5 5.12 4.93 4.95 103119 
2007/03/23 4.97 5.48 4.97 5.33 174476 
2007/03/30 5.4 5.41 5.03 5.17 110422 
2007/04/06 5.26 5.83 5.23 5.83 228671 
2007/04/13 6.08 6.54 6.01 6.4 550454 
2007/04/20 6.4 6.5 6.2 6.28 330619 
2007/04/27 6.32 6.91 6.26 6.61 522392 
2007/05/04 6.61 6.69 6 6.26 194242 
2007/05/11 6.34 6.64 6.31 6.55 216075 
2007/05/18 6.61 7.1 6.59 6.95 351581 
2007/05/25 7.06 7.65 7.05 7.39 523407 
2007/06/01 7.4 7.45 7.15 7.25 223742 
2007/06/08 7.34 7.57 7.18 7.3 264104 
2007/06/15 7.3 7.95 7.3 7.75 439297 
2007/06/22 7.85 8.34 7.7 8.22 246076 
2007/06/29 8.2 8.25 8 8.13 237474 
2007/07/06 8.12 8.69 8.09 8.63 315495 
2007/07/13 8.98 10.4 8.88 10.1 619117 
2007/07/20 10.15 10.4 9.66 9.9 380115 
2007/07/27 9.98 10 9.2 9.45 455643 
2007/08/03 9.3 10.1 9 9.61 507997 
2007/08/10 9.15 9.98 9.02 9.45 302927 
2007/08/17 10.1 10.1 8.12 8.48 347630 
2007/08/24 9.07 9.5 8.7 9.1 203682 
2007/08/31 9.4 9.4 8.45 8.89 212041 
2007/09/07 8.89 9.4 8.54 9.25 215490 
2007/09/14 8.92 9.37 8.92 9.1 139923 
2007/09/21 9.1 9.22 8.7 8.98 143941 
2007/09/28 9 9.48 8.9 9.33 243611 
2007/10/05 9.33 9.37 8.92 9.22 245781 
2007/10/12 9.4 9.74 9.31 9.49 265855 
2007/10/26 12.25 12.25 12.25 12.25 3897 
2007/11/02 13.1 16.9 13.1 16.05 544634 
2007/11/09 15.7 16.7 14.1 14.9 696409 
2007/11/16 14.3 15 13.25 13.4 373752 
2007/11/23 13.7 15.45 13.6 14.65 405702 
2007/11/30 15 15 13.7 14.5 226381 
2007/12/07 14.5 15.2 14.15 14.7 269667 
2007/12/14 14.5 14.9 13.3 13.65 210426 
2007/12/21 13.65 14.1 12.7 13.55 216593 
2007/12/28 13.85 14.45 13.65 14.45 179032 
2008/01/04 14.5 14.55 13.45 13.6 106992 
2008/01/11 13.2 13.3 12.3 12.55 214549 
2008/01/18 12.8 13.8 12.35 13.8 220882 
2008/01/25 13.95 13.95 11.85 12.6 180476 
2008/02/01 12.15 12.4 11.65 11.95 108241 
2008/02/15 12.2 12.45 11.7 12.35 71071 
2008/02/22 12.4 12.8 12.15 12.4 121366 
2008/02/29 12.6 13.65 12.6 13.65 231997 
2008/03/07 13.2 14.2 12.95 14 233076 
2008/03/14 13.9 14.05 13.2 13.25 176410 
2008/03/21 12.95 13.8 12.45 13.15 177004 
2008/03/28 13.8 13.8 12.65 13 152344 
2008/04/04 13 13.45 12.95 13.2 84411 
2008/04/11 13.4 13.8 13.1 13.7 133792 
2008/04/18 13.6 14.95 13.4 14.8 284785 
2008/04/25 15.2 15.3 14.5 14.5 256399 
2008/05/02 14.7 14.8 13.9 14.75 151218 
2008/05/09 14.65 14.65 13.85 13.85 147362 
2008/05/16 13.85 14.7 13.75 14.4 123967 
2008/05/23 14.4 14.45 13.65 13.65 124983 
2008/05/30 13.6 13.65 12.9 13.2 152306 
2008/06/06 13.3 13.65 12.95 13.1 139594 
2008/06/13 12.8 13.05 11.85 12.15 111423 
2008/06/20 12.35 12.5 11.9 12 70724 
2008/06/27 11.8 12 10.8 11 104426 
2008/07/04 11.1 11.6 10.9 10.95 86765 
2008/07/11 10.95 11.2 9.35 9.63 200127 
2008/07/18 9.63 9.63 8.58 8.9 160977 
2008/07/25 9.1 9.66 9.04 9.3 118788 
2008/08/01 9.16 9.33 8.91 9 79113 
2008/08/08 9.1 9.55 7.9 8.16 203506 
2008/08/15 8.21 8.35 8.05 8.08 88455 
2008/08/22 8.1 8.2 7.15 7.17 87202 
2008/08/29 7.67 8.35 7.55 8.35 111013 
2008/09/05 8.28 8.29 6.92 7.39 100506 
2008/09/12 7.69 7.9 6.99 7.17 131914 
2008/09/19 6.92 7 5.8 6.66 232042 
2008/09/26 6.85 7.9 6.72 7.41 225809 
2008/10/03 6.9 7.39 6.65 6.96 104747 
2008/10/10 6.77 6.78 5.88 5.9 64201 
2008/10/17 5.7 6.61 5.7 6.19 115214 
2008/10/24 5.98 6.35 5.36 5.36 98324 
2008/10/31 5 6.12 4.78 6 200041 
2008/11/07 6.1 6.25 5.01 5.2 139079 
2008/11/14 5.14 5.2 4.25 4.3 107656 
2008/11/21 4.01 4.07 3.15 3.6 126721 
2008/11/28 3.6 3.85 3.36 3.78 132963 
2008/12/05 3.9 4.04 3.43 3.45 133283 
2008/12/12 3.45 3.99 3.45 3.67 194034 
2008/12/19 3.7 4.52 3.7 4.49 166222 
2008/12/26 4.64 4.8 3.68 4.22 134931 
2009/01/02 4.22 4.45 4.04 4.28 73065 
2009/01/09 4.49 4.6 4.17 4.23 160225 
2009/01/16 4.4 4.4 3.97 4.08 99026 
2009/01/23 4.1 4.16 3.9 4.02 56567 
2009/02/06 4.02 4.5 4.01 4.5 124001 
2009/02/13 4.7 4.75 4.3 4.42 174578 
2009/02/20 4.48 4.55 4.15 4.18 132879 
2009/02/27 4.1 4.33 4.05 4.13 74705 
2009/03/06 4.1 4.28 3.75 4.21 114893 
2009/03/13 4.31 4.54 4.07 4.54 237826 
2009/03/20 4.6 4.96 4.45 4.53 379465 
2009/03/27 4.6 6.06 4.57 6.06 448338 
2009/04/03 6.48 7.28 5.85 6.94 831163 
2009/04/10 7 8.44 6.71 8.4 613831 
2009/04/17 8.4 8.63 7.72 7.72 715813 
2009/04/24 7.52 8.29 7.02 7.8 684800 
2009/05/01 7.95 7.99 6.8 7.65 441878 
2009/05/08 8.1 8.5 7.58 8.06 779114 
2009/05/15 8.25 8.69 7.9 8.69 501236 
2009/05/22 8.92 9.03 8.2 8.26 747126 
2009/05/29 8.39 8.85 8.16 8.6 491030 
2009/06/05 8.71 8.71 8.05 8.48 532372 
2009/06/12 8.51 8.68 7.69 7.9 364046 
2009/06/19 7.9 7.9 6.01 6.14 347037 
2009/06/26 6.2 7.05 6.14 6.9 312256 
2009/07/03 6.8 7.55 6.63 7.42 308876 
2009/07/10 7.62 7.96 7.36 7.66 421824 
2009/07/17 7.66 7.84 7.14 7.6 294796 
2009/07/24 7.63 8.45 7.62 8.02 557478 
2009/07/31 8.05 8.28 7.91 7.96 299287 
2009/08/07 7.9 8 7.1 7.34 233594 
2009/08/14 7.42 8.06 7.35 7.68 201307 
2009/08/21 7.72 7.84 7.2 7.25 140188 
2009/08/28 7.45 7.47 6.8 7.05 124666 
2009/09/04 7.07 7.33 6.88 7.22 137818 
2009/09/11 7.22 7.35 7.01 7.02 153824 
2009/09/18 6.98 7.34 6.9 7.33 200838 
2009/09/25 7.43 7.52 7.18 7.18 236286 
2009/10/02 7.18 7.23 6.6 6.66 187367 
2009/10/09 6.66 6.82 6.5 6.58 137722 
2009/10/16 6.6 6.77 6.5 6.62 137222 
2009/10/23 6.67 6.72 6.36 6.4 104010 
2009/10/30 6.42 6.46 5.77 6.27 120961 
2009/11/06 6.2 6.23 6 6.04 89637 
2009/11/13 6.1 6.67 6.05 6.55 107802 
2009/11/20 6.77 7.15 6.52 6.59 232047 
2009/11/27 6.59 7.1 6.46 6.51 185804 
2009/12/04 6.58 6.9 6.58 6.63 101072 
2009/12/11 6.78 7.78 6.66 7.71 357153 
2009/12/18 7.69 8.17 7.33 8.14 374221 
2009/12/25 8.2 8.52 8 8.38 337795 
2010/01/01 8.5 8.52 8.28 8.31 179836 
2010/01/08 8.45 8.7 7.9 8.16 330780 
2010/01/15 8.29 8.4 8.08 8.27 252732 
2010/01/22 8.12 8.26 7.4 7.43 229278 
2010/01/29 7.3 7.58 7.04 7.25 158757 
2010/02/05 7.37 7.4 6.3 6.5 143359 
2010/02/12 6.55 6.84 6.45 6.71 97569 
2010/02/26 6.86 6.86 6.39 6.41 109637 
2010/03/05 6.42 6.67 6.4 6.52 79541 
2010/03/12 6.55 6.92 6.52 6.78 98704 
2010/03/19 6.81 7.19 6.65 7.13 143582 
2010/03/26 7.11 7.3 6.84 6.92 123614 
2010/04/02 6.97 7.1 6.92 7.04 134704 
2010/04/09 7.09 7.16 6.97 7.01 98877 
2010/04/16 7.08 7.15 6.66 6.74 159244 
2010/04/23 6.68 6.85 6.44 6.68 128006 
2010/04/30 6.75 6.79 6.28 6.5 91571 
2010/05/07 6.45 6.5 5.39 5.57 152071 
2010/05/14 5.65 6.19 5.65 6.07 82396 
2010/05/21 6 6 5.45 5.53 74371 
2010/05/28 5.7 6.19 5.33 6.03 95902 
2010/06/04 6.05 6.55 5.92 6.38 104814 
2010/06/11 6.05 6.39 6.05 6.3 77705 
2010/06/18 6.39 6.42 6.27 6.33 48204 
2010/06/25 6.45 6.45 6.2 6.22 68370 
2010/07/02 6.24 6.4 6.01 6.1 65640 
2010/07/09 6.13 6.5 6.11 6.34 64917 
2010/07/16 6.48 6.5 6.25 6.3 57705 
2010/07/23 6.22 6.35 6.18 6.29 55845 
2010/07/30 6.33 6.35 6.18 6.22 50332 
2010/08/06 6.24 6.5 6.21 6.4 81827 
2010/08/13 6.38 6.45 6.12 6.25 72015 
2010/08/20 6.25 6.34 6.13 6.14 64773 
2010/08/27 6.1 6.13 5.89 5.91 96874 
2010/09/03 5.96 6.23 5.85 6.22 70849 
2010/09/10 6.22 6.3 6 6.13 64207 
2010/09/17 6.19 6.48 6.12 6.19 117870 
2010/09/24 6.16 6.33 6.09 6.27 99103 
2010/10/01 6.34 6.4 6.16 6.22 114238 
2010/10/08 6.25 6.28 6.08 6.16 58878 
2010/10/15 6.17 6.33 6.12 6.21 65188 
2010/10/22 6.23 6.25 6.04 6.07 58083 
2010/10/29 6.07 6.2 6.05 6.13 46297 
2010/11/05 6.06 6.15 5.9 5.96 61633 
2010/11/12 6 6 5.69 5.7 61047 
2010/11/19 5.7 5.7 5.38 5.43 52117 
2010/11/26 5.43 5.78 5.43 5.61 43021 
2010/12/03 5.62 5.85 5.58 5.67 53957 
2010/12/10 5.61 5.9 5.51 5.81 77799 
2010/12/17 5.81 6 5.65 5.79 66580 
2010/12/24 5.79 5.87 5.72 5.76 39676 
2010/12/31 5.76 6 5.65 5.91 70935 
2011/01/07 5.95 5.96 5.72 5.75 48041 
2011/01/14 5.79 5.9 5.65 5.83 47783 
2011/01/21 5.83 5.85 5.67 5.73 42833 
2011/01/28 5.73 5.9 5.65 5.7 59400 
2011/02/11 5.71 5.76 5.01 5.03 82749 
2011/02/18 5.06 5.85 5.02 5.55 118907 
2011/02/25 5.55 5.75 5.15 5.37 70334 
2011/03/04 5.43 5.62 5.34 5.57 52241 
2011/03/11 5.7 5.7 5.3 5.33 47625 
2011/03/18 5.3 5.33 4.83 5.11 74513 
2011/03/25 5.11 5.15 5.03 5.13 40018 
2011/04/01 5.13 5.3 5.05 5.3 37055 
2011/04/08 5.3 5.5 5.3 5.47 32768 
2011/04/15 5.45 5.48 5.25 5.29 31362 
2011/04/22 5.32 5.32 5.12 5.23 31198 
2011/04/29 5.24 5.26 5.01 5.04 38371 
2011/05/06 5.39 5.39 5.09 5.11 32367 
2011/05/13 5.17 5.21 5.04 5.05 39587 
2011/05/20 5.05 5.09 4.89 4.93 55680 
2011/05/27 4.89 5.08 4.78 4.99 66437 
2011/06/03 4.99 5.05 4.91 5.01 51295 
2011/06/10 4.99 5.03 4.87 4.88 23639 
2011/06/17 4.88 4.95 4.49 4.54 45411 
2011/06/24 4.55 4.58 4.2 4.24 50931 
2011/07/01 4.15 4.36 4.07 4.31 36334 
2011/07/08 4.3 4.32 4.08 4.25 50701 
2011/07/15 4.25 4.25 3.63 3.82 48152 
2011/07/22 3.78 3.95 3.64 3.88 43329 
2011/07/29 3.87 3.88 3.56 3.62 33650 
2011/08/05 3.6 3.72 3.24 3.24 53896 
2011/08/12 3.05 3.15 2.76 2.81 132692 
2011/08/19 2.83 2.92 2.54 2.58 64985 
2011/08/26 2.58 2.65 2.47 2.47 46466 
2011/09/02 2.48 2.73 2.47 2.55 75263 
2011/09/09 2.48 2.48 2.22 2.34 88904 
2011/09/16 2.32 2.42 2.21 2.35 62333 
2011/09/23 2.39 2.5 2.17 2.18 128583 
2011/09/30 2.2 2.22 2 2.04 91661 
2011/10/07 2 2.02 1.86 1.92 78276 
2011/10/14 1.97 1.99 1.92 1.93 51254 
2011/10/21 1.95 1.96 1.7 1.73 64786 
2011/10/28 1.75 1.82 1.67 1.75 131286 
2011/11/04 1.75 1.92 1.72 1.92 123048 
2011/11/11 1.97 1.97 1.7 1.77 131655 
2011/11/18 1.82 1.87 1.78 1.82 99290 
2011/11/25 1.8 1.81 1.51 1.59 102095 
2011/12/02 1.63 1.71 1.42 1.46 492112 
2011/12/09 1.48 1.5 1.26 1.26 169078 
2011/12/16 1.29 1.34 1.26 1.27 77421 
2011/12/23 1.27 1.36 1.2 1.36 70643 
2011/12/30 1.41 1.69 1.37 1.57 167786 
2012/01/06 1.6 1.93 1.54 1.8 275415 
2012/01/13 1.82 1.98 1.77 1.86 188626 
2012/01/20 1.95 1.96 1.88 1.88 86202 
2012/02/03 1.94 2.69 1.9 2.65 303238 
2012/02/10 2.65 2.99 2.41 2.99 329231 
2012/02/17 3.19 3.89 3.16 3.16 250731 
2012/02/24 3.16 3.48 3 3.48 313926 
2012/03/02 3.58 3.6 3.23 3.3 229852 
2012/03/09 3.52 4.1 3.39 3.9 463570 
2012/03/16 3.84 3.88 3.33 3.33 272932 
2012/03/23 3.1 3.1 2.53 2.54 266218 
2012/03/30 2.58 2.78 2.54 2.78 128667 
2012/04/06 2.8 2.94 2.49 2.66 178129 
2012/04/13 2.62 2.98 2.55 2.95 174884 
2012/04/20 2.98 3.18 2.74 2.83 199631 
2012/04/27 2.83 2.86 2.65 2.7 120894 
2012/05/04 2.8 3.2 2.71 3.07 165966 
2012/05/11 2.98 3.02 2.82 2.82 114949 
2012/05/18 2.82 2.86 2.53 2.55 124862 
2012/05/25 2.57 2.72 2.35 2.35 105890 
2012/06/01 2.36 2.55 2.19 2.4 177014 
2012/06/08 2.25 2.52 2.24 2.3 111778 
2012/06/15 2.33 2.47 2.22 2.26 140218 
2012/06/22 2.31 2.35 2.22 2.22 85595 
2012/06/29 2.07 2.17 2.07 2.1 77445 
2012/07/06 2.1 2.29 2.07 2.19 99076 
2012/07/13 2.17 2.23 2.09 2.09 60500 
2012/07/20 2.1 2.18 2.01 2.06 77528 
2012/07/27 2.02 2.05 1.82 1.89 95683 
2012/08/03 1.91 1.93 1.72 1.73 72922 
2012/08/10 1.76 1.95 1.6 1.95 115164 
2012/08/17 2 2.16 1.97 2.09 142260 
2012/08/24 2.1 2.1 1.97 2.02 91475 
2012/08/31 2.03 2.06 1.92 1.92 89810 
2012/09/07 1.79 1.92 1.49 1.6 189332 
2012/09/14 1.71 1.82 1.6 1.69 58036 
2012/09/28 3.56 3.56 2.93 2.93 24546 
2012/10/05 2.75 3.21 2.75 3.12 25353 
2012/10/12 3.07 3.15 2.5 2.52 16890 
2012/10/19 2.5 2.72 2.4 2.45 17083 
2012/10/26 2.3 2.6 2.3 2.43 10576 
2012/11/02 2.42 2.61 2.26 2.3 19660 
2012/11/09 2.29 2.46 2.29 2.42 8638 
2012/11/16 2.42 2.5 2.32 2.33 10237 
2012/11/23 2.31 2.36 2.13 2.23 11884 
2012/11/30 2.23 2.53 2.23 2.53 17071 
2012/12/07 2.59 3.09 2.44 2.96 36214 
2012/12/14 3.07 3.11 2.79 3.03 20988 
2012/12/21 3.05 3.44 3.03 3.27 38342 
2012/12/28 3.28 3.29 3.14 3.2 14596 
2013/01/04 3.29 3.43 3.27 3.38 8596 
2013/01/11 3.27 3.35 3.12 3.22 15182 
2013/01/18 3.21 3.3 3.17 3.24 11033 
2013/01/25 3.24 3.56 3.21 3.5 18634 
2013/02/01 3.52 3.59 3.3 3.39 21381 
2013/02/08 3.48 3.49 3.31 3.46 8444 
2013/02/22 3.46 4.17 3.43 4.04 35169 
2013/03/01 4.1 4.1 3.71 4.01 28687 
2013/03/08 4.01 4.8 3.97 4.79 43331 
2013/03/15 4.79 4.83 4.28 4.28 38665 
2013/03/22 4.11 4.49 3.99 4.47 26710 
2013/03/29 4.47 4.85 4.42 4.77 27012 
2013/04/05 4.98 5.62 4.98 5.62 51774 
2013/04/12 5.69 7.36 5.51 7.18 282909 
2013/04/19 7.04 7.77 6.66 7.4 140279 
2013/04/26 7.54 8.27 7.4 7.55 208136 
2013/05/03 7.65 8.29 7.3 7.85 129891 
2013/05/10 8 8.25 7.87 8.05 133144 
2013/05/17 8.08 10.8 8.05 10.8 255633 
2013/05/24 11.55 14.1 11.55 13.15 358976 
2013/05/31 13 15.8 13 14 209985 
2013/06/07 13.6 15.95 13.6 14.3 243180 
2013/06/14 14.4 14.9 12.1 12.15 333316 
2013/06/21 12.1 13.75 11.8 13.1 513765 
2013/06/28 13 13.25 11.7 12.85 419870 
2013/07/05 12.95 14.1 12.6 12.85 458330 
2013/07/12 12.55 12.85 11.95 12.3 246392 
2013/07/19 12.3 14.4 12.2 13.05 515469 
2013/07/26 13.05 13.25 12.6 13.2 123839 
2013/08/02 13.2 13.3 11.25 11.25 319594 
2013/08/09 11.15 11.6 10.8 11.25 194945 
2013/08/16 11.45 13 11.35 12.8 310949 
2013/08/23 12.95 13.1 12.1 12.55 166717 
2013/08/30 12.7 12.75 11.55 12.2 231848 
2013/09/06 12.2 12.75 12.05 12.35 205987 
2013/09/13 12.5 12.6 11.65 12.1 240619 
2013/09/20 12.2 12.25 12 12.15 47872 
2013/09/27 12.25 12.55 12.05 12.15 130978 
2013/10/04 12.1 12.45 11.4 11.95 194017 
2013/10/11 11.95 12 11.5 11.65 97807 
2013/10/18 11.5 11.65 10.65 11.2 213632 
2013/10/25 11.25 11.25 10.6 10.7 89936 
2013/11/01 10.65 10.75 9.2 9.33 228773 
2013/11/08 9.33 10.3 9.32 9.46 237174 
2013/11/15 9.3 10.75 8.78 10.6 364027 
2013/11/22 10.6 10.65 10.2 10.3 214142 
2013/11/29 10.45 11.1 10.3 11 252294 
2013/12/06 11.3 11.5 10.65 10.8 185292 
2013/12/13 11 11.3 10.4 10.55 183953 
2013/12/20 10.6 10.65 10.35 10.45 67296 
2013/12/27 10.65 11.25 10.6 11.05 194353 
2014/01/03 11.15 11.25 10.7 10.75 87952 
2014/01/10 10.8 10.85 10.55 10.55 145737 
2014/01/17 10.65 10.95 10.55 10.7 134312 
2014/01/24 10.7 10.75 10.5 10.6 66897 
2014/01/31 10.5 10.55 10.3 10.45 15432 
2014/02/07 10.2 11 10.2 11 93237 
2014/02/14 11 11.05 10.6 10.65 147090 
2014/02/21 10.8 10.85 10.45 10.7 81831 
2014/02/28 10.75 11.5 10.7 11.2 259843 
2014/03/07 11.3 11.9 11.2 11.3 261571 
2014/03/14 11.3 11.5 11.05 11.45 110712 
2014/03/21 11.45 11.85 11.05 11.4 190848 
2014/03/28 11.3 11.55 11.1 11.3 107994 
2014/04/04 11.4 11.75 11.35 11.6 134539 
2014/04/11 11.75 11.95 11.3 11.3 130581 
2014/04/18 11.3 11.35 11.1 11.15 62415 
2014/04/25 11.15 11.35 10.5 10.65 125271 
2014/05/02 10.5 10.7 10.35 10.55 67023 
2014/05/09 10.6 10.8 10.3 10.35 65935 
2014/05/16 11.05 11.6 11.05 11.25 162826 
2014/05/23 11.3 11.4 11.15 11.3 55067 
2014/05/30 11.35 11.4 11.15 11.2 56277 
2014/06/06 11.2 11.35 11.1 11.3 59442 
2014/06/13 11.3 11.7 11.1 11.7 164624 
2014/06/20 11.75 11.9 11.3 11.3 105733 
2014/06/27 11.4 11.65 11.15 11.45 92053 
2014/07/04 11.6 12.9 11.55 12.25 526112 
2014/07/11 12.2 12.45 11.3 11.4 186555 
2014/07/18 11.6 12.15 11.45 12.05 124657 
2014/07/25 12.2 12.25 11.9 11.95 86383 
2014/08/01 11.95 12.15 11.4 11.7 119127 
2014/08/08 11.7 11.95 10.7 10.75 154011 
2014/08/15 10.8 11 10.6 10.85 93682 
2014/08/22 10.9 11 10.55 10.9 77742 
2014/08/29 11 11.75 10.35 10.5 351840 
2014/09/05 10.5 10.55 10.1 10.2 109106 
2014/09/12 10.25 10.4 9.97 9.98 67563 
2014/09/19 9.96 9.98 9.22 9.25 128430 
2014/09/26 9.2 9.26 8.29 8.43 128214 
2014/10/03 8.53 8.8 7.86 8.7 214340 
2014/10/10 8.71 8.94 8.15 8.17 105942 
2014/10/17 8 8.04 6.8 7.12 218359 
2014/10/24 7.4 7.65 7.15 7.36 118604 
2014/10/31 7.4 7.68 7.15 7.64 108090 
2014/11/07 7.52 8.4 7.28 8.03 290200 
2014/11/14 8.03 8.13 7.49 7.65 121506 
2014/11/21 7.7 7.7 7 7.31 110110 
2014/11/28 7.36 7.5 7.2 7.22 67851 
2014/12/05 7 7.55 7 7.34 88147 
2014/12/12 7.45 7.45 7.09 7.18 57801 
2014/12/19 7.12 7.2 7.05 7.05 47017 
2014/12/26 7.08 8.3 7.07 8.11 344303 
2015/01/02 8.1 8.23 7.81 7.91 96348 
2015/01/09 7.91 8.4 7.85 8.08 236247 
2015/01/16 8.06 8.18 7.66 7.7 94375 
2015/01/23 7.8 7.97 7.38 7.85 153234 
2015/01/30 7.85 7.93 7.62 7.81 130528 
2015/02/06 7.82 7.87 7.65 7.75 100187 
2015/02/13 7.76 7.82 7.6 7.65 80564 
2015/02/27 7.7 7.92 7.66 7.85 71406 
2015/03/06 7.89 7.99 7.71 7.96 117817 
2015/03/13 7.9 7.94 7.59 7.65 108956 
2015/03/20 7.67 7.74 7.15 7.17 131560 
2015/03/27 7.19 7.26 7.05 7.06 59907 
2015/04/03 7.08 7.1 6.78 6.79 56447 
2015/04/10 6.8 6.82 6.37 6.52 92507 
2015/04/17 6.56 6.59 6.05 6.08 88263 
2015/04/24 5.99 5.99 5.24 5.69 241935 
2015/05/01 5.8 6.2 5.73 6.2 107869 
2015/05/08 6.63 7.09 6.55 6.61 246070 
2015/05/15 6.72 6.73 6.31 6.4 92533 
2015/05/22 6.41 6.73 6.35 6.56 102580 
2015/05/29 6.56 6.74 6.49 6.49 101272 
2015/06/05 6.42 6.66 6.01 6.41 122146 
2015/06/12 6.41 6.49 5.42 5.62 132639 
2015/06/19 5.62 5.71 5.55 5.67 48712 
2015/06/26 5.71 5.89 5.55 5.55 54432 
2015/07/03 5.56 5.56 5.25 5.28 64202 
2015/07/10 5.2 5.27 4.3 4.61 87191 
2015/07/17 4.71 4.89 4.49 4.49 50856 
2015/07/24 4.5 4.54 4.05 4.11 83427 
2015/07/31 4.1 4.14 3.52 3.91 97602 
2015/08/07 3.91 3.91 3.33 3.35 101428 
2015/08/14 3.31 3.5 3.27 3.31 68263 
2015/08/21 3.32 3.4 2.83 2.84 85833 
2015/08/28 2.81 3.87 2.57 3.87 212886 
2015/09/04 3.9 5.34 3.63 4.5 526734 
2015/09/11 4.46 4.79 4.35 4.56 308472 
2015/09/18 4.57 4.94 4.29 4.61 285807 
2015/09/25 4.5 4.56 4.32 4.32 143022 
2015/10/02 4.25 4.34 4.12 4.25 65111 
2015/10/09 4.3 4.48 4.15 4.2 83128 
2015/10/16 4.27 4.46 4.21 4.38 98844 
2015/10/23 4.41 4.47 4.2 4.22 69424 
2015/10/30 4.24 4.46 4.23 4.27 99828 
2015/11/06 4.25 4.41 4.24 4.28 62442 
2015/11/13 4.26 4.33 3.78 3.82 94578 
2015/11/20 3.71 3.94 3.67 3.77 52583 
2015/11/27 3.82 3.9 3.35 3.9 105113 
2015/12/04 3.98 4.19 3.83 3.96 133562 
2015/12/11 3.96 4.06 3.59 3.61 60363 
2015/12/18 3.58 3.81 3.48 3.67 62550 
2015/12/25 3.65 4.07 3.63 4 167193 
2016/01/01 4.05 4.06 3.87 3.89 69797 
2016/01/08 3.89 3.92 3.48 3.58 67288 
2016/01/15 3.57 3.71 3.51 3.6 70106 
2016/01/22 3.49 4.6 3.48 4.21 362403 
2016/01/29 4.28 4.46 4.13 4.24 174652 
2016/02/05 4.24 4.25 4.03 4.05 48577 
2016/02/19 3.99 4.08 3.95 3.99 59902 
2016/02/26 4 4.38 3.96 4.19 128243 
2016/03/04 4.21 4.26 4.12 4.2 49746 
2016/03/11 4.25 4.38 4.15 4.3 94870 
2016/03/18 4.33 4.51 4.13 4.29 110626 
2016/03/25 4.31 4.32 4.16 4.18 47885 
2016/04/01 4.18 4.33 4.16 4.26 61947 
2016/04/08 4.28 4.32 4.21 4.3 33795 
2016/04/15 4.25 4.27 4.1 4.11 41387 
2016/04/22 4.11 4.15 3.97 3.97 44481 
2016/04/29 3.97 3.99 3.69 3.75 32712 
2016/05/06 3.78 3.78 3.51 3.54 38367 
2016/05/13 3.56 3.6 3.16 3.2 32996 
2016/05/20 3.18 3.56 2.88 3.4 133465 
2016/05/27 3.4 3.83 3.39 3.83 73274 
2016/06/03 3.77 4.03 3.7 3.97 66909 
2016/06/10 3.97 4.09 3.91 4.02 30124 
2016/06/17 4 4.29 3.98 4.22 69422 
2016/06/24 4.24 4.84 4.22 4.49 101712 
2016/07/01 4.46 5.1 4.37 4.96 146888 
2016/07/08 4.96 6 4.96 5.45 154285 
2016/07/15 5.54 5.62 5.21 5.45 97893 
2016/07/22 5.5 6 5.41 5.63 167129 
2016/07/29 5.67 5.7 5.27 5.39 94375 
2016/08/05 5.47 5.84 5.4 5.64 87408 
2016/08/12 5.71 5.78 5.41 5.47 81046 
2016/08/19 5.48 5.65 5.36 5.5 50939 
2016/08/26 5.5 5.68 5.46 5.57 59593 
2016/09/02 5.58 5.62 5.4 5.4 44594 
2016/09/09 5.49 7.2 5.49 6.85 365412 
2016/09/16 6.8 7.41 6.63 7.01 151396 
2016/09/23 7.26 7.27 6.93 7.1 153018 
2016/09/30 7.09 7.17 7.01 7.03 46675 
2016/10/07 7.12 8.39 7.1 7.98 353380 
2016/10/14 8.23 8.24 7.49 7.59 149574 
2016/10/21 7.6 7.96 7.57 7.85 107438 
2016/10/28 7.89 8.1 7.81 7.91 126884 
2016/11/04 7.96 8.05 7.1 7.8 151017 
2016/11/11 8.17 8.29 7.78 8.12 286441 
2016/11/18 8.18 9.27 8.01 9.07 270797 
2016/11/25 9.09 10.4 8.95 9.3 863798 
2016/12/02 9.5 9.57 8.61 8.71 399490 
2016/12/09 8.91 9.08 8.28 8.28 422785 
2016/12/16 8.34 8.6 8.12 8.31 373474 
2016/12/23 8.3 8.3 7.48 7.5 397596 
2016/12/30 7.61 8.29 7.35 7.86 575242 
2017/01/06 7.96 8.25 7.94 8.11 239871 
2017/01/13 8.58 8.68 8.07 8.12 333929 
2017/01/20 8.16 8.39 8.14 8.26 210857 
2017/01/27 8.23 8.25 8.11 8.21 94486 
2017/02/03 8.3 8.92 8.26 8.56 247495 
2017/02/10 8.59 8.72 7.94 8 307326 
2017/02/17 8.06 8.12 7.83 8.08 226558 
2017/02/24 8 8 7.71 7.75 190263 
2017/03/03 7.77 7.79 7.66 7.74 55476 
2017/03/10 8.13 9.12 8.06 8.3 813652 
2017/03/17 8.3 8.39 8.15 8.23 277897 
2017/03/24 8.26 8.97 8.19 8.61 424443 
2017/03/31 8.65 8.68 8.18 8.35 230338 
2017/04/07 8.43 8.58 8.38 8.54 56525 
2017/04/14 8.66 8.86 8.19 8.19 484645 
2017/04/21 8.23 8.35 8.02 8.1 71094 
2017/04/28 8.14 8.16 8.03 8.06 28528 
2017/05/05 8.16 8.18 8.07 8.1 24770 
2017/05/12 8.2 8.23 7.63 7.74 209355 
2017/05/19 7.77 8.03 7.74 7.93 121226 
2017/05/26 7.94 7.96 7.7 7.74 88602 
2017/06/02 7.74 8.03 7.72 7.96 63915 
2017/06/09 8.02 8.19 8.02 8.17 53167 
2017/06/16 8.38 8.48 8.2 8.33 152887 
2017/06/23 8.48 8.58 8.41 8.44 167042 
2017/06/30 8.42 9.65 8.42 9.13 626183 
2017/07/07 9.38 9.39 9.2 9.28 84181 
2017/07/14 9.15 9.17 8.9 8.96 111212 
2017/07/21 8.71 8.79 8.45 8.75 109275 
2017/07/28 8.8 8.8 8.66 8.72 32865 
2017/08/04 9.1 9.37 9.04 9.35 226136 
2017/08/11 9.41 9.7 9.36 9.7 151678 
2017/08/18 10.3 11.05 10.05 10.85 302926 
2017/08/25 10.9 11.05 10.75 11 130630 
2017/09/01 12.05 12.1 11.75 11.8 115548 
2017/09/08 12.3 12.5 12.2 12.3 60988 
2017/09/15 13.3 13.45 12.9 13 83310 
2017/09/22 12.85 12.95 12.7 12.7 54716 
2017/09/29 12.25 12.35 11.6 11.95 156293 
2017/10/06 12.25 12.3 12.1 12.15 35458 
2017/10/13 11.75 11.8 11.45 11.55 83585 
2017/10/20 11.9 11.95 11.7 11.75 23297 
2017/10/27 12.1 12.3 11.8 11.8 170955 
2017/11/03 11.9 12.4 11.45 11.8 316625 
2017/11/10 11.8 11.85 10.4 10.7 424077 
2017/11/17 10.65 10.75 10.4 10.4 54518 
2017/11/24 11.15 11.3 11.05 11.1 68462 
2017/12/01 11 11.05 10.6 10.65 82279 
2017/12/08 11.05 11.15 10.6 10.6 71104 
2017/12/15 10 10.3 9.85 10.15 115400 
2017/12/22 10.2 10.35 10 10.25 93150 
2017/12/29 10.3 10.35 9.93 9.94 68925 
2018/01/05 9.98 10.35 9.96 10.2 77064 
2018/01/12 10.25 10.3 9.88 10.1 90779 
2018/01/19 10.15 11.05 10.05 10.5 283468 
2018/01/26 10.55 10.85 10.45 10.55 151276 
2018/02/02 10.65 11 10.5 10.65 198875 
2018/02/09 10.2 10.4 9.37 9.87 166660 
2018/02/16 10.2 10.2 10 10.05 22181 
2018/02/23 10.2 10.2 9.98 10 49257 
2018/03/02 10.1 10.1 9.92 9.94 42506 
2018/03/09 9.98 10.15 9.84 9.91 72156 
2018/03/16 9.95 10.75 9.86 10.6 191168 
2018/03/23 10.35 10.5 10 10.1 178037 
2018/03/30 10.1 10.4 10 10 79442 
2018/04/06 10.05 10.1 9.91 9.92 24986 
2018/04/13 9.85 9.9 9.04 9.05 168911 
2018/04/20 9.01 9.04 8.71 8.89 129944 
2018/04/27 8.85 8.88 7.81 8.05 151194 
2018/05/04 8.13 8.3 8.07 8.19 48711 
2018/05/11 8.24 8.85 8.19 8.76 124621 
2018/05/18 8.72 8.8 8.6 8.66 76719 
2018/05/25 8.7 9.29 8.66 9.04 106301 
2018/06/01 9.12 9.47 9.1 9.33 107881 
2018/06/08 9.45 9.99 9.42 9.65 182012 
2018/06/15 9.78 10.1 9.56 9.8 151487 
2018/06/22 9.87 9.97 9.31 9.33 97842 
2018/06/29 9.38 9.43 9 9.11 61735 
2018/07/06 9.2 9.26 8.3 8.45 77285 
2018/07/13 8.54 9.03 8.53 8.7 74845 
2018/07/20 8.75 8.76 8.55 8.64 40548 
2018/07/27 8.67 8.74 8.58 8.68 46162 
2018/08/03 8.79 9.05 8.75 8.84 70540 
2018/08/10 9 9.37 8.73 8.73 118299 
2018/08/17 8.7 8.7 8.06 8.2 75795 
2018/08/24 8.24 8.25 8.09 8.15 42515 
2018/08/31 8.18 8.35 8.16 8.21 40669 
2018/09/07 8.21 8.26 7.9 7.93 39275 
2018/09/14 7.79 7.99 7.27 7.88 95295 
2018/09/21 7.88 7.92 7.36 7.45 44347 
2018/09/28 7.49 7.59 7.47 7.53 23717 
2018/10/05 7.53 7.54 7.1 7.15 84730 
2018/10/12 7.17 7.29 6.51 7 87720 
2018/10/19 6.93 7.26 6.86 7.04 49670 
2018/10/26 7.04 7.15 6.9 7.08 22885 
