1990/02/09 85 90.5 80 88 154449 
1990/02/16 90 94 82.5 85 132814 
1990/02/23 85 98.5 84.5 86.5 319310 
1990/03/02 84.5 87 80 81.5 110473 
1990/03/09 80 89 76 89 137743 
1990/03/16 89.5 90 82 83.5 82183 
1990/03/23 83.5 92.5 76.5 76.5 177118 
1990/03/30 77 82 75 80.5 59265 
1990/04/06 82 83 71 71 52174 
1990/04/13 69 73 65 68 38359 
1990/04/20 68 71 62 68.5 48381 
1990/04/27 68 72 67 68.5 47886 
1990/05/04 69 69.5 58 63.5 48436 
1990/05/11 63.5 66 58 60.5 40259 
1990/05/18 61 64.5 55 55 40878 
1990/05/25 56 57.5 43 48.2 53007 
1990/06/01 48 60 47.8 57 56403 
1990/06/08 57 58 45 45.8 92561 
1990/06/15 44.5 52 43.5 44.5 58501 
1990/06/22 46 46.4 40.1 42.3 29827 
1990/06/29 42.6 43.5 38 40 22486 
1990/07/06 40.5 43.8 38.2 42.4 25073 
1990/07/13 42 45.7 39 39.7 43738 
1990/07/20 39.5 43.2 38.3 42.9 35312 
1990/07/27 43.3 44.9 39.5 41.6 46595 
1990/08/03 42.2 43 36.3 37.4 45053 
1990/08/10 37.5 38 28.6 29.2 23072 
1990/08/17 29 29.5 25.6 27.2 31585 
1990/08/24 27.5 28.2 25 27.5 44043 
1990/08/31 28 32.3 27.2 31.2 58076 
1990/09/07 29.2 29.8 26 26.8 23648 
1990/09/14 28 28.4 26 26.6 24930 
1990/09/21 26.2 27 24 24.4 21559 
1990/09/28 23.5 23.6 20.2 20.6 16083 
1990/10/05 20.6 20.6 18.7 19.8 23968 
1990/10/12 19.8 21.5 17.7 18.5 25688 
1990/10/19 18.8 21.8 18.5 21.5 31252 
1990/10/26 20.5 26.2 20.5 21.6 65321 
1990/11/02 23 23.4 20.2 22.4 27299 
1990/11/09 23.2 25.3 21.6 22.9 46491 
1990/11/16 24.5 25.3 23.8 25 40449 
1990/11/23 25.6 31 25.2 28.6 76727 
1990/11/30 29 29.2 23.3 26.4 49618 
1990/12/07 26.9 28.4 25.1 26.4 52862 
1990/12/14 26.6 27.6 25 25.7 38762 
1990/12/21 25.3 26 22.5 23.3 20750 
1990/12/28 23.5 24.2 22.4 24.2 11121 
1991/01/04 23.5 24 22.5 23.3 7620 
1991/01/11 23 23 19 19.2 15328 
1991/01/18 19.1 22.3 17.6 21.5 19404 
1991/01/25 21.4 22.4 19.8 20.8 25912 
1991/02/01 20.6 22 20.1 20.6 20345 
1991/02/08 20.6 24 20.6 23.8 34859 
1991/02/15 24 25 24 24.7 8096 
1991/02/22 26.4 29.6 26 27.8 54968 
1991/03/01 28 32.6 27.5 29.3 86682 
1991/03/08 27.6 29.7 27.3 29.4 38774 
1991/03/15 29.4 31 28.1 30 46789 
1991/03/22 29.6 31.8 29.6 31.1 54282 
1991/03/29 31.5 37.5 31.4 37.5 91251 
1991/04/05 40.1 44.1 39.8 43.9 64360 
1991/04/12 40.9 48 40.9 45.8 93027 
1991/04/19 45.2 47.5 40 46 67211 
1991/04/26 47.5 56 47.5 54 181957 
1991/05/03 55 57 50.5 53.5 108246 
1991/05/10 55 57 51.5 53.5 80661 
1991/05/17 53.5 53.5 47.1 48.5 43610 
1991/05/24 48.5 53 48.4 48.5 55978 
1991/05/31 48.5 49.6 45.5 47.9 25505 
1991/06/07 48.4 55.5 47.9 54 87634 
1991/06/14 54 57 52 55 122176 
1991/06/21 55 55 52 53.5 62084 
1991/06/28 53.5 54.5 52 52.5 58264 
1991/07/05 54 54 47.5 47.6 26040 
1991/07/12 47.6 47.8 45 46.3 27968 
1991/07/19 47 47 42 43.1 28531 
1991/07/26 42.2 43.5 39.8 43.5 43244 
1991/08/02 44.4 44.5 40 41.6 35321 
1991/08/09 41.5 44.5 39.6 43.9 38708 
1991/08/16 43 44.3 40.3 40.4 33144 
1991/08/23 40.4 40.8 35.8 36.8 42521 
1991/08/30 36.4 40 34 38.9 43601 
1991/09/06 38.9 42.1 38.6 41.9 107655 
1991/09/13 41.8 42.3 38.2 39 72706 
1991/09/20 39.1 41.9 38.6 41.2 47082 
1991/09/27 41.5 42.9 41 41.7 36662 
1991/10/04 42 42.1 40 41.4 26553 
1991/10/11 41.8 43.5 41 42 45134 
1991/10/18 41 41.2 35.6 37.8 47120 
1991/10/25 37.5 37.8 34.1 37 27986 
1991/11/01 37.5 38.8 36.4 37.6 29222 
1991/11/08 37.3 39.8 37 38.8 41811 
1991/11/15 39.3 39.4 37.5 38 17694 
1991/11/22 38 39 37.2 37.8 22000 
1991/11/29 38.1 39.2 37 37.1 21365 
1991/12/06 36.9 37.5 36.2 37.2 14291 
1991/12/13 37.4 38.5 36.5 36.6 14887 
1991/12/20 36.3 38.4 36.3 38 15821 
1991/12/27 38.9 39.9 37.8 39.5 31202 
1992/01/03 39.8 41.5 39.8 40.9 11268 
1992/01/10 41.2 44.4 40.9 44 44805 
1992/01/17 44.5 45.7 43 45.2 63268 
1992/01/24 45.8 48.8 45.2 46.1 62998 
1992/01/31 44.4 46.5 44.4 45 17761 
1992/02/07 43.8 44.6 43.5 44 6205 
1992/02/14 44.1 44.6 42.4 43 17034 
1992/02/21 42.8 44 40.7 43.9 18331 
1992/02/28 44.3 45.6 42.1 45 26736 
1992/03/06 45.3 46.3 42.5 43.1 26474 
1992/03/13 43 43.9 41.1 43 13565 
1992/03/20 42.8 43.2 41 41 10058 
1992/03/27 41 41.7 40.5 41.5 6770 
1992/04/03 41.5 41.6 40 40.8 4426 
1992/04/10 40.1 40.4 38.8 39.4 7718 
1992/04/17 39.1 40 38.8 39.8 6822 
1992/04/24 40 40 38.9 39.1 4186 
1992/05/01 39.1 39.7 38.4 38.9 6751 
1992/05/08 39 39.3 38.4 38.4 4424 
1992/05/15 38.1 38.5 36.6 37.8 9162 
1992/05/22 38.1 39.7 38.1 39.2 13397 
1992/05/29 39 39.5 36.8 36.8 10092 
1992/06/05 36.8 37.6 36.6 37.3 3933 
1992/06/12 37 37.8 36.8 37.5 7483 
1992/06/19 37.8 38.4 36.5 36.6 8369 
1992/06/26 36.7 37 34.2 34.2 10217 
1992/07/03 34.5 34.5 33.6 33.8 4217 
1992/07/10 34.2 34.2 31.1 32.5 9548 
1992/07/17 32.4 32.8 31 31.1 7881 
1992/07/24 31.1 31.9 29.1 29.8 10995 
1992/07/31 30.4 30.8 29 30.8 10157 
1992/08/07 30.7 31 29.2 29.3 7237 
1992/08/14 29 29.1 26.9 26.9 13010 
1992/08/21 26.5 28 25 26.8 27623 
1992/08/28 26.8 27.1 26.1 27 8127 
1992/09/04 28 30 27.8 28.6 23384 
1992/09/11 29.1 29.2 27.5 28.5 10166 
1992/09/18 28.2 30.1 27.5 29.9 35259 
1992/09/25 29.4 32 28.1 28.9 51159 
1992/10/02 29.3 32.3 28.9 31.6 34168 
1992/10/09 31.8 32 30.3 30.3 23237 
1992/10/16 30.5 32.7 30.4 32.2 24937 
1992/10/23 32.7 32.7 30.8 31.5 9504 
1992/10/30 31.6 31.8 31 31.4 3912 
1992/11/06 31.2 31.4 30.3 30.5 6750 
1992/11/13 30.3 31.3 30.1 31 4827 
1992/11/20 31.2 32.3 31.2 31.6 11624 
1992/11/27 31.7 32 31.3 31.8 5194 
1992/12/04 31.8 33.3 31.2 33.3 11530 
1992/12/11 33.5 34.7 32.9 33.8 19741 
1992/12/18 33.8 34 32.8 33.6 9143 
1992/12/25 34 34 31.6 32.2 8025 
1993/01/01 32.2 32.6 31.7 32.5 3738 
1993/01/08 32.9 32.9 30.6 32 10070 
1993/01/15 31.6 33.2 31.3 32.8 7970 
1993/01/22 32.8 34 32.3 34 4581 
1993/01/29 34 34.9 32.9 34.9 13550 
1993/02/05 35 37.3 34.9 36.7 25844 
1993/02/12 36.7 39.3 36.2 39 26677 
1993/02/19 39 41.7 37.5 41.7 45246 
1993/02/26 42 45.9 41.2 43.9 77569 
1993/03/05 43.1 47.7 41.6 44 69966 
1993/03/12 44.1 46.2 43.2 43.4 48023 
1993/03/19 43.5 49.7 43.4 48.7 80070 
1993/03/26 48.6 48.7 45.5 45.7 57875 
1993/04/02 46.8 47.8 46.1 47.3 32149 
1993/04/09 48.2 48.6 45 45.1 18677 
1993/04/16 45 45.5 40.9 41 23692 
1993/04/23 43 43.9 40.7 43.4 32785 
1993/04/30 44.3 44.7 41.5 41.7 26087 
1993/05/07 41.7 43.5 41 43.2 17415 
1993/05/14 43.5 44.5 43 43.6 28274 
1993/05/21 43.6 44.8 41.8 42.1 34596 
1993/05/28 42.5 43.7 41.5 42.9 21889 
1993/06/04 43.2 44.2 41.5 43.5 18259 
1993/06/11 43.5 43.8 42.7 42.8 11559 
1993/06/18 42.8 43.9 42.1 43.2 9127 
1993/06/25 43.2 44.6 42.8 43.8 10796 
1993/07/02 43.5 43.5 42.2 42.8 9836 
1993/07/09 43 43.8 42.5 43 7880 
1993/07/16 43.2 43.4 42 42.2 5474 
1993/07/23 42.2 42.9 41.7 42.5 4612 
1993/07/30 42.6 43.6 42 42.9 7894 
1993/08/06 42.9 44.5 42.8 43.9 10273 
1993/08/13 44 45.5 44 44.8 16936 
1993/08/20 45.2 45.4 43 43.2 8453 
1993/08/27 43.2 43.5 41.8 42.2 4997 
1993/09/03 42.2 42.6 40.8 41.2 4731 
1993/09/10 41.2 42 40.8 41.3 4950 
1993/09/17 41.4 41.5 38 40.3 13903 
1993/09/24 40 40.5 38.8 38.8 7886 
1993/10/01 38.8 39 35 35.1 7532 
1993/10/08 35 36.3 34.7 36.1 5730 
1993/10/15 36.2 38 36.2 37.9 7035 
1993/10/22 37.9 38.3 36.8 37.5 7649 
1993/10/29 38 38.5 37.6 38.1 7620 
1993/11/05 38.3 40.5 38.3 39 14365 
1993/11/12 39.1 41.6 38.9 41.1 9692 
1993/11/19 41.6 43.4 40.4 41 29251 
1993/11/26 41 41.2 39.1 39.1 11716 
1993/12/03 41.7 48 40.6 47.8 59731 
1993/12/10 48.2 52 47.3 51 86471 
1993/12/17 52 59.5 51.5 54.5 120241 
1993/12/24 55.5 60 54 55.5 63088 
1993/12/31 58 63.5 55.5 63.5 54658 
1994/01/07 67.5 72 65 71.5 102005 
1994/01/14 73 74 56 59.5 112438 
1994/01/21 59.5 62 55 60 64133 
1994/01/28 60.5 62 57.5 61 41245 
1994/02/04 61.5 63.5 58.5 58.5 43912 
1994/02/18 59 59.5 55 55 19109 
1994/02/25 55 55.5 48.8 49.7 36216 
1994/03/04 49.7 54 48.2 53 33910 
1994/03/11 54 54.5 48.8 49.4 23791 
1994/03/18 49.7 53 49.5 50.5 24554 
1994/03/25 50.5 51.5 49.6 50 20382 
1994/04/01 50 51.5 49.5 51 12176 
1994/04/08 51.5 52.5 50.5 51 17864 
1994/04/15 51 51.5 49 49.5 18089 
1994/04/22 49.5 52.5 49.5 51 38834 
1994/04/29 51 54 50 50.5 38418 
1994/05/06 50.5 52.5 50 51.5 27077 
1994/05/13 52 53 51 51 27496 
1994/05/20 52 53 50 50 29606 
1994/05/27 50 50.5 49 49.4 15040 
1994/06/03 50.5 51.5 50 50.5 23187 
1994/06/10 50.5 52.5 50 51 32598 
1994/06/17 51.5 54 51 51.5 55922 
1994/06/24 52 52 49.5 49.5 21126 
1994/07/01 49.5 50 49 49.6 15533 
1994/07/08 49.7 52 49.3 49.3 38680 
1994/07/15 49.8 51 49.2 49.3 27127 
1994/07/22 49.9 52.5 49.5 50.5 55561 
1994/07/29 51.5 53.5 50 50 43693 
1994/08/05 51 51.5 49.2 50.5 35747 
1994/08/12 51 51 49 49 21200 
1994/08/19 49.1 50 44.3 46.3 44245 
1994/08/26 47.3 53.5 47.3 52 145669 
1994/09/02 53 59.5 53 55 144152 
1994/09/09 56 59 54 57.5 80362 
1994/09/16 58 58 54 54.5 45713 
1994/09/23 55 55 52 52 14629 
1994/09/30 52.5 54.5 52 53 14904 
1994/10/07 53.5 54.5 47.7 47.7 24598 
1994/10/14 47.7 55 47.2 54.5 63174 
1994/10/21 54.5 62 53.5 59 127461 
1994/10/28 60 60 54 54 44213 
1994/11/04 54 54.5 50 53 44393 
1994/11/11 53 54 52 52.5 17091 
1994/11/18 53 53 51 52 15492 
1994/11/25 52 52.5 49.3 51 22667 
1994/12/02 51 51.5 50 51.5 20448 
1994/12/09 55 55 52 53.5 43049 
1994/12/16 54 56.5 52.5 56 82499 
1994/12/23 57 59.5 54 55 126281 
1994/12/30 56.5 59 56 57.5 65315 
1995/01/06 59 60.5 57.5 59.5 49080 
1995/01/13 60.5 60.5 53.5 55 53922 
1995/01/20 55.5 56 51 52 31186 
1995/01/27 52.5 55 51 55 27052 
1995/02/03 56 56.5 53 53.5 6485 
1995/02/10 53 55.5 52.5 53.5 21976 
1995/02/17 54 55 53 54 24324 
1995/02/24 54 55 53 53 14057 
1995/03/03 52 52 49.5 51.5 26075 
1995/03/10 52 52.5 50.5 51 10587 
1995/03/17 51 52.5 51 51 18431 
1995/03/24 51 52 50 51 13115 
1995/03/31 51 54.5 50.5 54 26697 
1995/04/07 54.5 57 54 55 31555 
1995/04/14 55.5 55.5 51.5 52 20994 
1995/04/21 52 55.5 51 54.5 46644 
1995/04/28 55 56 52 52.5 44638 
1995/05/05 52.5 53 50.5 51.5 20217 
1995/05/12 51 52 48.5 52 32771 
1995/05/19 52 52.5 51 51.5 14208 
1995/05/26 51.5 52 49.5 49.8 10459 
1995/06/02 49.5 51 49 50.5 6204 
1995/06/09 51.5 52.5 50.5 50.5 10652 
1995/06/16 51 51 47 48.1 14193 
1995/06/23 47.5 48.5 46 48.4 20388 
1995/06/30 48.9 49.8 44.2 44.9 20000 
1995/07/07 44.5 46.2 42 45.3 34649 
1995/07/14 45.8 46 43.5 43.9 18755 
1995/07/21 43.8 44.2 35.1 36.8 40047 
1995/07/28 37.8 42.4 37.1 41.9 114638 
1995/08/04 41.6 42.9 38.5 39.1 96361 
1995/08/11 39.7 41.3 39.3 40 58688 
1995/08/18 39.9 40.5 37 39.4 47083 
1995/08/25 39.1 41.4 38.5 39.3 38193 
1995/09/01 39.3 40.5 39.1 40.2 17555 
1995/09/08 40.3 41.5 39.8 41 33033 
1995/09/15 41.5 41.5 38.5 38.8 17923 
1995/09/22 38.8 39.3 38.3 38.5 10712 
1995/09/29 39 40 38.8 39.5 14252 
1995/10/06 39.7 42.5 39.3 42.3 46794 
1995/10/13 42.4 43.6 41.5 41.8 40940 
1995/10/20 42.2 42.8 40.2 41.1 31445 
1995/10/27 41.1 42.2 40.5 40.6 9227 
1995/11/03 40.5 40.9 38.6 39.4 12365 
1995/11/10 39.2 40.1 38.4 38.8 9061 
1995/11/17 38.4 39.4 38 38.6 10057 
1995/11/24 38.9 40 38.3 39.7 12962 
1995/12/01 39.9 40.4 39.5 39.9 14828 
1995/12/08 40.1 40.2 38.8 39.8 18566 
1995/12/15 39.8 40.9 39.6 40.2 22813 
1995/12/22 40.5 43.7 39.9 43.3 58629 
1995/12/29 43 44.4 42.9 44.3 56720 
1996/01/05 44.8 44.8 40.5 42.2 41231 
1996/01/12 42.4 43.6 41.9 42.9 30989 
1996/01/19 43.4 45.4 43 44.5 35647 
1996/01/26 44.8 44.8 43.1 43.1 19355 
1996/02/02 43 43.3 41 42.8 13405 
1996/02/09 42.8 43.8 41.8 43.6 15163 
1996/02/16 43.8 44.3 43.5 43.8 10291 
1996/02/23 44 44.5 43.8 44.3 4310 
1996/03/01 44 44.6 43.5 44.3 11339 
1996/03/08 44.2 45.7 43.6 44.9 20282 
1996/03/15 44.5 47 43.5 46.5 26470 
1996/03/22 46.5 49.2 46.5 48.2 39695 
1996/03/29 49.5 49.8 47 47.5 33439 
1996/04/05 47.5 51.5 47.5 51 27588 
1996/04/12 50.5 54 49.4 52.5 72897 
1996/04/19 52.5 53 49 49.1 42513 
1996/04/26 50 52 49.5 51 39117 
1996/05/03 51.5 52 50 50.5 26011 
1996/05/10 50.5 51.5 49 51.5 17690 
1996/05/17 52 52 49.5 49.6 15916 
1996/05/24 50 50.5 44.8 44.9 34452 
1996/05/31 44.9 46.1 43.9 45.8 22862 
1996/06/07 46 46.8 45 46 22957 
1996/06/14 47 52 46.6 51 90424 
1996/06/21 51.5 52.5 50 51.5 33970 
1996/06/28 52 58 50.5 58 96688 
1996/07/05 58 58 51.5 51.5 44135 
1996/07/12 51.5 53.5 51 52 31126 
1996/07/19 52 53 50 52 27262 
1996/07/26 52 52.5 50 51.5 14112 
1996/08/02 51.5 52 50 50 9689 
1996/08/09 50 51.5 49.1 50.5 21439 
1996/08/16 51 51.5 49 49.1 17207 
1996/08/23 48.5 49 45 47.5 70411 
1996/08/30 47.5 50.5 47.3 49.3 25142 
1996/09/06 49.5 49.7 48 48.8 17460 
1996/09/13 49.3 50.5 48.5 49.8 33797 
1996/09/20 49.8 50.5 49.2 49.6 25235 
1996/09/27 49.5 49.6 48.9 49.2 9058 
1996/10/04 49.3 51 48.8 50.5 20515 
1996/10/11 51 51 48.6 48.9 20123 
1996/10/18 49 49.3 47.5 47.6 15216 
1996/10/25 47.8 48.5 47.8 48.3 5725 
1996/11/01 48.3 49.9 47.3 49 13814 
1996/11/08 49.5 49.8 48.2 48.4 11781 
1996/11/15 48.5 49 48.1 48.3 7884 
1996/11/22 48.5 53.5 48.3 53.5 71628 
1996/11/29 55 57.5 54.5 56 138262 
1996/12/06 56.5 60.5 54 54.5 124921 
1996/12/13 55 55.5 53 55 28253 
1996/12/20 55.5 56.5 53.5 54 23427 
1996/12/27 54 55 53 53.5 12635 
1997/01/03 54.5 55 53 53.5 18438 
1997/01/10 53.5 55.5 53 54.5 37755 
1997/01/17 55 55 53.5 54 20618 
1997/01/24 54.5 56.5 52.5 52.5 50586 
1997/01/31 52.5 53 51 51.5 21109 
1997/02/07 51.5 52.5 51.5 52 4622 
1997/02/14 52.5 53.5 51.5 52.5 37140 
1997/02/21 52.5 53.5 51.5 52 38996 
1997/02/28 52.5 54.5 52 53.5 50289 
1997/03/07 53.5 57 53.5 55 73487 
1997/03/14 55 56 53.5 54.5 53610 
1997/03/21 54.5 57.5 53 54 89070 
1997/03/28 54 54.5 51.5 52 20899 
1997/04/04 52 54.5 51 54 17559 
1997/04/11 54 54.5 51.5 53 36104 
1997/04/18 53 56 51.5 51.5 43251 
1997/04/25 52 52.5 51.5 51.5 20632 
1997/05/02 52 52.5 47 47.7 18316 
1997/05/09 47.5 49.1 46 46 18189 
1997/05/16 46 47.9 44.1 46.5 23973 
1997/05/23 46.6 47.7 45.5 47 13693 
1997/05/30 47.8 47.8 45 46.1 12256 
1997/06/06 46.5 47 44.6 44.8 16504 
1997/06/13 45 46.8 45 46.1 14440 
1997/06/20 46.8 48.8 44.1 44.2 34708 
1997/06/27 44.5 45.1 43 44.5 20614 
1997/07/04 45 49.6 44.7 48.1 46945 
1997/07/11 48 48.4 43.9 44.2 22867 
1997/07/18 44.2 44.3 41 42.1 22727 
1997/07/25 42.4 44.2 41.5 41.5 15004 
1997/08/01 41.5 43.1 40.7 41.2 25466 
1997/08/08 41.2 42 40.2 40.8 15687 
1997/08/15 41.2 42.2 40.2 40.5 17969 
1997/08/22 40.8 41 39.5 39.5 14767 
1997/08/29 39.5 41.5 39 39.2 15081 
1997/09/05 39.2 39.6 37.2 37.8 15718 
1997/09/12 38 38.2 36.5 36.8 16393 
1997/09/19 37 37 36 36 10797 
1997/09/26 36.1 38 36 37 15849 
1997/10/03 37 37.7 35.6 36.2 10825 
1997/10/10 36.3 36.8 35.1 35.4 5448 
1997/10/17 35.4 35.4 32.3 32.9 12212 
1997/10/24 33.4 35.4 32.9 33.6 14398 
1997/10/31 33.7 34 31.5 32.4 9344 
1997/11/07 32.7 36.1 32.6 34.7 30059 
1997/11/14 34.7 35.1 33 33 10289 
1997/11/21 33.5 34.8 33.1 34.5 9619 
1997/11/28 34.5 35.2 33.7 34.6 7374 
1997/12/05 32.7 38.3 32.7 37 31876 
1997/12/12 37 38 35.6 36.3 21904 
1997/12/19 36.7 36.9 35.5 35.5 13372 
1997/12/26 35.7 36.4 35 35.5 8399 
1998/01/02 35.7 35.9 35.3 35.8 4471 
1998/01/09 35.6 35.9 32.5 32.8 6684 
1998/01/16 32 33.9 31.8 32.5 7935 
1998/01/23 33 35.2 32.8 34.8 13387 
1998/02/06 35.5 36.5 33 33.4 16737 
1998/02/13 33 35.4 33 33.6 21662 
1998/02/20 34.5 34.8 33.3 33.9 15132 
1998/02/27 34 35.4 33.6 33.6 27151 
1998/03/06 34.2 36.8 33.8 36.3 54028 
1998/03/13 36.8 38.3 36.2 37.6 54270 
1998/03/20 38 40.1 36.5 38.5 69355 
1998/03/27 38.9 39.2 37.4 38.3 33381 
1998/04/03 38.5 38.6 37 37.4 19497 
1998/04/10 37.5 37.7 34.8 34.8 19385 
1998/04/17 35 35.3 33.8 34.1 14857 
1998/04/24 34.5 34.5 33 34 10461 
1998/05/01 34 34.3 32.5 32.5 10558 
1998/05/08 32.5 33.4 32.1 32.7 8239 
1998/05/15 32.9 34.3 32.5 33 17928 
1998/05/22 32.3 34 32.3 33.4 10392 
1998/05/29 33.8 33.8 32 32.2 8808 
1998/06/05 32.5 32.5 28.6 29.1 15328 
1998/06/12 29.3 29.3 25 25.1 11354 
1998/06/19 25.1 27.5 24.6 27.4 15511 
1998/06/26 27.5 28.5 26.9 27.6 13520 
1998/07/03 27.5 27.6 25.5 26.4 10554 
1998/07/10 26.8 29.1 26.5 27.6 24881 
1998/07/17 27.2 28.1 26.5 27.2 9579 
1998/07/24 27.7 27.8 26.5 27 7129 
1998/07/31 27 27 24.8 25.3 6524 
1998/08/07 25.5 25.6 22.9 23.5 10789 
1998/08/14 23.7 23.7 22.5 23 5462 
1998/08/21 23.2 23.7 22.8 23.3 4593 
1998/08/28 23.1 23.3 20.7 21.1 10827 
1998/09/04 21 22.1 19.2 22.1 16815 
1998/09/11 22.4 26.3 21.8 25.7 61341 
1998/09/18 26.2 28.3 25 28.3 61099 
1998/09/25 28.7 30.2 25.7 26.6 59314 
1998/10/02 26.7 29.4 25.7 29.2 65568 
1998/10/09 29.2 32.2 28.2 31.4 96608 
1998/10/16 31.4 31.8 29.6 30.7 42765 
1998/10/23 31 32 30.3 31 36485 
1998/10/30 31 31 29.3 29.6 25372 
1998/11/06 29.6 29.9 26.7 27 26351 
1998/11/13 27.1 27.9 25.2 27 15689 
1998/11/20 28.1 30.5 27.7 29.6 46988 
1998/11/27 29.5 33 28.1 33 56210 
1998/12/04 33 33.7 31.7 33 81947 
1998/12/11 33.8 33.8 30 30 37761 
1998/12/18 30.3 31.2 25.8 26 50017 
1998/12/25 26.9 29.8 26.4 29 49795 
1999/01/01 28.8 29.3 27.8 28.2 25453 
1999/01/08 28.2 29.5 26 28.6 26295 
1999/01/15 28.8 28.9 26 26.8 27647 
1999/01/22 26.8 28 26.8 27.2 22170 
1999/01/29 27.2 28 26.5 27.6 25059 
1999/02/05 27.8 29.5 26.8 28.4 60187 
1999/02/12 28.6 29.6 28 29.4 19181 
1999/02/19 31 31 29.8 30 6448 
1999/02/26 29.5 33.1 29.5 32.3 71696 
1999/03/05 32.3 33.1 31.2 31.9 37728 
1999/03/12 32.4 33.1 31.6 32.9 31302 
1999/03/19 33.1 37.8 32.9 37 75287 
1999/03/26 37.1 38.5 36.2 38 49449 
1999/04/02 38.4 42.5 36.8 41.2 71843 
1999/04/09 41.7 44.4 40.5 42.4 57687 
1999/04/16 42.4 42.8 39.5 42.2 71090 
1999/04/23 42.2 44.4 41.1 43 81309 
1999/04/30 43.5 43.5 40.9 42.3 41087 
1999/05/07 42.5 45.9 41.2 43.1 61873 
1999/05/14 42.6 43.5 42.1 42.7 28664 
1999/05/21 42.5 42.9 38.7 40.9 40837 
1999/05/28 40.7 40.9 38.2 38.3 15673 
1999/06/04 38.1 39.5 35.9 38.1 21992 
1999/06/11 38.1 41.1 38 38.7 32934 
1999/06/18 39.4 39.7 36.5 36.9 15286 
1999/06/25 37 42.5 37 40.5 55616 
1999/07/02 40.5 42 38.3 38.5 31063 
1999/07/09 38 39.4 38 38.6 17250 
1999/07/16 38.6 38.6 28.3 28.6 35003 
1999/07/23 29.4 36.2 28.6 35.4 39046 
1999/07/30 35.4 35.8 32.3 34.5 16025 
1999/08/06 34.2 35 28.4 29.7 18555 
1999/08/13 29.9 31.2 27.7 30.8 28945 
1999/08/20 32.4 36 31.4 35.5 49032 
1999/08/27 35.2 35.5 32.2 32.4 18868 
1999/09/03 32.4 35.6 32.2 33 17221 
1999/09/10 33.5 35.5 33.1 34.1 18707 
1999/09/17 34.5 35.2 33 33.3 10464 
1999/09/24 33.7 33.7 33 33.2 428 
1999/10/01 32.1 32.1 30 31.4 31117 
1999/10/08 31.4 31.9 29.2 29.7 12212 
1999/10/15 29.6 30.4 28.5 29.3 21190 
1999/10/22 29.7 29.7 28.5 29.6 10910 
1999/10/29 29.8 30.7 28.9 29.1 14065 
1999/11/05 29.1 29.6 25.5 26 22581 
1999/11/12 25.9 27.2 25.5 26.3 7329 
1999/11/19 27 27 25 26.3 29235 
1999/11/26 26.8 28.6 25.5 25.6 31272 
1999/12/03 26.3 29.6 25.7 29.6 51903 
1999/12/10 29.5 29.5 26 26.2 26332 
1999/12/17 26 26.5 25.2 25.6 17516 
1999/12/24 25.6 26.5 25 25.7 17494 
1999/12/31 25.8 26.2 25.5 25.8 6214 
2000/01/07 26.5 29.3 26.2 29.3 46084 
2000/01/14 29.7 30 27.2 27.7 51611 
2000/01/21 28.2 28.8 27 27.4 33553 
2000/01/28 27.8 30.6 27.6 29.4 85444 
2000/02/04 30.3 30.7 29.6 29.8 28734 
2000/02/11 30.1 31.6 29.2 30.4 42612 
2000/02/18 30.7 34 30 31.7 77474 
2000/02/25 32.7 33 28.6 29.1 37542 
2000/03/03 29.8 29.9 28.3 28.5 20036 
2000/03/10 28.7 28.7 26 26.1 30236 
2000/03/17 26 27.6 24.3 27.6 41819 
2000/03/24 26.8 33.3 26.8 31.9 178764 
2000/03/31 31.5 32.8 28.8 29 63892 
2000/04/07 29.2 30.5 28.2 28.4 28377 
2000/04/14 28.4 29.5 25.8 25.9 29117 
2000/04/21 25.9 27 25.9 26.4 16717 
2000/04/28 26.7 27 23.6 24.3 23356 
2000/05/05 24.4 25.9 23.2 25.1 14679 
2000/05/12 25.1 27.7 25.1 26.7 30748 
2000/05/19 27.2 31.2 26.2 28.5 70758 
2000/05/26 28.5 29 25.1 26.7 42213 
2000/06/02 27 27.2 26 26.6 21646 
2000/06/09 27 27.5 25.7 25.8 15600 
2000/06/16 25.7 25.8 25 25.3 8616 
2000/06/23 25.4 26 25.1 25.9 8228 
2000/06/30 25.7 25.7 23 23.8 14138 
2000/07/07 24.1 24.2 23 23.2 10833 
2000/07/14 23.2 23.9 21.5 22.7 23168 
2000/07/21 23 24 22.4 23.3 12582 
2000/07/28 23.2 25.3 22 24.5 25647 
2000/08/04 24.5 24.6 22.7 22.7 20317 
2000/08/11 22.7 23.2 22 22.3 12598 
2000/08/18 22.3 23.2 21.7 22.4 18886 
2000/08/25 22.5 22.6 21 21.3 7463 
2000/09/01 21.3 21.3 18.6 20.1 10424 
2000/09/08 20 20.5 19.1 19.6 7188 
2000/09/15 19.3 19.9 17.9 18.8 12509 
2000/09/22 18.8 19 17.8 18 13286 
2000/09/29 18 20.1 18 19.4 38242 
2000/10/06 19.4 21.4 18.8 20.4 36095 
2000/10/13 20.7 20.9 18 18.5 21293 
2000/10/20 18.9 19.1 16 18.1 24075 
2000/10/27 17.8 20.1 17.5 19.1 32250 
2000/11/03 18.5 23.6 18.5 22.6 81382 
2000/11/10 23.5 23.5 21.8 22.3 22874 
2000/11/17 21.6 24.4 21 21 39679 
2000/11/24 21 24 19.7 23.7 26357 
2000/12/01 23.9 25.9 22.5 24.4 47793 
2000/12/08 24.4 25.5 23.6 24.4 25802 
2000/12/15 24.4 25 22.9 23.2 19442 
2000/12/22 22.9 24 22.4 23.2 22106 
2000/12/29 23.3 23.4 21 22.1 23071 
2001/01/05 22.1 23.2 21.7 22.8 19759 
2001/01/12 22.5 24 22.5 22.6 23059 
2001/01/19 22.5 24.8 22.4 23.3 27563 
2001/02/02 23 23.8 22.5 23.1 22624 
2001/02/09 23.1 24.7 23 23.5 32847 
2001/02/16 24.3 24.4 23.2 23.8 26144 
2001/02/23 23.5 24.4 22.6 22.7 21704 
2001/03/02 22.8 23.2 21.5 21.5 10467 
2001/03/09 21.3 21.8 21 21.2 14348 
2001/03/16 20.8 20.9 19.6 20.4 14813 
2001/03/23 20.2 20.4 19.6 19.7 9343 
2001/03/30 19.7 20.5 19.5 19.7 12428 
2001/04/06 19.7 19.9 18 18.1 11389 
2001/04/13 18.1 18.1 16.7 17.3 17613 
2001/04/20 17.6 18.1 17 17.1 14867 
2001/04/27 17.1 17.5 16 16.1 15723 
2001/05/04 16.3 16.5 15.1 15.6 10573 
2001/05/11 15.6 16.8 15.1 16.6 9735 
2001/05/18 16.3 17.3 16 16.6 11319 
2001/05/25 16.2 16.7 15.6 16.3 10181 
2001/06/01 16.3 16.6 15.8 16.2 9004 
2001/06/08 16 16.9 15.6 16.6 12188 
2001/06/15 16.5 16.8 16 16.6 7951 
2001/06/22 16.8 17 15 15.2 13301 
2001/06/29 15.2 15.5 14.8 15.4 9946 
2001/07/06 15.2 15.4 13.15 13.2 9454 
2001/07/13 13.2 13.5 12 12.05 9353 
2001/07/20 12.05 12.4 10.2 11.7 16105 
2001/07/27 12.25 12.8 11.25 12.1 41504 
2001/08/03 12.1 12.4 11.3 11.8 18215 
2001/08/10 11.6 14.5 11.6 14.35 73688 
2001/08/17 15 17.6 14.7 17.2 123496 
2001/08/24 16.6 17.5 16.1 16.4 75571 
2001/08/31 16.4 18 15.5 17.2 82863 
2001/09/07 17.1 17.1 14.1 14.9 40372 
2001/09/14 14.6 15.3 12.85 12.85 26690 
2001/09/21 12.45 13 12.35 12.35 13284 
2001/09/28 11.5 11.95 10 10.2 36469 
2001/10/05 10.4 10.4 8.5 9.25 20733 
2001/10/12 8.95 10.35 8.8 10.35 15502 
2001/10/19 10.35 11.3 9.55 11.1 31321 
2001/10/26 11.1 11.25 10.4 10.45 15878 
2001/11/02 10.7 10.9 9.7 10.55 26562 
2001/11/09 10.55 11.95 10.2 11.85 40201 
2001/11/16 12.35 12.35 11 11.8 35716 
2001/11/23 12.2 13.05 11.9 12.15 32279 
2001/11/30 12.35 12.55 11.3 12.2 22987 
2001/12/07 12.5 14.45 12.4 14 56078 
2001/12/14 14 14.5 13.35 13.9 72150 
2001/12/21 14.2 14.85 12.5 12.55 66886 
2001/12/28 12.35 13.05 11.75 12.25 25902 
2002/01/04 12.3 13.4 12.25 13.1 29426 
2002/01/11 13.1 14.1 12.7 13 64783 
2002/01/18 12.9 13.35 12.4 13 33245 
2002/01/25 13.1 14 12.7 13.9 52610 
2002/02/01 14.05 15.8 13.3 15.5 131595 
2002/02/08 15.5 16.2 14.9 15 40843 
2002/02/22 15.3 17.7 15.2 16.5 105111 
2002/03/01 16.5 18.3 16.2 17.8 42283 
2002/03/08 18.2 18.9 17 18 45074 
2002/03/15 17.7 18.2 16.3 16.7 47649 
2002/03/22 16.7 17 16.1 16.6 26006 
2002/03/29 16.6 17.5 16.5 16.5 36786 
2002/04/05 16.2 16.6 15.2 15.4 31765 
2002/04/12 15.4 15.8 14.1 14.95 30721 
2002/04/19 15 16.9 14.7 16.9 42560 
2002/04/26 17.3 18.6 16.4 18 68726 
2002/05/03 18 18 16.1 16.9 25750 
2002/05/10 17.3 19.3 16.8 18.2 97418 
2002/05/17 18.3 18.6 17.2 18 53545 
2002/05/24 18.2 18.5 15.8 17.8 81689 
2002/05/31 17.7 18.8 17.6 17.8 75565 
2002/06/07 17.6 18.5 17.2 17.2 43233 
2002/06/14 17.3 17.7 16.9 17.4 12380 
2002/06/21 17.4 17.8 16.2 16.9 22770 
2002/06/28 17 17.2 16.2 16.3 24584 
2002/07/05 16.3 16.4 13.9 16.2 34293 
2002/07/12 16.6 16.7 15.8 16.5 14487 
2002/07/19 16.5 16.9 16 16.5 11566 
2002/07/26 16.3 16.6 14.8 14.95 11443 
2002/08/02 15 16.1 14.5 15 18974 
2002/08/09 13.95 14.05 13 13.5 20128 
2002/08/16 13.5 14.35 13.2 13.95 22307 
2002/08/23 13.9 14.4 13.85 14 5576 
2002/08/30 14.15 14.2 13.5 13.65 7719 
2002/09/06 13.45 13.5 11.5 11.5 9419 
2002/09/13 11.5 12.2 11.3 11.8 24165 
2002/09/20 11.8 12.3 11.3 11.65 17084 
2002/09/27 11.6 11.7 10.4 10.45 22319 
2002/10/04 10.45 10.5 9.95 10.1 18366 
2002/10/11 10 11 9.4 10.1 26884 
2002/10/18 10.2 12.55 10.2 12.55 76636 
2002/10/25 12.8 14.1 12.5 13.3 75190 
2002/11/01 13.75 14.5 12.8 13.9 54868 
2002/11/08 14.2 14.9 13.5 14.9 54973 
2002/11/15 15.2 15.9 13.6 15.1 85812 
2002/11/22 15 15.4 13.75 14.1 42718 
2002/11/29 14.5 15.3 13.9 14.7 37487 
2002/12/06 14.7 16.9 14.3 16.6 73877 
2002/12/13 17 19.2 16.9 18.2 106891 
2002/12/20 18.2 19.3 16.8 19.1 115398 
2002/12/27 19.5 22.1 19.5 22.1 124167 
2003/01/03 22.3 24.7 20.9 24.7 65791 
2003/01/10 25.9 27.8 24 24.9 165200 
2003/01/17 24.8 28.4 24.1 25.7 195464 
2003/01/24 25.6 28.7 25.5 26.7 108938 
2003/01/31 26.7 26.7 23.7 25.1 34899 
2003/02/07 24.8 26.6 23.9 25.5 55808 
2003/02/14 25.5 25.6 21 22.1 128631 
2003/02/21 23.4 24.8 21.1 22 157088 
2003/02/28 22.4 25.1 22.2 23.6 208086 
2003/03/07 23.9 25.3 23.2 23.3 136941 
2003/03/14 22.8 24.8 20 24.7 156164 
2003/03/21 24.3 27.1 23.4 26.7 157563 
2003/03/28 26.5 26.6 25.2 26.2 96099 
2003/04/04 25.8 26.1 23.5 26.1 109337 
2003/04/11 26.3 27.8 25.8 25.9 131013 
2003/04/18 26 26.5 23.6 25.5 86840 
2003/04/25 25.1 25.5 20.9 21 58024 
2003/05/02 20.6 23.1 19.9 21.7 113570 
2003/05/09 21.7 26.1 21.4 25.6 124231 
2003/05/16 25.4 26.4 24.7 24.8 58885 
2003/05/23 24.5 25.7 23.9 25.3 56303 
2003/05/30 25.7 26.6 25.1 26.1 58940 
2003/06/06 26.4 27.5 25.5 25.5 38566 
2003/06/13 25.5 27.1 25.4 26.2 61922 
2003/06/20 26 27.9 25.6 25.6 67295 
2003/06/27 25.6 26.1 24.4 24.5 47948 
2003/07/04 24.5 26.2 24.4 25.3 54494 
2003/07/11 25 25.6 23.5 23.6 74732 
2003/07/18 23.6 26.5 23.6 23.8 144592 
2003/07/25 23.8 23.8 22.4 22.7 60513 
2003/08/01 22.7 24.6 22.7 23.6 60593 
2003/08/08 23.6 23.6 22.3 22.6 26424 
2003/08/15 22.6 24.5 22.4 24 54303 
2003/08/22 24 24.9 23.4 23.5 72893 
2003/08/29 23.3 24 23.1 23.5 48133 
2003/09/05 23.5 24.6 23.2 23.6 80874 
2003/09/12 23.4 24.3 22.8 22.9 59979 
2003/09/19 22.8 25.8 22.5 24.9 117642 
2003/09/26 25.1 27.3 24.4 26.9 101696 
2003/10/03 27.2 28.1 25.9 28.1 111525 
2003/10/10 28.6 30.6 28.5 30 123033 
2003/10/17 30 30.9 27.7 29.8 99409 
2003/10/24 29.8 30.3 28 28.5 46906 
2003/10/31 28.5 30.6 28.3 29.8 46763 
2003/11/07 30 32.3 29 29.7 69031 
2003/11/14 29.7 30 28.1 28.9 37272 
2003/11/21 28.6 30.1 28 29.2 43133 
2003/11/28 29.2 29.2 27.4 27.6 27116 
2003/12/05 27.4 27.9 26.5 26.8 39317 
2003/12/12 26.8 30.6 26.7 29.8 89751 
2003/12/19 30 30.3 28 28.9 57904 
2003/12/26 28.9 30.5 28.9 29.5 39903 
2004/01/02 29.3 30.7 29 30.2 30714 
2004/01/09 30.2 32.8 30.2 32.2 94985 
2004/01/16 32.2 32.9 30.5 32.8 58862 
2004/01/30 33.5 35 33.3 34.6 73235 
2004/02/06 34.6 35.5 33.2 34.6 65663 
2004/02/13 34.9 36.3 34 34.4 61438 
2004/02/20 34.4 36.2 34.1 35 52644 
2004/02/27 34.9 37.2 34.4 36.4 67228 
2004/03/05 36.6 39 36.6 36.7 87256 
2004/03/12 36.7 38.7 36.4 36.8 54501 
2004/03/19 36.5 40.7 36.5 40.2 142458 
2004/03/26 37.4 37.4 30.3 30.5 100303 
2004/04/02 32.5 33.7 32 32.4 72750 
2004/04/09 32.7 34.3 31.1 31.1 59586 
2004/04/16 31.3 32.8 30.9 31 51320 
2004/04/23 30.8 32.2 29.5 31.2 61468 
2004/04/30 30.9 31.1 25.4 25.5 87625 
2004/05/07 25.5 28.4 25.5 28.3 142261 
2004/05/14 28.3 29.1 24.8 24.8 123753 
2004/05/21 23.1 26.2 21.7 26 122583 
2004/05/28 25.5 27.4 25 27 90242 
2004/06/04 26.8 27.5 24.6 25.3 64479 
2004/06/11 26.2 27.6 25.7 26.7 62046 
2004/06/18 26.6 26.8 25.1 25.2 27443 
2004/06/25 25.7 27.8 25.1 27.3 55139 
2004/07/02 27.8 29.7 27.2 29.7 102507 
2004/07/09 29.2 29.4 28.2 28.2 46357 
2004/07/16 28.3 29.4 26 26.4 68602 
2004/07/23 26 26.7 24.4 25.5 42354 
2004/07/30 25 25.4 23.5 25 36818 
2004/08/06 25 27.3 24.6 26.8 50628 
2004/08/13 26.7 27.8 26.2 27.6 38393 
2004/08/20 27.5 28.3 26.5 27.6 26652 
2004/08/27 28 30.2 28 29.9 49086 
2004/09/03 30.1 33.5 30.1 32.5 144507 
2004/09/10 32.5 35.7 32.1 34.7 117049 
2004/09/17 35 35.1 29.9 30.8 178458 
2004/09/24 31.2 34.2 31 33.6 228292 
2004/10/01 33.6 35.4 32.5 35.4 190050 
2004/10/08 35.8 36.5 34.3 35 276110 
2004/10/15 34.9 36.2 31.3 31.3 204319 
2004/10/22 31.5 31.6 28.7 29 134430 
2004/10/29 29 31.4 28.4 28.8 113774 
2004/11/05 30.2 32 29.5 31.4 179731 
2004/11/12 31.7 31.9 30 30.5 118184 
2004/11/19 30.6 31.1 29.3 30.4 94570 
2004/11/26 30.1 31.1 29.5 29.8 96275 
2004/12/03 30 30.9 29.6 30.6 85570 
2004/12/10 30.5 31.6 30.4 31.6 110605 
2004/12/17 31.8 32.3 30.8 31.7 93095 
2004/12/24 31.1 32.3 30.9 32.1 66484 
2004/12/31 32.1 33.2 31.2 32.1 110438 
2005/01/07 32.6 32.9 30.6 30.6 74037 
2005/01/14 30.5 30.8 29.9 30.6 65591 
2005/01/21 31 31.2 28.9 29 66834 
2005/01/28 29 29.1 27.5 28.8 58268 
2005/02/04 29 30.6 28.8 29.5 53465 
2005/02/18 30 30.6 29.6 29.8 48322 
2005/02/25 30 32.8 30 32.1 168845 
2005/03/04 32.6 33.4 31.75 32 127935 
2005/03/11 32.5 33.9 32.15 32.25 125152 
2005/03/18 32 32.25 30.2 31.1 66061 
2005/03/25 31.1 31.95 30.8 31.7 37814 
2005/04/01 31.9 31.95 30.2 30.3 39487 
2005/04/08 30.5 31.3 29.25 31.05 77421 
2005/04/15 32 32.4 29.5 31 79278 
2005/04/22 30.5 30.8 29.65 30.2 39435 
2005/04/29 30.2 31 29.8 29.9 54395 
2005/05/06 30.5 31.9 30.2 31.7 67188 
2005/05/13 31.6 31.85 30.65 30.9 61746 
2005/05/20 30.2 30.2 28.45 28.5 138283 
2005/05/27 28.5 29.1 28.1 28.8 55548 
2005/06/03 28.3 29.1 27.8 28.85 67094 
2005/06/10 28.45 28.75 28 28.1 61588 
2005/06/17 28.1 28.6 27.85 28.25 57899 
2005/06/24 28.25 29.75 28.2 29.1 85888 
2005/07/01 28.85 29 28.1 28.4 41087 
2005/07/08 28.4 28.4 26.1 26.45 78877 
2005/07/15 26.7 27.85 26.45 27.65 49555 
2005/07/22 27.7 27.8 27.2 27.25 34599 
2005/07/29 27.4 27.6 26.25 26.3 51347 
2005/08/05 26.2 28.1 25.95 27.8 72552 
2005/08/12 27.9 28.3 27.5 27.75 52054 
2005/08/19 27.8 27.9 23 23.1 70784 
2005/08/26 23.3 23.85 22.7 22.9 51700 
2005/09/02 23 23.4 22.45 23.25 28516 
2005/09/09 23.25 23.6 23.05 23.3 28983 
2005/09/16 23.5 23.55 22.65 22.7 21761 
2005/09/23 22.85 22.95 20.8 21 41510 
2005/09/30 21.1 21.45 19.7 21.45 90060 
2005/10/07 21.65 21.7 20.95 21 43054 
2005/10/14 21.05 21.75 20.8 21.1 30894 
2005/10/21 21.1 21.15 19.15 19.6 44422 
2005/10/28 19.6 20.35 19.4 19.45 37042 
2005/11/04 19.95 21.3 19.85 20.45 67431 
2005/11/11 20.5 21.1 19.9 20.85 49081 
2005/11/18 21.1 21.4 20.35 20.7 41520 
2005/11/25 20.8 21.15 20.45 21 44269 
2005/12/02 21 22.8 20.7 22.45 126546 
2005/12/09 23 23.1 21.5 21.7 90867 
2005/12/16 21.75 22.15 21.5 21.9 39859 
2005/12/23 22.3 24.2 22.2 23.3 174191 
2005/12/30 23.6 23.85 22.85 23.8 74301 
2006/01/06 22.6 22.8 22.15 22.2 70648 
2006/01/13 22.2 23.45 22.2 22.75 87385 
2006/01/20 22.9 22.95 20.7 20.7 71547 
2006/01/27 20.3 20.7 20.1 20.55 24553 
2006/02/03 20.7 21.35 20.65 21.1 14203 
2006/02/10 21.2 22.75 21.1 22 62428 
2006/02/17 22 22.45 21.55 21.7 64988 
2006/02/24 22.1 22.2 20.9 21.3 41364 
2006/03/03 21.1 21.3 20.45 20.55 35266 
2006/03/10 20.55 20.7 20.2 20.4 58570 
2006/03/17 20.4 20.5 19.9 20.1 34139 
2006/03/24 20.15 20.3 19.75 20.1 27421 
2006/03/31 20.3 20.4 20 20.3 31478 
2006/04/07 20.3 20.95 20.3 20.85 29834 
2006/04/14 20.85 22.35 20.75 22.2 68348 
2006/04/21 22.5 22.95 21.75 21.95 79521 
2006/04/28 21.8 22.9 21.75 22.25 58029 
2006/05/05 22.25 24.1 22 24.1 125670 
2006/05/12 24.6 25 23.3 23.9 193412 
2006/05/19 23.6 24.6 22 22.35 86112 
2006/05/26 22.5 23 21.65 22.65 49741 
2006/06/02 22.8 22.8 21.7 22.45 45470 
2006/06/09 22.55 22.55 21 21.7 47184 
2006/06/16 21.3 22.5 21 22.15 41367 
2006/06/23 22.15 22.6 21.2 21.95 36463 
2006/06/30 22.1 23 21.85 22.6 48913 
2006/07/07 22.8 23.25 22.05 22.3 39729 
2006/07/14 22.15 22.6 22 22 21315 
2006/07/21 21.9 22.35 21.4 21.95 20980 
2006/07/28 21.75 22.2 21.6 22.15 18698 
2006/08/04 22.2 22.35 21.9 21.9 33679 
2006/08/11 21.9 22.3 21.6 22.2 58106 
2006/08/18 19.35 19.5 19.2 19.35 57649 
2006/08/25 19.35 19.35 18.5 18.6 35444 
2006/09/01 18.5 18.7 17.75 17.75 40341 
2006/09/08 17.65 17.8 17.15 17.4 32555 
2006/09/15 17.45 17.75 17 17.25 26191 
2006/09/22 17.5 18.15 17.4 18 43413 
2006/09/29 18 18.85 17.9 18.85 37118 
2006/10/06 18.8 19 18.65 18.9 21098 
2006/10/13 18.9 19.8 18.8 19.8 36266 
2006/10/20 19.9 20.2 18.8 18.85 43776 
2006/10/27 18.85 19.2 18.75 19.2 18208 
2006/11/03 19.1 19.1 18.1 18.5 33161 
2006/11/10 18.2 18.75 17.8 18.4 45834 
2006/11/17 18.3 18.8 18 18.2 38153 
2006/11/24 18.2 18.35 18 18.3 29048 
2006/12/01 18.4 19.7 18.35 19.5 77503 
2006/12/08 19.6 20 19.05 19.25 39905 
2006/12/15 19.1 19.25 18.4 18.75 29404 
2006/12/22 18.75 18.9 18.5 18.55 23926 
2006/12/29 18.6 19.05 18.5 18.85 29398 
2007/01/05 19 19.35 18.6 18.65 28692 
2007/01/12 18.65 19.05 18.4 18.95 31595 
2007/01/19 19 19.15 18.65 19.15 42396 
2007/01/26 19.15 19.2 18.7 18.7 20879 
2007/02/02 18.7 18.85 18.2 18.75 26488 
2007/02/09 18.85 22 18.85 21.4 243573 
2007/02/16 21.4 21.5 20.6 21.25 37459 
2007/03/02 21.55 21.8 20.15 20.45 54847 
2007/03/09 20.4 21.6 19.25 21.3 71907 
2007/03/16 21.3 21.6 20.8 21.35 37162 
2007/03/23 21.35 21.7 21.25 21.45 26185 
2007/03/30 21.45 21.55 20.9 21.1 25687 
2007/04/06 20.8 21.5 20.75 21.4 19659 
2007/04/13 21.5 22.2 21.2 21.65 45230 
2007/04/20 21.7 22.3 21.55 21.55 38443 
2007/04/27 21.6 21.75 20.9 21 17960 
2007/05/04 21 21 19.9 20.55 20236 
2007/05/11 20.8 21.2 20.25 20.5 20668 
2007/05/18 20.4 20.5 19.7 20.15 29071 
2007/05/25 20.3 21.85 20.15 20.95 45364 
2007/06/01 20.85 21.1 20.05 20.75 30869 
2007/06/08 20.6 21.15 20.25 20.4 29768 
2007/06/15 20.5 20.8 20.35 20.65 24613 
2007/06/22 20.8 21.45 20.7 20.85 41614 
2007/06/29 20.85 22 20.75 21.75 61048 
2007/07/06 21.5 22.35 21.3 21.8 72250 
2007/07/13 22.5 23.4 21.9 22.6 114673 
2007/07/20 22.6 24.65 22.5 23.8 129751 
2007/07/27 23.8 24.25 22.35 22.35 69429 
2007/08/03 21.25 24.05 20.8 23.6 176139 
2007/08/10 23.4 23.5 21.7 21.85 46308 
2007/08/17 21.9 22.55 19 19.35 62771 
2007/08/24 20.3 20.8 19.2 20.8 59177 
2007/08/31 21 22 20.5 21.4 69563 
2007/09/07 21.4 24.1 20.75 24.1 119181 
2007/09/14 23.9 24.6 22.75 23.4 90428 
2007/09/21 23.4 27 23.2 25.7 174556 
2007/09/28 27.45 28.55 26.5 27.6 167223 
2007/10/05 27.9 33.75 27.9 32 371069 
2007/10/12 32.5 34.8 30.75 33.2 186964 
2007/10/19 33.8 34.5 32.05 32.95 129399 
2007/10/26 32 32 29.8 29.95 128674 
2007/11/02 30.1 32.95 28.65 28.65 209496 
2007/11/09 28.15 30.8 25.5 27.4 197530 
2007/11/16 26.2 29.6 26.05 28.65 131343 
2007/11/23 28.95 29.25 25.05 25.1 139691 
2007/11/30 25.5 27.7 24.1 27.7 119530 
2007/12/07 28 28.5 27.05 27.55 61057 
2007/12/14 27.2 28.5 25.1 25.8 76414 
2007/12/21 25.1 27.1 23.5 26.6 72477 
2007/12/28 27.1 28.9 26.5 28.3 74258 
2008/01/04 28.45 30.45 27.8 30.35 103785 
2008/01/11 29.6 32.15 28.55 29.85 194570 
2008/01/18 31.3 33 26.45 27.05 260031 
2008/01/25 27.6 28.1 22.4 23.5 190964 
2008/02/01 23.2 24.9 22.45 24.05 131756 
2008/02/15 24.1 25.3 24.1 25 68182 
2008/02/22 25.2 26.6 24.25 24.6 116509 
2008/02/29 25.05 26.15 24.8 26 125966 
2008/03/07 25.6 28.5 25.5 26.8 171405 
2008/03/14 27.2 27.3 25.5 25.8 96740 
2008/03/21 25.6 30.5 25.3 29.35 176378 
2008/03/28 31.4 31.4 28.3 30.2 176459 
2008/04/04 30.1 30.35 28.25 28.35 71428 
2008/04/11 28.7 31.95 28.7 31.3 156188 
2008/04/18 32 32.4 29.8 29.8 208988 
2008/04/25 30.1 30.6 29 29 103027 
2008/05/02 29.4 29.5 27.65 28.1 92579 
2008/05/09 28.1 28.6 27.3 28.05 63919 
2008/05/16 28.1 30.7 28 30.2 72361 
2008/05/23 30.6 30.6 28.05 28.1 76426 
2008/05/30 28 28.85 26 26.75 76468 
2008/06/06 26.9 28 26.7 27.85 29554 
2008/06/13 27.2 27.95 24.6 25.4 67706 
2008/06/20 25.4 25.9 24.5 24.6 59441 
2008/06/27 24 25.35 23.25 24.5 46872 
2008/07/04 24.5 24.6 21.6 23.05 47554 
2008/07/11 22.8 23.65 21.65 23.65 51980 
2008/07/18 23.15 23.3 19.25 19.6 73326 
2008/07/25 19.8 22.5 19.8 22.45 66517 
2008/08/01 22.3 22.3 19.5 19.85 47657 
2008/08/08 19.8 20.9 19.5 20.5 50875 
2008/08/15 20.6 20.7 19.7 20.3 43072 
2008/08/22 20.3 20.3 17.65 18.1 52432 
2008/08/29 18.45 18.65 18 18 34763 
2008/09/05 18 18 14.85 15.4 64507 
2008/09/12 16 16.65 15.65 16.6 45562 
2008/09/19 16.4 16.4 13.95 14.95 53518 
2008/09/26 15.95 16.35 15 15.1 38802 
2008/10/03 14.05 14.85 14.05 14.85 24693 
2008/10/10 14.6 14.7 14 14.7 24415 
2008/10/17 14.25 15.1 13.9 14.1 35023 
2008/10/24 14 14.85 13.65 13.8 35504 
2008/10/31 13.5 16.95 13.25 16.95 52258 
2008/11/07 17.5 18.5 15.55 18 116682 
2008/11/14 17.25 18 16.05 17.25 62458 
2008/11/21 17.15 17.5 15.3 16.1 56453 
2008/11/28 16.1 16.85 15.3 16.3 73953 
2008/12/05 16.3 17.3 15.35 15.95 91020 
2008/12/12 15.45 16.85 15.4 16 105323 
2008/12/19 16.8 16.8 15.4 15.5 83414 
2008/12/26 15.5 15.8 14.5 15.15 37171 
2009/01/02 15.15 15.65 14.9 15.45 16202 
2009/01/09 15.5 15.8 14.7 14.75 40847 
2009/01/16 14.85 15 14 14 22194 
2009/01/23 14.05 14.15 13.25 13.4 18370 
2009/02/06 13.4 13.95 13.2 13.6 53832 
2009/02/13 13.9 13.9 13.05 13.4 43465 
2009/02/20 13.5 13.5 13.05 13.1 21198 
2009/02/27 13.1 13.35 13 13.3 14226 
2009/03/06 13.3 13.3 12.25 12.9 26927 
2009/03/13 12.9 14.3 12.75 13.95 67238 
2009/03/20 14.05 14.55 13.95 14.4 56734 
2009/03/27 14.5 15.85 14.3 15.45 101039 
2009/04/03 15.4 16.5 14.2 15.7 115968 
2009/04/10 15.85 17.15 15.5 16.65 136506 
2009/04/17 16.65 19.4 16.5 18.4 134103 
2009/04/24 18.4 18.45 16.8 17.7 73114 
2009/05/01 18.1 18.15 15.15 16.5 65980 
2009/05/08 17.65 19.4 17.55 18.25 115524 
2009/05/15 18.45 18.65 16.35 16.5 81063 
2009/05/22 16.85 18.3 16.8 17.55 95172 
2009/05/29 18.45 19.4 18 19 74827 
2009/06/05 19.1 20.75 18.5 18.85 122073 
2009/06/12 19 19.1 17 17 62973 
2009/06/19 16.8 16.9 15.45 16 38166 
2009/06/26 16.1 16.8 15.65 16.6 29261 
2009/07/03 16.75 16.85 16.1 16.75 27198 
2009/07/10 16.95 18.2 16.95 17.8 52541 
2009/07/17 17.8 19 17.05 18.75 43335 
2009/07/24 18.75 20.45 18.35 20.1 62396 
2009/07/31 19.9 20.3 19.4 20 42129 
2009/08/07 19.95 21.45 19.75 20.75 63361 
2009/08/14 20.65 21.6 19.35 21.25 43940 
2009/08/21 21 21.3 20 20.1 44396 
2009/08/28 20.4 20.95 19.7 20 30953 
2009/09/04 20 20.5 19.35 20.05 32240 
2009/09/11 20.2 21.3 20 20.35 24776 
2009/09/18 20.3 20.95 19.6 20.4 25122 
2009/09/25 20.4 20.55 18.5 18.6 47010 
2009/10/02 18.6 19 17 17.3 74409 
2009/10/09 17.1 18.3 17.05 18.15 87460 
2009/10/16 18.4 18.4 17.8 18.1 38830 
2009/10/23 18.1 18.15 16.85 17.1 72665 
2009/10/30 17.1 17.45 16.5 16.65 44840 
2009/11/06 16.45 16.5 15.85 16.45 48233 
2009/11/13 16.5 17.1 16.4 16.8 31797 
2009/11/20 17 17.65 16.9 17.25 37640 
2009/11/27 17.5 17.55 16.2 16.2 34690 
2009/12/04 16.4 16.6 16.15 16.3 39701 
2009/12/11 16.35 17.05 16.35 16.75 32270 
2009/12/18 16.75 16.95 16.45 16.55 22590 
2009/12/25 16.65 17 16.6 16.9 21265 
2010/01/01 17 17.95 17 17.85 44366 
2010/01/08 17.95 19.8 17.8 19.6 112963 
2010/01/15 19.6 20.25 19.1 19.75 88438 
2010/01/22 19.5 20 18.8 19.05 64507 
2010/01/29 19.05 19.2 17.45 18.5 43905 
2010/02/05 18.55 18.55 16.3 16.6 39134 
2010/02/12 17 17.6 16.7 17.3 15054 
2010/02/26 17.55 19.2 17.4 19.2 63800 
2010/03/05 19.2 19.7 18.6 19.6 49940 
2010/03/12 19.8 20 19.5 19.85 30100 
2010/03/19 19.85 20.3 19.5 20 31299 
2010/03/26 19.95 19.95 18.7 19.1 23425 
2010/04/02 19.2 19.4 18.55 19.25 50653 
2010/04/09 19.35 19.65 19.1 19.2 21565 
2010/04/16 19.2 20.05 18.75 19.65 47160 
2010/04/23 19.6 19.75 18.95 19.05 32740 
2010/04/30 19.05 20.15 18.7 20.15 89736 
2010/05/07 20.15 20.2 18.1 19.1 73193 
2010/05/14 19.1 20.05 18.45 19.8 76444 
2010/05/21 19.5 19.55 17.4 18.25 59380 
2010/05/28 18.25 19.1 17.3 18.35 51787 
2010/06/04 18.35 18.5 17.5 17.95 32519 
2010/06/11 17.45 18.6 17.3 18.55 31449 
2010/06/18 18.6 19.45 18.4 19.1 41770 
2010/06/25 19.25 21.55 19.25 20 194826 
2010/07/02 20 22.45 20 22 197398 
2010/07/09 22 24.35 21.8 22.7 153434 
2010/07/16 22.55 23.75 21.95 22.75 85184 
2010/07/23 22.75 24.5 22.2 24 122233 
2010/07/30 24 24.35 23.25 23.8 59574 
2010/08/06 23.8 24.8 23.5 24.15 88603 
2010/08/13 24.15 26.6 23.65 24.3 151914 
2010/08/20 24 26.2 22.55 23.15 157345 
2010/08/27 23.3 23.55 21.45 22 110566 
2010/09/03 22 23.5 20.9 22.4 118756 
2010/09/10 22.4 22.55 20.25 20.9 120271 
2010/09/17 21.1 22.95 20.9 22.65 108654 
2010/09/24 22.7 23.1 21.35 21.55 85799 
2010/10/01 21.85 22.5 21.6 21.95 45023 
2010/10/08 21.95 23.8 21.95 22.5 132718 
2010/10/15 22.5 23 21.8 22.6 54755 
2010/10/22 22.5 23.75 22.1 23.4 63347 
2010/10/29 23.6 26.35 23.6 25.5 266316 
2010/11/05 25.9 26.55 25 25.1 168626 
2010/11/12 25.3 25.65 23.75 23.75 100948 
2010/11/19 23.55 25.75 22.85 24.85 281372 
2010/11/26 25.05 27.2 24.95 25.35 269054 
2010/12/03 25.65 26.5 25.2 25.5 152364 
2010/12/10 25.5 26.45 25.25 26.1 103372 
2010/12/17 26.4 27.4 26.15 26.95 118176 
2010/12/24 26.95 29.5 26.5 28.65 152941 
2010/12/31 28.6 31.8 28.1 30.3 158713 
2011/01/07 30.3 31.5 28.9 29.4 138912 
2011/01/14 29.4 31.4 29.25 29.9 141917 
2011/01/21 29.9 29.9 28.1 28.9 89618 
2011/01/28 28.9 31 28.2 30.5 89001 
2011/02/11 30.8 30.8 28 28.1 50432 
2011/02/18 28.3 29.8 27 27.8 72365 
2011/02/25 27.85 28.4 25 26.2 73286 
2011/03/04 26.45 27.85 26.25 26.8 49480 
2011/03/11 26.5 26.55 24.5 25 108837 
2011/03/18 24.9 25.1 22.1 23.95 103076 
2011/03/25 23.85 25.2 23.45 24.7 61503 
2011/04/01 24.7 25.1 24.25 24.7 32163 
2011/04/08 24.9 26.1 24.3 25.7 69362 
2011/04/15 25.7 26.15 24.8 25.2 91719 
2011/04/22 25.2 26.7 24.9 26.35 62158 
2011/04/29 26.8 28.25 26.4 26.5 155876 
2011/05/06 26.5 28.8 26.3 27.9 107366 
2011/05/13 28.4 29 26.7 26.9 91978 
2011/05/20 27 27.2 24.95 25.5 89666 
2011/05/27 25.2 25.9 25 25.8 53589 
2011/06/03 25.8 26.95 25.05 25.3 81708 
2011/06/10 25.1 25.45 24.95 25.1 38448 
2011/06/17 25 25.2 22.55 22.9 109253 
2011/06/24 23 23.4 22.2 22.6 80055 
2011/07/01 22.5 23.45 22.4 23.2 61888 
2011/07/08 23.3 23.3 22.1 22.6 77139 
2011/07/15 22.75 23.05 20.7 21.25 97992 
2011/07/22 21.25 21.6 20.3 20.8 73872 
2011/07/29 20.8 21.1 19.75 19.75 67898 
2011/08/05 19.8 20.05 17.95 17.95 59075 
2011/08/12 17.8 18.25 15.65 17.5 108224 
2011/08/19 17.95 18.9 17.5 17.65 65169 
2011/08/26 17.7 19.05 17.7 18.6 71322 
2011/09/02 18.65 18.8 16.25 16.35 85606 
2011/09/09 16.1 16.1 15.35 15.85 37818 
2011/09/16 15.65 15.8 14.85 15.65 33559 
2011/09/23 15.65 15.8 14.35 14.6 46395 
2011/09/30 14.8 16 14.6 15.6 48643 
2011/10/07 15.4 15.5 14.45 15.2 30511 
2011/10/14 15.65 17.1 15.5 16.7 75903 
2011/10/21 17 17.25 16.6 16.75 44827 
2011/10/28 17 17.15 16.15 16.85 70700 
2011/11/04 16.7 17 16.2 16.9 32229 
2011/11/11 16.9 17 15.1 15.45 49696 
2011/11/18 15.55 16.2 15.15 15.15 26422 
2011/11/25 15.15 15.25 14.1 14.85 35557 
2011/12/02 14.95 15.25 14.25 14.8 48500 
2011/12/09 14.9 14.95 14.15 14.6 36569 
2011/12/16 14.8 14.85 14.2 14.3 29640 
2011/12/23 14.3 14.85 13.75 14.8 37530 
2011/12/30 14.8 16 14.5 15.3 86683 
2012/01/06 15.4 17 15.1 16.35 122556 
2012/01/13 16.35 17 16.2 16.85 66740 
2012/01/20 17 17 16.05 16.3 21612 
2012/02/03 16.75 18.75 16.2 18.25 188642 
2012/02/10 18.25 19.45 18.2 18.9 91835 
2012/02/17 19 19.75 18.2 18.45 101513 
2012/02/24 18.9 19.85 18.7 19.5 82872 
2012/03/02 19.5 21.9 19.5 20.7 80632 
2012/03/09 20.7 20.85 19.35 20.5 53165 
2012/03/16 20.5 21.35 20.05 20.05 54419 
2012/03/23 20.35 20.65 19.8 20.35 38222 
2012/03/30 20.35 20.35 19.35 20.3 47481 
2012/04/06 20 20.1 18.45 19.5 45233 
2012/04/13 19.25 20 18.6 19 51703 
2012/04/20 18.6 18.9 16.55 16.55 103586 
2012/04/27 16.55 17.85 16.45 17.2 43543 
2012/05/04 17 18.6 17 18.55 28240 
2012/05/11 18.45 18.7 17.1 17.2 54886 
2012/05/18 17.2 17.25 15.6 15.6 83516 
2012/05/25 15.9 15.9 15 15 31989 
2012/06/01 15.05 15.6 14.4 14.55 138429 
2012/06/08 14.2 14.5 13.8 14.5 62022 
2012/06/15 14.9 15.3 14.5 15.15 31888 
2012/06/22 15.45 15.95 15.3 15.5 43685 
2012/06/29 15.5 16.1 15.1 16.1 50045 
2012/07/06 16.2 16.55 15.9 16.4 44624 
2012/07/13 16.2 16.4 16 16.15 32465 
2012/07/20 16.2 16.6 16.2 16.45 34240 
2012/07/27 16.5 16.5 15.5 16 39862 
2012/08/03 16 17.1 15.8 16.75 35835 
2012/08/10 17.05 18 17 17.75 39062 
2012/08/17 18 18 17.25 17.3 30408 
2012/08/24 17.25 17.25 16.3 16.8 32706 
2012/08/31 16.85 16.9 15.95 16 32669 
2012/09/07 16 16.5 15.65 16.2 35501 
2012/09/14 16.25 16.5 15.8 15.95 33568 
2012/09/21 16.05 17.3 16 16.75 67364 
2012/09/28 16.7 16.75 15.35 15.45 59879 
2012/10/05 15.5 15.9 15.45 15.45 32582 
2012/10/12 15.5 15.65 15.25 15.3 18227 
2012/10/19 15.5 16 15.3 15.9 26232 
2012/10/26 15.7 15.85 14.9 14.95 26500 
2012/11/02 15.05 16.35 14.9 16.1 54561 
2012/11/09 16.1 16.5 16.05 16.2 37740 
2012/11/16 16.15 16.2 15.2 15.7 29616 
2012/11/23 15.85 16.2 15.3 16 28969 
2012/11/30 16.2 17.1 16.1 17.1 67385 
2012/12/07 17.1 17.65 17.1 17.35 69452 
2012/12/14 17.5 17.85 17.2 17.55 51467 
2012/12/21 17.5 17.7 16.85 17.4 59965 
2012/12/28 17.35 17.7 17.2 17.35 38413 
2013/01/04 17.45 18.8 17.4 18.8 51772 
2013/01/11 18.8 19.6 18.65 19.5 54307 
2013/01/18 19.45 19.6 18.2 19.35 33183 
2013/01/25 19.3 19.35 18.15 18.2 24597 
2013/02/01 18.2 18.9 18.1 18.5 22007 
2013/02/08 18.5 18.6 18.2 18.25 13792 
2013/02/22 18.45 20.1 18.05 20 73764 
2013/03/01 20 20.05 18.95 19.55 32309 
2013/03/08 19.55 19.9 18.85 19.45 36564 
2013/03/15 19.6 19.85 18.8 18.8 19964 
2013/03/22 18.8 18.8 17.85 17.9 35768 
2013/03/29 18 18.25 17.7 17.9 26162 
2013/04/05 17.9 18.2 17.85 18.2 10616 
2013/04/12 17.8 18 17.05 17.5 36061 
2013/04/19 17.5 17.8 17 17.65 31219 
2013/04/26 17.7 17.75 17.3 17.35 19779 
2013/05/03 17.35 17.55 16.8 16.9 28582 
2013/05/10 17 17.45 16.6 17.1 32357 
2013/05/17 17.1 17.35 16.85 16.9 21974 
2013/05/24 16.9 17.3 16.8 16.9 33470 
2013/05/31 16.9 16.9 16.5 16.75 37729 
2013/06/07 16.6 16.7 16.2 16.45 25828 
2013/06/14 16.5 16.7 16.05 16.05 19070 
2013/06/21 16.05 16.75 15.95 16.35 25943 
2013/06/28 16.35 16.7 16.25 16.4 24757 
2013/07/05 16.3 16.55 16.1 16.3 15368 
2013/07/12 16.45 16.6 16.05 16.6 21601 
2013/07/19 16.6 17.45 16.45 17.2 57077 
2013/07/26 17.25 17.3 16.8 16.85 29501 
2013/08/02 16.8 17.15 16.6 16.8 33679 
2013/08/09 16.8 17.1 16.65 16.65 30524 
2013/08/16 16.6 16.75 16.3 16.5 29579 
2013/08/23 16.65 17.3 16.55 16.9 42431 
2013/08/30 17.05 17.05 16.4 16.9 38295 
2013/09/06 16.95 17.7 16.7 17.6 67252 
2013/09/13 17.7 19.2 17.35 18.15 122774 
2013/09/20 18.25 18.6 18.1 18.4 42868 
2013/09/27 18.45 18.45 17.6 17.85 47263 
2013/10/04 17.75 17.95 17.35 17.65 35068 
2013/10/11 17.6 17.8 17.25 17.25 26204 
2013/10/18 17.25 17.3 17 17.25 30067 
2013/10/25 17.25 17.25 16.9 17.2 16545 
2013/11/01 17.25 17.5 17 17 23167 
2013/11/08 17 17.15 16.95 17 13834 
2013/11/15 17 17.1 16.65 16.9 19092 
2013/11/22 16.9 17 16.7 16.7 19564 
2013/11/29 16.8 17.65 16.75 17.5 37500 
2013/12/06 17.65 17.65 17.1 17.15 18372 
2013/12/13 17.25 17.75 17.05 17.15 24390 
2013/12/20 17.15 17.55 17.1 17.55 19371 
2013/12/27 17.55 18.5 17.55 18.1 51083 
2014/01/03 18.2 18.45 18.1 18.1 22908 
2014/01/10 18.2 18.3 17.55 17.65 25978 
2014/01/17 17.7 17.95 17.55 17.95 26316 
2014/01/24 17.95 18.35 17.85 18.2 27533 
2014/01/31 17.7 17.95 17.55 17.8 10058 
2014/02/07 17.4 17.7 17.25 17.65 18787 
2014/02/14 17.8 17.85 17.4 17.6 18651 
2014/02/21 17.7 17.8 17.4 17.75 18606 
2014/02/28 17.8 18.15 17.65 18 12661 
2014/03/07 17.8 18 17.35 17.85 19352 
2014/03/14 17.85 17.9 17.3 17.45 19233 
2014/03/21 17.65 17.65 17 17.15 23431 
2014/03/28 17.15 17.6 17.1 17.55 15399 
2014/04/04 17.6 17.9 17.55 17.8 12859 
2014/04/11 17.75 17.85 17.4 17.6 17099 
2014/04/18 17.4 17.8 17.35 17.8 9754 
2014/04/25 17.8 17.8 17.1 17.2 12032 
2014/05/02 17.15 17.65 17.1 17.15 14933 
2014/05/09 17.3 17.45 17.15 17.15 14062 
2014/05/16 17.15 17.4 17.05 17.4 12793 
2014/05/23 17.3 17.4 17.1 17.25 12778 
2014/05/30 17.15 17.3 17 17.2 12517 
2014/06/06 17.05 17.2 16.45 16.65 14887 
2014/06/13 16.55 17 16.55 16.65 11987 
2014/06/20 16.6 17 16.5 16.7 21068 
2014/06/27 16.65 16.65 16.05 16.3 12490 
2014/07/04 16.3 16.65 16.25 16.5 12681 
2014/07/11 16.5 16.95 16.45 16.75 11784 
2014/07/18 16.8 17.15 16.7 17 12275 
2014/07/25 17.2 17.4 17.05 17.15 11766 
2014/08/01 17.15 17.45 17 17.3 20730 
2014/08/08 17.1 17.2 16.6 16.75 13959 
2014/08/15 16.65 17.6 16.65 17.15 16168 
2014/08/22 17.25 18.05 17.1 17.95 59020 
2014/08/29 18 18.65 17.9 18.25 57029 
2014/09/05 18.25 18.55 17.9 18.45 26800 
2014/09/12 18.6 18.95 18 18 29621 
2014/09/19 17.95 18.4 17.8 18.1 31508 
2014/09/26 18.1 18.1 17.45 17.65 28349 
2014/10/03 17.65 18.1 17.4 18.05 25351 
2014/10/10 18 18.25 17.3 17.45 27319 
2014/10/17 17.05 17.9 17.05 17.5 34614 
2014/10/24 17.6 18.55 17.4 17.9 48669 
2014/10/31 18.05 18.4 17.7 17.95 40359 
2014/11/07 17.95 19.15 17.9 18.65 84982 
2014/11/14 18.75 19.5 18.65 19 75468 
2014/11/21 19.2 19.2 17.55 18.2 66455 
2014/11/28 18.35 18.8 17.6 18.35 58957 
2014/12/05 18.2 20 17.9 19.1 102927 
2014/12/12 19.5 19.85 18.8 19.05 43932 
2014/12/19 19.2 21.8 19.15 21.8 172707 
2014/12/26 22.25 22.75 21.6 21.8 133226 
2015/01/02 21.95 22.7 21.65 22.4 60827 
2015/01/09 22.4 24.35 22.2 24.35 164267 
2015/01/16 24.35 25.05 22.8 23.7 118426 
2015/01/23 23.3 23.7 22.8 23.15 87991 
2015/01/30 23.35 23.85 21.9 22.4 117083 
2015/02/06 22.05 22.65 21.15 22.55 101532 
2015/02/13 22.45 23 21.85 22.8 55542 
2015/02/27 23.2 23.35 22.3 23.05 44449 
2015/03/06 23.5 23.55 21.7 22.35 51467 
2015/03/13 22.2 23.3 21.65 22.8 61296 
2015/03/20 23.2 23.95 22.95 23 75289 
2015/03/27 23 23.4 21.6 21.95 72291 
2015/04/03 22.3 23.55 22.1 23.15 57161 
2015/04/10 23 23.7 22.8 23.1 43452 
2015/04/17 23.1 24.4 22.7 22.75 55642 
2015/04/24 22.3 22.55 20.3 20.35 92596 
2015/05/01 20.35 20.85 19.35 20.85 102166 
2015/05/08 20.8 21.45 19.8 20.3 67188 
2015/05/15 20.5 20.75 19.8 19.9 36647 
2015/05/22 20.2 20.2 17.65 18.05 124997 
2015/05/29 18.2 18.45 17.35 17.65 65753 
2015/06/05 17.7 17.75 16.2 16.4 65867 
2015/06/12 16.4 16.4 15 15.6 82164 
2015/06/19 15.55 16.05 14.7 15.95 67343 
2015/06/26 16 16.05 15.2 15.9 55412 
2015/07/03 15.7 16.75 15.6 16.35 70797 
2015/07/10 16.35 17.55 16.25 16.85 82823 
2015/07/17 17.4 17.65 16.85 17.2 64297 
2015/07/24 17.2 17.3 15.85 15.85 39132 
2015/07/31 15.85 16 14.3 15.15 71175 
2015/08/07 15.45 16.4 15.3 15.9 46662 
2015/08/14 16 16.5 15.3 15.35 29211 
2015/08/21 15.1 15.15 14.35 14.45 37180 
2015/08/28 14.25 14.35 12.9 14.25 63033 
2015/09/04 14.3 14.35 13.8 13.8 29926 
2015/09/11 13.7 15 13.65 14.85 25479 
2015/09/18 14.95 15.2 14.55 14.75 23257 
2015/09/25 14.65 14.65 13.6 13.7 23456 
2015/10/02 13.65 14.4 13.6 14.1 15348 
2015/10/09 14.3 14.5 14.05 14.4 16364 
2015/10/16 14.6 15.15 14.55 15 27127 
2015/10/23 15 15.2 14.6 15 28921 
2015/10/30 15 15.35 14.45 14.5 32154 
2015/11/06 14.55 15.05 14.45 14.55 31987 
2015/11/13 14.55 14.65 13.7 13.85 23131 
2015/11/20 13.7 13.95 13 13.25 28078 
2015/11/27 13.25 13.35 12.55 12.95 39924 
2015/12/04 12.75 13.05 12.55 12.95 24307 
2015/12/11 12.9 13.1 12.65 12.65 22357 
2015/12/18 12.6 13.2 12.3 13 21159 
2015/12/25 12.85 13.6 12.8 13.5 34611 
2016/01/01 13.55 13.75 13.2 13.25 18307 
2016/01/08 13.35 13.4 12.25 12.45 28449 
2016/01/15 12.25 12.3 11.15 11.45 35848 
2016/01/22 11.2 11.75 11.1 11.15 25900 
2016/01/29 11.3 12.3 11.1 12.2 26566 
2016/02/05 12.2 12.2 11.5 11.5 13340 
2016/02/19 11.45 12.15 11.3 12 23935 
2016/02/26 12 12.45 11.9 12 30915 
2016/03/04 12.1 13.3 12.05 13.15 39163 
2016/03/11 13.15 13.95 12.85 12.9 47556 
2016/03/18 13 13.15 12.2 12.5 37876 
2016/03/25 12.5 12.6 12.2 12.25 20167 
2016/04/01 12.3 12.35 11.8 12 20214 
2016/04/08 11.85 11.9 11.4 11.8 18362 
2016/04/15 11.9 12.35 11.65 12.25 22641 
2016/04/22 12.2 12.25 11.7 11.9 16890 
2016/04/29 11.9 12.35 11.8 11.9 29985 
2016/05/06 11.95 12 11.2 11.85 31789 
2016/05/13 11.85 11.9 10.95 11.2 28297 
2016/05/20 11.2 11.25 10.9 11 24011 
2016/05/27 11 11.3 10.9 11.25 17713 
2016/06/03 11.3 12.05 11.25 12 41976 
2016/06/10 12 12.2 11.7 12.15 19130 
2016/06/17 12.1 12.15 11.6 11.7 20015 
2016/06/24 11.85 12.4 11.75 11.75 36379 
2016/07/01 11.65 12.3 11.5 12.15 25733 
2016/07/08 12.1 12.35 11.85 11.9 19277 
2016/07/15 12.1 12.65 12 12.4 44430 
2016/07/22 12.4 12.8 12.3 12.55 35681 
2016/07/29 12.55 12.65 12.2 12.35 18506 
2016/08/05 12.4 12.5 11.95 12.15 21022 
2016/08/12 12.25 12.25 11.85 12 18851 
2016/08/19 12 12.15 11.9 12 17679 
2016/08/26 12 12.1 11.9 11.95 9575 
2016/09/02 11.95 14.4 11.65 13.85 163128 
2016/09/09 14.05 14.2 13.55 13.75 140069 
2016/09/16 13.65 13.65 12.8 12.9 45489 
2016/09/23 13 13.3 12.85 12.95 34048 
2016/09/30 13 13.05 12.1 12.1 37930 
2016/10/07 12.3 12.3 12 12.1 33973 
2016/10/14 12.15 12.2 11.9 11.95 26452 
2016/10/21 12 12.25 11.9 12.05 26498 
2016/10/28 12.1 12.15 11.7 11.75 20003 
2016/11/04 11.75 11.9 11.4 11.5 24146 
2016/11/11 11.65 11.85 11.3 11.55 37186 
2016/11/18 11.6 12.3 11.55 12.05 68374 
2016/11/25 12.05 12.2 11.75 12.1 41979 
2016/12/02 12.15 12.15 11.65 11.65 48557 
2016/12/09 11.7 11.75 11.5 11.7 33915 
2016/12/16 11.75 11.8 11.25 11.35 41327 
2016/12/23 11.45 11.55 11 11 42451 
2016/12/30 11.1 11.25 11 11.1 21977 
2017/01/06 11.2 11.95 11.2 11.9 61991 
2017/01/13 11.9 12.75 11.8 12.55 98703 
2017/01/20 12.6 13.05 12.3 12.8 53493 
2017/01/27 12.9 13 12.8 12.9 18732 
2017/02/03 12.95 13.55 12.8 13.5 31841 
2017/02/10 13.6 14.05 12.7 13.75 75410 
2017/02/17 14 14.35 13.55 14 80462 
2017/02/24 14.25 14.6 14.05 14.55 80202 
2017/03/03 14.6 15.75 14.6 15.15 86318 
2017/03/10 15.1 15.35 14.4 14.45 65763 
2017/03/17 14.5 14.9 14.45 14.7 53332 
2017/03/24 14.7 14.7 13.8 14.2 58996 
2017/03/31 14.15 14.2 13.6 14.2 35102 
2017/04/07 14.2 14.2 13.9 13.95 10553 
2017/04/14 13.7 13.9 13.4 13.45 34590 
2017/04/21 13.4 13.45 13.05 13.1 11774 
2017/04/28 13.3 13.3 13 13 4255 
2017/05/05 13.55 13.95 13.55 13.85 12213 
2017/05/12 13.7 13.7 12.95 13.2 32901 
2017/05/19 13.4 13.85 13 13.55 47143 
2017/05/26 13.7 14.95 13.5 14.85 72592 
2017/06/02 14.95 15.3 14.85 14.9 43717 
2017/06/09 14.9 15.2 14.85 15.05 21568 
2017/06/16 15.1 15.45 13.6 14.8 101212 
2017/06/23 14.65 15.4 14.65 15.15 51127 
2017/06/30 15.25 15.6 14.65 15.45 76544 
2017/07/07 15.55 16.25 15.55 16.2 43282 
2017/07/14 16.5 16.8 16.3 16.4 48415 
2017/07/21 16.15 16.45 16.1 16.3 17711 
2017/07/28 16.4 16.45 16.1 16.3 8819 
2017/08/04 16.3 16.65 16.05 16.3 67822 
2017/08/11 16.3 16.75 16.25 16.6 27407 
2017/08/18 17.75 18.3 17.4 18.2 167812 
2017/08/25 21.05 21.55 20.75 21 58062 
2017/09/01 22.1 22.25 21.65 21.8 37558 
2017/09/08 22.05 22.1 21.45 21.5 40130 
2017/09/15 22.05 22.1 21.3 21.6 40229 
2017/09/22 19.5 19.65 18.8 19 71057 
2017/09/29 18.7 18.8 17.8 17.95 59699 
2017/10/06 18.2 18.3 17.85 18.1 16718 
2017/10/13 18.25 18.3 17.5 17.6 28561 
2017/10/20 17.8 17.8 17.4 17.55 16219 
2017/10/27 17.15 19.15 16.9 17.75 230768 
2017/11/03 18.05 18.65 17 17.6 166190 
2017/11/10 17.55 17.6 16.55 17.05 171118 
2017/11/17 17 17.05 16.6 16.8 29682 
2017/11/24 16.65 16.9 16.65 16.75 15137 
2017/12/01 16.75 17.1 16.75 16.8 75652 
2017/12/08 16.9 17.75 16.45 16.65 115839 
2017/12/15 16.4 16.85 16.3 16.75 81154 
2017/12/22 16.65 16.7 16.15 16.35 106807 
2017/12/29 16.35 16.75 16.25 16.35 83707 
2018/01/05 16.55 18.75 16.55 18.7 535942 
2018/01/12 18.5 18.6 17.7 18 169667 
2018/01/19 18.2 18.3 17.6 18.05 135188 
2018/01/26 18.05 18.05 17.05 17.25 145304 
2018/02/02 17.3 17.5 16.8 16.8 78884 
2018/02/09 16.4 16.55 14.35 15.1 157535 
2018/02/16 15.3 15.4 15.1 15.1 15929 
2018/02/23 15.35 15.8 15.25 15.5 47228 
2018/03/02 15.6 15.9 15.45 15.55 72626 
2018/03/09 15.5 15.6 15.05 15.45 82055 
2018/03/16 15.7 15.95 15.5 15.6 61654 
2018/03/23 15.65 16.3 15.3 15.4 118889 
2018/03/30 15.2 15.5 15 15.15 78562 
2018/04/06 15.2 15.3 15 15.15 15587 
2018/04/13 15.15 15.3 15 15.05 47153 
2018/04/20 15.1 15.15 14.7 14.95 53641 
2018/04/27 14.95 15.1 14.15 14.3 73019 
2018/05/04 14.8 15.25 14.75 15 57768 
2018/05/11 15.05 15.3 14.9 14.95 46061 
2018/05/18 14.95 14.95 14.5 14.9 48335 
2018/05/25 15 15.8 14.95 15.1 89245 
2018/06/01 15.15 15.5 14.65 14.9 59342 
2018/06/08 15 15.1 14.75 14.8 43127 
2018/06/15 14.8 14.95 14.6 14.8 33381 
2018/06/22 14.75 14.75 14.1 14.1 47079 
2018/06/29 14.1 14.15 12.8 13 86741 
2018/07/06 13.15 13.45 12.75 12.85 46498 
2018/07/13 12.9 13.25 12.8 13.1 38594 
2018/07/20 13.2 13.5 13 13.4 31720 
2018/07/27 13.35 13.8 13.25 13.8 32838 
2018/08/03 13.8 14.3 13.65 14 40947 
2018/08/10 14.1 14.5 13.8 13.9 49351 
2018/08/17 13.75 13.8 12.95 13 42212 
2018/08/24 13.05 13.65 13 13.35 32807 
2018/08/31 13.4 13.55 12.7 13.05 54824 
2018/09/07 13 13.05 12.3 12.35 30715 
2018/09/14 12.4 12.45 12.1 12.4 34154 
2018/09/21 12.4 12.75 12.2 12.75 30272 
2018/09/28 12.75 13.1 12.75 12.8 27767 
2018/10/05 12.9 13.1 12.4 12.45 28870 
2018/10/12 12.4 12.7 11.4 11.7 51094 
2018/10/19 11.7 12.4 11.6 12.35 42259 
2018/10/26 12.15 12.35 11.3 11.3 48432 
2018/11/02 11.3 11.55 11.1 11.35 44239 
2018/11/09 11.35 11.5 11.25 11.25 40333 
2018/11/16 11.35 11.8 11.2 11.7 48548 
2018/11/23 11.7 11.85 11.45 11.45 45701 
2018/11/30 11.5 12.35 11.45 11.65 147374 
2018/12/07 11.85 12.3 11.8 12 111316 
2018/12/14 12 12.65 11.75 12.5 75111 
2018/12/21 12.45 12.9 11.95 12.05 80191 
2018/12/28 12.05 12.2 11.75 11.9 34346 
2019/01/04 12.05 12.05 11.4 11.6 22508 
2019/01/11 11.8 12.2 11.7 11.95 31165 
2019/01/18 11.95 12.15 11.75 12.05 28444 
2019/01/25 12.15 12.15 11.9 12.05 17409 
2019/02/01 12.05 12.1 11.95 11.95 15239 
2019/02/15 11.95 12.05 11.8 11.85 46391 
2019/02/22 11.9 12.3 11.85 12.15 50282 
2019/03/01 12.15 12.65 12.15 12.45 56240 
2019/03/08 12.45 12.55 12.1 12.15 38706 
2019/03/15 12.25 12.35 12.05 12.2 36448 
2019/03/22 12.2 12.25 12.1 12.25 29965 
2019/03/29 12.1 12.1 11.6 11.95 65839 
2019/04/05 11.95 12 11.8 12 23491 
2019/04/12 12 12.3 12 12.2 37037 
2019/04/19 12.3 13 12.25 12.95 118554 
2019/04/26 13.1 13.6 13.05 13.3 84595 
2019/05/03 13.35 13.8 13.25 13.7 55317 
2019/05/10 13.35 13.35 12.4 12.5 99888 
2019/05/17 12.5 12.7 12.05 12.05 46602 
2019/05/24 12.1 12.35 11.85 12.1 35312 
2019/05/31 12.15 12.15 11.8 12.1 42917 
2019/06/07 12.05 12.1 11.85 11.95 23124 
2019/06/14 12.05 12.15 11.9 12.05 27875 
2019/06/21 12.05 12.6 11.95 12.45 45994 
2019/06/28 12.45 12.8 12.35 12.45 46510 
2019/07/05 12.7 13.6 12.7 13.55 88991 
2019/07/12 13.5 13.6 13.15 13.25 50699 
2019/07/19 13.25 13.7 13.05 13.65 56034 
2019/07/26 13.7 14.25 13.65 14 115064 
2019/08/02 13.95 14.7 13.35 13.4 125103 
2019/08/09 13.3 13.5 12.9 13.35 54770 
2019/08/16 13.3 13.45 12.4 12.65 75863 
2019/08/23 12.6 12.9 12.45 12.9 46436 
2019/08/30 12.6 12.85 12.5 12.85 37795 
2019/09/06 12.9 13.2 12.75 13.15 42006 
2019/09/13 13.15 13.35 13 13.3 36216 
2019/09/20 13.25 13.25 12.9 13.1 42865 
2019/09/27 13.1 13.2 13 13 43195 
2019/10/04 13.1 13.3 12.65 12.75 43989 
2019/10/11 12.75 12.9 12.6 12.7 17895 
2019/10/18 12.85 13.25 12.8 13.15 42766 
2019/10/25 13.2 13.5 13.05 13.2 60815 
2019/11/01 13.2 13.25 12.4 12.5 98216 
2019/11/08 12.6 12.85 12.35 12.75 101629 
2019/11/15 12.75 12.85 12.3 12.45 41861 
2019/11/22 12.45 12.9 12.3 12.4 56861 
2019/11/29 12.45 12.65 12.3 12.4 58908 
2019/12/06 12.45 12.5 12.25 12.25 67515 
2019/12/13 12.3 12.45 12.2 12.4 49216 
2019/12/20 12.4 12.7 12.3 12.4 57920 
2019/12/27 12.45 12.6 12.45 12.5 21002 
2020/01/03 12.6 13.05 12.4 13 63760 
2020/01/10 13 13.2 12.6 13.15 101039 
2020/01/17 13.15 13.35 12.9 13 54561 
2020/01/24 13 13.15 12.9 12.95 13089 
2020/01/31 12.4 12.4 11.6 11.75 59566 
2020/02/07 11.3 11.95 11.1 11.65 65045 
2020/02/14 11.5 11.95 11.35 11.75 41766 
2020/02/21 11.6 12.1 11.5 11.75 59870 
2020/02/28 11.7 11.8 11.45 11.55 39685 
2020/03/06 11.4 11.95 11.35 11.7 76528 
2020/03/13 11.6 11.85 10.1 10.45 128377 
2020/03/20 10.5 10.5 8.9 9.6 127002 
2020/03/27 9.2 9.91 8.97 9.4 78035 
2020/04/03 9.2 9.44 9.01 9.1 37966 
2020/04/10 9.15 10.35 8.97 10.2 92330 
2020/04/17 10.25 10.8 10 10.25 92263 
2020/04/24 10.25 10.25 9.61 9.94 74459 
2020/05/01 10.1 11.15 10.05 11.1 108479 
2020/05/08 10.75 10.85 10.45 10.55 54080 
2020/05/15 10.7 10.9 10.35 10.45 48977 
2020/05/22 10.45 11.15 10.45 10.75 110645 
2020/05/29 10.8 11.2 10.65 10.9 80078 
2020/06/05 11.05 11.35 11 11.25 37555 
